2 0.759375 0.620833 0.759375 0.629167 0.757812 0.631250 0.756250 0.631250 0.753125 0.635417 0.751562 0.635417 0.751562 0.637500 0.748438 0.641667 0.748438 0.643750 0.745313 0.647917 0.745313 0.650000 0.742188 0.654167 0.742188 0.656250 0.737500 0.662500 0.735937 0.662500 0.734375 0.664583 0.734375 0.666667 0.732813 0.668750 0.732813 0.672917 0.731250 0.675000 0.731250 0.679167 0.729688 0.681250 0.729688 0.683333 0.723437 0.691667 0.723437 0.693750 0.718750 0.700000 0.718750 0.702083 0.717188 0.704167 0.717188 0.706250 0.714063 0.710417 0.714063 0.714583 0.712500 0.716667 0.712500 0.720833 0.710938 0.722917 0.710938 0.733333 0.709375 0.735417 0.709375 0.739583 0.707812 0.741667 0.703125 0.741667 0.703125 0.833333 0.707812 0.833333 0.709375 0.835417 0.709375 0.837500 0.710938 0.839583 0.710938 0.843750 0.717188 0.852083 0.718750 0.852083 0.720312 0.854167 0.728125 0.854167 0.729688 0.852083 0.731250 0.852083 0.732813 0.850000 0.734375 0.850000 0.739062 0.843750 0.740625 0.843750 0.742188 0.841667 0.743750 0.841667 0.745313 0.839583 0.751562 0.839583 0.753125 0.837500 0.756250 0.837500 0.757812 0.835417 0.760938 0.835417 0.762500 0.833333 0.798437 0.833333 0.800000 0.835417 0.814062 0.835417 0.815625 0.837500 0.837500 0.837500 0.839063 0.839583 0.859375 0.839583 0.860937 0.841667 0.865625 0.841667 0.867188 0.843750 0.870313 0.843750 0.876562 0.852083 0.876562 0.854167 0.878125 0.854167 0.881250 0.858333 0.882812 0.858333 0.889063 0.866667 0.889063 0.868750 0.890625 0.870833 0.892187 0.870833 0.898438 0.879167 0.898438 0.885417 0.915625 0.885417 0.915625 0.875000 0.917188 0.872917 0.917188 0.866667 0.918750 0.864583 0.918750 0.858333 0.920313 0.856250 0.920313 0.854167 0.921875 0.852083 0.926562 0.852083 0.926562 0.820833 0.921875 0.820833 0.920313 0.818750 0.920313 0.816667 0.921875 0.814583 0.926562 0.814583 0.926562 0.785417 0.921875 0.785417 0.920313 0.783333 0.920313 0.777083 0.918750 0.775000 0.918750 0.750000 0.917188 0.747917 0.917188 0.741667 0.915625 0.739583 0.915625 0.735417 0.914062 0.733333 0.914062 0.729167 0.912500 0.727083 0.912500 0.722917 0.910937 0.720833 0.910937 0.716667 0.909375 0.714583 0.909375 0.712500 0.907812 0.710417 0.907812 0.708333 0.906250 0.706250 0.906250 0.704167 0.904688 0.702083 0.904688 0.697917 0.895312 0.685417 0.895312 0.677083 0.893750 0.675000 0.893750 0.672917 0.892187 0.670833 0.892187 0.668750 0.890625 0.666667 0.890625 0.664583 0.889063 0.662500 0.889063 0.660417 0.864062 0.627083 0.864062 0.620833
2 0.021875 0.604167 0.021875 0.612500 0.018750 0.616667 0.018750 0.618750 0.012500 0.627083 0.012500 0.629167 0.010937 0.631250 0.010937 0.633333 0.007812 0.637500 0.000000 0.637500 0.000000 0.693750 0.095312 0.693750 0.095312 0.629167 0.089062 0.629167 0.084375 0.622917 0.084375 0.620833 0.082813 0.618750 0.082813 0.616667 0.081250 0.614583 0.081250 0.604167
5 0.345313 0.520833 0.345313 0.527083 0.343750 0.529167 0.342187 0.529167 0.340625 0.531250 0.339063 0.531250 0.337500 0.533333 0.337500 0.535417 0.332812 0.541667 0.328125 0.541667 0.328125 0.654167 0.335938 0.654167 0.337500 0.656250 0.353125 0.656250 0.354688 0.654167 0.357812 0.654167 0.359375 0.656250 0.360938 0.656250 0.365625 0.662500 0.365625 0.668750 0.450000 0.668750 0.450000 0.662500 0.453125 0.658333 0.456250 0.658333 0.457812 0.656250 0.460938 0.656250 0.462500 0.654167 0.465625 0.654167 0.467187 0.652083 0.473437 0.652083 0.475000 0.650000 0.481250 0.650000 0.482812 0.647917 0.489062 0.647917 0.490625 0.645833 0.493750 0.645833 0.495313 0.643750 0.503125 0.643750 0.504687 0.641667 0.514063 0.641667 0.515625 0.639583 0.517187 0.639583 0.518750 0.641667 0.531250 0.641667 0.532812 0.639583 0.534375 0.639583 0.537500 0.635417 0.537500 0.633333 0.540625 0.629167 0.540625 0.627083 0.542188 0.625000 0.542188 0.622917 0.546875 0.616667 0.546875 0.614583 0.550000 0.610417 0.550000 0.608333 0.551562 0.606250 0.557813 0.606250 0.557813 0.550000 0.553125 0.550000 0.548437 0.543750 0.546875 0.543750 0.545313 0.541667 0.540625 0.541667 0.539062 0.539583 0.514063 0.539583 0.512500 0.537500 0.501562 0.537500 0.500000 0.535417 0.489062 0.535417 0.487500 0.533333 0.481250 0.533333 0.479688 0.531250 0.476562 0.531250 0.475000 0.529167 0.473437 0.529167 0.471875 0.527083 0.471875 0.520833 0.468750 0.520833 0.468750 0.527083 0.467187 0.529167 0.465625 0.529167 0.464063 0.531250 0.445312 0.531250 0.442187 0.527083 0.442187 0.520833
2 0.143750 0.595833 0.143750 0.604167 0.142188 0.606250 0.142188 0.608333 0.140625 0.610417 0.140625 0.612500 0.139062 0.614583 0.137500 0.614583 0.134375 0.618750 0.128125 0.618750 0.128125 0.677083 0.154687 0.677083 0.154687 0.670833 0.156250 0.668750 0.162500 0.668750 0.164062 0.670833 0.164062 0.677083 0.178125 0.677083 0.178125 0.670833 0.179688 0.668750 0.193750 0.668750 0.195312 0.670833 0.195312 0.677083 0.214062 0.677083 0.214062 0.616667 0.209375 0.616667 0.200000 0.604167 0.200000 0.595833
2 0.554688 0.595833 0.554688 0.604167 0.550000 0.610417 0.550000 0.612500 0.546875 0.616667 0.540625 0.616667 0.540625 0.658333 0.546875 0.658333 0.548437 0.660417 0.550000 0.660417 0.551562 0.662500 0.551562 0.668750 0.553125 0.668750 0.553125 0.662500 0.554688 0.660417 0.556250 0.660417 0.557813 0.658333 0.562500 0.658333 0.564062 0.656250 0.575000 0.656250 0.576563 0.658333 0.587500 0.658333 0.589063 0.660417 0.592188 0.660417 0.593750 0.662500 0.593750 0.668750 0.600000 0.668750 0.600000 0.662500 0.601562 0.660417 0.603125 0.660417 0.606250 0.656250 0.610937 0.656250 0.612500 0.654167 0.617188 0.654167 0.620313 0.650000 0.626562 0.650000 0.626562 0.633333 0.621875 0.633333 0.620313 0.631250 0.620313 0.629167 0.618750 0.627083 0.618750 0.622917 0.617188 0.620833 0.617188 0.618750 0.609375 0.608333 0.607813 0.608333 0.603125 0.602083 0.603125 0.595833
2 0.590625 0.579167 0.590625 0.600000 0.598437 0.600000 0.600000 0.602083 0.604688 0.602083 0.607813 0.606250 0.609375 0.606250 0.618750 0.618750 0.618750 0.620833 0.620313 0.622917 0.620313 0.627083 0.621875 0.629167 0.621875 0.633333 0.623438 0.635417 0.623438 0.643750 0.664062 0.643750 0.664062 0.612500 0.659375 0.612500 0.650000 0.600000 0.650000 0.597917 0.648438 0.595833 0.648438 0.593750 0.646875 0.591667 0.646875 0.589583 0.645312 0.587500 0.645312 0.579167
2 0.740625 0.579167 0.740625 0.610417 0.789062 0.610417 0.789062 0.589583 0.784375 0.589583 0.781250 0.585417 0.781250 0.579167
2 0.646875 0.579167 0.646875 0.600000 0.653125 0.600000 0.656250 0.604167 0.656250 0.606250 0.657812 0.608333 0.657812 0.612500 0.659375 0.614583 0.659375 0.616667 0.660937 0.618750 0.660937 0.622917 0.664062 0.627083 0.665625 0.627083 0.667188 0.629167 0.667188 0.635417 0.679688 0.635417 0.679688 0.627083 0.684375 0.620833 0.689062 0.620833 0.689062 0.579167
2 0.665625 0.579167 0.665625 0.600000 0.675000 0.600000 0.678125 0.604167 0.678125 0.606250 0.679688 0.608333 0.679688 0.612500 0.682813 0.616667 0.682813 0.618750 0.684375 0.620833 0.684375 0.627083 0.698438 0.627083 0.698438 0.618750 0.701563 0.614583 0.707812 0.614583 0.707812 0.602083 0.703125 0.602083 0.700000 0.597917 0.700000 0.595833 0.698438 0.593750 0.698438 0.579167
2 0.790625 0.604167 0.790625 0.627083 0.801562 0.627083 0.803125 0.625000 0.821875 0.625000 0.823438 0.627083 0.825000 0.627083 0.826563 0.629167 0.826563 0.635417 0.834375 0.635417 0.834375 0.629167 0.835938 0.627083 0.840625 0.627083 0.842188 0.629167 0.842188 0.635417 0.864062 0.635417 0.864062 0.625000 0.859375 0.625000 0.856250 0.620833 0.856250 0.616667 0.854688 0.614583 0.854688 0.604167
