2 0.876562 0.448478 0.876562 0.457845 0.871875 0.464871 0.870313 0.464871 0.870313 0.467213 0.868750 0.469555 0.867188 0.469555 0.864062 0.474239 0.860937 0.474239 0.859375 0.476581 0.857813 0.476581 0.856250 0.478923 0.854688 0.478923 0.853125 0.481265 0.846875 0.481265 0.846875 0.514051 0.851562 0.514051 0.853125 0.516393 0.853125 0.521077 0.854688 0.523419 0.854688 0.535129 0.856250 0.537471 0.856250 0.544496 0.857813 0.546838 0.857813 0.549180 0.859375 0.551522 0.859375 0.553864 0.864062 0.560890 0.864062 0.567916 0.875000 0.567916 0.875000 0.560890 0.876562 0.558548 0.879687 0.558548 0.881250 0.560890 0.881250 0.567916 0.884375 0.567916 0.884375 0.558548 0.887500 0.553864 0.889063 0.553864 0.890625 0.551522 0.898438 0.551522 0.900000 0.553864 0.906250 0.553864 0.907812 0.551522 0.912500 0.551522 0.914062 0.553864 0.925000 0.553864 0.926562 0.551522 0.937500 0.551522 0.939062 0.553864 0.945312 0.553864 0.946875 0.551522 0.946875 0.549180 0.953125 0.539813 0.957812 0.539813 0.957812 0.490632 0.953125 0.490632 0.950000 0.485948 0.950000 0.483607 0.948438 0.481265 0.948438 0.478923 0.945312 0.474239 0.945312 0.471897 0.942187 0.467213 0.942187 0.464871 0.937500 0.457845 0.937500 0.448478
36 0.601562 0.214286 0.601562 0.223653 0.593750 0.235363 0.593750 0.237705 0.592188 0.240047 0.592188 0.242389 0.590625 0.244731 0.590625 0.249415 0.589063 0.251756 0.589063 0.254098 0.587500 0.256440 0.587500 0.258782 0.585938 0.261124 0.585938 0.263466 0.582812 0.268150 0.582812 0.270492 0.581250 0.272834 0.581250 0.277518 0.579687 0.279859 0.579687 0.282201 0.578125 0.284543 0.578125 0.286885 0.576563 0.289227 0.576563 0.291569 0.575000 0.293911 0.575000 0.298595 0.573438 0.300937 0.573438 0.303279 0.571875 0.305621 0.571875 0.307963 0.570312 0.310304 0.570312 0.312646 0.568750 0.314988 0.568750 0.319672 0.567187 0.322014 0.567187 0.326698 0.565625 0.329040 0.565625 0.331382 0.564062 0.333724 0.564062 0.338407 0.562500 0.340749 0.562500 0.345433 0.560938 0.347775 0.560938 0.354801 0.559375 0.357143 0.559375 0.371194 0.557813 0.373536 0.557813 0.378220 0.556250 0.380562 0.556250 0.382904 0.554688 0.385246 0.554688 0.387588 0.551562 0.392272 0.551562 0.394614 0.543750 0.406323 0.543750 0.408665 0.542188 0.411007 0.542188 0.413349 0.540625 0.415691 0.540625 0.418033 0.539062 0.420375 0.539062 0.422717 0.537500 0.425059 0.537500 0.429742 0.535937 0.432084 0.535937 0.436768 0.534375 0.439110 0.534375 0.441452 0.529688 0.448478 0.529688 0.453162 0.528125 0.455504 0.528125 0.462529 0.523438 0.469555 0.523438 0.471897 0.521875 0.474239 0.521875 0.476581 0.520312 0.478923 0.515625 0.478923 0.515625 0.539813 0.554688 0.539813 0.554688 0.532787 0.564062 0.518735 0.565625 0.518735 0.568750 0.514051 0.570312 0.514051 0.576563 0.504684 0.576563 0.502342 0.579687 0.497658 0.579687 0.495316 0.581250 0.492974 0.581250 0.488290 0.582812 0.485948 0.582812 0.478923 0.584375 0.476581 0.584375 0.474239 0.585938 0.471897 0.585938 0.469555 0.587500 0.467213 0.587500 0.464871 0.589063 0.462529 0.589063 0.460187 0.590625 0.457845 0.590625 0.453162 0.592188 0.450820 0.592188 0.448478 0.593750 0.446136 0.593750 0.439110 0.595312 0.436768 0.595312 0.434426 0.596875 0.432084 0.596875 0.429742 0.598437 0.427400 0.598437 0.425059 0.600000 0.422717 0.600000 0.418033 0.603125 0.413349 0.603125 0.411007 0.604688 0.408665 0.604688 0.403981 0.606250 0.401639 0.606250 0.394614 0.607813 0.392272 0.607813 0.385246 0.609375 0.382904 0.609375 0.380562 0.610937 0.378220 0.610937 0.373536 0.612500 0.371194 0.612500 0.368852 0.615625 0.364169 0.615625 0.359485 0.617188 0.357143 0.617188 0.354801 0.618750 0.352459 0.618750 0.347775 0.620313 0.345433 0.620313 0.343091 0.621875 0.340749 0.621875 0.336066 0.623438 0.333724 0.623438 0.331382 0.625000 0.329040 0.625000 0.324356 0.626562 0.322014 0.626562 0.319672 0.631250 0.312646 0.631250 0.310304 0.632812 0.307963 0.632812 0.305621 0.635938 0.300937 0.635938 0.291569 0.637500 0.289227 0.635938 0.286885 0.635938 0.256440 0.634375 0.254098 0.634375 0.249415 0.632812 0.247073 0.632812 0.244731 0.631250 0.242389 0.631250 0.240047 0.629687 0.237705 0.629687 0.235363 0.628125 0.233021 0.628125 0.230679 0.626562 0.228337 0.626562 0.225995 0.623438 0.221311 0.623438 0.214286
0 0.342187 0.064403 0.342187 0.073770 0.340625 0.076112 0.340625 0.078454 0.337500 0.083138 0.337500 0.090164 0.335938 0.092506 0.335938 0.104215 0.334375 0.106557 0.334375 0.108899 0.332812 0.111241 0.332812 0.115925 0.331250 0.118267 0.331250 0.120609 0.329688 0.122951 0.329688 0.125293 0.328125 0.127635 0.328125 0.129977 0.325000 0.134660 0.325000 0.137002 0.321875 0.141686 0.321875 0.144028 0.317187 0.151054 0.317187 0.153396 0.312500 0.160422 0.312500 0.162763 0.310937 0.165105 0.310937 0.167447 0.307813 0.172131 0.307813 0.174473 0.306250 0.176815 0.306250 0.179157 0.304688 0.181499 0.304688 0.186183 0.301562 0.190867 0.296875 0.190867 0.296875 0.263466 0.301562 0.263466 0.304688 0.268150 0.304688 0.272834 0.306250 0.275176 0.306250 0.277518 0.307813 0.279859 0.307813 0.282201 0.309375 0.284543 0.309375 0.289227 0.310937 0.291569 0.310937 0.296253 0.312500 0.298595 0.312500 0.305621 0.314063 0.307963 0.314063 0.312646 0.315625 0.314988 0.315625 0.319672 0.317187 0.322014 0.317187 0.326698 0.318750 0.329040 0.318750 0.331382 0.320312 0.333724 0.320312 0.336066 0.321875 0.338407 0.321875 0.340749 0.323438 0.343091 0.323438 0.347775 0.325000 0.350117 0.325000 0.354801 0.326562 0.357143 0.326562 0.359485 0.328125 0.361827 0.328125 0.366511 0.329688 0.368852 0.329688 0.373536 0.331250 0.375878 0.331250 0.380562 0.332812 0.382904 0.332812 0.385246 0.334375 0.387588 0.334375 0.389930 0.335938 0.392272 0.335938 0.399297 0.337500 0.401639 0.337500 0.403981 0.340625 0.408665 0.340625 0.411007 0.342187 0.413349 0.342187 0.418033 0.343750 0.420375 0.343750 0.422717 0.345313 0.425059 0.345313 0.427400 0.346875 0.429742 0.346875 0.434426 0.348437 0.436768 0.348437 0.439110 0.350000 0.441452 0.350000 0.446136 0.351562 0.448478 0.351562 0.455504 0.353125 0.457845 0.353125 0.469555 0.354688 0.471897 0.354688 0.474239 0.356250 0.476581 0.357812 0.476581 0.365625 0.488290 0.365625 0.490632 0.371875 0.500000 0.371875 0.502342 0.375000 0.507026 0.375000 0.509368 0.376563 0.511710 0.376563 0.514051 0.392188 0.537471 0.393750 0.537471 0.395312 0.539813 0.396875 0.539813 0.398438 0.542155 0.400000 0.542155 0.401563 0.544496 0.403125 0.544496 0.404687 0.546838 0.406250 0.546838 0.407813 0.549180 0.409375 0.549180 0.410937 0.551522 0.412500 0.551522 0.414062 0.553864 0.415625 0.553864 0.417188 0.556206 0.420312 0.556206 0.421875 0.558548 0.423438 0.558548 0.425000 0.560890 0.426562 0.560890 0.428125 0.563232 0.429688 0.563232 0.431250 0.565574 0.432813 0.565574 0.434375 0.567916 0.437500 0.567916 0.440625 0.572600 0.442187 0.572600 0.443750 0.574941 0.445312 0.574941 0.446875 0.577283 0.448438 0.577283 0.451562 0.581967 0.453125 0.581967 0.460938 0.593677 0.462500 0.593677 0.465625 0.598361 0.465625 0.600703 0.468750 0.605386 0.468750 0.607728 0.471875 0.612412 0.471875 0.614754 0.473437 0.617096 0.473437 0.619438 0.476562 0.624122 0.476562 0.626464 0.479688 0.631148 0.479688 0.633489 0.484375 0.640515 0.485938 0.640515 0.490625 0.647541 0.490625 0.649883 0.496875 0.659251 0.498437 0.659251 0.517187 0.687354 0.517187 0.689696 0.520312 0.694379 0.520312 0.696721 0.523438 0.701405 0.523438 0.703747 0.525000 0.706089 0.525000 0.710773 0.526563 0.713115 0.526563 0.715457 0.528125 0.717799 0.528125 0.720141 0.529688 0.722482 0.529688 0.727166 0.531250 0.729508 0.531250 0.731850 0.537500 0.741218 0.539062 0.741218 0.542188 0.745902 0.542188 0.748244 0.543750 0.750585 0.543750 0.752927 0.546875 0.757611 0.546875 0.764637 0.556250 0.764637 0.556250 0.755269 0.559375 0.750585 0.560938 0.750585 0.562500 0.748244 0.564062 0.748244 0.565625 0.745902 0.565625 0.743560 0.570312 0.736534 0.570312 0.734192 0.573438 0.729508 0.573438 0.727166 0.576563 0.722482 0.576563 0.720141 0.578125 0.717799 0.578125 0.715457 0.584375 0.706089 0.584375 0.701405 0.585938 0.699063 0.585938 0.694379 0.587500 0.692037 0.587500 0.687354 0.590625 0.682670 0.595312 0.682670 0.595312 0.666276 0.590625 0.666276 0.589063 0.663934 0.587500 0.663934 0.585938 0.661592 0.573438 0.661592 0.571875 0.663934 0.567187 0.663934 0.565625 0.666276 0.564062 0.666276 0.562500 0.663934 0.559375 0.663934 0.553125 0.654567 0.551562 0.654567 0.550000 0.652225 0.550000 0.649883 0.548437 0.647541 0.546875 0.647541 0.543750 0.642857 0.543750 0.640515 0.535937 0.628806 0.535937 0.626464 0.529688 0.617096 0.529688 0.614754 0.525000 0.607728 0.525000 0.605386 0.523438 0.603045 0.521875 0.603045 0.518750 0.598361 0.518750 0.596019 0.514063 0.588993 0.514063 0.586651 0.510938 0.581967 0.509375 0.581967 0.506250 0.577283 0.506250 0.572600 0.503125 0.567916 0.503125 0.565574 0.498437 0.558548 0.498437 0.556206 0.493750 0.549180 0.493750 0.546838 0.492188 0.544496 0.492188 0.542155 0.489062 0.537471 0.489062 0.535129 0.487500 0.532787 0.487500 0.530445 0.482812 0.523419 0.482812 0.521077 0.481250 0.518735 0.481250 0.516393 0.479688 0.514051 0.479688 0.511710 0.476562 0.507026 0.476562 0.504684 0.473437 0.500000 0.473437 0.497658 0.471875 0.495316 0.471875 0.492974 0.470313 0.490632 0.470313 0.488290 0.468750 0.485948 0.468750 0.481265 0.467187 0.478923 0.467187 0.476581 0.465625 0.474239 0.465625 0.464871 0.467187 0.462529 0.467187 0.460187 0.468750 0.457845 0.468750 0.455504 0.481250 0.436768 0.481250 0.434426 0.485938 0.427400 0.485938 0.425059 0.487500 0.422717 0.487500 0.418033 0.489062 0.415691 0.489062 0.413349 0.490625 0.411007 0.490625 0.408665 0.492188 0.406323 0.492188 0.403981 0.500000 0.392272 0.501562 0.392272 0.506250 0.385246 0.506250 0.380562 0.510938 0.373536 0.512500 0.373536 0.514063 0.371194 0.515625 0.373536 0.517187 0.373536 0.518750 0.375878 0.520312 0.375878 0.528125 0.387588 0.528125 0.389930 0.532812 0.396955 0.534375 0.396955 0.539062 0.403981 0.542188 0.403981 0.543750 0.401639 0.546875 0.401639 0.546875 0.399297 0.553125 0.389930 0.553125 0.385246 0.554688 0.382904 0.554688 0.378220 0.557813 0.373536 0.557813 0.366511 0.556250 0.364169 0.556250 0.361827 0.551562 0.354801 0.550000 0.354801 0.546875 0.350117 0.545313 0.350117 0.543750 0.347775 0.542188 0.347775 0.539062 0.343091 0.537500 0.343091 0.534375 0.338407 0.532812 0.338407 0.531250 0.336066 0.531250 0.333724 0.529688 0.331382 0.528125 0.331382 0.526563 0.329040 0.525000 0.329040 0.514063 0.312646 0.512500 0.312646 0.510938 0.310304 0.509375 0.310304 0.506250 0.305621 0.504687 0.305621 0.501562 0.300937 0.500000 0.300937 0.498437 0.298595 0.496875 0.298595 0.493750 0.293911 0.492188 0.293911 0.489062 0.289227 0.485938 0.289227 0.484375 0.286885 0.482812 0.286885 0.481250 0.284543 0.479688 0.284543 0.478125 0.282201 0.476562 0.282201 0.473437 0.277518 0.471875 0.277518 0.470313 0.275176 0.468750 0.275176 0.467187 0.272834 0.464063 0.272834 0.462500 0.270492 0.460938 0.270492 0.459375 0.268150 0.456250 0.268150 0.454688 0.265808 0.451562 0.265808 0.450000 0.263466 0.448438 0.263466 0.445312 0.258782 0.443750 0.258782 0.442187 0.256440 0.440625 0.256440 0.439063 0.254098 0.435937 0.254098 0.434375 0.251756 0.432813 0.251756 0.431250 0.249415 0.428125 0.249415 0.426562 0.247073 0.421875 0.247073 0.420312 0.244731 0.417188 0.244731 0.415625 0.242389 0.414062 0.242389 0.412500 0.240047 0.410937 0.240047 0.409375 0.237705 0.407813 0.237705 0.404687 0.233021 0.403125 0.233021 0.401563 0.230679 0.401563 0.228337 0.400000 0.225995 0.400000 0.209602 0.401563 0.207260 0.401563 0.186183 0.398438 0.181499 0.398438 0.179157 0.396875 0.176815 0.396875 0.174473 0.395312 0.172131 0.395312 0.169789 0.393750 0.167447 0.393750 0.162763 0.392188 0.160422 0.392188 0.158080 0.390625 0.155738 0.390625 0.153396 0.385938 0.146370 0.384375 0.146370 0.382812 0.144028 0.379687 0.144028 0.378125 0.141686 0.365625 0.141686 0.364062 0.144028 0.359375 0.144028 0.354688 0.151054 0.354688 0.153396 0.353125 0.155738 0.353125 0.158080 0.351562 0.160422 0.351562 0.165105 0.350000 0.167447 0.350000 0.169789 0.346875 0.174473 0.346875 0.176815 0.345313 0.179157 0.345313 0.188525 0.343750 0.190867 0.343750 0.200234 0.342187 0.202576 0.342187 0.207260 0.339063 0.211944 0.334375 0.211944 0.331250 0.207260 0.331250 0.204918 0.329688 0.202576 0.331250 0.200234 0.331250 0.186183 0.332812 0.183841 0.332812 0.179157 0.334375 0.176815 0.334375 0.174473 0.335938 0.172131 0.335938 0.167447 0.337500 0.165105 0.337500 0.160422 0.339063 0.158080 0.339063 0.155738 0.340625 0.153396 0.340625 0.148712 0.342187 0.146370 0.342187 0.141686 0.343750 0.139344 0.343750 0.137002 0.345313 0.134660 0.345313 0.132318 0.348437 0.127635 0.348437 0.125293 0.353125 0.118267 0.353125 0.115925 0.356250 0.111241 0.356250 0.108899 0.357812 0.106557 0.357812 0.104215 0.359375 0.101874 0.359375 0.097190 0.360938 0.094848 0.360938 0.092506 0.364062 0.087822 0.364062 0.085480 0.365625 0.083138 0.365625 0.080796 0.367188 0.078454 0.367188 0.064403
2 0.800000 0.500000 0.801562 0.502342 0.801562 0.528103 0.800000 0.530445 0.800000 0.535129 0.801562 0.537471 0.801562 0.544496 0.803125 0.546838 0.803125 0.549180 0.804688 0.549180 0.807813 0.553864 0.812500 0.553864 0.814062 0.556206 0.818750 0.556206 0.820312 0.553864 0.821875 0.556206 0.831250 0.556206 0.832812 0.558548 0.840625 0.558548 0.843750 0.553864 0.843750 0.551522 0.845312 0.549180 0.845312 0.539813 0.846875 0.537471 0.851562 0.537471 0.851562 0.509368 0.846875 0.509368 0.845312 0.507026 0.845312 0.504684 0.843750 0.502342 0.843750 0.495316 0.842188 0.492974 0.842188 0.490632 0.839063 0.485948 0.839063 0.483607 0.835938 0.478923 0.835938 0.476581 0.834375 0.474239 0.834375 0.471897 0.832812 0.469555 0.832812 0.467213 0.831250 0.464871 0.831250 0.462529 0.829687 0.460187 0.829687 0.457845 0.828125 0.455504 0.828125 0.448478 0.800000 0.448478 0.800000 0.500000 0.784375 0.490632 0.784375 0.481265 0.782812 0.478923 0.782812 0.448478 0.767187 0.448478 0.767187 0.457845 0.765625 0.460187 0.764063 0.460187 0.762500 0.462529 0.762500 0.464871 0.757812 0.471897 0.756250 0.471897 0.751562 0.478923 0.750000 0.478923 0.748438 0.481265 0.740625 0.481265 0.740625 0.553864 0.753125 0.553864 0.757812 0.560890 0.757812 0.567916 0.762500 0.567916 0.762500 0.560890 0.765625 0.556206 0.768750 0.556206 0.770312 0.553864 0.771875 0.553864 0.773438 0.556206 0.776563 0.556206 0.778125 0.553864 0.778125 0.549180 0.779688 0.546838 0.779688 0.544496 0.781250 0.542155 0.781250 0.535129 0.782812 0.532787 0.782812 0.492974 0.784375 0.490632
2 0.242188 0.441452 0.243750 0.439110 0.243750 0.429742 0.234375 0.429742 0.234375 0.436768 0.235938 0.439110 0.237500 0.439110 0.239063 0.441452 0.242188 0.441452 0.245312 0.453162 0.243750 0.455504 0.243750 0.457845 0.242188 0.460187 0.242188 0.462529 0.237500 0.469555 0.235938 0.469555 0.234375 0.471897 0.232812 0.471897 0.231250 0.474239 0.225000 0.474239 0.223438 0.471897 0.215625 0.471897 0.214062 0.469555 0.212500 0.469555 0.210938 0.467213 0.207813 0.467213 0.206250 0.464871 0.203125 0.464871 0.196875 0.455504 0.193750 0.455504 0.192188 0.453162 0.190625 0.453162 0.187500 0.448478 0.185937 0.448478 0.184375 0.446136 0.179688 0.446136 0.178125 0.443794 0.173438 0.443794 0.171875 0.441452 0.170312 0.441452 0.168750 0.439110 0.167187 0.439110 0.165625 0.436768 0.165625 0.429742 0.053125 0.429742 0.053125 0.443794 0.064062 0.443794 0.065625 0.446136 0.078125 0.446136 0.079687 0.448478 0.085938 0.448478 0.087500 0.450820 0.092188 0.450820 0.093750 0.453162 0.095312 0.453162 0.096875 0.455504 0.098438 0.455504 0.100000 0.457845 0.101562 0.457845 0.103125 0.460187 0.104687 0.460187 0.106250 0.462529 0.107813 0.462529 0.109375 0.464871 0.110937 0.464871 0.114063 0.469555 0.115625 0.469555 0.118750 0.474239 0.120312 0.474239 0.121875 0.476581 0.123438 0.476581 0.125000 0.478923 0.126563 0.478923 0.128125 0.481265 0.129688 0.481265 0.131250 0.483607 0.134375 0.483607 0.135937 0.485948 0.143750 0.485948 0.145313 0.488290 0.203125 0.488290 0.206250 0.492974 0.206250 0.495316 0.204688 0.497658 0.204688 0.500000 0.203125 0.502342 0.210938 0.514051 0.212500 0.514051 0.214062 0.516393 0.215625 0.516393 0.217187 0.518735 0.218750 0.518735 0.220313 0.521077 0.242188 0.521077 0.243750 0.518735 0.246875 0.518735 0.250000 0.514051 0.253125 0.514051 0.254687 0.511710 0.254687 0.502342 0.253125 0.502342 0.251563 0.500000 0.248437 0.500000 0.246875 0.497658 0.242188 0.497658 0.240625 0.495316 0.237500 0.495316 0.231250 0.485948 0.231250 0.483607 0.232812 0.481265 0.235938 0.481265 0.237500 0.483607 0.240625 0.483607 0.242188 0.485948 0.253125 0.485948 0.254687 0.483607 0.264062 0.483607 0.265625 0.485948 0.271875 0.485948 0.273438 0.483607 0.275000 0.483607 0.276563 0.481265 0.282813 0.481265 0.282813 0.446136 0.278125 0.446136 0.276563 0.443794 0.275000 0.443794 0.271875 0.439110 0.271875 0.429742 0.256250 0.429742 0.256250 0.436768 0.260938 0.443794 0.260938 0.453162 0.259375 0.455504 0.254687 0.455504 0.253125 0.457845 0.251563 0.455504 0.250000 0.455504 0.248437 0.453162 0.245312 0.453162
2 0.000000 0.476581 0.000000 0.570258 0.001563 0.570258 0.003125 0.572600 0.004688 0.572600 0.006250 0.574941 0.007812 0.574941 0.009375 0.577283 0.010937 0.577283 0.012500 0.579625 0.015625 0.579625 0.017188 0.581967 0.020312 0.581967 0.021875 0.584309 0.023438 0.584309 0.025000 0.586651 0.026563 0.586651 0.028125 0.588993 0.031250 0.588993 0.032812 0.591335 0.035937 0.591335 0.037500 0.593677 0.040625 0.593677 0.042188 0.596019 0.045313 0.596019 0.046875 0.598361 0.048437 0.598361 0.051562 0.603045 0.053125 0.603045 0.054688 0.605386 0.056250 0.605386 0.064062 0.617096 0.064062 0.619438 0.065625 0.621780 0.065625 0.624122 0.070312 0.631148 0.070312 0.633489 0.076563 0.642857 0.076563 0.652225 0.109375 0.652225 0.109375 0.642857 0.114063 0.635831 0.114063 0.631148 0.115625 0.628806 0.115625 0.626464 0.117188 0.624122 0.117188 0.621780 0.121875 0.614754 0.121875 0.612412 0.128125 0.603045 0.128125 0.600703 0.129688 0.598361 0.131250 0.598361 0.132812 0.596019 0.139062 0.596019 0.139062 0.560890 0.134375 0.560890 0.129688 0.553864 0.126563 0.553864 0.125000 0.551522 0.123438 0.551522 0.121875 0.549180 0.115625 0.549180 0.114063 0.546838 0.110937 0.546838 0.109375 0.544496 0.100000 0.544496 0.098438 0.542155 0.093750 0.542155 0.092188 0.539813 0.089062 0.539813 0.087500 0.537471 0.085938 0.537471 0.084375 0.535129 0.081250 0.535129 0.076563 0.528103 0.075000 0.528103 0.073437 0.525761 0.073437 0.523419 0.070312 0.518735 0.065625 0.518735 0.064062 0.516393 0.064062 0.514051 0.060938 0.509368 0.060938 0.502342 0.059375 0.500000 0.059375 0.497658 0.057813 0.495316 0.056250 0.495316 0.054688 0.492974 0.053125 0.492974 0.051562 0.490632 0.046875 0.490632 0.043750 0.485948 0.043750 0.476581
2 0.000000 0.570258 0.000000 0.661592 0.076563 0.661592 0.076563 0.638173 0.071875 0.638173 0.068750 0.633489 0.068750 0.631148 0.064062 0.624122 0.064062 0.621780 0.059375 0.614754 0.059375 0.612412 0.057813 0.612412 0.053125 0.605386 0.051562 0.605386 0.050000 0.603045 0.048437 0.603045 0.046875 0.600703 0.045313 0.600703 0.040625 0.593677 0.037500 0.593677 0.035937 0.591335 0.034375 0.591335 0.032812 0.588993 0.029687 0.588993 0.028125 0.586651 0.025000 0.586651 0.023438 0.584309 0.021875 0.584309 0.020312 0.581967 0.017188 0.581967 0.015625 0.579625 0.015625 0.570258
2 0.000000 0.448478 0.000000 0.485948 0.020312 0.485948 0.021875 0.488290 0.025000 0.488290 0.026563 0.490632 0.034375 0.490632 0.037500 0.495316 0.039062 0.495316 0.040625 0.497658 0.042188 0.497658 0.045313 0.502342 0.048437 0.502342 0.050000 0.504684 0.053125 0.504684 0.054688 0.507026 0.056250 0.507026 0.057813 0.509368 0.062500 0.509368 0.064062 0.511710 0.067188 0.511710 0.068750 0.514051 0.070312 0.514051 0.071875 0.516393 0.073437 0.516393 0.078125 0.523419 0.079687 0.523419 0.081250 0.525761 0.087500 0.525761 0.089062 0.528103 0.093750 0.528103 0.095312 0.530445 0.096875 0.530445 0.100000 0.535129 0.101562 0.535129 0.103125 0.537471 0.106250 0.537471 0.107813 0.539813 0.110937 0.539813 0.112500 0.542155 0.114063 0.542155 0.115625 0.544496 0.117188 0.544496 0.120312 0.549180 0.121875 0.549180 0.123438 0.551522 0.125000 0.551522 0.126563 0.553864 0.126563 0.556206 0.128125 0.558548 0.128125 0.567916 0.181250 0.567916 0.181250 0.560890 0.184375 0.556206 0.185937 0.556206 0.187500 0.553864 0.189063 0.553864 0.190625 0.551522 0.196875 0.551522 0.198437 0.549180 0.207813 0.549180 0.207813 0.514051 0.200000 0.514051 0.198437 0.511710 0.195312 0.511710 0.193750 0.509368 0.190625 0.509368 0.189063 0.507026 0.182812 0.507026 0.181250 0.509368 0.179688 0.509368 0.178125 0.511710 0.173438 0.511710 0.171875 0.514051 0.164062 0.514051 0.162500 0.511710 0.160938 0.511710 0.159375 0.509368 0.153125 0.509368 0.151562 0.507026 0.148438 0.507026 0.145313 0.502342 0.143750 0.502342 0.142188 0.500000 0.132812 0.500000 0.131250 0.497658 0.129688 0.497658 0.128125 0.495316 0.123438 0.495316 0.121875 0.492974 0.107813 0.492974 0.106250 0.490632 0.103125 0.490632 0.101562 0.488290 0.096875 0.488290 0.095312 0.485948 0.093750 0.485948 0.090625 0.481265 0.079687 0.481265 0.078125 0.478923 0.073437 0.478923 0.071875 0.476581 0.070312 0.476581 0.064062 0.467213 0.064062 0.462529 0.065625 0.460187 0.065625 0.457845 0.067188 0.455504 0.067188 0.448478
7 0.639063 0.401639 0.639063 0.413349 0.637500 0.415691 0.637500 0.436768 0.640625 0.441452 0.640625 0.443794 0.646875 0.453162 0.646875 0.455504 0.651563 0.462529 0.651563 0.464871 0.662500 0.481265 0.662500 0.483607 0.668750 0.492974 0.668750 0.495316 0.671875 0.500000 0.671875 0.502342 0.675000 0.507026 0.675000 0.511710 0.676562 0.514051 0.676562 0.518735 0.678125 0.521077 0.678125 0.523419 0.679688 0.525761 0.679688 0.528103 0.681250 0.530445 0.681250 0.535129 0.682813 0.537471 0.682813 0.539813 0.684375 0.542155 0.684375 0.544496 0.687500 0.549180 0.687500 0.558548 0.720312 0.558548 0.720312 0.549180 0.721875 0.546838 0.721875 0.542155 0.728125 0.532787 0.732813 0.532787 0.732813 0.387588 0.728125 0.387588 0.723437 0.380562 0.723437 0.378220 0.718750 0.371194 0.717188 0.371194 0.715625 0.368852 0.714063 0.368852 0.712500 0.366511 0.710938 0.366511 0.707812 0.361827 0.707812 0.354801 0.650000 0.354801 0.650000 0.361827 0.648438 0.364169 0.648438 0.366511 0.646875 0.368852 0.646875 0.371194 0.645312 0.373536 0.645312 0.375878 0.643750 0.378220 0.643750 0.382904 0.642187 0.385246 0.642187 0.394614 0.640625 0.396955 0.640625 0.399297 0.639063 0.401639 0.610937 0.394614 0.610937 0.380562 0.612500 0.378220 0.612500 0.375878 0.614062 0.373536 0.614062 0.371194 0.615625 0.368852 0.615625 0.354801 0.603125 0.354801 0.603125 0.399297 0.607813 0.399297 0.610937 0.394614
2 0.125000 0.530445 0.125000 0.532787 0.128125 0.532787 0.128125 0.528103 0.126563 0.528103 0.125000 0.530445 0.117188 0.525761 0.115625 0.523419 0.115625 0.514051 0.101562 0.514051 0.100000 0.511710 0.096875 0.511710 0.095312 0.509368 0.093750 0.509368 0.090625 0.504684 0.089062 0.504684 0.087500 0.502342 0.085938 0.502342 0.084375 0.500000 0.082813 0.500000 0.081250 0.497658 0.078125 0.497658 0.076563 0.495316 0.073437 0.495316 0.071875 0.492974 0.068750 0.492974 0.067188 0.490632 0.065625 0.490632 0.064062 0.488290 0.062500 0.488290 0.060938 0.485948 0.054688 0.485948 0.053125 0.483607 0.051562 0.485948 0.050000 0.485948 0.046875 0.490632 0.043750 0.485948 0.043750 0.483607 0.042188 0.481265 0.042188 0.478923 0.040625 0.476581 0.040625 0.474239 0.034375 0.464871 0.034375 0.457845 0.000000 0.457845 0.000000 0.558548 0.001563 0.558548 0.006250 0.565574 0.007812 0.565574 0.010937 0.570258 0.012500 0.570258 0.015625 0.574941 0.017188 0.574941 0.018750 0.577283 0.020312 0.577283 0.021875 0.579625 0.026563 0.579625 0.028125 0.581967 0.032812 0.581967 0.035937 0.586651 0.037500 0.586651 0.039062 0.588993 0.042188 0.588993 0.043750 0.591335 0.045313 0.591335 0.046875 0.593677 0.048437 0.593677 0.051562 0.598361 0.054688 0.598361 0.056250 0.600703 0.057813 0.600703 0.060938 0.605386 0.062500 0.605386 0.064062 0.607728 0.064062 0.610070 0.071875 0.621780 0.071875 0.624122 0.073437 0.624122 0.076563 0.628806 0.076563 0.631148 0.078125 0.633489 0.078125 0.638173 0.079687 0.640515 0.079687 0.652225 0.109375 0.652225 0.109375 0.642857 0.112500 0.638173 0.114063 0.638173 0.114063 0.635831 0.115625 0.633489 0.115625 0.628806 0.117188 0.626464 0.117188 0.624122 0.120312 0.619438 0.120312 0.617096 0.121875 0.614754 0.121875 0.612412 0.125000 0.607728 0.125000 0.605386 0.126563 0.603045 0.126563 0.600703 0.134375 0.588993 0.137500 0.588993 0.139062 0.586651 0.140625 0.586651 0.143750 0.581967 0.145313 0.581967 0.146875 0.579625 0.150000 0.579625 0.151562 0.577283 0.154687 0.577283 0.156250 0.574941 0.157813 0.574941 0.159375 0.572600 0.160938 0.572600 0.162500 0.570258 0.165625 0.570258 0.167187 0.567916 0.170312 0.567916 0.173438 0.563232 0.176563 0.563232 0.178125 0.560890 0.181250 0.560890 0.182812 0.558548 0.185937 0.558548 0.187500 0.556206 0.190625 0.556206 0.192188 0.553864 0.195312 0.553864 0.196875 0.551522 0.204688 0.551522 0.206250 0.549180 0.214062 0.549180 0.214062 0.525761 0.207813 0.525761 0.206250 0.523419 0.203125 0.523419 0.201562 0.521077 0.195312 0.521077 0.192188 0.525761 0.192188 0.528103 0.190625 0.530445 0.190625 0.532787 0.187500 0.537471 0.185937 0.537471 0.184375 0.539813 0.182812 0.539813 0.179688 0.535129 0.178125 0.535129 0.176563 0.532787 0.173438 0.532787 0.171875 0.530445 0.168750 0.530445 0.167187 0.528103 0.165625 0.528103 0.164062 0.525761 0.160938 0.525761 0.159375 0.523419 0.156250 0.523419 0.154687 0.521077 0.150000 0.521077 0.148438 0.518735 0.142188 0.518735 0.140625 0.521077 0.137500 0.521077 0.137500 0.525761 0.142188 0.532787 0.142188 0.539813 0.139062 0.544496 0.118750 0.544496 0.117188 0.542155 0.117188 0.525761
2 0.432813 0.596019 0.431250 0.596019 0.429688 0.593677 0.426562 0.593677 0.425000 0.596019 0.423438 0.596019 0.423438 0.600703 0.426562 0.605386 0.428125 0.605386 0.432813 0.598361 0.432813 0.596019 0.445312 0.579625 0.439063 0.572600 0.439063 0.570258 0.435937 0.570258 0.434375 0.567916 0.431250 0.567916 0.428125 0.563232 0.428125 0.560890 0.426562 0.560890 0.425000 0.558548 0.421875 0.558548 0.420312 0.556206 0.418750 0.556206 0.415625 0.551522 0.412500 0.551522 0.410937 0.549180 0.406250 0.549180 0.403125 0.544496 0.401563 0.544496 0.400000 0.542155 0.398438 0.542155 0.396875 0.539813 0.395312 0.539813 0.389062 0.530445 0.385938 0.530445 0.378125 0.518735 0.378125 0.516393 0.373437 0.509368 0.373437 0.507026 0.371875 0.504684 0.371875 0.502342 0.368750 0.497658 0.368750 0.495316 0.364062 0.488290 0.364062 0.485948 0.362500 0.483607 0.360938 0.483607 0.353125 0.471897 0.353125 0.469555 0.351562 0.467213 0.351562 0.453162 0.350000 0.450820 0.350000 0.439110 0.331250 0.439110 0.331250 0.448478 0.329688 0.450820 0.328125 0.450820 0.326562 0.453162 0.325000 0.453162 0.321875 0.457845 0.320312 0.457845 0.318750 0.460187 0.317187 0.460187 0.315625 0.462529 0.314063 0.462529 0.312500 0.464871 0.310937 0.464871 0.309375 0.467213 0.307813 0.467213 0.303125 0.474239 0.301562 0.474239 0.298438 0.478923 0.296875 0.478923 0.293750 0.483607 0.292188 0.483607 0.290625 0.485948 0.289062 0.485948 0.285937 0.490632 0.284375 0.490632 0.282813 0.492974 0.281250 0.492974 0.279687 0.495316 0.278125 0.495316 0.276563 0.497658 0.271875 0.497658 0.268750 0.502342 0.267188 0.502342 0.264062 0.507026 0.264062 0.509368 0.260938 0.514051 0.259375 0.514051 0.256250 0.518735 0.254687 0.518735 0.253125 0.521077 0.251563 0.521077 0.250000 0.523419 0.248437 0.523419 0.246875 0.525761 0.245312 0.525761 0.242188 0.530445 0.237500 0.530445 0.235938 0.532787 0.232812 0.532787 0.231250 0.535129 0.229687 0.535129 0.226562 0.539813 0.225000 0.539813 0.218750 0.549180 0.217187 0.549180 0.215625 0.551522 0.214062 0.551522 0.212500 0.553864 0.209375 0.553864 0.207813 0.556206 0.203125 0.556206 0.201562 0.558548 0.198437 0.558548 0.196875 0.560890 0.190625 0.560890 0.189063 0.563232 0.185937 0.563232 0.184375 0.565574 0.181250 0.565574 0.179688 0.567916 0.178125 0.567916 0.176563 0.570258 0.173438 0.570258 0.171875 0.572600 0.170312 0.572600 0.168750 0.574941 0.165625 0.574941 0.164062 0.577283 0.162500 0.577283 0.160938 0.579625 0.157813 0.579625 0.156250 0.581967 0.153125 0.581967 0.150000 0.586651 0.148438 0.586651 0.146875 0.588993 0.145313 0.588993 0.143750 0.591335 0.142188 0.591335 0.139062 0.596019 0.137500 0.596019 0.131250 0.605386 0.129688 0.605386 0.121875 0.617096 0.121875 0.619438 0.118750 0.624122 0.118750 0.626464 0.117188 0.628806 0.117188 0.631148 0.115625 0.633489 0.115625 0.652225 0.168750 0.652225 0.168750 0.645199 0.170312 0.642857 0.178125 0.642857 0.179688 0.640515 0.193750 0.640515 0.195312 0.638173 0.203125 0.638173 0.204688 0.635831 0.212500 0.635831 0.214062 0.633489 0.221875 0.633489 0.223438 0.631148 0.229687 0.631148 0.231250 0.628806 0.239063 0.628806 0.240625 0.626464 0.248437 0.626464 0.250000 0.624122 0.264062 0.624122 0.265625 0.621780 0.281250 0.621780 0.282813 0.619438 0.293750 0.619438 0.295312 0.617096 0.301562 0.617096 0.303125 0.614754 0.304688 0.614754 0.306250 0.612412 0.309375 0.612412 0.310937 0.610070 0.315625 0.610070 0.317187 0.607728 0.323438 0.607728 0.325000 0.605386 0.329688 0.605386 0.331250 0.603045 0.337500 0.603045 0.339063 0.600703 0.343750 0.600703 0.345313 0.598361 0.351562 0.598361 0.353125 0.596019 0.359375 0.596019 0.360938 0.593677 0.364062 0.593677 0.365625 0.591335 0.368750 0.591335 0.370313 0.588993 0.373437 0.588993 0.375000 0.586651 0.382812 0.586651 0.384375 0.584309 0.390625 0.584309 0.392188 0.581967 0.395312 0.581967 0.396875 0.579625 0.401563 0.579625 0.403125 0.577283 0.404687 0.577283 0.406250 0.574941 0.407813 0.574941 0.409375 0.572600 0.410937 0.572600 0.412500 0.570258 0.425000 0.570258 0.426562 0.572600 0.439063 0.572600 0.445312 0.579625 0.451562 0.579625 0.445312 0.579625
2 0.203125 0.420375 0.203125 0.427400 0.200000 0.432084 0.198437 0.432084 0.196875 0.434426 0.193750 0.434426 0.192188 0.436768 0.184375 0.436768 0.184375 0.453162 0.192188 0.453162 0.193750 0.455504 0.198437 0.455504 0.200000 0.457845 0.204688 0.457845 0.206250 0.460187 0.207813 0.460187 0.209375 0.462529 0.210938 0.462529 0.212500 0.464871 0.214062 0.464871 0.215625 0.467213 0.218750 0.467213 0.220313 0.469555 0.223438 0.469555 0.225000 0.471897 0.226562 0.471897 0.228125 0.474239 0.235938 0.474239 0.237500 0.476581 0.240625 0.476581 0.242188 0.474239 0.259375 0.474239 0.260938 0.476581 0.264062 0.476581 0.265625 0.478923 0.276563 0.478923 0.278125 0.481265 0.281250 0.481265 0.282813 0.483607 0.284375 0.481265 0.285937 0.481265 0.287500 0.478923 0.295312 0.478923 0.295312 0.462529 0.289062 0.462529 0.281250 0.450820 0.281250 0.448478 0.273438 0.436768 0.271875 0.436768 0.270312 0.434426 0.267188 0.434426 0.265625 0.432084 0.264062 0.432084 0.260938 0.427400 0.260938 0.420375
0 0.990625 0.476581 0.990625 0.488290 0.989062 0.490632 0.989062 0.492974 0.987500 0.495316 0.987500 0.497658 0.984375 0.502342 0.984375 0.504684 0.981250 0.509368 0.981250 0.514051 0.979688 0.516393 0.979688 0.518735 0.976562 0.523419 0.971875 0.523419 0.971875 0.586651 0.989062 0.586651 0.990625 0.588993 0.990625 0.603045 0.992188 0.605386 0.992188 0.624122 0.998438 0.624122 0.998438 0.476581
2 0.512500 0.549180 0.514063 0.551522 0.514063 0.553864 0.515625 0.553864 0.517187 0.551522 0.514063 0.546838 0.512500 0.549180 0.507812 0.544496 0.507812 0.539813 0.504687 0.539813 0.503125 0.537471 0.503125 0.500000 0.509375 0.500000 0.531250 0.551522 0.529688 0.553864 0.529688 0.558548 0.526563 0.563232 0.525000 0.563232 0.523438 0.565574 0.507812 0.462529 0.506250 0.462529 0.501562 0.455504 0.498437 0.455504 0.496875 0.453162 0.435937 0.570258 0.432813 0.570258 0.431250 0.567916 0.429688 0.567916 0.425000 0.560890 0.423438 0.560890 0.421875 0.558548 0.418750 0.558548 0.417188 0.556206 0.415625 0.556206 0.414062 0.553864 0.412500 0.553864 0.410937 0.551522 0.409375 0.551522 0.407813 0.549180 0.404687 0.549180 0.403125 0.546838 0.401563 0.546838 0.398438 0.542155 0.396875 0.542155 0.395312 0.539813 0.393750 0.539813 0.390625 0.535129 0.390625 0.532787 0.389062 0.532787 0.387500 0.530445 0.385938 0.530445 0.376563 0.516393 0.376563 0.514051 0.373437 0.509368 0.373437 0.507026 0.371875 0.504684 0.371875 0.502342 0.367188 0.495316 0.367188 0.492974 0.357812 0.478923 0.356250 0.478923 0.354688 0.476581 0.354688 0.474239 0.353125 0.471897 0.353125 0.469555 0.351562 0.467213 0.351562 0.455504 0.350000 0.453162 0.350000 0.448478 0.348437 0.446136 0.348437 0.439110 0.331250 0.439110 0.331250 0.446136 0.326562 0.453162 0.325000 0.453162 0.323438 0.455504 0.321875 0.455504 0.320312 0.457845 0.318750 0.457845 0.315625 0.462529 0.314063 0.462529 0.312500 0.464871 0.310937 0.464871 0.309375 0.467213 0.307813 0.467213 0.304688 0.471897 0.303125 0.471897 0.298438 0.478923 0.296875 0.478923 0.293750 0.483607 0.292188 0.483607 0.289062 0.488290 0.287500 0.488290 0.285937 0.490632 0.284375 0.490632 0.282813 0.492974 0.281250 0.492974 0.279687 0.495316 0.278125 0.495316 0.276563 0.497658 0.271875 0.497658 0.268750 0.502342 0.267188 0.502342 0.265625 0.504684 0.265625 0.507026 0.259375 0.516393 0.257812 0.516393 0.254687 0.521077 0.251563 0.521077 0.250000 0.523419 0.248437 0.523419 0.245312 0.528103 0.243750 0.528103 0.242188 0.530445 0.239063 0.530445 0.237500 0.532787 0.234375 0.532787 0.232812 0.535129 0.231250 0.535129 0.229687 0.537471 0.228125 0.537471 0.221875 0.546838 0.220313 0.546838 0.217187 0.551522 0.215625 0.551522 0.214062 0.553864 0.212500 0.553864 0.210938 0.556206 0.207813 0.556206 0.206250 0.558548 0.203125 0.558548 0.201562 0.560890 0.196875 0.560890 0.195312 0.563232 0.189063 0.563232 0.187500 0.565574 0.184375 0.565574 0.182812 0.567916 0.181250 0.567916 0.179688 0.570258 0.178125 0.570258 0.176563 0.572600 0.173438 0.572600 0.171875 0.574941 0.170312 0.574941 0.168750 0.577283 0.165625 0.577283 0.164062 0.579625 0.160938 0.579625 0.159375 0.581967 0.156250 0.581967 0.154687 0.584309 0.153125 0.584309 0.151562 0.586651 0.150000 0.586651 0.148438 0.588993 0.146875 0.588993 0.145313 0.591335 0.143750 0.591335 0.142188 0.593677 0.140625 0.593677 0.139062 0.596019 0.137500 0.596019 0.120312 0.621780 0.115625 0.621780 0.115625 0.652225 0.198437 0.652225 0.198437 0.645199 0.200000 0.642857 0.203125 0.642857 0.204688 0.640515 0.212500 0.640515 0.214062 0.638173 0.223438 0.638173 0.225000 0.635831 0.229687 0.635831 0.231250 0.633489 0.239063 0.633489 0.240625 0.631148 0.250000 0.631148 0.251563 0.628806 0.265625 0.628806 0.267188 0.626464 0.275000 0.626464 0.276563 0.624122 0.285937 0.624122 0.287500 0.621780 0.296875 0.621780 0.298438 0.619438 0.303125 0.619438 0.304688 0.617096 0.306250 0.617096 0.307813 0.614754 0.309375 0.614754 0.310937 0.612412 0.315625 0.612412 0.317187 0.610070 0.320312 0.610070 0.321875 0.607728 0.328125 0.607728 0.329688 0.605386 0.334375 0.605386 0.335938 0.603045 0.342187 0.603045 0.343750 0.600703 0.350000 0.600703 0.351562 0.598361 0.362500 0.598361 0.364062 0.596019 0.367188 0.596019 0.368750 0.593677 0.370313 0.593677 0.371875 0.591335 0.376563 0.591335 0.378125 0.588993 0.389062 0.588993 0.390625 0.586651 0.393750 0.586651 0.395312 0.588993 0.398438 0.588993 0.403125 0.596019 0.403125 0.598361 0.404687 0.600703 0.404687 0.603045 0.406250 0.605386 0.406250 0.610070 0.407813 0.612412 0.407813 0.619438 0.409375 0.621780 0.412500 0.621780 0.417188 0.628806 0.417188 0.631148 0.418750 0.633489 0.418750 0.635831 0.421875 0.640515 0.434375 0.640515 0.439063 0.633489 0.439063 0.626464 0.437500 0.624122 0.437500 0.607728 0.440625 0.603045 0.442187 0.603045 0.443750 0.600703 0.445312 0.600703 0.446875 0.598361 0.446875 0.596019 0.448438 0.593677 0.448438 0.588993 0.443750 0.581967 0.442187 0.581967 0.440625 0.579625 0.439063 0.579625 0.435937 0.574941 0.435937 0.570258 0.496875 0.453162 0.493750 0.453162 0.492188 0.450820 0.489062 0.450820 0.487500 0.453162 0.482812 0.453162 0.479688 0.457845 0.479688 0.460187 0.478125 0.462529 0.478125 0.467213 0.479688 0.469555 0.479688 0.471897 0.482812 0.476581 0.482812 0.483607 0.484375 0.485948 0.484375 0.488290 0.482812 0.490632 0.482812 0.495316 0.484375 0.497658 0.484375 0.509368 0.485938 0.511710 0.484375 0.511710 0.484375 0.509368 0.481250 0.504684 0.478125 0.504684 0.476562 0.502342 0.476562 0.500000 0.475000 0.497658 0.475000 0.495316 0.471875 0.490632 0.471875 0.485948 0.470313 0.483607 0.470313 0.467213 0.471875 0.464871 0.471875 0.462529 0.476562 0.455504 0.476562 0.453162 0.478125 0.450820 0.478125 0.439110 0.515625 0.439110 0.515625 0.446136 0.520312 0.453162 0.525000 0.453162 0.526563 0.450820 0.528125 0.453162 0.528125 0.457845 0.526563 0.460187 0.526563 0.462529 0.525000 0.462529 0.521875 0.467213 0.518750 0.467213 0.517187 0.464871 0.509375 0.464871 0.507812 0.462529 0.523438 0.565574 0.523438 0.567916 0.521875 0.570258 0.521875 0.572600 0.518750 0.577283 0.518750 0.586651 0.520312 0.588993 0.520312 0.591335 0.521875 0.593677 0.525000 0.593677 0.526563 0.591335 0.528125 0.593677 0.528125 0.596019 0.529688 0.598361 0.529688 0.600703 0.531250 0.603045 0.531250 0.607728 0.532812 0.610070 0.532812 0.614754 0.534375 0.617096 0.534375 0.619438 0.535937 0.619438 0.537500 0.621780 0.537500 0.624122 0.545313 0.635831 0.546875 0.635831 0.551562 0.642857 0.551562 0.652225 0.595312 0.652225 0.595312 0.469555 0.590625 0.469555 0.589063 0.471897 0.589063 0.474239 0.587500 0.476581 0.587500 0.478923 0.584375 0.483607 0.584375 0.492974 0.582812 0.495316 0.582812 0.497658 0.581250 0.500000 0.581250 0.502342 0.579687 0.504684 0.579687 0.516393 0.578125 0.518735 0.578125 0.528103 0.579687 0.530445 0.579687 0.535129 0.576563 0.539813 0.573438 0.535129 0.573438 0.532787 0.571875 0.530445 0.571875 0.532787 0.570312 0.535129 0.570312 0.537471 0.567187 0.542155 0.567187 0.544496 0.562500 0.551522 0.554688 0.551522 0.553125 0.549180 0.535937 0.549180 0.534375 0.551522 0.531250 0.551522 0.509375 0.500000 0.514063 0.492974 0.514063 0.485948 0.512500 0.483607 0.514063 0.481265 0.514063 0.474239 0.512500 0.474239 0.510938 0.471897 0.509375 0.471897 0.507812 0.474239 0.507812 0.478923 0.506250 0.481265 0.506250 0.485948 0.501562 0.492974 0.501562 0.495316 0.503125 0.497658 0.503125 0.500000 0.503125 0.537471 0.498437 0.537471 0.496875 0.539813 0.495313 0.539813 0.495313 0.544496 0.496875 0.546838 0.496875 0.549180 0.498437 0.549180 0.501562 0.553864 0.501562 0.558548 0.504687 0.558548 0.504687 0.553864 0.506250 0.551522 0.506250 0.546838 0.507812 0.544496
2 0.409375 0.596019 0.409375 0.596019 0.492188 0.539813 0.443750 0.591335 0.440625 0.591335 0.435937 0.584309 0.434375 0.584309 0.432813 0.581967 0.428125 0.581967 0.426562 0.579625 0.428125 0.577283 0.429688 0.577283 0.431250 0.574941 0.432813 0.574941 0.434375 0.572600 0.434375 0.570258 0.432813 0.570258 0.431250 0.567916 0.429688 0.567916 0.428125 0.565574 0.426562 0.565574 0.425000 0.563232 0.425000 0.560890 0.423438 0.560890 0.421875 0.558548 0.418750 0.558548 0.417188 0.556206 0.415625 0.556206 0.414062 0.553864 0.412500 0.553864 0.410937 0.551522 0.409375 0.551522 0.407813 0.549180 0.404687 0.549180 0.401563 0.544496 0.400000 0.544496 0.398438 0.542155 0.396875 0.542155 0.389062 0.530445 0.387500 0.530445 0.385938 0.528103 0.384375 0.528103 0.378125 0.518735 0.378125 0.516393 0.375000 0.511710 0.375000 0.509368 0.371875 0.504684 0.371875 0.502342 0.368750 0.497658 0.368750 0.495316 0.357812 0.478923 0.356250 0.478923 0.354688 0.476581 0.354688 0.474239 0.353125 0.471897 0.353125 0.469555 0.351562 0.467213 0.351562 0.453162 0.350000 0.450820 0.350000 0.439110 0.331250 0.439110 0.331250 0.448478 0.329688 0.450820 0.328125 0.450820 0.326562 0.453162 0.325000 0.453162 0.323438 0.455504 0.321875 0.455504 0.320312 0.457845 0.318750 0.457845 0.315625 0.462529 0.314063 0.462529 0.312500 0.464871 0.310937 0.464871 0.309375 0.467213 0.307813 0.467213 0.304688 0.471897 0.303125 0.471897 0.300000 0.476581 0.298438 0.476581 0.295312 0.481265 0.293750 0.481265 0.290625 0.485948 0.289062 0.485948 0.287500 0.488290 0.285937 0.488290 0.284375 0.490632 0.282813 0.490632 0.281250 0.492974 0.279687 0.492974 0.278125 0.495316 0.271875 0.495316 0.270312 0.497658 0.268750 0.497658 0.264062 0.504684 0.264062 0.507026 0.257812 0.516393 0.256250 0.516393 0.253125 0.521077 0.251563 0.521077 0.250000 0.523419 0.246875 0.523419 0.243750 0.528103 0.242188 0.528103 0.240625 0.530445 0.237500 0.530445 0.235938 0.532787 0.232812 0.532787 0.231250 0.535129 0.229687 0.535129 0.228125 0.537471 0.226562 0.537471 0.218750 0.549180 0.217187 0.549180 0.214062 0.553864 0.212500 0.553864 0.210938 0.556206 0.209375 0.556206 0.207813 0.558548 0.204688 0.558548 0.203125 0.560890 0.200000 0.560890 0.198437 0.563232 0.190625 0.563232 0.189063 0.565574 0.184375 0.565574 0.182812 0.567916 0.181250 0.567916 0.178125 0.572600 0.176563 0.572600 0.175000 0.574941 0.171875 0.574941 0.170312 0.577283 0.168750 0.577283 0.167187 0.579625 0.164062 0.579625 0.162500 0.581967 0.157813 0.581967 0.156250 0.584309 0.153125 0.584309 0.151562 0.586651 0.150000 0.586651 0.148438 0.588993 0.146875 0.588993 0.143750 0.593677 0.142188 0.593677 0.140625 0.596019 0.139062 0.596019 0.137500 0.598361 0.135937 0.598361 0.128125 0.610070 0.128125 0.612412 0.125000 0.617096 0.123438 0.617096 0.120312 0.621780 0.115625 0.621780 0.115625 0.647541 0.123438 0.647541 0.125000 0.649883 0.126563 0.649883 0.128125 0.652225 0.129688 0.652225 0.132812 0.656909 0.140625 0.656909 0.142188 0.654567 0.145313 0.654567 0.146875 0.652225 0.154687 0.652225 0.156250 0.649883 0.160938 0.649883 0.162500 0.647541 0.165625 0.647541 0.167187 0.645199 0.168750 0.645199 0.170312 0.642857 0.190625 0.642857 0.192188 0.640515 0.200000 0.640515 0.201562 0.638173 0.207813 0.638173 0.209375 0.635831 0.217187 0.635831 0.218750 0.633489 0.228125 0.633489 0.229687 0.631148 0.235938 0.631148 0.237500 0.628806 0.248437 0.628806 0.250000 0.626464 0.262500 0.626464 0.264062 0.624122 0.270312 0.624122 0.271875 0.621780 0.285937 0.621780 0.287500 0.619438 0.296875 0.619438 0.298438 0.617096 0.303125 0.617096 0.304688 0.614754 0.306250 0.614754 0.307813 0.612412 0.310937 0.612412 0.312500 0.610070 0.317187 0.610070 0.318750 0.607728 0.325000 0.607728 0.326562 0.605386 0.331250 0.605386 0.332812 0.603045 0.339063 0.603045 0.340625 0.600703 0.345313 0.600703 0.346875 0.598361 0.356250 0.598361 0.357812 0.596019 0.364062 0.596019 0.365625 0.593677 0.367188 0.593677 0.368750 0.591335 0.371875 0.591335 0.373437 0.588993 0.381250 0.588993 0.382812 0.586651 0.390625 0.586651 0.392188 0.584309 0.400000 0.584309 0.401563 0.581967 0.403125 0.581967 0.404687 0.584309 0.406250 0.584309 0.407813 0.586651 0.409375 0.586651 0.410937 0.584309 0.412500 0.584309 0.414062 0.581967 0.421875 0.581967 0.425000 0.586651 0.423438 0.588993 0.421875 0.588993 0.418750 0.593677 0.418750 0.600703 0.420312 0.603045 0.421875 0.603045 0.423438 0.605386 0.423438 0.617096 0.425000 0.619438 0.425000 0.621780 0.426562 0.621780 0.428125 0.624122 0.431250 0.624122 0.432813 0.621780 0.432813 0.619438 0.434375 0.617096 0.434375 0.612412 0.432813 0.610070 0.432813 0.607728 0.439063 0.598361 0.442187 0.598361 0.443750 0.596019 0.443750 0.591335 0.492188 0.539813 0.495313 0.544496 0.495313 0.546838 0.496875 0.549180 0.496875 0.551522 0.503125 0.560890 0.504687 0.560890 0.506250 0.563232 0.507812 0.563232 0.509375 0.565574 0.509375 0.567916 0.510938 0.567916 0.512500 0.570258 0.509375 0.574941 0.509375 0.577283 0.512500 0.577283 0.515625 0.581967 0.515625 0.584309 0.517187 0.586651 0.517187 0.588993 0.521875 0.596019 0.523438 0.596019 0.525000 0.598361 0.526563 0.598361 0.529688 0.603045 0.529688 0.607728 0.531250 0.610070 0.531250 0.612412 0.532812 0.614754 0.532812 0.617096 0.539062 0.626464 0.539062 0.628806 0.540625 0.631148 0.542188 0.631148 0.551562 0.645199 0.551562 0.647541 0.553125 0.649883 0.554688 0.649883 0.557813 0.654567 0.559375 0.654567 0.560938 0.656909 0.565625 0.656909 0.571875 0.666276 0.573438 0.666276 0.576563 0.670960 0.576563 0.673302 0.578125 0.675644 0.582812 0.675644 0.587500 0.682670 0.587500 0.685012 0.589063 0.687354 0.589063 0.689696 0.590625 0.692037 0.592188 0.689696 0.593750 0.689696 0.598437 0.682670 0.598437 0.670960 0.601562 0.666276 0.601562 0.663934 0.603125 0.661592 0.604688 0.661592 0.609375 0.654567 0.610937 0.654567 0.612500 0.652225 0.620313 0.652225 0.621875 0.649883 0.623438 0.649883 0.629687 0.640515 0.631250 0.640515 0.637500 0.631148 0.639063 0.631148 0.640625 0.628806 0.642187 0.628806 0.645312 0.624122 0.646875 0.624122 0.648438 0.621780 0.651563 0.621780 0.653125 0.619438 0.657812 0.619438 0.657812 0.467213 0.651563 0.467213 0.646875 0.460187 0.646875 0.457845 0.643750 0.453162 0.642187 0.453162 0.639063 0.448478 0.639063 0.439110 0.601562 0.439110 0.601562 0.453162 0.604688 0.457845 0.604688 0.467213 0.603125 0.469555 0.601562 0.469555 0.598437 0.464871 0.598437 0.455504 0.596875 0.455504 0.595312 0.457845 0.593750 0.457845 0.592188 0.460187 0.592188 0.462529 0.590625 0.464871 0.590625 0.467213 0.587500 0.471897 0.587500 0.474239 0.584375 0.478923 0.584375 0.481265 0.582812 0.483607 0.582812 0.488290 0.581250 0.490632 0.581250 0.495316 0.579687 0.497658 0.579687 0.500000 0.576563 0.504684 0.560938 0.504684 0.559375 0.507026 0.557813 0.504684 0.556250 0.504684 0.553125 0.500000 0.542188 0.500000 0.539062 0.495316 0.537500 0.495316 0.532812 0.488290 0.532812 0.485948 0.531250 0.483607 0.531250 0.476581 0.532812 0.474239 0.532812 0.471897 0.535937 0.467213 0.535937 0.464871 0.540625 0.457845 0.545313 0.457845 0.545313 0.455504 0.542188 0.455504 0.539062 0.450820 0.539062 0.439110 0.476562 0.439110 0.476562 0.450820 0.470313 0.460187 0.470313 0.462529 0.468750 0.464871 0.468750 0.476581 0.470313 0.478923 0.470313 0.485948 0.471875 0.488290 0.471875 0.492974 0.475000 0.497658 0.475000 0.500000 0.479688 0.507026 0.481250 0.507026 0.482812 0.509368 0.482812 0.514051 0.490625 0.525761 0.490625 0.528103 0.492188 0.528103 0.493750 0.530445 0.493750 0.532787 0.492188 0.535129 0.492188 0.539813
