0 0.087500 0.665094 0.087500 0.674528 0.082813 0.681604 0.082813 0.686321 0.081250 0.688679 0.081250 0.693396 0.079687 0.695755 0.079687 0.700472 0.078125 0.702830 0.078125 0.707547 0.076563 0.709906 0.076563 0.712264 0.075000 0.714623 0.075000 0.716981 0.071875 0.721698 0.071875 0.724057 0.070312 0.726415 0.070312 0.728774 0.068750 0.731132 0.068750 0.733491 0.067188 0.735849 0.067188 0.740566 0.065625 0.742925 0.065625 0.747642 0.064062 0.750000 0.064062 0.761792 0.062500 0.764151 0.062500 0.783019 0.060938 0.785377 0.060938 0.794811 0.059375 0.797170 0.059375 0.820755 0.060938 0.823113 0.060938 0.844340 0.064062 0.849057 0.064062 0.851415 0.065625 0.853774 0.065625 0.856132 0.067188 0.858491 0.067188 0.860849 0.068750 0.860849 0.070312 0.863208 0.071875 0.863208 0.076563 0.870283 0.076563 0.872642 0.073437 0.877358 0.073437 0.882075 0.071875 0.884434 0.071875 0.919811 0.070312 0.922170 0.070312 0.929245 0.068750 0.931604 0.068750 0.941038 0.067188 0.943396 0.067188 0.974057 0.068750 0.976415 0.068750 0.981132 0.070312 0.981132 0.071875 0.983491 0.073437 0.981132 0.081250 0.981132 0.090625 0.966981 0.095312 0.974057 0.095312 0.983491 0.093750 0.985849 0.093750 0.992925 0.126563 0.992925 0.126563 0.983491 0.121875 0.976415 0.121875 0.974057 0.120312 0.971698 0.120312 0.969340 0.118750 0.966981 0.118750 0.955189 0.117188 0.952830 0.117188 0.905660 0.118750 0.903302 0.118750 0.893868 0.120312 0.891509 0.120312 0.877358 0.121875 0.875000 0.121875 0.867925 0.123438 0.865566 0.123438 0.860849 0.125000 0.858491 0.125000 0.851415 0.131250 0.841981 0.131250 0.837264 0.132812 0.834906 0.132812 0.818396 0.131250 0.816038 0.131250 0.806604 0.129688 0.804245 0.129688 0.785377 0.128125 0.783019 0.128125 0.771226 0.126563 0.768868 0.126563 0.761792 0.125000 0.759434 0.125000 0.752358 0.123438 0.750000 0.123438 0.740566 0.121875 0.738208 0.121875 0.733491 0.120312 0.731132 0.120312 0.728774 0.118750 0.726415 0.118750 0.724057 0.117188 0.721698 0.117188 0.716981 0.115625 0.714623 0.115625 0.709906 0.114063 0.707547 0.114063 0.702830 0.112500 0.700472 0.112500 0.688679 0.110937 0.686321 0.110937 0.681604 0.107813 0.676887 0.107813 0.674528 0.106250 0.672170 0.106250 0.665094
25 0.479688 0.617925 0.479688 0.625000 0.475000 0.632075 0.473437 0.632075 0.467187 0.641509 0.465625 0.641509 0.464063 0.643868 0.459375 0.643868 0.459375 0.658019 0.471875 0.658019 0.473437 0.660377 0.475000 0.660377 0.476562 0.662736 0.479688 0.662736 0.481250 0.665094 0.487500 0.665094 0.490625 0.660377 0.492188 0.660377 0.495313 0.655660 0.496875 0.655660 0.500000 0.650943 0.501562 0.650943 0.503125 0.648585 0.509375 0.648585 0.510938 0.650943 0.514063 0.650943 0.520312 0.660377 0.520312 0.662736 0.528125 0.674528 0.528125 0.681604 0.535937 0.681604 0.535937 0.674528 0.537500 0.672170 0.539062 0.672170 0.540625 0.669811 0.571875 0.669811 0.573438 0.667453 0.582812 0.667453 0.582812 0.648585 0.576563 0.648585 0.575000 0.646226 0.575000 0.643868 0.573438 0.643868 0.567187 0.634434 0.565625 0.634434 0.564062 0.632075 0.562500 0.632075 0.560938 0.629717 0.556250 0.629717 0.554688 0.627358 0.553125 0.627358 0.551562 0.625000 0.551562 0.617925
25 0.703125 0.646226 0.703125 0.653302 0.700000 0.658019 0.698438 0.658019 0.696875 0.660377 0.690625 0.660377 0.690625 0.681604 0.770312 0.681604 0.770312 0.665094 0.765625 0.665094 0.764063 0.662736 0.762500 0.662736 0.760938 0.660377 0.759375 0.660377 0.756250 0.655660 0.756250 0.646226
0 0.501562 0.646226 0.501562 0.653302 0.500000 0.655660 0.500000 0.658019 0.498437 0.660377 0.498437 0.662736 0.496875 0.665094 0.496875 0.672170 0.495313 0.674528 0.495313 0.693396 0.493750 0.695755 0.493750 0.698113 0.489062 0.705189 0.489062 0.707547 0.485938 0.712264 0.485938 0.714623 0.482812 0.719340 0.482812 0.721698 0.481250 0.724057 0.481250 0.728774 0.479688 0.731132 0.479688 0.754717 0.478125 0.757075 0.478125 0.766509 0.476562 0.768868 0.471875 0.768868 0.471875 0.794811 0.476562 0.794811 0.479688 0.799528 0.479688 0.806604 0.481250 0.808962 0.481250 0.820755 0.479688 0.823113 0.479688 0.834906 0.482812 0.839623 0.484375 0.839623 0.485938 0.841981 0.485938 0.851415 0.504687 0.851415 0.504687 0.844340 0.514063 0.830189 0.518750 0.830189 0.520312 0.827830 0.521875 0.827830 0.523438 0.825472 0.525000 0.825472 0.534375 0.811321 0.537500 0.811321 0.543750 0.801887 0.543750 0.799528 0.545313 0.797170 0.545313 0.794811 0.546875 0.792453 0.551562 0.792453 0.551562 0.742925 0.546875 0.742925 0.542188 0.735849 0.542188 0.733491 0.539062 0.728774 0.537500 0.731132 0.535937 0.731132 0.534375 0.733491 0.531250 0.728774 0.531250 0.726415 0.529688 0.724057 0.529688 0.721698 0.528125 0.719340 0.528125 0.716981 0.526563 0.714623 0.526563 0.700472 0.525000 0.698113 0.525000 0.681604 0.523438 0.679245 0.523438 0.674528 0.521875 0.672170 0.521875 0.669811 0.520312 0.667453 0.520312 0.665094 0.515625 0.658019 0.515625 0.655660 0.514063 0.653302 0.514063 0.646226
0 0.179688 0.964623 0.179688 0.957547 0.176563 0.952830 0.171875 0.952830 0.171875 0.964623 0.179688 0.964623 0.187500 0.964623 0.209375 0.964623 0.209375 0.933962 0.210938 0.931604 0.210938 0.917453 0.212500 0.915094 0.212500 0.905660 0.214062 0.903302 0.215625 0.903302 0.217187 0.905660 0.217187 0.908019 0.218750 0.910377 0.218750 0.912736 0.220313 0.915094 0.220313 0.917453 0.221875 0.919811 0.221875 0.922170 0.223438 0.924528 0.223438 0.936321 0.225000 0.938679 0.225000 0.941038 0.226562 0.943396 0.226562 0.945755 0.232812 0.945755 0.234375 0.943396 0.235938 0.943396 0.237500 0.941038 0.239063 0.941038 0.240625 0.938679 0.242188 0.938679 0.245312 0.933962 0.245312 0.931604 0.246875 0.929245 0.246875 0.905660 0.245312 0.903302 0.245312 0.891509 0.246875 0.889151 0.246875 0.837264 0.245312 0.834906 0.245312 0.832547 0.246875 0.830189 0.246875 0.823113 0.248437 0.820755 0.248437 0.818396 0.253125 0.811321 0.254687 0.813679 0.256250 0.813679 0.257812 0.816038 0.264062 0.816038 0.264062 0.794811 0.259375 0.794811 0.257812 0.792453 0.257812 0.785377 0.256250 0.783019 0.256250 0.759434 0.254687 0.757075 0.254687 0.747642 0.253125 0.745283 0.253125 0.740566 0.251563 0.738208 0.251563 0.735849 0.250000 0.733491 0.250000 0.726415 0.248437 0.724057 0.248437 0.714623 0.246875 0.712264 0.246875 0.702830 0.245312 0.700472 0.245312 0.698113 0.242188 0.693396 0.242188 0.691038 0.240625 0.688679 0.240625 0.683962 0.239063 0.681604 0.239063 0.679245 0.237500 0.676887 0.237500 0.674528 0.235938 0.672170 0.234375 0.672170 0.229687 0.665094 0.229687 0.655660 0.228125 0.653302 0.228125 0.627358 0.171875 0.627358 0.171875 0.655660 0.178125 0.655660 0.179688 0.658019 0.181250 0.658019 0.182812 0.660377 0.184375 0.660377 0.185937 0.662736 0.187500 0.662736 0.190625 0.667453 0.190625 0.688679 0.192188 0.691038 0.192188 0.700472 0.193750 0.702830 0.193750 0.705189 0.201562 0.705189 0.203125 0.707547 0.209375 0.707547 0.210938 0.709906 0.225000 0.709906 0.228125 0.714623 0.228125 0.716981 0.229687 0.719340 0.229687 0.731132 0.231250 0.733491 0.231250 0.745283 0.232812 0.747642 0.232812 0.759434 0.229687 0.764151 0.229687 0.766509 0.226562 0.771226 0.226562 0.773585 0.223438 0.778302 0.223438 0.780660 0.221875 0.783019 0.221875 0.785377 0.218750 0.790094 0.217187 0.790094 0.215625 0.792453 0.212500 0.792453 0.210938 0.794811 0.204688 0.794811 0.203125 0.792453 0.195312 0.792453 0.193750 0.790094 0.192188 0.790094 0.190625 0.787736 0.189063 0.787736 0.184375 0.780660 0.184375 0.773585 0.182812 0.771226 0.182812 0.757075 0.184375 0.754717 0.184375 0.745283 0.185937 0.742925 0.185937 0.716981 0.182812 0.712264 0.171875 0.712264 0.171875 0.785377 0.178125 0.785377 0.181250 0.790094 0.181250 0.813679 0.179688 0.816038 0.179688 0.825472 0.181250 0.827830 0.181250 0.844340 0.182812 0.846698 0.182812 0.853774 0.184375 0.856132 0.184375 0.865566 0.185937 0.867925 0.185937 0.879717 0.187500 0.882075 0.187500 0.898585 0.189063 0.900943 0.189063 0.915094 0.190625 0.917453 0.190625 0.936321 0.189063 0.938679 0.189063 0.945755 0.187500 0.948113 0.187500 0.964623
0 0.115625 0.974057 0.115625 0.983491 0.121875 0.983491 0.121875 0.976415 0.120312 0.974057 0.115625 0.974057 0.115625 0.952830 0.120312 0.952830 0.120312 0.950472 0.121875 0.948113 0.121875 0.941038 0.123438 0.938679 0.123438 0.936321 0.125000 0.933962 0.125000 0.931604 0.128125 0.926887 0.128125 0.924528 0.131250 0.919811 0.132812 0.919811 0.134375 0.917453 0.134375 0.915094 0.140625 0.905660 0.140625 0.903302 0.145313 0.896226 0.146875 0.896226 0.153125 0.905660 0.153125 0.908019 0.154687 0.910377 0.154687 0.912736 0.156250 0.915094 0.156250 0.919811 0.157813 0.922170 0.157813 0.924528 0.159375 0.926887 0.159375 0.929245 0.160938 0.931604 0.160938 0.933962 0.164062 0.938679 0.164062 0.941038 0.168750 0.948113 0.168750 0.950472 0.170312 0.952830 0.170312 0.955189 0.171875 0.957547 0.171875 0.959906 0.175000 0.964623 0.175000 0.969340 0.171875 0.974057 0.171875 0.983491 0.195312 0.983491 0.195312 0.950472 0.187500 0.950472 0.185937 0.948113 0.182812 0.948113 0.181250 0.945755 0.181250 0.943396 0.179688 0.941038 0.179688 0.938679 0.178125 0.936321 0.178125 0.931604 0.176563 0.929245 0.176563 0.926887 0.175000 0.924528 0.175000 0.922170 0.173438 0.919811 0.173438 0.915094 0.171875 0.912736 0.171875 0.908019 0.170312 0.905660 0.170312 0.900943 0.168750 0.898585 0.168750 0.891509 0.167187 0.889151 0.167187 0.884434 0.165625 0.882075 0.165625 0.875000 0.164062 0.872642 0.164062 0.870283 0.162500 0.867925 0.162500 0.865566 0.160938 0.863208 0.160938 0.811321 0.162500 0.808962 0.162500 0.806604 0.164062 0.804245 0.164062 0.801887 0.168750 0.794811 0.168750 0.792453 0.170312 0.790094 0.171875 0.790094 0.173438 0.787736 0.175000 0.787736 0.176563 0.785377 0.176563 0.778302 0.175000 0.775943 0.173438 0.775943 0.168750 0.768868 0.168750 0.759434 0.165625 0.754717 0.165625 0.752358 0.164062 0.750000 0.164062 0.740566 0.162500 0.738208 0.162500 0.714623 0.164062 0.712264 0.164062 0.709906 0.165625 0.707547 0.165625 0.705189 0.167187 0.702830 0.167187 0.688679 0.165625 0.686321 0.165625 0.674528 0.145313 0.674528 0.145313 0.686321 0.143750 0.688679 0.143750 0.702830 0.142188 0.705189 0.142188 0.714623 0.140625 0.716981 0.140625 0.719340 0.129688 0.735849 0.129688 0.738208 0.128125 0.740566 0.128125 0.742925 0.125000 0.747642 0.123438 0.747642 0.123438 0.754717 0.125000 0.757075 0.125000 0.768868 0.126563 0.771226 0.126563 0.780660 0.128125 0.783019 0.128125 0.790094 0.129688 0.792453 0.129688 0.806604 0.131250 0.808962 0.131250 0.825472 0.132812 0.827830 0.132812 0.856132 0.131250 0.858491 0.131250 0.863208 0.129688 0.865566 0.129688 0.867925 0.125000 0.875000 0.125000 0.877358 0.123438 0.879717 0.123438 0.884434 0.121875 0.886792 0.121875 0.889151 0.120312 0.891509 0.115625 0.891509 0.115625 0.952830
24 0.195312 0.683962 0.195312 0.702830 0.193750 0.705189 0.193750 0.709906 0.192188 0.712264 0.192188 0.714623 0.190625 0.716981 0.190625 0.719340 0.189063 0.721698 0.189063 0.724057 0.187500 0.726415 0.187500 0.731132 0.185937 0.733491 0.185937 0.735849 0.182812 0.740566 0.178125 0.740566 0.178125 0.778302 0.182812 0.778302 0.185937 0.783019 0.185937 0.785377 0.187500 0.787736 0.189063 0.787736 0.190625 0.790094 0.192188 0.790094 0.193750 0.792453 0.196875 0.792453 0.200000 0.797170 0.200000 0.804245 0.218750 0.804245 0.218750 0.797170 0.226562 0.785377 0.226562 0.783019 0.228125 0.780660 0.228125 0.775943 0.229687 0.773585 0.229687 0.768868 0.231250 0.766509 0.231250 0.764151 0.234375 0.759434 0.239063 0.759434 0.239063 0.750000 0.234375 0.750000 0.231250 0.745283 0.231250 0.740566 0.229687 0.738208 0.229687 0.731132 0.228125 0.728774 0.228125 0.719340 0.226562 0.716981 0.226562 0.712264 0.225000 0.709906 0.225000 0.693396 0.223438 0.691038 0.223438 0.683962
0 0.401563 0.674528 0.401563 0.672170 0.401563 0.674528 0.378125 0.681604 0.376563 0.679245 0.376563 0.674528 0.370313 0.665094 0.370313 0.655660 0.350000 0.655660 0.350000 0.662736 0.348437 0.665094 0.348437 0.667453 0.345313 0.672170 0.345313 0.676887 0.343750 0.679245 0.343750 0.705189 0.342187 0.707547 0.342187 0.712264 0.339063 0.716981 0.339063 0.719340 0.334375 0.726415 0.334375 0.728774 0.326562 0.740566 0.326562 0.742925 0.323438 0.747642 0.323438 0.750000 0.320312 0.754717 0.320312 0.757075 0.312500 0.768868 0.312500 0.771226 0.310937 0.773585 0.310937 0.775943 0.307813 0.780660 0.303125 0.780660 0.303125 0.801887 0.307813 0.801887 0.310937 0.806604 0.310937 0.808962 0.312500 0.811321 0.312500 0.813679 0.315625 0.818396 0.315625 0.820755 0.317187 0.823113 0.317187 0.825472 0.320312 0.830189 0.320312 0.832547 0.321875 0.834906 0.321875 0.837264 0.323438 0.839623 0.323438 0.858491 0.321875 0.860849 0.321875 0.863208 0.325000 0.867925 0.326562 0.867925 0.335938 0.882075 0.335938 0.889151 0.376563 0.889151 0.376563 0.882075 0.373437 0.877358 0.373437 0.875000 0.371875 0.872642 0.371875 0.870283 0.370313 0.867925 0.370313 0.846698 0.371875 0.844340 0.371875 0.837264 0.373437 0.834906 0.373437 0.825472 0.375000 0.823113 0.375000 0.816038 0.376563 0.813679 0.376563 0.806604 0.378125 0.804245 0.379687 0.804245 0.381250 0.801887 0.384375 0.801887 0.385938 0.799528 0.392188 0.799528 0.393750 0.801887 0.400000 0.801887 0.401563 0.799528 0.403125 0.801887 0.404687 0.801887 0.407813 0.806604 0.407813 0.808962 0.409375 0.811321 0.410937 0.811321 0.412500 0.813679 0.414062 0.813679 0.417188 0.818396 0.418750 0.818396 0.420312 0.820755 0.421875 0.818396 0.421875 0.808962 0.423438 0.806604 0.423438 0.787736 0.421875 0.785377 0.421875 0.780660 0.420312 0.778302 0.420312 0.775943 0.417188 0.771226 0.417188 0.768868 0.415625 0.766509 0.415625 0.764151 0.414062 0.761792 0.414062 0.759434 0.410937 0.754717 0.410937 0.752358 0.409375 0.750000 0.409375 0.747642 0.407813 0.745283 0.407813 0.742925 0.406250 0.740566 0.406250 0.738208 0.404687 0.735849 0.404687 0.733491 0.403125 0.731132 0.403125 0.728774 0.401563 0.726415 0.400000 0.726415 0.396875 0.721698 0.387500 0.721698 0.385938 0.724057 0.385938 0.726415 0.384375 0.728774 0.382812 0.726415 0.382812 0.721698 0.381250 0.719340 0.381250 0.709906 0.379687 0.707547 0.379687 0.700472 0.378125 0.698113 0.378125 0.681604
0 0.687500 0.674528 0.687500 0.686321 0.685938 0.688679 0.685938 0.707547 0.687500 0.709906 0.687500 0.712264 0.685938 0.714623 0.685938 0.721698 0.684375 0.724057 0.684375 0.726415 0.682813 0.728774 0.682813 0.731132 0.679688 0.735849 0.679688 0.738208 0.678125 0.740566 0.671875 0.740566 0.671875 0.773585 0.676562 0.773585 0.681250 0.780660 0.681250 0.785377 0.682813 0.787736 0.682813 0.846698 0.681250 0.849057 0.681250 0.870283 0.710938 0.870283 0.710938 0.825472 0.709375 0.823113 0.709375 0.806604 0.710938 0.804245 0.710938 0.794811 0.712500 0.792453 0.712500 0.787736 0.714063 0.785377 0.714063 0.780660 0.715625 0.778302 0.720312 0.778302 0.720312 0.740566 0.715625 0.740566 0.710938 0.733491 0.710938 0.731132 0.704687 0.721698 0.704687 0.712264 0.703125 0.709906 0.704687 0.707547 0.704687 0.693396 0.701563 0.688679 0.701563 0.686321 0.700000 0.683962 0.700000 0.674528
0 0.723437 0.674528 0.723437 0.681604 0.721875 0.683962 0.721875 0.686321 0.720312 0.688679 0.720312 0.693396 0.718750 0.695755 0.718750 0.724057 0.717188 0.726415 0.717188 0.735849 0.715625 0.738208 0.715625 0.740566 0.717188 0.742925 0.717188 0.752358 0.718750 0.754717 0.718750 0.764151 0.720312 0.766509 0.720312 0.773585 0.721875 0.775943 0.721875 0.797170 0.723437 0.799528 0.723437 0.808962 0.725000 0.811321 0.725000 0.820755 0.726562 0.823113 0.726562 0.841981 0.728125 0.844340 0.728125 0.851415 0.729688 0.853774 0.729688 0.867925 0.731250 0.870283 0.731250 0.879717 0.751562 0.879717 0.751562 0.867925 0.746875 0.867925 0.745313 0.865566 0.745313 0.860849 0.746875 0.858491 0.751562 0.858491 0.751562 0.726415 0.746875 0.726415 0.745313 0.724057 0.745313 0.721698 0.743750 0.719340 0.743750 0.716981 0.742188 0.714623 0.742188 0.709906 0.740625 0.707547 0.740625 0.705189 0.739062 0.702830 0.739062 0.695755 0.737500 0.693396 0.737500 0.691038 0.735937 0.688679 0.735937 0.686321 0.734375 0.683962 0.734375 0.674528
0 0.637500 0.646226 0.637500 0.658019 0.635938 0.660377 0.635938 0.669811 0.634375 0.672170 0.634375 0.693396 0.632812 0.695755 0.628125 0.695755 0.628125 0.709906 0.632812 0.709906 0.634375 0.712264 0.634375 0.716981 0.635938 0.719340 0.635938 0.738208 0.637500 0.740566 0.637500 0.771226 0.635938 0.773585 0.635938 0.783019 0.632812 0.787736 0.628125 0.787736 0.628125 0.841981 0.632812 0.841981 0.634375 0.844340 0.634375 0.856132 0.632812 0.858491 0.628125 0.858491 0.628125 0.870283 0.648438 0.870283 0.648438 0.863208 0.653125 0.856132 0.653125 0.851415 0.654688 0.849057 0.654688 0.846698 0.656250 0.844340 0.656250 0.841981 0.657812 0.839623 0.657812 0.837264 0.659375 0.834906 0.659375 0.790094 0.660937 0.787736 0.660937 0.778302 0.662500 0.775943 0.662500 0.773585 0.665625 0.768868 0.670313 0.768868 0.670313 0.707547 0.665625 0.707547 0.662500 0.702830 0.662500 0.700472 0.660937 0.698113 0.660937 0.695755 0.657812 0.691038 0.657812 0.683962 0.656250 0.681604 0.656250 0.679245 0.657812 0.676887 0.657812 0.672170 0.656250 0.669811 0.656250 0.662736 0.654688 0.660377 0.654688 0.658019 0.653125 0.655660 0.653125 0.646226
0 0.004688 0.655660 0.004688 0.676887 0.003125 0.679245 0.003125 0.705189 0.004688 0.707547 0.004688 0.721698 0.006250 0.724057 0.006250 0.726415 0.007812 0.726415 0.009375 0.728774 0.009375 0.731132 0.007812 0.733491 0.007812 0.735849 0.006250 0.738208 0.006250 0.745283 0.004688 0.747642 0.004688 0.752358 0.001563 0.757075 0.000000 0.757075 0.000000 0.856132 0.001563 0.856132 0.003125 0.853774 0.003125 0.851415 0.007812 0.844340 0.009375 0.844340 0.010937 0.846698 0.012500 0.846698 0.017188 0.853774 0.017188 0.858491 0.018750 0.860849 0.018750 0.863208 0.020312 0.865566 0.020312 0.882075 0.018750 0.884434 0.017188 0.884434 0.015625 0.886792 0.010937 0.886792 0.009375 0.884434 0.006250 0.884434 0.003125 0.879717 0.003125 0.872642 0.001563 0.870283 0.001563 0.867925 0.000000 0.867925 0.000000 0.915094 0.010937 0.915094 0.012500 0.917453 0.014062 0.917453 0.015625 0.919811 0.015625 0.924528 0.017188 0.926887 0.017188 0.936321 0.018750 0.938679 0.018750 0.945755 0.020312 0.948113 0.020312 0.957547 0.021875 0.959906 0.021875 0.976415 0.020312 0.978774 0.018750 0.978774 0.015625 0.983491 0.012500 0.983491 0.010937 0.981132 0.009375 0.981132 0.004688 0.974057 0.006250 0.971698 0.006250 0.966981 0.004688 0.964623 0.004688 0.959906 0.003125 0.957547 0.003125 0.955189 0.001563 0.952830 0.000000 0.952830 0.000000 0.992925 0.029687 0.992925 0.029687 0.983491 0.031250 0.981132 0.032812 0.981132 0.035937 0.976415 0.037500 0.976415 0.040625 0.971698 0.040625 0.966981 0.042188 0.964623 0.042188 0.959906 0.040625 0.957547 0.040625 0.938679 0.039062 0.936321 0.040625 0.933962 0.040625 0.917453 0.039062 0.915094 0.039062 0.905660 0.037500 0.903302 0.037500 0.898585 0.039062 0.896226 0.039062 0.889151 0.040625 0.886792 0.040625 0.872642 0.042188 0.870283 0.042188 0.849057 0.043750 0.846698 0.043750 0.844340 0.046875 0.839623 0.051562 0.839623 0.051562 0.794811 0.046875 0.794811 0.045313 0.792453 0.045313 0.787736 0.043750 0.785377 0.043750 0.747642 0.042188 0.745283 0.042188 0.735849 0.040625 0.733491 0.040625 0.731132 0.037500 0.726415 0.037500 0.724057 0.026563 0.707547 0.026563 0.705189 0.025000 0.702830 0.025000 0.688679 0.026563 0.686321 0.026563 0.667453 0.025000 0.665094 0.025000 0.655660
25 0.035937 0.665094 0.035937 0.672170 0.032812 0.676887 0.031250 0.676887 0.029687 0.679245 0.029687 0.681604 0.026563 0.686321 0.021875 0.686321 0.021875 0.705189 0.028125 0.705189 0.029687 0.707547 0.032812 0.707547 0.034375 0.709906 0.040625 0.709906 0.042188 0.707547 0.065625 0.707547 0.067188 0.705189 0.071875 0.705189 0.073437 0.702830 0.075000 0.702830 0.076563 0.700472 0.082813 0.700472 0.082813 0.681604 0.078125 0.681604 0.075000 0.676887 0.073437 0.676887 0.071875 0.674528 0.071875 0.665094
0 0.603125 0.655660 0.603125 0.676887 0.601562 0.679245 0.601562 0.681604 0.595312 0.691038 0.595312 0.695755 0.593750 0.698113 0.593750 0.700472 0.592188 0.702830 0.592188 0.705189 0.589063 0.709906 0.584375 0.709906 0.584375 0.797170 0.590625 0.797170 0.593750 0.801887 0.593750 0.804245 0.595312 0.806604 0.595312 0.816038 0.596875 0.818396 0.596875 0.823113 0.598437 0.825472 0.598437 0.832547 0.600000 0.834906 0.600000 0.837264 0.601562 0.839623 0.603125 0.839623 0.604688 0.841981 0.607813 0.841981 0.614062 0.851415 0.614062 0.853774 0.615625 0.856132 0.615625 0.858491 0.617188 0.860849 0.617188 0.865566 0.618750 0.867925 0.618750 0.870283 0.620313 0.872642 0.620313 0.879717 0.626562 0.879717 0.626562 0.872642 0.628125 0.870283 0.628125 0.867925 0.631250 0.863208 0.632812 0.863208 0.634375 0.860849 0.639063 0.860849 0.639063 0.851415 0.634375 0.851415 0.631250 0.846698 0.631250 0.844340 0.629687 0.841981 0.629687 0.823113 0.631250 0.820755 0.631250 0.799528 0.632812 0.797170 0.632812 0.792453 0.634375 0.790094 0.639063 0.790094 0.639063 0.705189 0.634375 0.705189 0.629687 0.698113 0.629687 0.695755 0.628125 0.693396 0.628125 0.691038 0.623438 0.683962 0.623438 0.679245 0.621875 0.676887 0.621875 0.667453 0.620313 0.665094 0.620313 0.655660
25 0.923437 0.419811 0.923437 0.429245 0.918750 0.436321 0.918750 0.438679 0.920313 0.438679 0.921875 0.441038 0.926562 0.441038 0.928125 0.443396 0.932813 0.443396 0.935938 0.448113 0.935938 0.452830 0.937500 0.455189 0.937500 0.464623 0.935938 0.466981 0.935938 0.469340 0.932813 0.474057 0.932813 0.483491 0.931250 0.485849 0.931250 0.490566 0.929688 0.492925 0.929688 0.507075 0.928125 0.509434 0.928125 0.514151 0.926562 0.516509 0.926562 0.523585 0.925000 0.525943 0.925000 0.533019 0.923437 0.535377 0.923437 0.537736 0.921875 0.540094 0.921875 0.547170 0.920313 0.549528 0.920313 0.556604 0.918750 0.558962 0.918750 0.566038 0.917188 0.568396 0.917188 0.575472 0.915625 0.577830 0.915625 0.582547 0.914062 0.584906 0.914062 0.587264 0.912500 0.589623 0.912500 0.591981 0.910937 0.594340 0.910937 0.596698 0.909375 0.599057 0.909375 0.606132 0.907812 0.608491 0.907812 0.613208 0.906250 0.615566 0.906250 0.617925 0.904688 0.620283 0.904688 0.622642 0.903125 0.625000 0.903125 0.627358 0.901563 0.629717 0.901563 0.634434 0.900000 0.636792 0.900000 0.641509 0.898438 0.643868 0.898438 0.650943 0.896875 0.653302 0.896875 0.658019 0.895312 0.660377 0.895312 0.667453 0.893750 0.669811 0.893750 0.676887 0.892187 0.679245 0.892187 0.688679 0.890625 0.691038 0.890625 0.695755 0.889063 0.698113 0.889063 0.702830 0.887500 0.705189 0.887500 0.709906 0.885938 0.712264 0.885938 0.716981 0.884375 0.719340 0.884375 0.724057 0.882812 0.726415 0.882812 0.731132 0.881250 0.733491 0.881250 0.735849 0.876562 0.742925 0.871875 0.742925 0.871875 0.785377 0.876562 0.785377 0.879687 0.790094 0.879687 0.792453 0.881250 0.794811 0.881250 0.801887 0.882812 0.804245 0.882812 0.811321 0.887500 0.818396 0.889063 0.818396 0.892187 0.823113 0.892187 0.825472 0.895312 0.830189 0.895312 0.832547 0.898438 0.837264 0.898438 0.839623 0.901563 0.844340 0.901563 0.846698 0.907812 0.856132 0.909375 0.856132 0.910937 0.858491 0.918750 0.858491 0.920313 0.856132 0.921875 0.856132 0.925000 0.851415 0.926562 0.851415 0.934375 0.839623 0.935938 0.839623 0.937500 0.837264 0.939062 0.837264 0.940625 0.834906 0.942187 0.834906 0.945312 0.830189 0.946875 0.830189 0.948438 0.827830 0.950000 0.827830 0.951563 0.825472 0.953125 0.825472 0.956250 0.820755 0.957812 0.820755 0.959375 0.818396 0.960938 0.818396 0.962500 0.816038 0.964063 0.816038 0.965625 0.813679 0.970312 0.813679 0.971875 0.811321 0.973437 0.811321 0.975000 0.808962 0.976562 0.808962 0.978125 0.806604 0.979688 0.806604 0.981250 0.804245 0.982813 0.804245 0.993750 0.787736 0.993750 0.785377 0.995313 0.783019 0.998438 0.783019 0.998438 0.667453 0.996875 0.667453 0.996875 0.669811 0.995313 0.672170 0.995313 0.674528 0.993750 0.676887 0.993750 0.679245 0.992188 0.681604 0.992188 0.683962 0.990625 0.686321 0.989062 0.686321 0.981250 0.674528 0.981250 0.667453 0.979688 0.665094 0.979688 0.658019 0.978125 0.655660 0.978125 0.650943 0.976562 0.648585 0.976562 0.643868 0.975000 0.641509 0.975000 0.634434 0.973437 0.632075 0.973437 0.627358 0.971875 0.625000 0.971875 0.622642 0.970312 0.620283 0.970312 0.617925 0.968750 0.615566 0.968750 0.610849 0.967188 0.608491 0.967188 0.606132 0.965625 0.603774 0.965625 0.601415 0.964063 0.599057 0.964063 0.591981 0.962500 0.589623 0.962500 0.563679 0.960938 0.561321 0.962500 0.558962 0.962500 0.537736 0.965625 0.533019 0.970312 0.533019 0.973437 0.537736 0.973437 0.549528 0.976562 0.554245 0.976562 0.556604 0.979688 0.561321 0.979688 0.568396 0.985937 0.577830 0.985937 0.580189 0.987500 0.582547 0.987500 0.584906 0.990625 0.589623 0.990625 0.594340 0.992188 0.596698 0.992188 0.603774 0.993750 0.606132 0.993750 0.620283 0.992188 0.622642 0.992188 0.629717 0.993750 0.632075 0.993750 0.639151 0.995313 0.641509 0.995313 0.646226 0.996875 0.648585 0.998438 0.648585 0.998438 0.419811 0.948438 0.419811 0.948438 0.429245 0.946875 0.431604 0.945312 0.431604 0.942187 0.426887 0.942187 0.419811
0 0.462500 0.655660 0.462500 0.672170 0.460938 0.674528 0.460938 0.679245 0.459375 0.681604 0.459375 0.683962 0.454688 0.691038 0.453125 0.691038 0.451562 0.693396 0.451562 0.695755 0.450000 0.698113 0.450000 0.700472 0.446875 0.705189 0.440625 0.705189 0.440625 0.745283 0.445312 0.745283 0.448438 0.750000 0.448438 0.754717 0.450000 0.757075 0.450000 0.780660 0.448438 0.783019 0.448438 0.787736 0.445312 0.792453 0.440625 0.792453 0.440625 0.851415 0.459375 0.851415 0.459375 0.841981 0.460938 0.839623 0.460938 0.837264 0.462500 0.834906 0.462500 0.830189 0.465625 0.825472 0.467187 0.827830 0.468750 0.827830 0.470313 0.830189 0.471875 0.830189 0.475000 0.825472 0.475000 0.823113 0.476562 0.820755 0.476562 0.797170 0.478125 0.794811 0.478125 0.790094 0.479688 0.787736 0.479688 0.778302 0.481250 0.775943 0.481250 0.771226 0.482812 0.768868 0.482812 0.764151 0.484375 0.761792 0.489062 0.761792 0.489062 0.752358 0.484375 0.752358 0.482812 0.750000 0.482812 0.747642 0.484375 0.745283 0.489062 0.745283 0.489062 0.714623 0.484375 0.714623 0.481250 0.709906 0.481250 0.707547 0.479688 0.705189 0.479688 0.698113 0.478125 0.695755 0.478125 0.667453 0.476562 0.665094 0.476562 0.655660
25 0.368750 0.608491 0.368750 0.615566 0.367188 0.617925 0.365625 0.617925 0.364062 0.620283 0.359375 0.620283 0.357812 0.622642 0.354688 0.622642 0.353125 0.625000 0.351562 0.625000 0.350000 0.627358 0.348437 0.627358 0.346875 0.629717 0.340625 0.629717 0.339063 0.632075 0.337500 0.632075 0.335938 0.634434 0.334375 0.634434 0.331250 0.639151 0.329688 0.639151 0.328125 0.641509 0.321875 0.641509 0.321875 0.662736 0.328125 0.662736 0.329688 0.665094 0.331250 0.665094 0.332812 0.667453 0.334375 0.667453 0.335938 0.669811 0.337500 0.669811 0.339063 0.672170 0.345313 0.662736 0.346875 0.662736 0.348437 0.660377 0.350000 0.660377 0.351562 0.658019 0.367188 0.658019 0.368750 0.660377 0.371875 0.660377 0.373437 0.662736 0.375000 0.662736 0.378125 0.667453 0.381250 0.667453 0.382812 0.665094 0.389062 0.665094 0.390625 0.662736 0.403125 0.662736 0.404687 0.665094 0.406250 0.665094 0.407813 0.667453 0.417188 0.667453 0.418750 0.665094 0.434375 0.665094 0.435937 0.667453 0.437500 0.667453 0.439063 0.669811 0.442187 0.669811 0.445312 0.674528 0.445312 0.681604 0.451562 0.681604 0.451562 0.672170 0.446875 0.672170 0.443750 0.667453 0.443750 0.660377 0.445312 0.658019 0.445312 0.655660 0.443750 0.653302 0.443750 0.646226 0.439063 0.639151 0.437500 0.639151 0.434375 0.634434 0.432813 0.634434 0.431250 0.632075 0.429688 0.632075 0.428125 0.629717 0.426562 0.629717 0.425000 0.627358 0.423438 0.627358 0.421875 0.625000 0.418750 0.625000 0.417188 0.622642 0.410937 0.622642 0.409375 0.620283 0.404687 0.620283 0.403125 0.617925 0.401563 0.617925 0.400000 0.615566 0.400000 0.608491
0 0.603125 0.655660 0.603125 0.818396 0.607813 0.818396 0.609375 0.820755 0.609375 0.830189 0.610937 0.832547 0.610937 0.841981 0.612500 0.844340 0.612500 0.846698 0.614062 0.849057 0.614062 0.851415 0.615625 0.853774 0.615625 0.856132 0.617188 0.858491 0.617188 0.870283 0.639063 0.870283 0.639063 0.851415 0.634375 0.851415 0.632812 0.849057 0.632812 0.846698 0.631250 0.844340 0.631250 0.811321 0.632812 0.808962 0.632812 0.801887 0.634375 0.799528 0.639063 0.799528 0.639063 0.707547 0.634375 0.707547 0.631250 0.702830 0.631250 0.700472 0.629687 0.698113 0.629687 0.695755 0.628125 0.693396 0.628125 0.691038 0.623438 0.683962 0.623438 0.679245 0.621875 0.676887 0.621875 0.669811 0.620313 0.667453 0.620313 0.655660
25 0.171875 0.608491 0.171875 0.617925 0.165625 0.627358 0.159375 0.627358 0.159375 0.660377 0.171875 0.660377 0.173438 0.662736 0.175000 0.662736 0.176563 0.665094 0.176563 0.672170 0.196875 0.672170 0.196875 0.662736 0.200000 0.658019 0.200000 0.655660 0.204688 0.648585 0.204688 0.646226 0.206250 0.643868 0.207813 0.643868 0.209375 0.641509 0.210938 0.643868 0.212500 0.643868 0.214062 0.646226 0.215625 0.646226 0.217187 0.648585 0.218750 0.648585 0.220313 0.650943 0.221875 0.650943 0.226562 0.658019 0.229687 0.658019 0.231250 0.660377 0.243750 0.660377 0.245312 0.662736 0.246875 0.662736 0.248437 0.665094 0.248437 0.672170 0.282813 0.672170 0.282813 0.643868 0.278125 0.643868 0.276563 0.646226 0.270312 0.646226 0.268750 0.643868 0.265625 0.643868 0.264062 0.641509 0.260938 0.641509 0.259375 0.639151 0.256250 0.639151 0.254687 0.636792 0.251563 0.636792 0.250000 0.634434 0.245312 0.634434 0.243750 0.632075 0.240625 0.632075 0.239063 0.629717 0.235938 0.629717 0.234375 0.627358 0.232812 0.627358 0.229687 0.622642 0.228125 0.622642 0.226562 0.620283 0.225000 0.620283 0.223438 0.617925 0.223438 0.608491
0 0.300000 0.665094 0.300000 0.672170 0.296875 0.676887 0.296875 0.679245 0.295312 0.681604 0.295312 0.688679 0.293750 0.691038 0.293750 0.702830 0.292188 0.705189 0.292188 0.709906 0.289062 0.714623 0.287500 0.714623 0.284375 0.709906 0.284375 0.688679 0.281250 0.683962 0.278125 0.683962 0.276563 0.686321 0.276563 0.716981 0.268750 0.728774 0.268750 0.733491 0.265625 0.738208 0.265625 0.742925 0.264062 0.745283 0.264062 0.761792 0.267188 0.766509 0.267188 0.783019 0.265625 0.785377 0.265625 0.787736 0.264062 0.790094 0.262500 0.787736 0.262500 0.783019 0.260938 0.780660 0.260938 0.778302 0.259375 0.775943 0.259375 0.773585 0.253125 0.773585 0.253125 0.808962 0.260938 0.808962 0.267188 0.818396 0.267188 0.823113 0.268750 0.825472 0.268750 0.834906 0.270312 0.837264 0.270312 0.844340 0.271875 0.846698 0.271875 0.870283 0.273438 0.872642 0.273438 0.886792 0.275000 0.889151 0.275000 0.910377 0.273438 0.912736 0.273438 0.931604 0.275000 0.933962 0.275000 0.945755 0.289062 0.945755 0.289062 0.936321 0.290625 0.933962 0.290625 0.929245 0.292188 0.926887 0.292188 0.924528 0.293750 0.922170 0.293750 0.919811 0.295312 0.917453 0.295312 0.915094 0.296875 0.912736 0.296875 0.910377 0.298438 0.908019 0.298438 0.905660 0.300000 0.903302 0.300000 0.900943 0.301562 0.898585 0.301562 0.896226 0.303125 0.893868 0.303125 0.891509 0.304688 0.889151 0.304688 0.884434 0.306250 0.882075 0.306250 0.879717 0.312500 0.870283 0.312500 0.867925 0.314063 0.865566 0.314063 0.858491 0.312500 0.856132 0.312500 0.839623 0.314063 0.837264 0.314063 0.827830 0.312500 0.825472 0.312500 0.820755 0.310937 0.818396 0.310937 0.811321 0.309375 0.808962 0.309375 0.794811 0.307813 0.792453 0.307813 0.780660 0.309375 0.778302 0.309375 0.773585 0.310937 0.771226 0.310937 0.768868 0.315625 0.761792 0.315625 0.759434 0.321875 0.750000 0.321875 0.745283 0.325000 0.740566 0.332812 0.740566 0.332812 0.731132 0.326562 0.731132 0.325000 0.728774 0.323438 0.728774 0.320312 0.724057 0.320312 0.721698 0.318750 0.719340 0.318750 0.709906 0.317187 0.707547 0.317187 0.700472 0.315625 0.698113 0.315625 0.688679 0.314063 0.686321 0.314063 0.681604 0.312500 0.679245 0.312500 0.676887 0.309375 0.672170 0.309375 0.665094
0 0.776563 0.676887 0.768750 0.688679 0.767187 0.688679 0.765625 0.691038 0.764063 0.691038 0.762500 0.693396 0.760938 0.693396 0.757812 0.698113 0.756250 0.698113 0.754687 0.700472 0.746875 0.700472 0.746875 0.735849 0.753125 0.735849 0.759375 0.745283 0.760938 0.745283 0.762500 0.747642 0.764063 0.747642 0.767187 0.752358 0.767187 0.754717 0.768750 0.757075 0.768750 0.761792 0.770312 0.764151 0.770312 0.768868 0.765625 0.775943 0.762500 0.775943 0.760938 0.778302 0.757812 0.778302 0.756250 0.780660 0.746875 0.780660 0.746875 0.870283 0.765625 0.870283 0.765625 0.863208 0.768750 0.858491 0.775000 0.858491 0.776563 0.856132 0.778125 0.858491 0.779688 0.858491 0.782812 0.863208 0.782812 0.870283 0.782812 0.860849 0.784375 0.858491 0.784375 0.839623 0.785937 0.837264 0.785937 0.823113 0.784375 0.820755 0.784375 0.787736 0.785937 0.785377 0.785937 0.780660 0.787500 0.778302 0.787500 0.773585 0.789062 0.771226 0.789062 0.761792 0.790625 0.759434 0.790625 0.757075 0.789062 0.754717 0.789062 0.752358 0.785937 0.747642 0.785937 0.738208 0.787500 0.735849 0.787500 0.728774 0.789062 0.726415 0.789062 0.716981 0.787500 0.714623 0.787500 0.712264 0.785937 0.709906 0.785937 0.702830 0.784375 0.700472 0.784375 0.698113 0.779688 0.691038 0.779688 0.688679 0.778125 0.686321 0.778125 0.681604 0.776563 0.679245
25 0.803125 0.655660 0.803125 0.700472 0.809375 0.700472 0.810938 0.702830 0.810938 0.709906 0.817187 0.709906 0.817187 0.700472 0.818750 0.698113 0.820312 0.698113 0.821875 0.695755 0.825000 0.695755 0.826563 0.693396 0.829687 0.693396 0.831250 0.695755 0.839063 0.695755 0.839063 0.672170 0.834375 0.672170 0.832812 0.669811 0.831250 0.669811 0.826563 0.662736 0.826563 0.655660
0 0.601562 0.665094 0.601562 0.676887 0.600000 0.679245 0.600000 0.681604 0.595312 0.688679 0.593750 0.688679 0.592188 0.691038 0.592188 0.693396 0.590625 0.695755 0.590625 0.698113 0.589063 0.700472 0.589063 0.707547 0.587500 0.709906 0.587500 0.714623 0.585938 0.716981 0.585938 0.721698 0.582812 0.726415 0.578125 0.726415 0.578125 0.792453 0.582812 0.792453 0.590625 0.804245 0.590625 0.806604 0.592188 0.808962 0.592188 0.813679 0.593750 0.816038 0.593750 0.832547 0.595312 0.834906 0.595312 0.837264 0.596875 0.837264 0.601562 0.844340 0.601562 0.851415 0.620313 0.851415 0.620313 0.832547 0.615625 0.832547 0.612500 0.827830 0.612500 0.825472 0.610937 0.823113 0.610937 0.820755 0.609375 0.818396 0.609375 0.808962 0.607813 0.806604 0.607813 0.735849 0.609375 0.733491 0.609375 0.698113 0.614062 0.691038 0.620313 0.691038 0.620313 0.665094
0 0.296875 0.665094 0.296875 0.679245 0.295312 0.681604 0.295312 0.700472 0.293750 0.702830 0.293750 0.709906 0.292188 0.712264 0.292188 0.716981 0.289062 0.721698 0.289062 0.724057 0.287500 0.726415 0.287500 0.731132 0.285937 0.733491 0.285937 0.738208 0.284375 0.740566 0.284375 0.745283 0.282813 0.747642 0.282813 0.754717 0.281250 0.757075 0.281250 0.813679 0.282813 0.816038 0.282813 0.820755 0.284375 0.823113 0.284375 0.839623 0.285937 0.841981 0.285937 0.844340 0.284375 0.846698 0.284375 0.853774 0.281250 0.858491 0.279687 0.858491 0.278125 0.860849 0.271875 0.860849 0.271875 0.936321 0.289062 0.936321 0.289062 0.929245 0.290625 0.926887 0.290625 0.924528 0.292188 0.922170 0.292188 0.919811 0.293750 0.917453 0.293750 0.915094 0.296875 0.910377 0.300000 0.910377 0.303125 0.905660 0.303125 0.903302 0.304688 0.900943 0.304688 0.893868 0.306250 0.891509 0.306250 0.889151 0.307813 0.886792 0.307813 0.884434 0.309375 0.882075 0.309375 0.879717 0.315625 0.870283 0.315625 0.860849 0.317187 0.858491 0.317187 0.849057 0.315625 0.846698 0.315625 0.830189 0.314063 0.827830 0.314063 0.823113 0.312500 0.820755 0.312500 0.816038 0.310937 0.813679 0.310937 0.804245 0.309375 0.801887 0.309375 0.790094 0.307813 0.787736 0.307813 0.785377 0.309375 0.783019 0.309375 0.775943 0.310937 0.773585 0.310937 0.771226 0.315625 0.764151 0.315625 0.761792 0.317187 0.759434 0.317187 0.757075 0.321875 0.750000 0.321875 0.747642 0.323438 0.745283 0.323438 0.742925 0.325000 0.740566 0.326562 0.740566 0.328125 0.738208 0.332812 0.738208 0.332812 0.716981 0.326562 0.716981 0.318750 0.705189 0.318750 0.700472 0.317187 0.698113 0.317187 0.691038 0.315625 0.688679 0.315625 0.679245 0.314063 0.676887 0.314063 0.665094
74 0.467187 0.561321 0.467187 0.568396 0.464063 0.573113 0.459375 0.573113 0.459375 0.608491 0.464063 0.608491 0.470313 0.617925 0.470313 0.625000 0.487500 0.625000 0.487500 0.617925 0.490625 0.613208 0.495313 0.613208 0.495313 0.575472 0.490625 0.575472 0.487500 0.570755 0.487500 0.561321
0 0.815625 0.655660 0.815625 0.728774 0.820312 0.728774 0.823438 0.733491 0.823438 0.747642 0.825000 0.750000 0.825000 0.761792 0.826563 0.764151 0.826563 0.775943 0.839063 0.775943 0.839063 0.672170 0.832812 0.672170 0.826563 0.662736 0.826563 0.655660
0 0.812500 0.655660 0.812500 0.662736 0.809375 0.667453 0.803125 0.667453 0.803125 0.712264 0.809375 0.712264 0.812500 0.716981 0.812500 0.719340 0.814062 0.719340 0.815625 0.721698 0.817187 0.721698 0.818750 0.724057 0.820312 0.724057 0.821875 0.726415 0.821875 0.728774 0.823438 0.731132 0.823438 0.742925 0.825000 0.745283 0.825000 0.759434 0.826563 0.761792 0.826563 0.766509 0.828125 0.768868 0.828125 0.775943 0.834375 0.775943 0.834375 0.766509 0.835938 0.764151 0.835938 0.702830 0.837500 0.700472 0.837500 0.695755 0.839063 0.693396 0.839063 0.683962 0.837500 0.681604 0.837500 0.679245 0.835938 0.676887 0.835938 0.674528 0.832812 0.669811 0.831250 0.669811 0.826563 0.662736 0.826563 0.655660
0 0.840625 0.646226 0.840625 0.724057 0.845312 0.724057 0.848437 0.728774 0.848437 0.747642 0.862500 0.747642 0.862500 0.719340 0.865625 0.714623 0.870313 0.714623 0.870313 0.646226
0 0.815625 0.693396 0.815625 0.726415 0.820312 0.726415 0.821875 0.728774 0.821875 0.731132 0.823438 0.733491 0.823438 0.747642 0.825000 0.750000 0.825000 0.761792 0.826563 0.764151 0.826563 0.775943 0.839063 0.775943 0.839063 0.693396
