5 0.000000 0.167447 0.000000 0.811475 0.045313 0.811475 0.045313 0.804450 0.046875 0.802108 0.048437 0.802108 0.050000 0.799766 0.053125 0.799766 0.054688 0.797424 0.057813 0.797424 0.059375 0.795082 0.060938 0.795082 0.062500 0.792740 0.064062 0.792740 0.065625 0.790398 0.075000 0.790398 0.076563 0.788056 0.107813 0.788056 0.109375 0.785714 0.148438 0.785714 0.150000 0.783372 0.159375 0.783372 0.160938 0.781030 0.175000 0.781030 0.176563 0.778689 0.184375 0.778689 0.185937 0.776347 0.187500 0.776347 0.190625 0.771663 0.190625 0.769321 0.193750 0.764637 0.193750 0.762295 0.198437 0.755269 0.198437 0.752927 0.200000 0.750585 0.200000 0.748244 0.201562 0.745902 0.201562 0.717799 0.200000 0.715457 0.200000 0.708431 0.198437 0.706089 0.198437 0.701405 0.196875 0.699063 0.196875 0.677986 0.195312 0.675644 0.195312 0.673302 0.190625 0.666276 0.189063 0.666276 0.189063 0.668618 0.184375 0.675644 0.181250 0.670960 0.181250 0.666276 0.179688 0.663934 0.179688 0.652225 0.178125 0.649883 0.178125 0.603045 0.181250 0.598361 0.181250 0.596019 0.184375 0.591335 0.187500 0.591335 0.189063 0.588993 0.192188 0.588993 0.193750 0.591335 0.196875 0.591335 0.203125 0.600703 0.204688 0.600703 0.206250 0.603045 0.207813 0.603045 0.207813 0.596019 0.209375 0.593677 0.209375 0.588993 0.210938 0.586651 0.210938 0.584309 0.212500 0.581967 0.212500 0.579625 0.214062 0.577283 0.214062 0.574941 0.225000 0.558548 0.225000 0.556206 0.226562 0.553864 0.226562 0.542155 0.228125 0.539813 0.228125 0.537471 0.229687 0.535129 0.229687 0.532787 0.232812 0.528103 0.234375 0.528103 0.235938 0.525761 0.242188 0.525761 0.243750 0.528103 0.246875 0.528103 0.248437 0.530445 0.250000 0.530445 0.254687 0.537471 0.254687 0.539813 0.256250 0.542155 0.256250 0.544496 0.257812 0.546838 0.257812 0.549180 0.259375 0.549180 0.260938 0.551522 0.262500 0.551522 0.264062 0.553864 0.265625 0.553864 0.267188 0.556206 0.273438 0.556206 0.275000 0.553864 0.287500 0.553864 0.289062 0.556206 0.292188 0.556206 0.293750 0.553864 0.301562 0.553864 0.303125 0.556206 0.306250 0.556206 0.307813 0.558548 0.309375 0.558548 0.315625 0.567916 0.315625 0.570258 0.317187 0.572600 0.317187 0.577283 0.321875 0.584309 0.325000 0.584309 0.326562 0.586651 0.337500 0.586651 0.339063 0.584309 0.340625 0.584309 0.342187 0.581967 0.343750 0.581967 0.345313 0.579625 0.351562 0.579625 0.351562 0.462529 0.346875 0.462529 0.345313 0.460187 0.345313 0.439110 0.343750 0.436768 0.343750 0.406323 0.342187 0.403981 0.342187 0.385246 0.340625 0.382904 0.340625 0.375878 0.339063 0.373536 0.339063 0.368852 0.337500 0.366511 0.337500 0.361827 0.335938 0.359485 0.335938 0.322014 0.334375 0.319672 0.334375 0.303279 0.332812 0.300937 0.332812 0.296253 0.331250 0.293911 0.331250 0.291569 0.329688 0.289227 0.329688 0.286885 0.328125 0.284543 0.328125 0.282201 0.326562 0.279859 0.326562 0.277518 0.325000 0.275176 0.323438 0.275176 0.320312 0.270492 0.314063 0.270492 0.312500 0.268150 0.303125 0.268150 0.301562 0.265808 0.293750 0.265808 0.292188 0.263466 0.285937 0.263466 0.284375 0.261124 0.281250 0.261124 0.279687 0.258782 0.275000 0.258782 0.273438 0.256440 0.270312 0.256440 0.268750 0.254098 0.265625 0.254098 0.264062 0.251756 0.262500 0.251756 0.260938 0.249415 0.259375 0.249415 0.257812 0.247073 0.254687 0.247073 0.253125 0.244731 0.248437 0.244731 0.246875 0.242389 0.245312 0.242389 0.243750 0.240047 0.242188 0.240047 0.240625 0.237705 0.237500 0.237705 0.235938 0.235363 0.232812 0.235363 0.231250 0.233021 0.229687 0.233021 0.228125 0.230679 0.226562 0.230679 0.225000 0.228337 0.223438 0.228337 0.221875 0.225995 0.220313 0.225995 0.218750 0.223653 0.217187 0.223653 0.215625 0.221311 0.214062 0.221311 0.212500 0.218970 0.207813 0.218970 0.204688 0.214286 0.201562 0.214286 0.200000 0.211944 0.195312 0.211944 0.192188 0.207260 0.190625 0.207260 0.189063 0.204918 0.187500 0.204918 0.185937 0.202576 0.184375 0.202576 0.182812 0.200234 0.181250 0.200234 0.176563 0.193208 0.175000 0.193208 0.173438 0.190867 0.171875 0.190867 0.160938 0.174473 0.160938 0.167447
5 0.334375 0.298595 0.334375 0.389930 0.339063 0.389930 0.340625 0.392272 0.340625 0.396955 0.342187 0.399297 0.342187 0.432084 0.343750 0.434426 0.343750 0.471897 0.345313 0.474239 0.345313 0.497658 0.346875 0.500000 0.346875 0.532787 0.345313 0.535129 0.345313 0.539813 0.343750 0.542155 0.343750 0.544496 0.340625 0.549180 0.334375 0.549180 0.334375 0.588993 0.339063 0.588993 0.339063 0.586651 0.346875 0.574941 0.346875 0.570258 0.348437 0.567916 0.348437 0.565574 0.351562 0.560890 0.353125 0.560890 0.353125 0.558548 0.359375 0.549180 0.360938 0.551522 0.367188 0.551522 0.368750 0.549180 0.370313 0.549180 0.371875 0.546838 0.375000 0.546838 0.376563 0.544496 0.387500 0.544496 0.392188 0.551522 0.392188 0.553864 0.393750 0.556206 0.393750 0.563232 0.395312 0.565574 0.395312 0.570258 0.393750 0.572600 0.393750 0.579625 0.395312 0.581967 0.395312 0.588993 0.396875 0.591335 0.396875 0.593677 0.398438 0.596019 0.398438 0.598361 0.400000 0.600703 0.400000 0.603045 0.401563 0.605386 0.401563 0.607728 0.403125 0.607728 0.404687 0.610070 0.406250 0.610070 0.407813 0.612412 0.409375 0.612412 0.412500 0.617096 0.412500 0.633489 0.410937 0.635831 0.412500 0.638173 0.412500 0.647541 0.410937 0.649883 0.410937 0.652225 0.412500 0.654567 0.412500 0.659251 0.414062 0.661592 0.414062 0.675644 0.415625 0.677986 0.415625 0.680328 0.417188 0.682670 0.417188 0.692037 0.418750 0.694379 0.418750 0.696721 0.421875 0.701405 0.423438 0.701405 0.425000 0.703747 0.429688 0.703747 0.431250 0.701405 0.434375 0.701405 0.435937 0.699063 0.439063 0.699063 0.440625 0.696721 0.460938 0.696721 0.462500 0.699063 0.470313 0.699063 0.464063 0.699063 0.462500 0.696721 0.462500 0.685012 0.464063 0.682670 0.464063 0.677986 0.465625 0.675644 0.470313 0.675644 0.470313 0.420375 0.465625 0.420375 0.464063 0.418033 0.464063 0.415691 0.462500 0.413349 0.462500 0.403981 0.460938 0.401639 0.460938 0.392272 0.459375 0.389930 0.459375 0.380562 0.457812 0.378220 0.457812 0.373536 0.456250 0.371194 0.456250 0.368852 0.453125 0.364169 0.453125 0.361827 0.450000 0.357143 0.450000 0.354801 0.445312 0.347775 0.443750 0.347775 0.440625 0.343091 0.439063 0.343091 0.437500 0.340749 0.435937 0.340749 0.431250 0.333724 0.429688 0.333724 0.428125 0.331382 0.426562 0.331382 0.425000 0.329040 0.423438 0.329040 0.421875 0.326698 0.418750 0.326698 0.417188 0.324356 0.415625 0.324356 0.414062 0.322014 0.410937 0.322014 0.409375 0.319672 0.406250 0.319672 0.403125 0.314988 0.401563 0.314988 0.400000 0.312646 0.398438 0.312646 0.396875 0.310304 0.395312 0.310304 0.392188 0.305621 0.392188 0.298595
0 0.937500 0.523419 0.937500 0.530445 0.934375 0.535129 0.934375 0.537471 0.928125 0.546838 0.928125 0.549180 0.926562 0.551522 0.926562 0.567916 0.928125 0.570258 0.928125 0.588993 0.926562 0.591335 0.926562 0.593677 0.915625 0.610070 0.914062 0.610070 0.912500 0.612412 0.909375 0.612412 0.907812 0.614754 0.903125 0.614754 0.895312 0.626464 0.895312 0.628806 0.893750 0.631148 0.893750 0.633489 0.892187 0.635831 0.892187 0.640515 0.889063 0.645199 0.884375 0.645199 0.884375 0.720141 0.889063 0.720141 0.890625 0.722482 0.890625 0.724824 0.892187 0.727166 0.892187 0.729508 0.893750 0.731850 0.893750 0.736534 0.895312 0.738876 0.895312 0.743560 0.896875 0.745902 0.896875 0.752927 0.898438 0.755269 0.898438 0.762295 0.900000 0.764637 0.900000 0.774005 0.901563 0.776347 0.901563 0.790398 0.903125 0.792740 0.903125 0.799766 0.904688 0.802108 0.904688 0.806792 0.906250 0.809133 0.906250 0.816159 0.907812 0.818501 0.907812 0.830211 0.909375 0.832553 0.909375 0.841920 0.910937 0.844262 0.910937 0.855972 0.912500 0.858314 0.912500 0.874707 0.914062 0.877049 0.914062 0.891101 0.915625 0.893443 0.915625 0.907494 0.917188 0.909836 0.917188 0.954333 0.918750 0.956674 0.918750 0.970726 0.920313 0.973068 0.920313 0.980094 0.921875 0.982436 0.921875 0.987119 0.923437 0.989461 0.923437 0.998829 0.940625 0.998829 0.940625 0.989461 0.942187 0.987119 0.942187 0.982436 0.943750 0.980094 0.943750 0.975410 0.945312 0.973068 0.945312 0.970726 0.946875 0.968384 0.946875 0.966042 0.957812 0.949649 0.957812 0.947307 0.960938 0.942623 0.960938 0.940281 0.967188 0.930913 0.967188 0.928571 0.973437 0.919204 0.973437 0.916862 0.978125 0.909836 0.978125 0.907494 0.979688 0.905152 0.979688 0.900468 0.981250 0.898126 0.981250 0.888759 0.982813 0.886417 0.982813 0.877049 0.984375 0.874707 0.984375 0.860656 0.985937 0.858314 0.985937 0.839578 0.987500 0.837237 0.987500 0.825527 0.989062 0.823185 0.989062 0.806792 0.990625 0.804450 0.990625 0.774005 0.992188 0.771663 0.992188 0.769321 0.993750 0.766979 0.993750 0.764637 0.995313 0.762295 0.995313 0.759953 0.996875 0.757611 0.998438 0.757611 0.998438 0.745902 0.996875 0.745902 0.995313 0.743560 0.995313 0.738876 0.993750 0.736534 0.993750 0.729508 0.992188 0.727166 0.992188 0.720141 0.990625 0.717799 0.990625 0.713115 0.989062 0.710773 0.989062 0.701405 0.990625 0.699063 0.990625 0.687354 0.992188 0.685012 0.992188 0.675644 0.990625 0.673302 0.990625 0.654567 0.992188 0.652225 0.992188 0.633489 0.989062 0.628806 0.989062 0.626464 0.982813 0.617096 0.981250 0.617096 0.979688 0.614754 0.978125 0.614754 0.976562 0.612412 0.975000 0.612412 0.973437 0.610070 0.970312 0.610070 0.968750 0.607728 0.967188 0.607728 0.965625 0.605386 0.965625 0.603045 0.964063 0.600703 0.964063 0.591335 0.965625 0.588993 0.965625 0.584309 0.967188 0.581967 0.967188 0.558548 0.965625 0.556206 0.965625 0.549180 0.964063 0.546838 0.964063 0.542155 0.960938 0.537471 0.960938 0.535129 0.959375 0.532787 0.959375 0.523419
0 0.229687 0.523419 0.229687 0.535129 0.228125 0.537471 0.228125 0.546838 0.226562 0.549180 0.226562 0.563232 0.225000 0.565574 0.225000 0.567916 0.220313 0.574941 0.220313 0.577283 0.215625 0.584309 0.215625 0.586651 0.214062 0.588993 0.214062 0.598361 0.212500 0.600703 0.212500 0.607728 0.210938 0.610070 0.210938 0.614754 0.209375 0.617096 0.209375 0.619438 0.207813 0.621780 0.207813 0.624122 0.206250 0.626464 0.206250 0.631148 0.204688 0.633489 0.204688 0.635831 0.203125 0.638173 0.196875 0.638173 0.196875 0.661592 0.206250 0.661592 0.206250 0.642857 0.207813 0.640515 0.209375 0.640515 0.210938 0.642857 0.210938 0.654567 0.209375 0.656909 0.209375 0.663934 0.210938 0.666276 0.210938 0.675644 0.212500 0.677986 0.212500 0.689696 0.210938 0.692037 0.210938 0.699063 0.209375 0.701405 0.209375 0.706089 0.207813 0.708431 0.207813 0.755269 0.209375 0.757611 0.209375 0.771663 0.210938 0.774005 0.210938 0.802108 0.209375 0.804450 0.209375 0.806792 0.207813 0.809133 0.207813 0.813817 0.206250 0.816159 0.206250 0.825527 0.207813 0.827869 0.207813 0.830211 0.209375 0.832553 0.209375 0.839578 0.214062 0.839578 0.214062 0.832553 0.217187 0.827869 0.218750 0.827869 0.220313 0.825527 0.221875 0.825527 0.225000 0.820843 0.225000 0.818501 0.234375 0.804450 0.234375 0.802108 0.235938 0.799766 0.235938 0.795082 0.239063 0.790398 0.243750 0.797424 0.243750 0.799766 0.246875 0.804450 0.246875 0.806792 0.248437 0.809133 0.248437 0.825527 0.250000 0.827869 0.250000 0.839578 0.259375 0.839578 0.259375 0.830211 0.260938 0.827869 0.260938 0.823185 0.262500 0.820843 0.262500 0.802108 0.260938 0.799766 0.260938 0.757611 0.259375 0.755269 0.259375 0.731850 0.257812 0.729508 0.257812 0.708431 0.259375 0.706089 0.259375 0.677986 0.260938 0.675644 0.260938 0.661592 0.262500 0.659251 0.262500 0.628806 0.264062 0.626464 0.264062 0.621780 0.265625 0.619438 0.270312 0.619438 0.270312 0.593677 0.265625 0.593677 0.264062 0.591335 0.264062 0.588993 0.262500 0.586651 0.262500 0.584309 0.260938 0.581967 0.260938 0.579625 0.254687 0.570258 0.254687 0.567916 0.251563 0.563232 0.251563 0.523419
5 0.584375 0.439110 0.584375 0.446136 0.579687 0.453162 0.578125 0.453162 0.571875 0.462529 0.565625 0.462529 0.565625 0.537471 0.570312 0.537471 0.571875 0.539813 0.573438 0.539813 0.575000 0.542155 0.576563 0.542155 0.582812 0.551522 0.582812 0.558548 0.584375 0.560890 0.584375 0.563232 0.585938 0.565574 0.585938 0.567916 0.589063 0.572600 0.589063 0.577283 0.590625 0.579625 0.590625 0.581967 0.592188 0.584309 0.592188 0.586651 0.593750 0.588993 0.593750 0.593677 0.595312 0.596019 0.595312 0.617096 0.593750 0.619438 0.593750 0.624122 0.592188 0.626464 0.592188 0.638173 0.590625 0.640515 0.590625 0.654567 0.593750 0.659251 0.593750 0.661592 0.595312 0.663934 0.595312 0.670960 0.601562 0.670960 0.601562 0.663934 0.603125 0.661592 0.604688 0.661592 0.606250 0.659251 0.609375 0.659251 0.610937 0.656909 0.614062 0.656909 0.615625 0.654567 0.617188 0.654567 0.618750 0.652225 0.618750 0.619438 0.617188 0.617096 0.617188 0.603045 0.618750 0.600703 0.618750 0.596019 0.620313 0.593677 0.620313 0.584309 0.621875 0.581967 0.621875 0.565574 0.623438 0.563232 0.623438 0.558548 0.625000 0.556206 0.625000 0.551522 0.626562 0.549180 0.626562 0.546838 0.631250 0.539813 0.635938 0.539813 0.640625 0.546838 0.640625 0.560890 0.642187 0.563232 0.642187 0.581967 0.643750 0.584309 0.643750 0.591335 0.645312 0.593677 0.645312 0.600703 0.646875 0.603045 0.646875 0.633489 0.648438 0.635831 0.648438 0.638173 0.651563 0.642857 0.653125 0.642857 0.654688 0.645199 0.656250 0.645199 0.657812 0.647541 0.660937 0.647541 0.662500 0.649883 0.665625 0.649883 0.665625 0.647541 0.670313 0.640515 0.670313 0.612412 0.671875 0.610070 0.671875 0.577283 0.673437 0.574941 0.673437 0.570258 0.675000 0.567916 0.675000 0.565574 0.685938 0.549180 0.687500 0.549180 0.690625 0.544496 0.695312 0.544496 0.695312 0.474239 0.689062 0.474239 0.685938 0.469555 0.685938 0.467213 0.679688 0.457845 0.678125 0.457845 0.676562 0.455504 0.675000 0.455504 0.673437 0.453162 0.671875 0.453162 0.670313 0.450820 0.668750 0.450820 0.665625 0.446136 0.665625 0.439110
0 0.882812 0.694379 0.881250 0.696721 0.879687 0.696721 0.878125 0.699063 0.876562 0.699063 0.876562 0.701405 0.871875 0.708431 0.870313 0.708431 0.868750 0.710773 0.867188 0.710773 0.865625 0.713115 0.848437 0.713115 0.846875 0.710773 0.843750 0.710773 0.842188 0.708431 0.840625 0.708431 0.839063 0.706089 0.837500 0.708431 0.837500 0.745902 0.839063 0.748244 0.839063 0.755269 0.840625 0.757611 0.840625 0.762295 0.842188 0.764637 0.842188 0.781030 0.843750 0.783372 0.843750 0.785714 0.853125 0.799766 0.853125 0.802108 0.854688 0.804450 0.854688 0.813817 0.856250 0.816159 0.856250 0.818501 0.857813 0.820843 0.857813 0.823185 0.859375 0.825527 0.859375 0.827869 0.860937 0.830211 0.860937 0.844262 0.854688 0.853630 0.853125 0.853630 0.853125 0.855972 0.851562 0.858314 0.851562 0.867682 0.901563 0.867682 0.901563 0.846604 0.895312 0.846604 0.893750 0.844262 0.893750 0.839578 0.892187 0.837237 0.892187 0.827869 0.893750 0.825527 0.893750 0.743560 0.892187 0.741218 0.892187 0.736534 0.890625 0.734192 0.890625 0.727166 0.889063 0.724824 0.889063 0.717799 0.887500 0.715457 0.887500 0.703747 0.885938 0.701405 0.885938 0.699063 0.884375 0.696721 0.884375 0.694379 0.882812 0.694379 0.882812 0.652225 0.884375 0.652225 0.885938 0.649883 0.885938 0.647541 0.887500 0.645199 0.887500 0.638173 0.889063 0.635831 0.889063 0.628806 0.890625 0.626464 0.890625 0.617096 0.889063 0.614754 0.889063 0.610070 0.887500 0.607728 0.887500 0.603045 0.885938 0.600703 0.885938 0.598361 0.884375 0.596019 0.884375 0.591335 0.882812 0.588993 0.882812 0.586651 0.881250 0.584309 0.881250 0.581967 0.879687 0.579625 0.879687 0.577283 0.878125 0.574941 0.878125 0.572600 0.876562 0.570258 0.876562 0.565574 0.875000 0.563232 0.875000 0.553864 0.873438 0.551522 0.873438 0.542155 0.871875 0.539813 0.871875 0.532787 0.854688 0.532787 0.854688 0.539813 0.850000 0.546838 0.850000 0.549180 0.848437 0.551522 0.848437 0.553864 0.846875 0.556206 0.846875 0.558548 0.842188 0.565574 0.839063 0.565574 0.837500 0.567916 0.834375 0.567916 0.832812 0.570258 0.831250 0.570258 0.826563 0.577283 0.821875 0.577283 0.821875 0.659251 0.826563 0.659251 0.829687 0.654567 0.829687 0.649883 0.831250 0.647541 0.831250 0.645199 0.834375 0.640515 0.834375 0.638173 0.840625 0.628806 0.840625 0.626464 0.842188 0.624122 0.842188 0.621780 0.843750 0.619438 0.843750 0.614754 0.845312 0.612412 0.845312 0.610070 0.848437 0.605386 0.848437 0.603045 0.853125 0.596019 0.859375 0.596019 0.862500 0.600703 0.864062 0.600703 0.865625 0.603045 0.865625 0.605386 0.867188 0.607728 0.867188 0.617096 0.868750 0.619438 0.868750 0.624122 0.871875 0.628806 0.871875 0.631148 0.873438 0.633489 0.873438 0.635831 0.875000 0.638173 0.875000 0.640515 0.882812 0.652225
5 0.465625 0.467213 0.465625 0.579625 0.479688 0.579625 0.481250 0.577283 0.484375 0.577283 0.487500 0.572600 0.489062 0.572600 0.490625 0.570258 0.490625 0.567916 0.492188 0.565574 0.492188 0.558548 0.493750 0.556206 0.493750 0.551522 0.495313 0.549180 0.500000 0.549180 0.501562 0.551522 0.503125 0.551522 0.504687 0.553864 0.504687 0.556206 0.506250 0.558548 0.506250 0.560890 0.507812 0.563232 0.507812 0.565574 0.509375 0.567916 0.509375 0.570258 0.514063 0.577283 0.514063 0.579625 0.515625 0.581967 0.515625 0.586651 0.517187 0.588993 0.517187 0.596019 0.518750 0.598361 0.518750 0.610070 0.520312 0.612412 0.520312 0.614754 0.518750 0.617096 0.518750 0.626464 0.517187 0.628806 0.517187 0.638173 0.514063 0.642857 0.509375 0.642857 0.509375 0.649883 0.501562 0.661592 0.501562 0.663934 0.504687 0.668618 0.504687 0.670960 0.506250 0.670960 0.509375 0.675644 0.514063 0.675644 0.515625 0.673302 0.515625 0.668618 0.521875 0.659251 0.523438 0.659251 0.525000 0.656909 0.534375 0.656909 0.534375 0.654567 0.535937 0.652225 0.535937 0.647541 0.537500 0.645199 0.537500 0.633489 0.539062 0.631148 0.539062 0.621780 0.537500 0.619438 0.537500 0.603045 0.539062 0.600703 0.539062 0.588993 0.540625 0.586651 0.539062 0.584309 0.539062 0.577283 0.540625 0.574941 0.540625 0.565574 0.542188 0.563232 0.542188 0.560890 0.543750 0.558548 0.543750 0.556206 0.545313 0.553864 0.545313 0.551522 0.546875 0.549180 0.546875 0.523419 0.542188 0.516393 0.542188 0.514051 0.539062 0.509368 0.537500 0.509368 0.523438 0.488290 0.521875 0.488290 0.520312 0.485948 0.520312 0.483607 0.523438 0.478923 0.526563 0.478923 0.529688 0.474239 0.529688 0.467213
0 0.809375 0.560890 0.809375 0.567916 0.806250 0.572600 0.806250 0.574941 0.801562 0.581967 0.801562 0.584309 0.800000 0.586651 0.800000 0.588993 0.796875 0.593677 0.796875 0.596019 0.790625 0.605386 0.790625 0.607728 0.789062 0.610070 0.789062 0.612412 0.787500 0.614754 0.787500 0.617096 0.785937 0.619438 0.785937 0.621780 0.784375 0.624122 0.784375 0.628806 0.782812 0.631148 0.782812 0.656909 0.781250 0.659251 0.781250 0.663934 0.779688 0.666276 0.778125 0.666276 0.776563 0.668618 0.771875 0.668618 0.771875 0.692037 0.781250 0.692037 0.782812 0.689696 0.789062 0.689696 0.792188 0.694379 0.792188 0.703747 0.793750 0.706089 0.793750 0.722482 0.795313 0.724824 0.795313 0.748244 0.796875 0.750585 0.796875 0.762295 0.798437 0.764637 0.798437 0.792740 0.796875 0.795082 0.796875 0.802108 0.828125 0.802108 0.828125 0.783372 0.826563 0.781030 0.826563 0.778689 0.825000 0.776347 0.825000 0.769321 0.823438 0.766979 0.823438 0.764637 0.825000 0.762295 0.825000 0.748244 0.826563 0.745902 0.826563 0.736534 0.828125 0.734192 0.828125 0.729508 0.829687 0.727166 0.829687 0.722482 0.831250 0.720141 0.831250 0.706089 0.829687 0.703747 0.829687 0.699063 0.828125 0.696721 0.828125 0.692037 0.826563 0.689696 0.826563 0.680328 0.825000 0.677986 0.825000 0.670960 0.823438 0.668618 0.823438 0.663934 0.821875 0.661592 0.821875 0.656909 0.820312 0.654567 0.820312 0.645199 0.818750 0.642857 0.818750 0.598361 0.820312 0.596019 0.820312 0.593677 0.821875 0.591335 0.821875 0.588993 0.823438 0.586651 0.823438 0.579625 0.825000 0.577283 0.825000 0.560890
0 0.567187 0.542155 0.567187 0.560890 0.565625 0.563232 0.565625 0.570258 0.564062 0.572600 0.564062 0.577283 0.562500 0.579625 0.562500 0.584309 0.560938 0.586651 0.560938 0.607728 0.557813 0.612412 0.553125 0.612412 0.553125 0.652225 0.557813 0.652225 0.559375 0.654567 0.559375 0.659251 0.560938 0.661592 0.560938 0.689696 0.562500 0.692037 0.562500 0.708431 0.579687 0.708431 0.579687 0.694379 0.581250 0.692037 0.581250 0.689696 0.579687 0.687354 0.579687 0.673302 0.581250 0.670960 0.581250 0.663934 0.582812 0.661592 0.582812 0.656909 0.584375 0.654567 0.584375 0.647541 0.585938 0.645199 0.585938 0.638173 0.587500 0.635831 0.587500 0.626464 0.590625 0.621780 0.595312 0.621780 0.595312 0.586651 0.590625 0.586651 0.587500 0.581967 0.587500 0.579625 0.584375 0.574941 0.584375 0.572600 0.582812 0.570258 0.582812 0.567916 0.581250 0.565574 0.581250 0.560890 0.579687 0.558548 0.579687 0.542155
0 0.290625 0.551522 0.290625 0.638173 0.295312 0.638173 0.296875 0.640515 0.296875 0.675644 0.298438 0.677986 0.298438 0.706089 0.300000 0.708431 0.300000 0.717799 0.301562 0.720141 0.301562 0.734192 0.303125 0.736534 0.303125 0.755269 0.304688 0.757611 0.304688 0.769321 0.306250 0.771663 0.306250 0.783372 0.307813 0.785714 0.307813 0.790398 0.309375 0.792740 0.309375 0.797424 0.310937 0.799766 0.310937 0.816159 0.309375 0.818501 0.309375 0.820843 0.307813 0.823185 0.307813 0.827869 0.306250 0.830211 0.306250 0.837237 0.307813 0.839578 0.307813 0.848946 0.331250 0.848946 0.331250 0.839578 0.332812 0.837237 0.332812 0.834895 0.334375 0.832553 0.335938 0.834895 0.340625 0.834895 0.348437 0.823185 0.350000 0.823185 0.351562 0.820843 0.353125 0.820843 0.354688 0.818501 0.356250 0.818501 0.357812 0.816159 0.364062 0.816159 0.364062 0.809133 0.357812 0.809133 0.356250 0.806792 0.356250 0.804450 0.351562 0.797424 0.350000 0.797424 0.348437 0.795082 0.348437 0.792740 0.345313 0.788056 0.343750 0.788056 0.342187 0.785714 0.342187 0.783372 0.339063 0.778689 0.339063 0.776347 0.335938 0.771663 0.335938 0.769321 0.334375 0.766979 0.334375 0.757611 0.332812 0.755269 0.332812 0.731850 0.334375 0.729508 0.334375 0.713115 0.335938 0.710773 0.335938 0.701405 0.337500 0.699063 0.337500 0.696721 0.339063 0.694379 0.339063 0.687354 0.340625 0.685012 0.340625 0.668618 0.339063 0.666276 0.339063 0.659251 0.337500 0.656909 0.337500 0.645199 0.335938 0.642857 0.335938 0.626464 0.334375 0.624122 0.334375 0.610070 0.332812 0.607728 0.331250 0.607728 0.325000 0.598361 0.323438 0.598361 0.321875 0.596019 0.320312 0.596019 0.317187 0.591335 0.317187 0.588993 0.314063 0.584309 0.314063 0.581967 0.312500 0.579625 0.312500 0.574941 0.310937 0.572600 0.310937 0.570258 0.309375 0.567916 0.309375 0.565574 0.304688 0.558548 0.304688 0.551522
0 0.629687 0.523419 0.629687 0.532787 0.628125 0.535129 0.628125 0.539813 0.626562 0.542155 0.626562 0.544496 0.628125 0.546838 0.628125 0.549180 0.626562 0.551522 0.626562 0.553864 0.625000 0.556206 0.625000 0.560890 0.623438 0.563232 0.623438 0.570258 0.621875 0.572600 0.621875 0.574941 0.620313 0.577283 0.615625 0.577283 0.615625 0.617096 0.620313 0.617096 0.621875 0.619438 0.621875 0.621780 0.623438 0.624122 0.623438 0.682670 0.625000 0.685012 0.625000 0.687354 0.626562 0.689696 0.629687 0.689696 0.631250 0.687354 0.635938 0.687354 0.639063 0.692037 0.639063 0.699063 0.639063 0.692037 0.640625 0.689696 0.640625 0.682670 0.639063 0.680328 0.639063 0.677986 0.637500 0.675644 0.637500 0.673302 0.635938 0.670960 0.635938 0.661592 0.637500 0.659251 0.637500 0.652225 0.639063 0.649883 0.639063 0.647541 0.640625 0.645199 0.640625 0.640515 0.642187 0.638173 0.642187 0.612412 0.643750 0.610070 0.643750 0.605386 0.642187 0.603045 0.642187 0.596019 0.640625 0.593677 0.640625 0.581967 0.639063 0.579625 0.639063 0.556206 0.640625 0.553864 0.640625 0.537471 0.635938 0.530445 0.635938 0.523419
2 0.770312 0.551522 0.770312 0.560890 0.767187 0.565574 0.767187 0.567916 0.765625 0.570258 0.764063 0.570258 0.762500 0.572600 0.756250 0.572600 0.753125 0.567916 0.746875 0.567916 0.746875 0.617096 0.753125 0.617096 0.759375 0.626464 0.759375 0.633489 0.770312 0.633489 0.770312 0.626464 0.771875 0.624122 0.776563 0.624122 0.778125 0.621780 0.779688 0.621780 0.784375 0.614754 0.784375 0.610070 0.790625 0.600703 0.795313 0.600703 0.795313 0.551522
26 0.851562 0.579625 0.851562 0.600703 0.850000 0.603045 0.850000 0.605386 0.848437 0.607728 0.848437 0.610070 0.846875 0.612412 0.846875 0.617096 0.845312 0.619438 0.845312 0.624122 0.843750 0.626464 0.843750 0.628806 0.840625 0.633489 0.840625 0.635831 0.839063 0.638173 0.839063 0.640515 0.837500 0.642857 0.837500 0.645199 0.835938 0.647541 0.835938 0.649883 0.834375 0.652225 0.834375 0.654567 0.832812 0.656909 0.832812 0.659251 0.831250 0.661592 0.831250 0.666276 0.829687 0.668618 0.829687 0.670960 0.828125 0.673302 0.828125 0.675644 0.826563 0.677986 0.821875 0.677986 0.821875 0.689696 0.826563 0.689696 0.832812 0.699063 0.832812 0.708431 0.875000 0.708431 0.875000 0.701405 0.878125 0.696721 0.882812 0.696721 0.882812 0.649883 0.876562 0.649883 0.875000 0.647541 0.875000 0.645199 0.871875 0.640515 0.871875 0.638173 0.870313 0.635831 0.870313 0.633489 0.865625 0.626464 0.865625 0.619438 0.864062 0.617096 0.864062 0.605386 0.860937 0.600703 0.860937 0.598361 0.859375 0.596019 0.859375 0.593677 0.854688 0.586651 0.854688 0.579625
0 0.692187 0.542155 0.692187 0.549180 0.690625 0.551522 0.687500 0.551522 0.685938 0.553864 0.682813 0.553864 0.678125 0.560890 0.678125 0.563232 0.675000 0.567916 0.675000 0.570258 0.673437 0.572600 0.673437 0.574941 0.671875 0.577283 0.665625 0.577283 0.665625 0.591335 0.670313 0.591335 0.671875 0.593677 0.671875 0.596019 0.673437 0.598361 0.673437 0.619438 0.671875 0.621780 0.671875 0.626464 0.673437 0.628806 0.673437 0.661592 0.675000 0.663934 0.675000 0.682670 0.676562 0.685012 0.676562 0.699063 0.701563 0.699063 0.701563 0.677986 0.695312 0.677986 0.693750 0.675644 0.693750 0.673302 0.692187 0.670960 0.692187 0.661592 0.693750 0.659251 0.693750 0.649883 0.695312 0.647541 0.695312 0.645199 0.696875 0.642857 0.701563 0.642857 0.701563 0.610070 0.696875 0.610070 0.693750 0.605386 0.693750 0.600703 0.692187 0.598361 0.692187 0.586651 0.690625 0.584309 0.690625 0.581967 0.687500 0.577283 0.689062 0.574941 0.689062 0.570258 0.690625 0.567916 0.692187 0.570258 0.701563 0.570258 0.701563 0.542155
0 0.346875 0.542155 0.346875 0.661592 0.351562 0.661592 0.353125 0.663934 0.353125 0.666276 0.354688 0.668618 0.354688 0.692037 0.353125 0.694379 0.353125 0.699063 0.351562 0.701405 0.346875 0.701405 0.346875 0.710773 0.353125 0.710773 0.357812 0.717799 0.357812 0.720141 0.359375 0.722482 0.359375 0.727166 0.360938 0.729508 0.360938 0.731850 0.362500 0.734192 0.362500 0.745902 0.373437 0.745902 0.373437 0.738876 0.375000 0.736534 0.375000 0.734192 0.378125 0.729508 0.382812 0.736534 0.384375 0.736534 0.385938 0.734192 0.387500 0.734192 0.389062 0.731850 0.395312 0.731850 0.395312 0.727166 0.389062 0.727166 0.387500 0.724824 0.385938 0.724824 0.384375 0.722482 0.381250 0.722482 0.378125 0.727166 0.376563 0.724824 0.376563 0.722482 0.375000 0.720141 0.375000 0.635831 0.373437 0.633489 0.373437 0.628806 0.371875 0.626464 0.371875 0.619438 0.370313 0.617096 0.371875 0.614754 0.371875 0.610070 0.373437 0.607728 0.373437 0.605386 0.375000 0.603045 0.375000 0.600703 0.376563 0.598361 0.376563 0.596019 0.375000 0.593677 0.375000 0.591335 0.373437 0.588993 0.373437 0.584309 0.371875 0.581967 0.371875 0.577283 0.370313 0.574941 0.370313 0.572600 0.368750 0.570258 0.368750 0.565574 0.376563 0.553864 0.384375 0.553864 0.385938 0.556206 0.385938 0.558548 0.389062 0.563232 0.389062 0.565574 0.390625 0.567916 0.395312 0.567916 0.395312 0.542155 0.371875 0.542155 0.371875 0.551522 0.370313 0.553864 0.370313 0.560890 0.367188 0.565574 0.364062 0.565574 0.360938 0.560890 0.360938 0.542155
5 0.540625 0.537471 0.539062 0.539813 0.537500 0.539813 0.535937 0.542155 0.535937 0.544496 0.534375 0.546838 0.532812 0.546838 0.531250 0.544496 0.531250 0.542155 0.529688 0.539813 0.529688 0.535129 0.528125 0.532787 0.528125 0.530445 0.523438 0.530445 0.521875 0.528103 0.512500 0.528103 0.510938 0.530445 0.509375 0.530445 0.507812 0.532787 0.507812 0.537471 0.506250 0.539813 0.506250 0.544496 0.507812 0.546838 0.507812 0.558548 0.509375 0.560890 0.509375 0.563232 0.510938 0.565574 0.510938 0.567916 0.514063 0.572600 0.514063 0.574941 0.518750 0.581967 0.518750 0.591335 0.520312 0.593677 0.520312 0.605386 0.521875 0.607728 0.521875 0.635831 0.520312 0.638173 0.520312 0.652225 0.535937 0.652225 0.535937 0.633489 0.537500 0.631148 0.537500 0.624122 0.535937 0.621780 0.535937 0.596019 0.537500 0.593677 0.537500 0.581967 0.535937 0.579625 0.535937 0.577283 0.537500 0.574941 0.537500 0.567916 0.539062 0.565574 0.539062 0.563232 0.540625 0.560890 0.540625 0.558548 0.545313 0.551522 0.545313 0.539813 0.542188 0.539813 0.540625 0.537471 0.545313 0.523419 0.553125 0.523419 0.554688 0.525761 0.556250 0.525761 0.557813 0.528103 0.557813 0.530445 0.564062 0.539813 0.570312 0.539813 0.570312 0.467213 0.565625 0.467213 0.560938 0.460187 0.560938 0.457845 0.557813 0.453162 0.557813 0.450820 0.556250 0.448478 0.556250 0.443794 0.554688 0.441452 0.554688 0.434426 0.553125 0.432084 0.553125 0.420375 0.493750 0.420375 0.493750 0.427400 0.492188 0.429742 0.490625 0.429742 0.489062 0.432084 0.484375 0.432084 0.482812 0.434426 0.470313 0.434426 0.467187 0.429742 0.467187 0.420375 0.459375 0.420375 0.459375 0.542155 0.464063 0.542155 0.464063 0.535129 0.465625 0.532787 0.465625 0.518735 0.467187 0.516393 0.467187 0.511710 0.468750 0.509368 0.468750 0.507026 0.470313 0.504684 0.470313 0.500000 0.468750 0.497658 0.468750 0.485948 0.473437 0.478923 0.482812 0.478923 0.484375 0.481265 0.489062 0.481265 0.490625 0.483607 0.492188 0.483607 0.495313 0.488290 0.500000 0.488290 0.501562 0.490632 0.503125 0.490632 0.504687 0.492974 0.506250 0.492974 0.507812 0.495316 0.509375 0.495316 0.512500 0.500000 0.514063 0.500000 0.515625 0.502342 0.517187 0.502342 0.520312 0.507026 0.521875 0.507026 0.523438 0.509368 0.525000 0.509368 0.526563 0.511710 0.529688 0.511710 0.531250 0.514051 0.532812 0.514051 0.534375 0.516393 0.535937 0.516393 0.537500 0.518735 0.540625 0.518735 0.542188 0.521077 0.543750 0.521077 0.545313 0.523419
0 0.371875 0.542155 0.371875 0.551522 0.370313 0.553864 0.370313 0.560890 0.368750 0.563232 0.368750 0.565574 0.367188 0.567916 0.367188 0.570258 0.364062 0.574941 0.359375 0.574941 0.359375 0.628806 0.364062 0.628806 0.365625 0.631148 0.367188 0.631148 0.368750 0.633489 0.368750 0.635831 0.373437 0.642857 0.373437 0.647541 0.375000 0.649883 0.375000 0.659251 0.373437 0.661592 0.373437 0.670960 0.370313 0.675644 0.365625 0.668618 0.359375 0.668618 0.359375 0.745902 0.371875 0.745902 0.371875 0.736534 0.373437 0.734192 0.375000 0.734192 0.376563 0.731850 0.379687 0.731850 0.381250 0.734192 0.385938 0.734192 0.387500 0.731850 0.389062 0.731850 0.390625 0.729508 0.390625 0.727166 0.387500 0.722482 0.387500 0.710773 0.389062 0.708431 0.389062 0.699063 0.390625 0.696721 0.390625 0.652225 0.392188 0.649883 0.392188 0.640515 0.393750 0.638173 0.393750 0.631148 0.392188 0.628806 0.392188 0.619438 0.393750 0.617096 0.393750 0.614754 0.392188 0.612412 0.392188 0.593677 0.390625 0.591335 0.390625 0.584309 0.389062 0.581967 0.389062 0.572600 0.390625 0.570258 0.390625 0.542155
0 0.307813 0.792740 0.307813 0.795082 0.307813 0.792740 0.320312 0.654567 0.314063 0.654567 0.312500 0.652225 0.310937 0.652225 0.301562 0.645199 0.301562 0.633489 0.303125 0.631148 0.303125 0.624122 0.304688 0.621780 0.304688 0.617096 0.306250 0.614754 0.304688 0.612412 0.304688 0.605386 0.303125 0.603045 0.301562 0.603045 0.298438 0.598361 0.298438 0.596019 0.295312 0.591335 0.295312 0.588993 0.292188 0.584309 0.292188 0.581967 0.290625 0.579625 0.290625 0.551522 0.273438 0.551522 0.273438 0.577283 0.275000 0.579625 0.275000 0.584309 0.276563 0.586651 0.276563 0.591335 0.278125 0.593677 0.278125 0.598361 0.276563 0.600703 0.276563 0.605386 0.275000 0.607728 0.275000 0.610070 0.273438 0.612412 0.273438 0.614754 0.271875 0.617096 0.271875 0.621780 0.270312 0.624122 0.265625 0.624122 0.265625 0.708431 0.270312 0.708431 0.271875 0.710773 0.271875 0.713115 0.273438 0.715457 0.273438 0.720141 0.275000 0.722482 0.275000 0.727166 0.276563 0.729508 0.276563 0.731850 0.278125 0.734192 0.278125 0.738876 0.279687 0.741218 0.279687 0.797424 0.278125 0.799766 0.278125 0.806792 0.279687 0.809133 0.279687 0.827869 0.278125 0.830211 0.278125 0.839578 0.293750 0.839578 0.293750 0.806792 0.295312 0.804450 0.295312 0.802108 0.298438 0.797424 0.298438 0.792740 0.300000 0.790398 0.300000 0.785714 0.301562 0.783372 0.301562 0.778689 0.303125 0.776347 0.303125 0.774005 0.301562 0.771663 0.301562 0.762295 0.300000 0.759953 0.300000 0.713115 0.298438 0.710773 0.298438 0.703747 0.296875 0.701405 0.296875 0.682670 0.298438 0.680328 0.298438 0.666276 0.296875 0.663934 0.296875 0.654567 0.298438 0.652225 0.298438 0.649883 0.301562 0.645199 0.310937 0.652225 0.310937 0.645199 0.315625 0.638173 0.320312 0.638173 0.320312 0.654567
5 0.492188 0.420375 0.492188 0.427400 0.489062 0.432084 0.482812 0.432084 0.481250 0.434426 0.475000 0.434426 0.473437 0.432084 0.465625 0.432084 0.465625 0.471897 0.475000 0.471897 0.476562 0.469555 0.478125 0.471897 0.481250 0.471897 0.482812 0.474239 0.485938 0.474239 0.487500 0.476581 0.492188 0.476581 0.493750 0.478923 0.498437 0.478923 0.500000 0.481265 0.503125 0.481265 0.506250 0.485948 0.507812 0.485948 0.509375 0.488290 0.510938 0.488290 0.514063 0.492974 0.515625 0.492974 0.518750 0.497658 0.520312 0.497658 0.523438 0.502342 0.525000 0.502342 0.526563 0.504684 0.531250 0.504684 0.532812 0.507026 0.534375 0.507026 0.539062 0.514051 0.540625 0.514051 0.542188 0.516393 0.543750 0.516393 0.546875 0.521077 0.553125 0.521077 0.554688 0.518735 0.559375 0.518735 0.562500 0.523419 0.562500 0.530445 0.570312 0.530445 0.570312 0.464871 0.564062 0.464871 0.560938 0.460187 0.560938 0.457845 0.559375 0.455504 0.559375 0.453162 0.556250 0.448478 0.556250 0.441452 0.554688 0.439110 0.554688 0.432084 0.553125 0.429742 0.553125 0.420375
0 0.548437 0.532787 0.548437 0.544496 0.546875 0.546838 0.546875 0.551522 0.545313 0.553864 0.545313 0.558548 0.543750 0.560890 0.543750 0.570258 0.542188 0.572600 0.542188 0.581967 0.540625 0.584309 0.540625 0.591335 0.539062 0.593677 0.539062 0.603045 0.537500 0.605386 0.537500 0.617096 0.535937 0.619438 0.535937 0.621780 0.532812 0.626464 0.528125 0.626464 0.528125 0.654567 0.532812 0.654567 0.534375 0.656909 0.534375 0.659251 0.535937 0.661592 0.535937 0.677986 0.537500 0.680328 0.537500 0.689696 0.551562 0.689696 0.551562 0.680328 0.553125 0.677986 0.553125 0.675644 0.554688 0.673302 0.554688 0.668618 0.556250 0.666276 0.556250 0.654567 0.554688 0.652225 0.554688 0.628806 0.556250 0.626464 0.556250 0.593677 0.559375 0.588993 0.564062 0.588993 0.564062 0.532787
0 0.690625 0.542155 0.690625 0.565574 0.695312 0.565574 0.696875 0.567916 0.696875 0.577283 0.695312 0.579625 0.690625 0.579625 0.690625 0.607728 0.695312 0.607728 0.698438 0.612412 0.698438 0.614754 0.700000 0.617096 0.700000 0.633489 0.698438 0.635831 0.698438 0.656909 0.696875 0.659251 0.696875 0.668618 0.695312 0.670960 0.690625 0.670960 0.690625 0.680328 0.714063 0.680328 0.714063 0.556206 0.709375 0.556206 0.706250 0.551522 0.706250 0.542155
0 0.493750 0.551522 0.493750 0.560890 0.492188 0.563232 0.492188 0.570258 0.489062 0.574941 0.484375 0.574941 0.484375 0.621780 0.489062 0.621780 0.490625 0.624122 0.490625 0.626464 0.489062 0.628806 0.484375 0.628806 0.484375 0.675644 0.503125 0.675644 0.507812 0.682670 0.507812 0.689696 0.514063 0.689696 0.514063 0.682670 0.515625 0.680328 0.520312 0.680328 0.520312 0.577283 0.514063 0.577283 0.509375 0.570258 0.509375 0.565574 0.507812 0.563232 0.507812 0.551522
0 0.171875 0.542155 0.171875 0.689696 0.176563 0.689696 0.178125 0.692037 0.178125 0.696721 0.179688 0.699063 0.179688 0.738876 0.181250 0.741218 0.181250 0.755269 0.182812 0.757611 0.182812 0.766979 0.184375 0.769321 0.189063 0.769321 0.192188 0.764637 0.193750 0.764637 0.196875 0.759953 0.198437 0.759953 0.200000 0.757611 0.201562 0.757611 0.203125 0.755269 0.204688 0.755269 0.209375 0.762295 0.209375 0.766979 0.214062 0.766979 0.214062 0.668618 0.209375 0.668618 0.206250 0.663934 0.206250 0.661592 0.204688 0.659251 0.204688 0.656909 0.203125 0.654567 0.203125 0.645199 0.204688 0.642857 0.204688 0.631148 0.206250 0.628806 0.206250 0.626464 0.209375 0.621780 0.214062 0.621780 0.214062 0.586651 0.207813 0.586651 0.206250 0.584309 0.206250 0.581967 0.204688 0.579625 0.204688 0.574941 0.203125 0.572600 0.203125 0.570258 0.196875 0.560890 0.195312 0.560890 0.193750 0.558548 0.192188 0.558548 0.189063 0.553864 0.187500 0.553864 0.185937 0.551522 0.185937 0.542155
26 0.784375 0.638173 0.782812 0.640515 0.782812 0.645199 0.781250 0.647541 0.781250 0.654567 0.779688 0.656909 0.779688 0.661592 0.776563 0.666276 0.771875 0.666276 0.771875 0.699063 0.787500 0.699063 0.787500 0.692037 0.790625 0.687354 0.795313 0.687354 0.795313 0.638173
0 0.721875 0.551522 0.721875 0.617096 0.726562 0.617096 0.729688 0.621780 0.729688 0.624122 0.731250 0.626464 0.731250 0.633489 0.745313 0.633489 0.745313 0.617096 0.740625 0.617096 0.737500 0.612412 0.737500 0.610070 0.735937 0.607728 0.735937 0.598361 0.737500 0.596019 0.737500 0.591335 0.740625 0.586651 0.745313 0.586651 0.745313 0.572600 0.740625 0.572600 0.735937 0.565574 0.735937 0.551522
2 0.734375 0.551522 0.734375 0.596019 0.739062 0.596019 0.740625 0.598361 0.746875 0.598361 0.748438 0.596019 0.748438 0.593677 0.753125 0.586651 0.753125 0.584309 0.756250 0.579625 0.757812 0.579625 0.759375 0.577283 0.759375 0.574941 0.765625 0.565574 0.770312 0.565574 0.770312 0.551522
