0 0.576563 0.345833 0.576563 0.352083 0.575000 0.354167 0.573438 0.354167 0.571875 0.356250 0.570312 0.356250 0.568750 0.358333 0.565625 0.358333 0.560938 0.364583 0.560938 0.366667 0.557813 0.370833 0.557813 0.372917 0.556250 0.375000 0.556250 0.377083 0.554688 0.379167 0.554688 0.381250 0.551562 0.385417 0.551562 0.387500 0.550000 0.389583 0.550000 0.393750 0.548437 0.395833 0.548437 0.414583 0.550000 0.416667 0.550000 0.418750 0.551562 0.420833 0.551562 0.425000 0.553125 0.427083 0.553125 0.429167 0.551562 0.431250 0.551562 0.437500 0.550000 0.439583 0.550000 0.441667 0.546875 0.445833 0.546875 0.447917 0.542188 0.454167 0.542188 0.456250 0.540625 0.458333 0.540625 0.460417 0.539062 0.462500 0.539062 0.464583 0.534375 0.470833 0.534375 0.472917 0.531250 0.477083 0.531250 0.479167 0.529688 0.481250 0.529688 0.483333 0.525000 0.489583 0.525000 0.491667 0.523438 0.493750 0.523438 0.495833 0.518750 0.502083 0.518750 0.504167 0.517187 0.506250 0.517187 0.508333 0.515625 0.510417 0.515625 0.512500 0.512500 0.516667 0.512500 0.518750 0.510938 0.520833 0.510938 0.522917 0.509375 0.525000 0.509375 0.529167 0.507812 0.531250 0.507812 0.535417 0.506250 0.537500 0.506250 0.543750 0.504687 0.545833 0.504687 0.552083 0.503125 0.554167 0.503125 0.566667 0.501562 0.568750 0.501562 0.583333 0.500000 0.585417 0.500000 0.635417 0.498437 0.637500 0.498437 0.681250 0.496875 0.683333 0.496875 0.704167 0.495313 0.706250 0.495313 0.714583 0.493750 0.716667 0.493750 0.727083 0.492188 0.729167 0.492188 0.739583 0.490625 0.741667 0.490625 0.745833 0.489062 0.747917 0.489062 0.754167 0.487500 0.756250 0.487500 0.760417 0.485938 0.762500 0.485938 0.768750 0.484375 0.770833 0.484375 0.777083 0.482812 0.779167 0.482812 0.787500 0.481250 0.789583 0.481250 0.802083 0.479688 0.804167 0.479688 0.810417 0.476562 0.814583 0.471875 0.814583 0.471875 0.895833 0.476562 0.895833 0.478125 0.897917 0.478125 0.900000 0.479688 0.902083 0.479688 0.906250 0.481250 0.908333 0.481250 0.910417 0.482812 0.912500 0.482812 0.914583 0.485938 0.918750 0.485938 0.920833 0.489062 0.925000 0.507812 0.925000 0.509375 0.922917 0.517187 0.922917 0.518750 0.920833 0.520312 0.920833 0.523438 0.925000 0.523438 0.927083 0.525000 0.929167 0.525000 0.933333 0.526563 0.935417 0.526563 0.977083 0.525000 0.979167 0.525000 0.983333 0.523438 0.985417 0.523438 0.987500 0.521875 0.989583 0.521875 0.991667 0.520312 0.993750 0.520312 0.997917 0.648438 0.997917 0.648438 0.995833 0.650000 0.993750 0.650000 0.991667 0.651563 0.989583 0.651563 0.987500 0.653125 0.985417 0.653125 0.983333 0.654688 0.981250 0.654688 0.979167 0.656250 0.977083 0.656250 0.972917 0.657812 0.970833 0.657812 0.962500 0.659375 0.960417 0.659375 0.958333 0.657812 0.956250 0.657812 0.939583 0.656250 0.937500 0.656250 0.927083 0.654688 0.925000 0.654688 0.916667 0.653125 0.914583 0.653125 0.906250 0.654688 0.904167 0.654688 0.902083 0.656250 0.900000 0.656250 0.887500 0.654688 0.885417 0.654688 0.881250 0.653125 0.879167 0.653125 0.875000 0.651563 0.872917 0.651563 0.866667 0.650000 0.864583 0.650000 0.860417 0.648438 0.858333 0.648438 0.854167 0.646875 0.852083 0.646875 0.820833 0.645312 0.818750 0.645312 0.816667 0.643750 0.814583 0.643750 0.812500 0.642187 0.810417 0.642187 0.808333 0.640625 0.806250 0.640625 0.804167 0.637500 0.800000 0.637500 0.795833 0.635938 0.793750 0.635938 0.791667 0.634375 0.789583 0.634375 0.785417 0.632812 0.783333 0.632812 0.779167 0.631250 0.777083 0.631250 0.768750 0.629687 0.766667 0.629687 0.762500 0.628125 0.760417 0.628125 0.752083 0.626562 0.750000 0.626562 0.745833 0.618750 0.735417 0.618750 0.733333 0.615625 0.729167 0.615625 0.725000 0.614062 0.722917 0.614062 0.714583 0.612500 0.712500 0.612500 0.689583 0.614062 0.687500 0.614062 0.685417 0.617188 0.681250 0.617188 0.679167 0.620313 0.675000 0.620313 0.672917 0.621875 0.670833 0.621875 0.666667 0.623438 0.664583 0.623438 0.660417 0.626562 0.656250 0.628125 0.656250 0.629687 0.654167 0.632812 0.654167 0.634375 0.652083 0.639063 0.652083 0.640625 0.650000 0.642187 0.650000 0.643750 0.647917 0.645312 0.647917 0.646875 0.645833 0.648438 0.645833 0.653125 0.639583 0.654688 0.639583 0.662500 0.629167 0.662500 0.627083 0.665625 0.622917 0.665625 0.620833 0.667188 0.618750 0.667188 0.616667 0.668750 0.614583 0.668750 0.610417 0.671875 0.606250 0.676562 0.606250 0.676562 0.552083 0.671875 0.552083 0.667188 0.545833 0.667188 0.543750 0.664062 0.539583 0.664062 0.537500 0.657812 0.529167 0.657812 0.527083 0.656250 0.525000 0.656250 0.522917 0.654688 0.520833 0.654688 0.500000 0.653125 0.497917 0.653125 0.495833 0.650000 0.491667 0.650000 0.489583 0.640625 0.477083 0.640625 0.447917 0.639063 0.445833 0.639063 0.431250 0.640625 0.429167 0.640625 0.416667 0.642187 0.414583 0.642187 0.406250 0.643750 0.404167 0.643750 0.395833 0.645312 0.393750 0.645312 0.391667 0.653125 0.381250 0.654688 0.381250 0.656250 0.379167 0.657812 0.379167 0.660937 0.375000 0.662500 0.375000 0.664062 0.372917 0.665625 0.372917 0.667188 0.370833 0.668750 0.370833 0.670313 0.368750 0.676562 0.368750 0.676562 0.366667 0.671875 0.366667 0.670313 0.364583 0.670313 0.362500 0.668750 0.362500 0.660937 0.352083 0.660937 0.345833
2 0.029687 0.437500 0.029687 0.445833 0.028125 0.447917 0.021875 0.447917 0.021875 0.485417 0.076563 0.485417 0.076563 0.460417 0.070312 0.460417 0.067188 0.456250 0.067188 0.454167 0.065625 0.452083 0.065625 0.450000 0.062500 0.445833 0.062500 0.437500
0 0.946875 0.412500 0.946875 0.504167 0.951563 0.504167 0.953125 0.506250 0.953125 0.508333 0.954687 0.510417 0.954687 0.527083 0.956250 0.529167 0.956250 0.541667 0.957812 0.543750 0.957812 0.552083 0.971875 0.552083 0.971875 0.512500 0.973437 0.510417 0.973437 0.502083 0.975000 0.500000 0.975000 0.489583 0.976562 0.487500 0.976562 0.477083 0.978125 0.475000 0.982813 0.475000 0.982813 0.454167 0.978125 0.454167 0.975000 0.450000 0.975000 0.445833 0.973437 0.443750 0.973437 0.435417 0.971875 0.433333 0.971875 0.431250 0.970312 0.429167 0.970312 0.425000 0.968750 0.422917 0.968750 0.412500
2 0.709375 0.429167 0.709375 0.435417 0.706250 0.439583 0.700000 0.439583 0.698438 0.441667 0.693750 0.441667 0.692187 0.443750 0.690625 0.443750 0.685938 0.450000 0.684375 0.450000 0.676562 0.460417 0.676562 0.462500 0.670313 0.470833 0.670313 0.472917 0.668750 0.475000 0.668750 0.479167 0.667188 0.481250 0.667188 0.483333 0.665625 0.485417 0.665625 0.489583 0.664062 0.491667 0.664062 0.493750 0.662500 0.495833 0.662500 0.508333 0.660937 0.510417 0.660937 0.516667 0.659375 0.518750 0.659375 0.520833 0.660937 0.522917 0.660937 0.527083 0.667188 0.535417 0.667188 0.537500 0.671875 0.543750 0.671875 0.545833 0.675000 0.550000 0.675000 0.554167 0.676562 0.556250 0.676562 0.568750 0.678125 0.570833 0.678125 0.579167 0.681250 0.583333 0.684375 0.583333 0.685938 0.585417 0.692187 0.585417 0.693750 0.587500 0.696875 0.587500 0.698438 0.589583 0.703125 0.589583 0.704687 0.591667 0.707812 0.591667 0.709375 0.593750 0.710938 0.593750 0.712500 0.595833 0.757812 0.595833 0.759375 0.597917 0.773438 0.597917 0.775000 0.600000 0.779688 0.600000 0.781250 0.602083 0.785937 0.602083 0.787500 0.604167 0.800000 0.604167 0.801562 0.602083 0.801562 0.597917 0.803125 0.595833 0.803125 0.589583 0.804688 0.587500 0.804688 0.572917 0.803125 0.570833 0.803125 0.562500 0.804688 0.560417 0.804688 0.552083 0.806250 0.550000 0.806250 0.543750 0.812500 0.535417 0.814062 0.535417 0.815625 0.533333 0.817187 0.535417 0.820312 0.535417 0.825000 0.541667 0.825000 0.543750 0.828125 0.547917 0.828125 0.550000 0.829687 0.552083 0.829687 0.560417 0.831250 0.562500 0.829687 0.564583 0.829687 0.572917 0.831250 0.575000 0.831250 0.595833 0.832812 0.597917 0.832812 0.606250 0.834375 0.608333 0.834375 0.610417 0.837500 0.614583 0.837500 0.618750 0.843750 0.627083 0.843750 0.629167 0.845312 0.631250 0.845312 0.633333 0.846875 0.635417 0.846875 0.643750 0.846875 0.637500 0.848437 0.635417 0.850000 0.635417 0.851562 0.633333 0.853125 0.633333 0.854688 0.631250 0.856250 0.631250 0.859375 0.627083 0.859375 0.620833 0.864062 0.614583 0.864062 0.612500 0.865625 0.610417 0.865625 0.606250 0.867188 0.604167 0.867188 0.541667 0.865625 0.539583 0.865625 0.533333 0.864062 0.531250 0.864062 0.525000 0.862500 0.522917 0.862500 0.518750 0.860937 0.516667 0.860937 0.512500 0.857813 0.508333 0.857813 0.506250 0.856250 0.504167 0.856250 0.500000 0.854688 0.497917 0.854688 0.495833 0.853125 0.493750 0.853125 0.487500 0.851562 0.485417 0.851562 0.483333 0.850000 0.481250 0.850000 0.477083 0.848437 0.475000 0.848437 0.472917 0.846875 0.470833 0.846875 0.466667 0.845312 0.464583 0.845312 0.462500 0.840625 0.456250 0.840625 0.454167 0.837500 0.450000 0.837500 0.447917 0.835938 0.445833 0.835938 0.443750 0.831250 0.437500 0.831250 0.429167
0 0.265625 0.429167 0.265625 0.437500 0.262500 0.441667 0.262500 0.443750 0.256250 0.452083 0.256250 0.454167 0.254687 0.456250 0.254687 0.458333 0.253125 0.460417 0.253125 0.462500 0.251563 0.464583 0.251563 0.468750 0.250000 0.470833 0.250000 0.472917 0.245312 0.479167 0.243750 0.479167 0.242188 0.481250 0.240625 0.481250 0.239063 0.483333 0.231250 0.483333 0.229687 0.485417 0.226562 0.485417 0.226562 0.487500 0.223438 0.491667 0.221875 0.491667 0.212500 0.504167 0.212500 0.506250 0.209375 0.510417 0.203125 0.510417 0.203125 0.545833 0.209375 0.545833 0.210938 0.547917 0.220313 0.547917 0.223438 0.552083 0.223438 0.554167 0.221875 0.556250 0.221875 0.558333 0.220313 0.560417 0.220313 0.566667 0.218750 0.568750 0.218750 0.577083 0.234375 0.577083 0.234375 0.570833 0.240625 0.562500 0.242188 0.562500 0.243750 0.560417 0.245312 0.560417 0.246875 0.558333 0.248437 0.558333 0.250000 0.556250 0.251563 0.556250 0.253125 0.554167 0.254687 0.554167 0.257812 0.550000 0.259375 0.550000 0.260938 0.547917 0.262500 0.547917 0.264062 0.545833 0.267188 0.545833 0.268750 0.543750 0.270312 0.543750 0.271875 0.541667 0.273438 0.541667 0.275000 0.539583 0.279687 0.539583 0.281250 0.537500 0.284375 0.537500 0.285937 0.535417 0.287500 0.535417 0.289062 0.533333 0.295312 0.533333 0.295312 0.518750 0.290625 0.518750 0.287500 0.514583 0.287500 0.512500 0.285937 0.510417 0.285937 0.508333 0.284375 0.506250 0.284375 0.502083 0.282813 0.500000 0.282813 0.493750 0.285937 0.489583 0.285937 0.487500 0.287500 0.485417 0.287500 0.483333 0.289062 0.481250 0.295312 0.481250 0.295312 0.445833 0.290625 0.445833 0.287500 0.441667 0.287500 0.439583 0.285937 0.437500 0.285937 0.429167
0 0.917188 0.412500 0.917188 0.418750 0.915625 0.420833 0.915625 0.422917 0.912500 0.427083 0.912500 0.433333 0.910937 0.435417 0.910937 0.441667 0.909375 0.443750 0.909375 0.445833 0.907812 0.447917 0.903125 0.447917 0.903125 0.491667 0.907812 0.491667 0.909375 0.493750 0.909375 0.508333 0.910937 0.510417 0.910937 0.520833 0.912500 0.522917 0.912500 0.525000 0.915625 0.529167 0.915625 0.545833 0.917188 0.547917 0.917188 0.560417 0.929688 0.560417 0.929688 0.522917 0.931250 0.520833 0.931250 0.508333 0.932813 0.506250 0.932813 0.504167 0.934375 0.502083 0.939062 0.502083 0.939062 0.443750 0.934375 0.443750 0.931250 0.439583 0.931250 0.437500 0.929688 0.435417 0.929688 0.431250 0.928125 0.429167 0.928125 0.412500
9 0.221875 0.295833 0.221875 0.335417 0.239063 0.335417 0.239063 0.295833
2 0.084375 0.437500 0.084375 0.485417 0.093750 0.485417 0.093750 0.479167 0.095312 0.477083 0.096875 0.477083 0.098438 0.475000 0.121875 0.475000 0.123438 0.472917 0.125000 0.472917 0.126563 0.470833 0.132812 0.470833 0.132812 0.468750 0.128125 0.468750 0.126563 0.466667 0.126563 0.464583 0.125000 0.462500 0.125000 0.456250 0.123438 0.454167 0.123438 0.437500
2 0.460938 0.429167 0.460938 0.435417 0.457812 0.439583 0.456250 0.439583 0.454688 0.441667 0.453125 0.441667 0.451562 0.443750 0.450000 0.443750 0.446875 0.447917 0.445312 0.447917 0.440625 0.454167 0.440625 0.456250 0.439063 0.458333 0.439063 0.462500 0.437500 0.464583 0.437500 0.466667 0.435937 0.468750 0.435937 0.470833 0.432813 0.475000 0.432813 0.477083 0.425000 0.487500 0.423438 0.487500 0.421875 0.489583 0.415625 0.489583 0.415625 0.510417 0.448438 0.510417 0.448438 0.504167 0.450000 0.502083 0.468750 0.502083 0.470313 0.504167 0.470313 0.510417 0.515625 0.510417 0.515625 0.502083 0.517187 0.500000 0.517187 0.497917 0.518750 0.495833 0.520312 0.495833 0.520312 0.493750 0.521875 0.491667 0.521875 0.489583 0.526563 0.483333 0.526563 0.481250 0.528125 0.479167 0.528125 0.477083 0.529688 0.475000 0.529688 0.472917 0.534375 0.466667 0.534375 0.464583 0.537500 0.460417 0.537500 0.458333 0.540625 0.454167 0.545313 0.454167 0.540625 0.454167 0.531250 0.441667 0.531250 0.437500 0.529688 0.435417 0.529688 0.429167
2 0.492188 0.893750 0.492188 0.895833 0.493750 0.897917 0.493750 0.910417 0.514063 0.910417 0.514063 0.879167 0.501562 0.879167 0.498437 0.883333 0.498437 0.885417 0.496875 0.887500 0.495313 0.887500 0.493750 0.889583 0.493750 0.891667 0.492188 0.893750 0.485938 0.893750 0.481250 0.887500 0.481250 0.883333 0.479688 0.881250 0.479688 0.870833 0.478125 0.868750 0.478125 0.864583 0.476562 0.862500 0.476562 0.860417 0.478125 0.858333 0.478125 0.829167 0.479688 0.827083 0.479688 0.818750 0.481250 0.816667 0.481250 0.797917 0.482812 0.795833 0.482812 0.789583 0.484375 0.787500 0.484375 0.779167 0.485938 0.777083 0.485938 0.772917 0.487500 0.770833 0.487500 0.764583 0.489062 0.762500 0.489062 0.758333 0.490625 0.756250 0.490625 0.743750 0.492188 0.741667 0.492188 0.731250 0.493750 0.729167 0.493750 0.720833 0.495313 0.718750 0.495313 0.706250 0.496875 0.704167 0.496875 0.679167 0.498437 0.677083 0.498437 0.652083 0.500000 0.650000 0.500000 0.620833 0.498437 0.618750 0.498437 0.579167 0.500000 0.577083 0.500000 0.566667 0.501562 0.564583 0.501562 0.554167 0.503125 0.552083 0.503125 0.537500 0.504687 0.535417 0.504687 0.529167 0.503125 0.527083 0.503125 0.525000 0.501562 0.525000 0.498437 0.520833 0.495313 0.520833 0.493750 0.518750 0.492188 0.518750 0.490625 0.516667 0.487500 0.516667 0.485938 0.514583 0.475000 0.514583 0.473437 0.512500 0.470313 0.512500 0.468750 0.510417 0.468750 0.504167 0.446875 0.504167 0.446875 0.510417 0.445312 0.512500 0.442187 0.512500 0.440625 0.514583 0.429688 0.514583 0.428125 0.516667 0.426562 0.516667 0.425000 0.514583 0.414062 0.514583 0.412500 0.512500 0.404687 0.512500 0.403125 0.510417 0.403125 0.504167 0.356250 0.504167 0.356250 0.510417 0.354688 0.512500 0.351562 0.512500 0.350000 0.514583 0.345313 0.514583 0.343750 0.516667 0.342187 0.516667 0.340625 0.518750 0.325000 0.518750 0.323438 0.520833 0.318750 0.520833 0.317187 0.522917 0.315625 0.522917 0.314063 0.525000 0.309375 0.525000 0.307813 0.527083 0.304688 0.527083 0.303125 0.529167 0.300000 0.529167 0.298438 0.531250 0.296875 0.531250 0.293750 0.535417 0.292188 0.535417 0.290625 0.537500 0.289062 0.537500 0.287500 0.539583 0.285937 0.539583 0.284375 0.541667 0.282813 0.541667 0.281250 0.543750 0.278125 0.543750 0.276563 0.545833 0.271875 0.545833 0.270312 0.547917 0.267188 0.547917 0.265625 0.550000 0.262500 0.550000 0.260938 0.552083 0.259375 0.552083 0.257812 0.554167 0.256250 0.554167 0.253125 0.558333 0.251563 0.558333 0.250000 0.560417 0.246875 0.560417 0.245312 0.562500 0.243750 0.562500 0.240625 0.566667 0.239063 0.566667 0.235938 0.570833 0.234375 0.570833 0.232812 0.572917 0.231250 0.572917 0.229687 0.575000 0.226562 0.575000 0.225000 0.577083 0.217187 0.577083 0.215625 0.579167 0.214062 0.579167 0.212500 0.581250 0.209375 0.581250 0.207813 0.583333 0.206250 0.583333 0.203125 0.587500 0.201562 0.587500 0.198437 0.591667 0.196875 0.591667 0.195312 0.593750 0.193750 0.593750 0.192188 0.595833 0.190625 0.595833 0.187500 0.600000 0.185937 0.600000 0.184375 0.602083 0.182812 0.602083 0.181250 0.604167 0.179688 0.604167 0.178125 0.606250 0.176563 0.606250 0.175000 0.608333 0.173438 0.608333 0.170312 0.612500 0.168750 0.612500 0.167187 0.614583 0.165625 0.614583 0.164062 0.616667 0.159375 0.616667 0.157813 0.618750 0.148438 0.618750 0.146875 0.620833 0.140625 0.620833 0.139062 0.622917 0.135937 0.622917 0.134375 0.625000 0.132812 0.625000 0.131250 0.627083 0.129688 0.627083 0.126563 0.631250 0.125000 0.631250 0.123438 0.633333 0.118750 0.633333 0.117188 0.635417 0.107813 0.635417 0.106250 0.637500 0.089062 0.637500 0.087500 0.639583 0.079687 0.639583 0.078125 0.641667 0.073437 0.641667 0.071875 0.643750 0.067188 0.643750 0.065625 0.645833 0.062500 0.645833 0.060938 0.647917 0.053125 0.647917 0.051562 0.650000 0.045313 0.650000 0.043750 0.652083 0.037500 0.652083 0.035937 0.654167 0.028125 0.654167 0.026563 0.656250 0.020312 0.656250 0.018750 0.658333 0.014062 0.658333 0.012500 0.660417 0.006250 0.660417 0.004688 0.658333 0.003125 0.658333 0.001563 0.656250 0.000000 0.656250 0.000000 0.679167 0.003125 0.679167 0.004688 0.681250 0.006250 0.681250 0.007812 0.683333 0.010937 0.683333 0.012500 0.685417 0.015625 0.685417 0.017188 0.687500 0.018750 0.687500 0.020312 0.689583 0.021875 0.689583 0.023438 0.691667 0.025000 0.691667 0.026563 0.693750 0.028125 0.693750 0.029687 0.695833 0.032812 0.695833 0.034375 0.697917 0.039062 0.697917 0.040625 0.700000 0.048437 0.700000 0.050000 0.702083 0.054688 0.702083 0.056250 0.704167 0.059375 0.704167 0.060938 0.706250 0.065625 0.706250 0.070312 0.712500 0.071875 0.712500 0.073437 0.714583 0.073437 0.716667 0.076563 0.720833 0.076563 0.722917 0.078125 0.725000 0.078125 0.731250 0.076563 0.733333 0.076563 0.737500 0.070312 0.745833 0.068750 0.745833 0.065625 0.750000 0.064062 0.750000 0.062500 0.752083 0.056250 0.752083 0.054688 0.750000 0.051562 0.750000 0.048437 0.745833 0.046875 0.745833 0.045313 0.743750 0.042188 0.743750 0.040625 0.741667 0.037500 0.741667 0.035937 0.739583 0.034375 0.739583 0.032812 0.737500 0.031250 0.737500 0.029687 0.735417 0.028125 0.735417 0.026563 0.733333 0.025000 0.733333 0.020312 0.727083 0.018750 0.727083 0.014062 0.720833 0.010937 0.720833 0.009375 0.718750 0.007812 0.718750 0.003125 0.712500 0.000000 0.712500 0.000000 0.860417 0.003125 0.860417 0.004688 0.858333 0.006250 0.858333 0.007812 0.856250 0.009375 0.856250 0.012500 0.860417 0.012500 0.862500 0.014062 0.864583 0.014062 0.866667 0.017188 0.870833 0.017188 0.872917 0.021875 0.879167 0.023438 0.879167 0.025000 0.881250 0.026563 0.881250 0.031250 0.887500 0.037500 0.887500 0.039062 0.889583 0.042188 0.889583 0.043750 0.891667 0.045313 0.891667 0.046875 0.893750 0.050000 0.893750 0.051562 0.895833 0.053125 0.895833 0.059375 0.904167 0.059375 0.910417 0.106250 0.910417 0.106250 0.904167 0.107813 0.902083 0.109375 0.902083 0.110937 0.900000 0.112500 0.900000 0.115625 0.895833 0.117188 0.895833 0.118750 0.893750 0.118750 0.891667 0.123438 0.885417 0.123438 0.883333 0.125000 0.881250 0.125000 0.879167 0.128125 0.875000 0.128125 0.872917 0.131250 0.868750 0.131250 0.866667 0.134375 0.862500 0.135937 0.862500 0.137500 0.860417 0.139062 0.860417 0.140625 0.858333 0.160938 0.858333 0.162500 0.860417 0.203125 0.860417 0.204688 0.858333 0.223438 0.858333 0.225000 0.856250 0.242188 0.856250 0.243750 0.854167 0.267188 0.854167 0.268750 0.852083 0.292188 0.852083 0.293750 0.850000 0.310937 0.850000 0.312500 0.852083 0.320312 0.852083 0.321875 0.854167 0.331250 0.854167 0.332812 0.856250 0.342187 0.856250 0.343750 0.858333 0.354688 0.858333 0.356250 0.860417 0.365625 0.860417 0.367188 0.862500 0.382812 0.862500 0.384375 0.864583 0.410937 0.864583 0.412500 0.866667 0.431250 0.866667 0.432813 0.868750 0.459375 0.868750 0.460938 0.866667 0.467187 0.866667 0.468750 0.864583 0.473437 0.864583 0.475000 0.866667 0.475000 0.868750 0.476562 0.870833 0.476562 0.889583 0.478125 0.891667 0.478125 0.893750 0.479688 0.893750 0.482812 0.897917 0.482812 0.900000 0.484375 0.902083 0.484375 0.910417 0.484375 0.897917 0.485938 0.895833 0.485938 0.893750
5 0.153125 0.387500 0.153125 0.393750 0.151562 0.395833 0.146875 0.395833 0.146875 0.439583 0.151562 0.439583 0.157813 0.447917 0.157813 0.452083 0.159375 0.454167 0.159375 0.456250 0.160938 0.458333 0.160938 0.460417 0.167187 0.468750 0.167187 0.477083 0.190625 0.477083 0.190625 0.470833 0.192188 0.468750 0.192188 0.466667 0.193750 0.464583 0.193750 0.450000 0.192188 0.447917 0.192188 0.433333 0.193750 0.431250 0.193750 0.427083 0.195312 0.425000 0.201562 0.425000 0.201562 0.387500
2 0.003125 0.587500 0.003125 0.585417 0.001563 0.583333 0.001563 0.581250 0.000000 0.581250 0.000000 0.591667 0.001563 0.591667 0.001563 0.589583 0.003125 0.587500 0.612500 0.691667 0.170312 0.535417 0.168750 0.537500 0.484375 0.779167 0.482812 0.781250 0.482812 0.789583 0.481250 0.791667 0.481250 0.806250 0.479688 0.808333 0.479688 0.818750 0.478125 0.820833 0.478125 0.825000 0.476562 0.827083 0.476562 0.839583 0.475000 0.841667 0.475000 0.856250 0.189063 0.516667 0.187500 0.518750 0.185937 0.518750 0.184375 0.520833 0.176563 0.520833 0.004688 0.527083 0.003125 0.525000 0.003125 0.504167 0.000000 0.504167 0.000000 0.545833 0.001563 0.545833 0.001563 0.543750 0.003125 0.541667 0.003125 0.533333 0.004688 0.531250 0.004688 0.527083 0.176563 0.520833 0.175000 0.518750 0.176563 0.516667 0.176563 0.514583 0.178125 0.512500 0.178125 0.504167 0.192188 0.504167 0.192188 0.512500 0.190625 0.514583 0.190625 0.516667 0.189063 0.516667 0.475000 0.856250 0.473437 0.858333 0.473437 0.862500 0.471875 0.864583 0.471875 0.866667 0.467187 0.872917 0.465625 0.872917 0.459375 0.881250 0.457812 0.881250 0.456250 0.883333 0.448438 0.883333 0.446875 0.885417 0.442187 0.885417 0.440625 0.883333 0.434375 0.883333 0.432813 0.881250 0.431250 0.881250 0.429688 0.879167 0.428125 0.879167 0.426562 0.877083 0.418750 0.877083 0.417188 0.875000 0.414062 0.875000 0.412500 0.872917 0.407813 0.872917 0.406250 0.870833 0.395312 0.870833 0.393750 0.868750 0.389062 0.868750 0.387500 0.866667 0.362500 0.866667 0.360938 0.864583 0.350000 0.864583 0.348437 0.862500 0.332812 0.862500 0.331250 0.860417 0.321875 0.860417 0.320312 0.858333 0.315625 0.858333 0.314063 0.856250 0.304688 0.856250 0.303125 0.854167 0.290625 0.854167 0.289062 0.856250 0.287500 0.856250 0.285937 0.854167 0.282813 0.854167 0.281250 0.856250 0.257812 0.856250 0.256250 0.858333 0.228125 0.858333 0.226562 0.860417 0.192188 0.860417 0.190625 0.862500 0.164062 0.862500 0.162500 0.860417 0.153125 0.860417 0.151562 0.858333 0.143750 0.858333 0.142188 0.860417 0.139062 0.860417 0.137500 0.862500 0.135937 0.862500 0.129688 0.870833 0.129688 0.872917 0.126563 0.877083 0.126563 0.879167 0.125000 0.881250 0.125000 0.883333 0.123438 0.885417 0.123438 0.887500 0.118750 0.893750 0.118750 0.895833 0.117188 0.895833 0.114063 0.900000 0.112500 0.900000 0.109375 0.904167 0.109375 0.910417 0.054688 0.910417 0.054688 0.904167 0.051562 0.900000 0.050000 0.900000 0.048437 0.897917 0.045313 0.897917 0.043750 0.895833 0.042188 0.895833 0.040625 0.893750 0.034375 0.893750 0.032812 0.891667 0.029687 0.891667 0.028125 0.889583 0.026563 0.889583 0.025000 0.887500 0.023438 0.887500 0.020312 0.883333 0.018750 0.883333 0.017188 0.881250 0.017188 0.879167 0.015625 0.877083 0.015625 0.872917 0.014062 0.870833 0.014062 0.868750 0.012500 0.866667 0.012500 0.864583 0.007812 0.858333 0.004688 0.862500 0.004688 0.866667 0.003125 0.868750 0.003125 0.879167 0.001563 0.881250 0.000000 0.881250 0.000000 0.716667 0.006250 0.716667 0.007812 0.718750 0.010937 0.718750 0.012500 0.720833 0.014062 0.720833 0.017188 0.725000 0.018750 0.725000 0.025000 0.733333 0.026563 0.733333 0.028125 0.735417 0.029687 0.735417 0.031250 0.737500 0.032812 0.737500 0.034375 0.739583 0.035937 0.739583 0.037500 0.741667 0.039062 0.741667 0.040625 0.743750 0.045313 0.743750 0.046875 0.745833 0.048437 0.745833 0.051562 0.750000 0.054688 0.750000 0.056250 0.752083 0.064062 0.752083 0.065625 0.750000 0.067188 0.750000 0.070312 0.745833 0.071875 0.745833 0.079687 0.735417 0.079687 0.722917 0.078125 0.720833 0.078125 0.718750 0.068750 0.706250 0.067188 0.706250 0.065625 0.704167 0.060938 0.704167 0.059375 0.702083 0.056250 0.702083 0.054688 0.700000 0.053125 0.700000 0.051562 0.697917 0.039062 0.697917 0.037500 0.695833 0.032812 0.695833 0.031250 0.693750 0.029687 0.693750 0.028125 0.691667 0.026563 0.691667 0.025000 0.689583 0.023438 0.689583 0.021875 0.687500 0.020312 0.687500 0.018750 0.685417 0.017188 0.685417 0.015625 0.683333 0.014062 0.683333 0.012500 0.681250 0.010937 0.681250 0.009375 0.679167 0.007812 0.679167 0.007812 0.677083 0.001563 0.668750 0.000000 0.668750 0.000000 0.656250 0.012500 0.656250 0.014062 0.654167 0.018750 0.654167 0.020312 0.652083 0.028125 0.652083 0.029687 0.650000 0.039062 0.650000 0.040625 0.647917 0.048437 0.647917 0.050000 0.645833 0.059375 0.645833 0.060938 0.643750 0.065625 0.643750 0.067188 0.641667 0.071875 0.641667 0.073437 0.639583 0.078125 0.639583 0.079687 0.637500 0.081250 0.637500 0.082813 0.635417 0.085938 0.635417 0.087500 0.633333 0.114063 0.633333 0.115625 0.631250 0.120312 0.631250 0.121875 0.629167 0.123438 0.629167 0.128125 0.622917 0.129688 0.622917 0.131250 0.620833 0.132812 0.620833 0.134375 0.618750 0.137500 0.618750 0.139062 0.616667 0.143750 0.616667 0.145313 0.614583 0.159375 0.614583 0.160938 0.612500 0.165625 0.612500 0.168750 0.608333 0.170312 0.608333 0.171875 0.606250 0.173438 0.606250 0.175000 0.604167 0.176563 0.604167 0.179688 0.600000 0.182812 0.600000 0.184375 0.597917 0.185937 0.597917 0.189063 0.593750 0.190625 0.593750 0.192188 0.591667 0.193750 0.591667 0.195312 0.589583 0.196875 0.589583 0.201562 0.583333 0.203125 0.583333 0.204688 0.581250 0.206250 0.581250 0.207813 0.579167 0.209375 0.579167 0.210938 0.577083 0.226562 0.577083 0.228125 0.575000 0.231250 0.575000 0.232812 0.572917 0.234375 0.572917 0.237500 0.568750 0.239063 0.568750 0.240625 0.566667 0.242188 0.566667 0.245312 0.562500 0.246875 0.562500 0.248437 0.560417 0.251563 0.560417 0.253125 0.558333 0.254687 0.558333 0.259375 0.552083 0.262500 0.552083 0.264062 0.550000 0.267188 0.550000 0.268750 0.547917 0.271875 0.547917 0.273438 0.545833 0.276563 0.545833 0.278125 0.543750 0.282813 0.543750 0.284375 0.541667 0.285937 0.541667 0.287500 0.539583 0.289062 0.539583 0.295312 0.531250 0.295312 0.529167 0.296875 0.527083 0.296875 0.525000 0.298438 0.525000 0.300000 0.522917 0.301562 0.522917 0.303125 0.520833 0.307813 0.520833 0.309375 0.518750 0.310937 0.518750 0.312500 0.516667 0.314063 0.516667 0.315625 0.514583 0.318750 0.514583 0.321875 0.510417 0.321875 0.504167 0.418750 0.504167 0.418750 0.510417 0.420312 0.512500 0.421875 0.512500 0.423438 0.514583 0.431250 0.514583 0.432813 0.512500 0.434375 0.512500 0.435937 0.510417 0.435937 0.504167 0.492188 0.504167 0.492188 0.510417 0.495313 0.514583 0.498437 0.514583 0.500000 0.516667 0.503125 0.516667 0.504687 0.518750 0.506250 0.518750 0.506250 0.529167 0.504687 0.531250 0.504687 0.539583 0.503125 0.541667 0.503125 0.552083 0.501562 0.554167 0.501562 0.562500 0.500000 0.564583 0.500000 0.575000 0.498437 0.577083 0.498437 0.656250 0.496875 0.658333 0.496875 0.689583 0.495313 0.691667 0.495313 0.708333 0.493750 0.710417 0.493750 0.720833 0.492188 0.722917 0.492188 0.733333 0.490625 0.735417 0.490625 0.747917 0.489062 0.750000 0.489062 0.758333 0.487500 0.760417 0.487500 0.764583 0.485938 0.766667 0.485938 0.772917 0.484375 0.775000 0.484375 0.779167 0.168750 0.537500 0.160938 0.537500 0.160938 0.535417 0.165625 0.529167 0.167187 0.531250 0.168750 0.531250 0.170312 0.533333 0.170312 0.535417 0.612500 0.691667 0.612500 0.706250 0.614062 0.708333 0.614062 0.718750 0.615625 0.720833 0.615625 0.725000 0.617188 0.727083 0.617188 0.729167 0.620313 0.733333 0.620313 0.735417 0.621875 0.737500 0.623438 0.737500 0.626562 0.741667 0.626562 0.743750 0.628125 0.745833 0.628125 0.747917 0.629687 0.750000 0.629687 0.752083 0.631250 0.754167 0.631250 0.760417 0.632812 0.762500 0.632812 0.768750 0.634375 0.770833 0.634375 0.777083 0.637500 0.781250 0.637500 0.783333 0.639063 0.785417 0.639063 0.789583 0.640625 0.791667 0.640625 0.793750 0.643750 0.797917 0.643750 0.800000 0.646875 0.804167 0.646875 0.806250 0.650000 0.810417 0.650000 0.812500 0.651563 0.814583 0.651563 0.816667 0.653125 0.818750 0.653125 0.841667 0.651563 0.843750 0.651563 0.854167 0.653125 0.856250 0.653125 0.860417 0.654688 0.862500 0.654688 0.864583 0.656250 0.866667 0.656250 0.868750 0.657812 0.870833 0.657812 0.872917 0.659375 0.875000 0.659375 0.877083 0.660937 0.877083 0.662500 0.879167 0.664062 0.879167 0.667188 0.875000 0.667188 0.872917 0.679688 0.856250 0.679688 0.854167 0.681250 0.852083 0.681250 0.847917 0.682813 0.845833 0.682813 0.843750 0.684375 0.841667 0.685938 0.841667 0.689062 0.837500 0.690625 0.837500 0.693750 0.841667 0.718750 0.841667 0.720312 0.839583 0.731250 0.839583 0.732813 0.837500 0.740625 0.837500 0.742188 0.835417 0.746875 0.835417 0.748438 0.833333 0.756250 0.833333 0.757812 0.831250 0.765625 0.831250 0.767187 0.829167 0.776563 0.829167 0.778125 0.827083 0.782812 0.827083 0.784375 0.825000 0.789062 0.825000 0.790625 0.822917 0.793750 0.822917 0.795313 0.820833 0.796875 0.820833 0.798437 0.818750 0.800000 0.818750 0.809375 0.806250 0.809375 0.804167 0.812500 0.800000 0.812500 0.797917 0.814062 0.795833 0.814062 0.793750 0.815625 0.791667 0.815625 0.789583 0.817187 0.787500 0.817187 0.781250 0.818750 0.779167 0.818750 0.766667 0.820312 0.764583 0.820312 0.743750 0.818750 0.741667 0.818750 0.739583 0.817187 0.737500 0.817187 0.733333 0.815625 0.731250 0.815625 0.729167 0.809375 0.720833 0.809375 0.718750 0.807813 0.716667 0.807813 0.712500 0.806250 0.710417 0.806250 0.704167 0.807813 0.702083 0.807813 0.687500 0.809375 0.685417 0.809375 0.679167 0.807813 0.677083 0.807813 0.654167 0.806250 0.652083 0.806250 0.650000 0.804688 0.647917 0.804688 0.643750 0.803125 0.641667 0.803125 0.616667 0.801562 0.614583 0.801562 0.612500 0.800000 0.610417 0.798437 0.610417 0.796875 0.608333 0.793750 0.608333 0.792188 0.606250 0.789062 0.606250 0.787500 0.604167 0.784375 0.604167 0.782812 0.602083 0.779688 0.602083 0.778125 0.600000 0.773438 0.600000 0.771875 0.597917 0.765625 0.597917 0.764063 0.595833 0.746875 0.595833 0.745313 0.593750 0.728125 0.593750 0.726562 0.595833 0.712500 0.595833 0.710938 0.593750 0.707812 0.593750 0.706250 0.591667 0.701563 0.591667 0.700000 0.589583 0.696875 0.589583 0.695312 0.587500 0.693750 0.587500 0.692187 0.585417 0.689062 0.585417 0.687500 0.583333 0.682813 0.583333 0.681250 0.581250 0.679688 0.581250 0.678125 0.579167 0.678125 0.581250 0.676562 0.583333 0.676562 0.593750 0.675000 0.595833 0.675000 0.602083 0.673437 0.604167 0.673437 0.606250 0.671875 0.608333 0.671875 0.612500 0.670313 0.614583 0.670313 0.616667 0.668750 0.618750 0.668750 0.622917 0.667188 0.625000 0.667188 0.627083 0.664062 0.631250 0.664062 0.633333 0.659375 0.639583 0.657812 0.639583 0.650000 0.650000 0.648438 0.650000 0.646875 0.652083 0.643750 0.652083 0.642187 0.654167 0.637500 0.654167 0.635938 0.656250 0.631250 0.656250 0.629687 0.658333 0.628125 0.658333 0.626562 0.660417 0.625000 0.660417 0.623438 0.662500 0.623438 0.670833 0.615625 0.681250 0.615625 0.683333 0.614062 0.685417 0.614062 0.689583 0.612500 0.691667
9 0.171875 0.270833 0.171875 0.318750 0.189063 0.318750 0.189063 0.270833
9 0.284375 0.287500 0.284375 0.327083 0.301562 0.327083 0.301562 0.287500
2 0.190625 0.420833 0.190625 0.468750 0.196875 0.468750 0.198437 0.470833 0.200000 0.470833 0.201562 0.472917 0.204688 0.472917 0.206250 0.470833 0.209375 0.470833 0.210938 0.468750 0.217187 0.468750 0.218750 0.470833 0.223438 0.470833 0.225000 0.468750 0.225000 0.466667 0.228125 0.462500 0.232812 0.462500 0.232812 0.420833
2 0.121875 0.429167 0.121875 0.477083 0.164062 0.477083 0.164062 0.450000 0.159375 0.450000 0.154687 0.443750 0.154687 0.441667 0.153125 0.441667 0.151562 0.439583 0.151562 0.437500 0.150000 0.435417 0.150000 0.429167
2 0.409375 0.445833 0.409375 0.454167 0.407813 0.456250 0.407813 0.458333 0.404687 0.462500 0.404687 0.464583 0.403125 0.466667 0.396875 0.466667 0.396875 0.510417 0.418750 0.510417 0.418750 0.504167 0.420312 0.502083 0.420312 0.500000 0.423438 0.495833 0.423438 0.493750 0.428125 0.487500 0.428125 0.485417 0.432813 0.479167 0.432813 0.477083 0.437500 0.470833 0.437500 0.468750 0.440625 0.464583 0.445312 0.464583 0.445312 0.445833
2 0.795313 0.589583 0.798437 0.589583 0.800000 0.587500 0.800000 0.579167 0.795313 0.579167 0.795313 0.589583 0.796875 0.604167 0.781250 0.604167 0.779688 0.602083 0.775000 0.602083 0.773438 0.600000 0.768750 0.600000 0.767187 0.597917 0.762500 0.597917 0.760938 0.595833 0.754687 0.595833 0.753125 0.593750 0.725000 0.593750 0.723437 0.595833 0.718750 0.595833 0.717188 0.593750 0.712500 0.593750 0.710938 0.591667 0.709375 0.591667 0.707812 0.589583 0.704687 0.589583 0.703125 0.587500 0.701563 0.587500 0.700000 0.585417 0.700000 0.579167 0.675000 0.579167 0.675000 0.591667 0.673437 0.593750 0.673437 0.602083 0.671875 0.604167 0.671875 0.606250 0.670313 0.608333 0.670313 0.612500 0.668750 0.614583 0.668750 0.616667 0.665625 0.620833 0.665625 0.622917 0.664062 0.625000 0.664062 0.627083 0.660937 0.631250 0.660937 0.633333 0.659375 0.635417 0.657812 0.635417 0.653125 0.641667 0.651563 0.641667 0.648438 0.645833 0.646875 0.645833 0.645312 0.647917 0.643750 0.647917 0.642187 0.650000 0.635938 0.650000 0.634375 0.652083 0.625000 0.652083 0.623438 0.654167 0.621875 0.654167 0.618750 0.658333 0.618750 0.662500 0.617188 0.664583 0.617188 0.668750 0.615625 0.670833 0.615625 0.672917 0.609375 0.681250 0.603125 0.681250 0.603125 0.720833 0.607813 0.720833 0.610937 0.725000 0.610937 0.727083 0.614062 0.731250 0.614062 0.733333 0.617188 0.737500 0.618750 0.737500 0.625000 0.745833 0.625000 0.747917 0.626562 0.750000 0.626562 0.752083 0.628125 0.754167 0.628125 0.760417 0.629687 0.762500 0.629687 0.766667 0.631250 0.768750 0.631250 0.770833 0.632812 0.772917 0.632812 0.779167 0.634375 0.781250 0.634375 0.783333 0.635938 0.785417 0.635938 0.787500 0.639063 0.791667 0.639063 0.795833 0.650000 0.810417 0.650000 0.812500 0.653125 0.816667 0.653125 0.818750 0.654688 0.820833 0.654688 0.829167 0.653125 0.831250 0.653125 0.835417 0.651563 0.837500 0.651563 0.862500 0.653125 0.864583 0.653125 0.866667 0.654688 0.868750 0.654688 0.877083 0.668750 0.877083 0.668750 0.870833 0.673437 0.864583 0.673437 0.862500 0.679688 0.854167 0.679688 0.847917 0.681250 0.845833 0.681250 0.841667 0.684375 0.837500 0.685938 0.837500 0.687500 0.835417 0.690625 0.835417 0.693750 0.839583 0.698438 0.839583 0.700000 0.841667 0.709375 0.841667 0.710938 0.839583 0.721875 0.839583 0.723437 0.837500 0.732813 0.837500 0.734375 0.835417 0.742188 0.835417 0.743750 0.833333 0.750000 0.833333 0.751562 0.831250 0.760938 0.831250 0.762500 0.829167 0.775000 0.829167 0.776563 0.827083 0.782812 0.827083 0.784375 0.825000 0.789062 0.825000 0.790625 0.822917 0.793750 0.822917 0.795313 0.820833 0.798437 0.820833 0.800000 0.818750 0.801562 0.818750 0.807813 0.810417 0.807813 0.808333 0.810938 0.804167 0.810938 0.802083 0.814062 0.797917 0.814062 0.795833 0.815625 0.793750 0.815625 0.791667 0.817187 0.789583 0.817187 0.787500 0.818750 0.785417 0.818750 0.781250 0.821875 0.777083 0.826563 0.777083 0.826563 0.735417 0.820312 0.735417 0.818750 0.733333 0.818750 0.731250 0.809375 0.718750 0.809375 0.716667 0.807813 0.714583 0.807813 0.691667 0.809375 0.689583 0.809375 0.681250 0.810938 0.679167 0.810938 0.652083 0.809375 0.650000 0.809375 0.645833 0.807813 0.643750 0.807813 0.639583 0.806250 0.637500 0.806250 0.618750 0.804688 0.616667 0.804688 0.612500 0.803125 0.610417 0.803125 0.608333 0.801562 0.606250 0.798437 0.606250 0.796875 0.604167
7 0.293750 0.370833 0.293750 0.377083 0.290625 0.381250 0.284375 0.381250 0.284375 0.445833 0.290625 0.445833 0.292188 0.447917 0.292188 0.450000 0.293750 0.452083 0.293750 0.456250 0.295312 0.458333 0.295312 0.477083 0.293750 0.479167 0.293750 0.489583 0.296875 0.493750 0.296875 0.502083 0.368750 0.502083 0.368750 0.495833 0.371875 0.491667 0.371875 0.489583 0.373437 0.487500 0.373437 0.481250 0.375000 0.479167 0.375000 0.477083 0.376563 0.475000 0.376563 0.472917 0.378125 0.470833 0.382812 0.470833 0.382812 0.395833 0.376563 0.395833 0.373437 0.391667 0.373437 0.389583 0.370313 0.385417 0.368750 0.385417 0.367188 0.383333 0.365625 0.383333 0.360938 0.377083 0.360938 0.370833
0 0.864062 0.429167 0.864062 0.435417 0.862500 0.437500 0.862500 0.439583 0.860937 0.441667 0.859375 0.441667 0.857813 0.443750 0.853125 0.443750 0.853125 0.510417 0.859375 0.510417 0.862500 0.514583 0.862500 0.516667 0.864062 0.518750 0.864062 0.529167 0.865625 0.531250 0.865625 0.535417 0.867188 0.537500 0.867188 0.541667 0.868750 0.543750 0.868750 0.552083 0.870313 0.554167 0.870313 0.560417 0.881250 0.560417 0.881250 0.541667 0.879687 0.539583 0.879687 0.506250 0.881250 0.504167 0.881250 0.472917 0.879687 0.470833 0.879687 0.464583 0.878125 0.462500 0.878125 0.460417 0.876562 0.458333 0.876562 0.456250 0.875000 0.454167 0.875000 0.452083 0.873438 0.450000 0.873438 0.439583 0.871875 0.437500 0.871875 0.429167
2 0.614062 0.685417 0.614062 0.720833 0.615625 0.722917 0.615625 0.727083 0.620313 0.733333 0.620313 0.735417 0.623438 0.739583 0.625000 0.739583 0.628125 0.743750 0.628125 0.745833 0.629687 0.747917 0.629687 0.754167 0.631250 0.756250 0.631250 0.760417 0.632812 0.762500 0.632812 0.766667 0.634375 0.768750 0.634375 0.775000 0.635938 0.777083 0.635938 0.779167 0.637500 0.781250 0.637500 0.783333 0.639063 0.785417 0.639063 0.787500 0.640625 0.789583 0.640625 0.793750 0.645312 0.800000 0.645312 0.802083 0.650000 0.808333 0.650000 0.810417 0.653125 0.814583 0.653125 0.816667 0.654688 0.818750 0.654688 0.833333 0.653125 0.835417 0.653125 0.858333 0.654688 0.860417 0.654688 0.862500 0.656250 0.864583 0.656250 0.866667 0.657812 0.868750 0.657812 0.877083 0.667188 0.877083 0.667188 0.870833 0.678125 0.856250 0.678125 0.854167 0.679688 0.852083 0.679688 0.847917 0.681250 0.845833 0.681250 0.843750 0.682813 0.841667 0.682813 0.839583 0.684375 0.837500 0.685938 0.837500 0.687500 0.835417 0.690625 0.835417 0.692187 0.837500 0.693750 0.837500 0.695312 0.839583 0.698438 0.839583 0.700000 0.841667 0.710938 0.841667 0.712500 0.839583 0.725000 0.839583 0.726562 0.837500 0.735937 0.837500 0.737500 0.835417 0.742188 0.835417 0.743750 0.833333 0.751562 0.833333 0.753125 0.831250 0.760938 0.831250 0.762500 0.829167 0.771875 0.829167 0.773438 0.827083 0.781250 0.827083 0.782812 0.825000 0.785937 0.825000 0.787500 0.822917 0.792188 0.822917 0.793750 0.820833 0.796875 0.820833 0.800000 0.816667 0.801562 0.816667 0.806250 0.810417 0.806250 0.808333 0.810938 0.802083 0.810938 0.800000 0.814062 0.795833 0.814062 0.793750 0.815625 0.791667 0.815625 0.787500 0.817187 0.785417 0.817187 0.781250 0.818750 0.779167 0.818750 0.768750 0.820312 0.766667 0.820312 0.758333 0.821875 0.756250 0.826563 0.756250 0.826563 0.745833 0.821875 0.745833 0.820312 0.743750 0.820312 0.741667 0.818750 0.739583 0.818750 0.737500 0.817187 0.735417 0.817187 0.733333 0.814062 0.729167 0.814062 0.727083 0.812500 0.727083 0.807813 0.720833 0.807813 0.718750 0.806250 0.716667 0.806250 0.691667 0.807813 0.689583 0.807813 0.656250 0.806250 0.654167 0.806250 0.650000 0.804688 0.647917 0.804688 0.645833 0.803125 0.643750 0.803125 0.618750 0.801562 0.616667 0.801562 0.614583 0.796875 0.608333 0.793750 0.608333 0.792188 0.606250 0.787500 0.606250 0.785937 0.604167 0.781250 0.604167 0.779688 0.602083 0.776563 0.602083 0.775000 0.600000 0.770312 0.600000 0.768750 0.597917 0.764063 0.597917 0.762500 0.595833 0.751562 0.595833 0.750000 0.593750 0.726562 0.593750 0.725000 0.595833 0.714063 0.595833 0.712500 0.593750 0.707812 0.593750 0.706250 0.591667 0.701563 0.591667 0.700000 0.589583 0.696875 0.589583 0.695312 0.587500 0.693750 0.587500 0.692187 0.585417 0.689062 0.585417 0.687500 0.583333 0.685938 0.583333 0.684375 0.581250 0.681250 0.581250 0.678125 0.577083 0.678125 0.570833 0.678125 0.581250 0.676562 0.583333 0.676562 0.595833 0.675000 0.597917 0.675000 0.602083 0.673437 0.604167 0.673437 0.606250 0.671875 0.608333 0.671875 0.612500 0.670313 0.614583 0.670313 0.616667 0.668750 0.618750 0.668750 0.620833 0.667188 0.622917 0.667188 0.625000 0.665625 0.627083 0.665625 0.629167 0.656250 0.641667 0.654688 0.641667 0.650000 0.647917 0.648438 0.647917 0.646875 0.650000 0.645312 0.650000 0.643750 0.652083 0.640625 0.652083 0.639063 0.654167 0.632812 0.654167 0.631250 0.656250 0.628125 0.656250 0.625000 0.660417 0.623438 0.660417 0.623438 0.664583 0.621875 0.666667 0.621875 0.670833 0.620313 0.672917 0.620313 0.675000 0.617188 0.679167 0.617188 0.681250 0.614062 0.685417 0.496875 0.687500 0.496875 0.645833 0.498437 0.643750 0.498437 0.581250 0.500000 0.579167 0.500000 0.570833 0.340625 0.570833 0.340625 0.614583 0.346875 0.614583 0.348437 0.612500 0.353125 0.612500 0.354688 0.614583 0.354688 0.616667 0.356250 0.616667 0.359375 0.620833 0.359375 0.622917 0.362500 0.627083 0.359375 0.631250 0.350000 0.631250 0.348437 0.629167 0.340625 0.629167 0.340625 0.856250 0.348437 0.856250 0.350000 0.858333 0.357812 0.858333 0.359375 0.860417 0.390625 0.860417 0.392188 0.862500 0.426562 0.862500 0.428125 0.864583 0.454688 0.864583 0.456250 0.866667 0.459375 0.866667 0.460938 0.864583 0.467187 0.864583 0.468750 0.862500 0.470313 0.862500 0.473437 0.858333 0.473437 0.856250 0.475000 0.854167 0.475000 0.843750 0.476562 0.841667 0.476562 0.829167 0.478125 0.827083 0.478125 0.818750 0.479688 0.816667 0.479688 0.802083 0.481250 0.800000 0.481250 0.785417 0.482812 0.783333 0.482812 0.775000 0.484375 0.772917 0.484375 0.766667 0.485938 0.764583 0.485938 0.760417 0.487500 0.758333 0.487500 0.754167 0.489062 0.752083 0.489062 0.745833 0.490625 0.743750 0.490625 0.731250 0.492188 0.729167 0.492188 0.718750 0.493750 0.716667 0.493750 0.708333 0.495313 0.706250 0.495313 0.689583 0.496875 0.687500
2 0.228125 0.429167 0.228125 0.437500 0.229687 0.439583 0.229687 0.450000 0.226562 0.454167 0.221875 0.454167 0.221875 0.477083 0.246875 0.477083 0.246875 0.468750 0.248437 0.466667 0.248437 0.464583 0.250000 0.462500 0.250000 0.460417 0.251563 0.458333 0.251563 0.456250 0.253125 0.454167 0.253125 0.452083 0.257812 0.445833 0.264062 0.445833 0.264062 0.429167
9 0.071875 0.287500 0.071875 0.327083 0.089062 0.327083 0.089062 0.287500
7 0.146875 0.387500 0.146875 0.439583 0.153125 0.439583 0.157813 0.445833 0.157813 0.447917 0.160938 0.452083 0.160938 0.454167 0.162500 0.456250 0.162500 0.460417 0.165625 0.464583 0.165625 0.466667 0.168750 0.470833 0.168750 0.477083 0.185937 0.477083 0.185937 0.470833 0.189063 0.466667 0.190625 0.466667 0.192188 0.464583 0.192188 0.460417 0.193750 0.458333 0.193750 0.450000 0.192188 0.447917 0.192188 0.435417 0.193750 0.433333 0.193750 0.431250 0.195312 0.429167 0.201562 0.429167 0.201562 0.387500
2 0.198437 0.420833 0.198437 0.427083 0.196875 0.429167 0.196875 0.431250 0.195312 0.433333 0.190625 0.433333 0.190625 0.447917 0.195312 0.447917 0.196875 0.450000 0.201562 0.450000 0.203125 0.452083 0.203125 0.462500 0.201562 0.464583 0.201562 0.468750 0.203125 0.470833 0.204688 0.470833 0.206250 0.468750 0.212500 0.468750 0.214062 0.466667 0.215625 0.466667 0.217187 0.468750 0.218750 0.468750 0.220313 0.470833 0.223438 0.470833 0.228125 0.477083 0.228125 0.485417 0.228125 0.477083 0.229687 0.475000 0.231250 0.475000 0.232812 0.472917 0.243750 0.472917 0.245312 0.470833 0.246875 0.470833 0.246875 0.466667 0.248437 0.464583 0.248437 0.462500 0.251563 0.458333 0.251563 0.456250 0.253125 0.454167 0.253125 0.452083 0.257812 0.445833 0.264062 0.445833 0.264062 0.420833
0 0.990625 0.429167 0.990625 0.435417 0.989062 0.437500 0.989062 0.443750 0.987500 0.445833 0.987500 0.479167 0.982813 0.485417 0.978125 0.485417 0.978125 0.543750 0.984375 0.543750 0.984375 0.537500 0.987500 0.533333 0.990625 0.533333 0.995313 0.527083 0.995313 0.518750 0.996875 0.516667 0.998438 0.516667 0.998438 0.429167
