2 0.964063 0.734542 0.964063 0.740938 0.962500 0.743070 0.962500 0.745203 0.956250 0.753731 0.954687 0.753731 0.953125 0.755864 0.950000 0.755864 0.948438 0.757996 0.946875 0.757996 0.945312 0.760128 0.943750 0.760128 0.942187 0.762260 0.940625 0.762260 0.935938 0.768657 0.934375 0.768657 0.929688 0.775053 0.928125 0.775053 0.926562 0.777185 0.926562 0.779318 0.921875 0.785714 0.921875 0.787847 0.920313 0.789979 0.920313 0.792111 0.918750 0.794243 0.918750 0.800640 0.917188 0.802772 0.917188 0.804904 0.907812 0.817697 0.903125 0.817697 0.903125 0.860341 0.907812 0.860341 0.923437 0.881663 0.925000 0.881663 0.929688 0.888060 0.931250 0.888060 0.932813 0.890192 0.935938 0.890192 0.937500 0.892324 0.940625 0.892324 0.942187 0.894456 0.945312 0.894456 0.946875 0.896589 0.954687 0.896589 0.956250 0.898721 0.962500 0.898721 0.964063 0.900853 0.967188 0.900853 0.973437 0.909382 0.975000 0.909382 0.976562 0.911514 0.976562 0.920043 0.998438 0.920043 0.998438 0.734542
11 0.464063 0.427505 0.464063 0.436034 0.462500 0.438166 0.462500 0.448827 0.460938 0.450959 0.460938 0.457356 0.457812 0.461620 0.453125 0.461620 0.453125 0.489339 0.457812 0.489339 0.459375 0.491471 0.459375 0.493603 0.460938 0.495736 0.460938 0.504264 0.462500 0.506397 0.462500 0.510661 0.464063 0.512793 0.464063 0.514925 0.465625 0.517058 0.465625 0.519190 0.467187 0.521322 0.467187 0.523454 0.468750 0.525586 0.468750 0.527719 0.470313 0.529851 0.470313 0.531983 0.473437 0.536247 0.473437 0.538380 0.478125 0.544776 0.478125 0.553305 0.501562 0.553305 0.501562 0.546908 0.503125 0.544776 0.503125 0.540512 0.504687 0.538380 0.504687 0.531983 0.506250 0.529851 0.506250 0.525586 0.509375 0.521322 0.514063 0.521322 0.514063 0.500000 0.509375 0.500000 0.506250 0.495736 0.506250 0.489339 0.504687 0.487207 0.504687 0.476546 0.503125 0.474414 0.503125 0.470149 0.501562 0.468017 0.501562 0.465885 0.500000 0.463753 0.500000 0.461620 0.493750 0.453092 0.493750 0.450959 0.487500 0.442431 0.487500 0.440298 0.482812 0.433902 0.482812 0.427505
2 0.243750 0.657782 0.243750 0.664179 0.240625 0.668444 0.239063 0.668444 0.237500 0.670576 0.235938 0.670576 0.234375 0.672708 0.229687 0.672708 0.228125 0.670576 0.225000 0.670576 0.223438 0.668444 0.218750 0.668444 0.217187 0.670576 0.214062 0.670576 0.212500 0.672708 0.210938 0.672708 0.206250 0.679105 0.203125 0.679105 0.201562 0.681237 0.200000 0.681237 0.198437 0.683369 0.198437 0.685501 0.195312 0.689765 0.190625 0.689765 0.190625 0.708955 0.200000 0.708955 0.201562 0.706823 0.203125 0.706823 0.204688 0.708955 0.209375 0.708955 0.212500 0.704691 0.212500 0.702559 0.215625 0.698294 0.215625 0.696162 0.218750 0.691898 0.218750 0.689765 0.221875 0.685501 0.226562 0.685501 0.228125 0.683369 0.229687 0.683369 0.232812 0.679105 0.234375 0.679105 0.240625 0.687633 0.240625 0.694030 0.237500 0.698294 0.237500 0.700426 0.229687 0.711087 0.228125 0.711087 0.226562 0.713220 0.225000 0.713220 0.223438 0.715352 0.215625 0.715352 0.217187 0.717484 0.220313 0.717484 0.226562 0.726013 0.240625 0.726013 0.242188 0.728145 0.245312 0.728145 0.246875 0.730277 0.251563 0.730277 0.253125 0.732409 0.256250 0.732409 0.257812 0.734542 0.260938 0.734542 0.262500 0.736674 0.265625 0.736674 0.267188 0.738806 0.268750 0.738806 0.270312 0.740938 0.275000 0.740938 0.276563 0.743070 0.285937 0.743070 0.287500 0.745203 0.290625 0.745203 0.292188 0.747335 0.293750 0.747335 0.295312 0.749467 0.296875 0.749467 0.309375 0.766524 0.310937 0.766524 0.312500 0.768657 0.312500 0.775053 0.364062 0.775053 0.364062 0.768657 0.368750 0.762260 0.368750 0.760128 0.371875 0.755864 0.373437 0.755864 0.375000 0.753731 0.376563 0.753731 0.379687 0.749467 0.379687 0.747335 0.381250 0.745203 0.381250 0.738806 0.382812 0.736674 0.382812 0.723881 0.379687 0.719616 0.379687 0.717484 0.378125 0.717484 0.376563 0.715352 0.375000 0.715352 0.373437 0.713220 0.371875 0.713220 0.370313 0.711087 0.368750 0.711087 0.367188 0.708955 0.365625 0.708955 0.364062 0.706823 0.357812 0.706823 0.356250 0.704691 0.353125 0.704691 0.350000 0.700426 0.346875 0.700426 0.345313 0.698294 0.343750 0.698294 0.340625 0.694030 0.340625 0.691898 0.334375 0.683369 0.334375 0.681237 0.332812 0.681237 0.329688 0.676972 0.328125 0.676972 0.326562 0.674840 0.325000 0.674840 0.323438 0.672708 0.321875 0.672708 0.320312 0.670576 0.317187 0.670576 0.315625 0.668444 0.312500 0.668444 0.310937 0.666311 0.309375 0.666311 0.307813 0.664179 0.307813 0.657782
2 0.121875 0.683369 0.121875 0.689765 0.120312 0.691898 0.118750 0.691898 0.117188 0.694030 0.115625 0.694030 0.114063 0.696162 0.110937 0.696162 0.109375 0.698294 0.104687 0.698294 0.103125 0.700426 0.100000 0.700426 0.098438 0.702559 0.096875 0.702559 0.095312 0.704691 0.092188 0.704691 0.090625 0.706823 0.082813 0.706823 0.079687 0.711087 0.078125 0.711087 0.076563 0.713220 0.075000 0.713220 0.071875 0.717484 0.070312 0.717484 0.067188 0.721748 0.065625 0.721748 0.064062 0.723881 0.060938 0.723881 0.059375 0.726013 0.057813 0.726013 0.056250 0.728145 0.053125 0.728145 0.051562 0.730277 0.050000 0.730277 0.045313 0.736674 0.045313 0.738806 0.039062 0.747335 0.039062 0.749467 0.034375 0.755864 0.028125 0.755864 0.028125 0.779318 0.032812 0.779318 0.039062 0.787847 0.042188 0.787847 0.043750 0.789979 0.050000 0.789979 0.051562 0.792111 0.053125 0.792111 0.054688 0.789979 0.067188 0.789979 0.068750 0.792111 0.073437 0.792111 0.075000 0.794243 0.082813 0.794243 0.082813 0.792111 0.084375 0.789979 0.084375 0.785714 0.087500 0.781450 0.092188 0.781450 0.095312 0.785714 0.095312 0.787847 0.104687 0.787847 0.107813 0.783582 0.109375 0.783582 0.112500 0.787847 0.117188 0.787847 0.118750 0.785714 0.129688 0.785714 0.131250 0.783582 0.135937 0.783582 0.137500 0.781450 0.140625 0.781450 0.142188 0.779318 0.143750 0.779318 0.146875 0.775053 0.146875 0.772921 0.148438 0.770789 0.148438 0.766524 0.154687 0.757996 0.154687 0.755864 0.156250 0.753731 0.156250 0.751599 0.165625 0.738806 0.167187 0.740938 0.168750 0.740938 0.170312 0.743070 0.171875 0.743070 0.173438 0.745203 0.176563 0.745203 0.179688 0.749467 0.179688 0.751599 0.181250 0.753731 0.181250 0.755864 0.182812 0.757996 0.182812 0.760128 0.189063 0.768657 0.190625 0.768657 0.192188 0.770789 0.193750 0.770789 0.195312 0.772921 0.196875 0.772921 0.200000 0.777185 0.200000 0.779318 0.201562 0.781450 0.201562 0.783582 0.203125 0.785714 0.206250 0.785714 0.207813 0.787847 0.209375 0.785714 0.223438 0.785714 0.225000 0.787847 0.231250 0.787847 0.232812 0.789979 0.234375 0.789979 0.237500 0.785714 0.237500 0.779318 0.240625 0.775053 0.242188 0.777185 0.242188 0.779318 0.245312 0.783582 0.245312 0.785714 0.246875 0.787847 0.246875 0.792111 0.248437 0.794243 0.270312 0.794243 0.271875 0.792111 0.275000 0.792111 0.278125 0.787847 0.279687 0.787847 0.281250 0.785714 0.282813 0.785714 0.284375 0.783582 0.285937 0.783582 0.287500 0.781450 0.289062 0.781450 0.290625 0.779318 0.293750 0.779318 0.295312 0.777185 0.301562 0.777185 0.303125 0.775053 0.307813 0.775053 0.307813 0.743070 0.287500 0.743070 0.285937 0.740938 0.282813 0.740938 0.281250 0.738806 0.273438 0.738806 0.271875 0.736674 0.268750 0.736674 0.267188 0.734542 0.265625 0.734542 0.264062 0.732409 0.260938 0.732409 0.259375 0.730277 0.243750 0.730277 0.242188 0.732409 0.234375 0.732409 0.232812 0.730277 0.229687 0.730277 0.228125 0.728145 0.226562 0.728145 0.225000 0.726013 0.223438 0.726013 0.221875 0.723881 0.220313 0.723881 0.215625 0.717484 0.214062 0.717484 0.204688 0.704691 0.203125 0.704691 0.200000 0.700426 0.198437 0.700426 0.196875 0.698294 0.193750 0.698294 0.192188 0.696162 0.189063 0.696162 0.187500 0.694030 0.179688 0.694030 0.178125 0.691898 0.175000 0.691898 0.173438 0.689765 0.173438 0.683369
2 0.000000 0.640725 0.000000 0.757996 0.032812 0.757996 0.032812 0.749467 0.034375 0.747335 0.034375 0.745203 0.037500 0.740938 0.037500 0.738806 0.039062 0.736674 0.039062 0.732409 0.040625 0.730277 0.040625 0.728145 0.043750 0.723881 0.043750 0.721748 0.051562 0.711087 0.057813 0.711087 0.057813 0.683369 0.051562 0.683369 0.048437 0.679105 0.048437 0.676972 0.045313 0.672708 0.042188 0.672708 0.040625 0.670576 0.039062 0.670576 0.037500 0.668444 0.035937 0.668444 0.034375 0.666311 0.032812 0.666311 0.031250 0.664179 0.029687 0.664179 0.028125 0.662047 0.026563 0.662047 0.025000 0.659915 0.023438 0.659915 0.018750 0.653518 0.017188 0.653518 0.012500 0.647122 0.012500 0.640725
0 0.671875 0.589552 0.671875 0.606610 0.670313 0.608742 0.665625 0.608742 0.665625 0.668444 0.673437 0.668444 0.675000 0.666311 0.676562 0.666311 0.679688 0.670576 0.679688 0.674840 0.678125 0.676972 0.678125 0.679105 0.676562 0.681237 0.676562 0.683369 0.675000 0.685501 0.675000 0.702559 0.676562 0.704691 0.676562 0.713220 0.675000 0.715352 0.675000 0.726013 0.681250 0.734542 0.681250 0.740938 0.690625 0.740938 0.690625 0.734542 0.692187 0.732409 0.692187 0.730277 0.693750 0.728145 0.693750 0.726013 0.695312 0.723881 0.695312 0.711087 0.696875 0.708955 0.696875 0.696162 0.698438 0.694030 0.698438 0.687633 0.700000 0.685501 0.700000 0.674840 0.701563 0.672708 0.701563 0.644989 0.700000 0.642857 0.700000 0.634328 0.698438 0.632196 0.698438 0.625800 0.696875 0.623667 0.696875 0.619403 0.695312 0.617271 0.695312 0.613006 0.693750 0.610874 0.693750 0.606610 0.692187 0.604478 0.692187 0.589552
0 0.600000 0.598081 0.600000 0.617271 0.601562 0.619403 0.601562 0.623667 0.600000 0.625800 0.600000 0.630064 0.598437 0.632196 0.598437 0.636461 0.596875 0.638593 0.596875 0.642857 0.595312 0.644989 0.590625 0.644989 0.590625 0.657782 0.595312 0.657782 0.596875 0.659915 0.596875 0.662047 0.598437 0.664179 0.598437 0.666311 0.600000 0.668444 0.600000 0.672708 0.601562 0.674840 0.601562 0.679105 0.603125 0.681237 0.603125 0.687633 0.604688 0.689765 0.604688 0.713220 0.606250 0.715352 0.606250 0.717484 0.607813 0.719616 0.607813 0.721748 0.610937 0.726013 0.610937 0.730277 0.612500 0.732409 0.612500 0.738806 0.615625 0.743070 0.617188 0.743070 0.618750 0.745203 0.620313 0.745203 0.621875 0.747335 0.632812 0.747335 0.634375 0.745203 0.637500 0.745203 0.639063 0.743070 0.645312 0.743070 0.645312 0.711087 0.640625 0.711087 0.637500 0.706823 0.637500 0.702559 0.635938 0.700426 0.635938 0.698294 0.634375 0.696162 0.634375 0.694030 0.629687 0.687633 0.628125 0.687633 0.626562 0.685501 0.626562 0.683369 0.625000 0.681237 0.625000 0.676972 0.623438 0.674840 0.623438 0.670576 0.625000 0.668444 0.625000 0.664179 0.626562 0.662047 0.628125 0.662047 0.632812 0.655650 0.632812 0.651386 0.634375 0.649254 0.634375 0.644989 0.632812 0.642857 0.632812 0.638593 0.628125 0.632196 0.628125 0.630064 0.621875 0.621535 0.621875 0.617271 0.620313 0.615139 0.620313 0.608742 0.621875 0.606610 0.621875 0.598081
0 0.546875 0.581023 0.546875 0.600213 0.545313 0.602345 0.545313 0.606610 0.542188 0.610874 0.542188 0.613006 0.539062 0.617271 0.534375 0.617271 0.534375 0.642857 0.542188 0.642857 0.546875 0.649254 0.546875 0.651386 0.548437 0.653518 0.548437 0.655650 0.550000 0.657782 0.550000 0.664179 0.551562 0.666311 0.551562 0.679105 0.550000 0.681237 0.551562 0.683369 0.551562 0.691898 0.546875 0.698294 0.545313 0.698294 0.540625 0.691898 0.540625 0.689765 0.539062 0.687633 0.534375 0.687633 0.534375 0.706823 0.553125 0.706823 0.553125 0.698294 0.556250 0.694030 0.557813 0.694030 0.557813 0.691898 0.559375 0.689765 0.559375 0.687633 0.560938 0.685501 0.560938 0.683369 0.565625 0.676972 0.565625 0.674840 0.567187 0.672708 0.567187 0.666311 0.568750 0.664179 0.568750 0.640725 0.567187 0.638593 0.567187 0.632196 0.565625 0.630064 0.565625 0.627932 0.564062 0.625800 0.564062 0.623667 0.562500 0.621535 0.562500 0.615139 0.560938 0.613006 0.560938 0.602345 0.562500 0.600213 0.562500 0.598081 0.564062 0.595949 0.564062 0.581023
2 0.000000 0.674840 0.000000 0.757996 0.031250 0.757996 0.031250 0.751599 0.032812 0.749467 0.032812 0.747335 0.035937 0.743070 0.035937 0.740938 0.037500 0.738806 0.037500 0.736674 0.039062 0.734542 0.039062 0.730277 0.042188 0.726013 0.042188 0.723881 0.048437 0.715352 0.048437 0.713220 0.051562 0.708955 0.057813 0.708955 0.057813 0.685501 0.053125 0.685501 0.051562 0.683369 0.051562 0.674840
0 0.510938 0.589552 0.510938 0.602345 0.512500 0.604478 0.512500 0.606610 0.510938 0.608742 0.510938 0.615139 0.507812 0.619403 0.503125 0.619403 0.503125 0.674840 0.507812 0.674840 0.510938 0.679105 0.510938 0.681237 0.517187 0.689765 0.517187 0.694030 0.518750 0.696162 0.518750 0.717484 0.520312 0.719616 0.520312 0.728145 0.525000 0.734542 0.525000 0.740938 0.528125 0.740938 0.528125 0.719616 0.529688 0.717484 0.529688 0.704691 0.531250 0.702559 0.531250 0.698294 0.534375 0.694030 0.539062 0.694030 0.539062 0.670576 0.534375 0.670576 0.531250 0.666311 0.531250 0.664179 0.529688 0.662047 0.529688 0.657782 0.528125 0.655650 0.528125 0.632196 0.529688 0.630064 0.529688 0.625800 0.534375 0.619403 0.539062 0.619403 0.539062 0.608742 0.534375 0.608742 0.529688 0.602345 0.529688 0.600213 0.528125 0.598081 0.528125 0.589552
0 0.571875 0.623667 0.571875 0.687633 0.576563 0.687633 0.579687 0.691898 0.579687 0.698294 0.581250 0.700426 0.581250 0.708955 0.582812 0.711087 0.582812 0.715352 0.584375 0.717484 0.584375 0.732409 0.585938 0.734542 0.585938 0.736674 0.587500 0.738806 0.587500 0.740938 0.589063 0.743070 0.590625 0.743070 0.592188 0.745203 0.595312 0.745203 0.596875 0.747335 0.598437 0.745203 0.600000 0.745203 0.603125 0.740938 0.603125 0.736674 0.604688 0.734542 0.604688 0.730277 0.603125 0.728145 0.603125 0.717484 0.601562 0.715352 0.601562 0.681237 0.600000 0.679105 0.600000 0.672708 0.598437 0.670576 0.598437 0.666311 0.596875 0.664179 0.596875 0.659915 0.595312 0.657782 0.595312 0.653518 0.593750 0.651386 0.593750 0.640725 0.595312 0.638593 0.595312 0.634328 0.596875 0.632196 0.596875 0.623667 0.585938 0.623667 0.585938 0.630064 0.584375 0.632196 0.582812 0.632196 0.581250 0.630064 0.581250 0.623667
56 0.553125 0.666311 0.551562 0.668444 0.551562 0.672708 0.550000 0.674840 0.551562 0.676972 0.551562 0.685501 0.553125 0.687633 0.553125 0.698294 0.551562 0.700426 0.551562 0.702559 0.545313 0.711087 0.543750 0.711087 0.542188 0.708955 0.540625 0.708955 0.539062 0.711087 0.539062 0.713220 0.537500 0.715352 0.537500 0.719616 0.535937 0.721748 0.535937 0.723881 0.534375 0.726013 0.535937 0.728145 0.535937 0.730277 0.537500 0.732409 0.537500 0.740938 0.539062 0.743070 0.540625 0.743070 0.543750 0.747335 0.543750 0.749467 0.546875 0.753731 0.548437 0.753731 0.550000 0.755864 0.553125 0.755864 0.554688 0.757996 0.554688 0.760128 0.556250 0.762260 0.557813 0.762260 0.559375 0.764392 0.560938 0.764392 0.562500 0.766524 0.562500 0.777185 0.564062 0.779318 0.565625 0.779318 0.565625 0.766524 0.564062 0.764392 0.564062 0.762260 0.562500 0.760128 0.562500 0.749467 0.564062 0.747335 0.565625 0.747335 0.567187 0.749467 0.568750 0.749467 0.570312 0.751599 0.571875 0.751599 0.573438 0.753731 0.573438 0.755864 0.575000 0.757996 0.575000 0.762260 0.576563 0.764392 0.576563 0.772921 0.578125 0.775053 0.578125 0.777185 0.579687 0.777185 0.582812 0.781450 0.589063 0.781450 0.589063 0.764392 0.584375 0.764392 0.581250 0.760128 0.581250 0.745203 0.579687 0.743070 0.579687 0.715352 0.578125 0.713220 0.578125 0.704691 0.576563 0.702559 0.576563 0.689765 0.573438 0.689765 0.571875 0.687633 0.570312 0.687633 0.568750 0.685501 0.568750 0.683369 0.567187 0.681237 0.567187 0.679105 0.565625 0.676972 0.564062 0.676972 0.560938 0.681237 0.560938 0.683369 0.559375 0.685501 0.557813 0.685501 0.554688 0.681237 0.554688 0.672708 0.553125 0.670576
5 0.790625 0.436034 0.790625 0.444563 0.784375 0.453092 0.781250 0.453092 0.779688 0.455224 0.773438 0.455224 0.771875 0.457356 0.767187 0.457356 0.765625 0.459488 0.762500 0.459488 0.760938 0.461620 0.757812 0.461620 0.756250 0.463753 0.754687 0.463753 0.753125 0.465885 0.750000 0.465885 0.748438 0.468017 0.746875 0.468017 0.743750 0.472281 0.742188 0.472281 0.734375 0.482942 0.732813 0.482942 0.726562 0.491471 0.725000 0.491471 0.721875 0.495736 0.720312 0.495736 0.717188 0.500000 0.715625 0.500000 0.715625 0.502132 0.710938 0.508529 0.710938 0.510661 0.703125 0.521322 0.703125 0.523454 0.701563 0.525586 0.701563 0.538380 0.700000 0.540512 0.700000 0.553305 0.698438 0.555437 0.698438 0.561834 0.696875 0.563966 0.696875 0.570362 0.695312 0.572495 0.690625 0.572495 0.690625 0.621535 0.695312 0.621535 0.696875 0.623667 0.696875 0.627932 0.698438 0.630064 0.698438 0.636461 0.700000 0.638593 0.700000 0.649254 0.701563 0.651386 0.701563 0.681237 0.700000 0.683369 0.700000 0.691898 0.698438 0.694030 0.698438 0.715352 0.696875 0.717484 0.696875 0.723881 0.700000 0.728145 0.701563 0.728145 0.703125 0.730277 0.703125 0.732409 0.706250 0.736674 0.706250 0.738806 0.709375 0.743070 0.715625 0.743070 0.717188 0.740938 0.720312 0.740938 0.721875 0.738806 0.723437 0.738806 0.725000 0.740938 0.739062 0.740938 0.740625 0.743070 0.742188 0.743070 0.743750 0.745203 0.748438 0.745203 0.750000 0.743070 0.751562 0.743070 0.753125 0.740938 0.756250 0.740938 0.757812 0.738806 0.767187 0.738806 0.768750 0.736674 0.790625 0.736674 0.792188 0.734542 0.793750 0.734542 0.795313 0.732409 0.800000 0.732409 0.801562 0.730277 0.818750 0.730277 0.820312 0.728145 0.840625 0.728145 0.842188 0.726013 0.860937 0.726013 0.862500 0.723881 0.867188 0.723881 0.868750 0.721748 0.876562 0.721748 0.878125 0.719616 0.881250 0.719616 0.882812 0.717484 0.884375 0.717484 0.885938 0.715352 0.895312 0.715352 0.904688 0.728145 0.906250 0.728145 0.907812 0.730277 0.915625 0.730277 0.917188 0.732409 0.921875 0.732409 0.923437 0.730277 0.925000 0.730277 0.931250 0.721748 0.931250 0.717484 0.932813 0.715352 0.932813 0.706823 0.934375 0.704691 0.934375 0.702559 0.935938 0.700426 0.935938 0.698294 0.942187 0.689765 0.943750 0.689765 0.950000 0.681237 0.950000 0.679105 0.953125 0.674840 0.957812 0.674840 0.957812 0.563966 0.953125 0.563966 0.951563 0.561834 0.951563 0.559702 0.950000 0.557569 0.950000 0.551173 0.948438 0.549040 0.948438 0.542644 0.946875 0.540512 0.946875 0.536247 0.945312 0.534115 0.945312 0.529851 0.943750 0.527719 0.943750 0.523454 0.942187 0.521322 0.942187 0.519190 0.940625 0.517058 0.940625 0.512793 0.939062 0.510661 0.939062 0.508529 0.937500 0.506397 0.937500 0.502132 0.935938 0.500000 0.935938 0.497868 0.934375 0.495736 0.934375 0.493603 0.929688 0.487207 0.928125 0.487207 0.926562 0.485075 0.925000 0.485075 0.923437 0.482942 0.920313 0.482942 0.918750 0.480810 0.915625 0.480810 0.914062 0.478678 0.910937 0.478678 0.909375 0.476546 0.907812 0.476546 0.903125 0.470149 0.901563 0.470149 0.900000 0.468017 0.895312 0.468017 0.893750 0.465885 0.878125 0.465885 0.876562 0.463753 0.871875 0.463753 0.865625 0.455224 0.865625 0.453092 0.864062 0.450959 0.864062 0.446695 0.862500 0.444563 0.862500 0.436034
2 0.470313 0.708955 0.470313 0.708955 0.471875 0.689765 0.476562 0.689765 0.476562 0.687633 0.478125 0.685501 0.478125 0.676972 0.476562 0.674840 0.479688 0.670576 0.481250 0.670576 0.485938 0.664179 0.485938 0.657782 0.412500 0.657782 0.412500 0.664179 0.409375 0.668444 0.404687 0.668444 0.403125 0.670576 0.400000 0.670576 0.398438 0.672708 0.393750 0.672708 0.392188 0.674840 0.385938 0.674840 0.384375 0.676972 0.360938 0.676972 0.359375 0.679105 0.346875 0.679105 0.346875 0.700426 0.364062 0.700426 0.365625 0.702559 0.368750 0.702559 0.370313 0.704691 0.371875 0.704691 0.373437 0.706823 0.376563 0.706823 0.378125 0.708955 0.385938 0.708955 0.387500 0.706823 0.390625 0.706823 0.392188 0.704691 0.400000 0.704691 0.401563 0.706823 0.404687 0.706823 0.406250 0.708955 0.407813 0.708955 0.409375 0.711087 0.412500 0.711087 0.414062 0.713220 0.417188 0.713220 0.418750 0.711087 0.443750 0.711087 0.445312 0.713220 0.446875 0.713220 0.448438 0.711087 0.450000 0.711087 0.451562 0.708955 0.448438 0.704691 0.446875 0.704691 0.445312 0.702559 0.443750 0.702559 0.440625 0.698294 0.442187 0.696162 0.443750 0.696162 0.443750 0.694030 0.446875 0.689765 0.459375 0.689765 0.460938 0.687633 0.462500 0.687633 0.464063 0.685501 0.465625 0.685501 0.467187 0.687633 0.470313 0.687633 0.471875 0.689765
2 0.360938 0.666311 0.360938 0.672708 0.357812 0.676972 0.354688 0.676972 0.353125 0.679105 0.350000 0.679105 0.348437 0.681237 0.340625 0.681237 0.340625 0.696162 0.346875 0.696162 0.350000 0.700426 0.356250 0.700426 0.357812 0.702559 0.367188 0.702559 0.368750 0.704691 0.370313 0.704691 0.371875 0.706823 0.376563 0.706823 0.378125 0.708955 0.378125 0.715352 0.385938 0.715352 0.385938 0.708955 0.387500 0.706823 0.389062 0.706823 0.390625 0.704691 0.398438 0.704691 0.400000 0.706823 0.400000 0.715352 0.425000 0.715352 0.425000 0.702559 0.429688 0.696162 0.431250 0.696162 0.432813 0.694030 0.434375 0.694030 0.435937 0.696162 0.439063 0.696162 0.442187 0.700426 0.437500 0.706823 0.435937 0.706823 0.435937 0.715352 0.464063 0.715352 0.464063 0.708955 0.457812 0.700426 0.457812 0.691898 0.459375 0.689765 0.460938 0.689765 0.462500 0.687633 0.470313 0.687633 0.470313 0.666311
2 0.453125 0.649254 0.453125 0.672708 0.487500 0.672708 0.487500 0.666311 0.490625 0.662047 0.495313 0.662047 0.495313 0.649254
