0 0.056250 0.092506 0.056250 0.099532 0.050000 0.108899 0.048437 0.108899 0.046875 0.111241 0.040625 0.111241 0.039062 0.108899 0.010937 0.108899 0.009375 0.111241 0.007812 0.111241 0.007812 0.113583 0.004688 0.118267 0.004688 0.120609 0.003125 0.122951 0.003125 0.125293 0.001563 0.127635 0.000000 0.127635 0.000000 0.989461 0.148438 0.989461 0.148438 0.980094 0.150000 0.977752 0.150000 0.973068 0.151562 0.970726 0.151562 0.959016 0.153125 0.956674 0.153125 0.944965 0.154687 0.942623 0.154687 0.935597 0.156250 0.933255 0.156250 0.926230 0.157813 0.923888 0.157813 0.914520 0.159375 0.912178 0.159375 0.909836 0.160938 0.907494 0.160938 0.905152 0.162500 0.902810 0.162500 0.900468 0.164062 0.898126 0.164062 0.893443 0.165625 0.891101 0.165625 0.886417 0.168750 0.881733 0.168750 0.877049 0.170312 0.874707 0.170312 0.870023 0.171875 0.867682 0.171875 0.865340 0.173438 0.862998 0.173438 0.860656 0.175000 0.858314 0.175000 0.853630 0.176563 0.851288 0.176563 0.846604 0.178125 0.844262 0.178125 0.841920 0.179688 0.839578 0.179688 0.834895 0.181250 0.832553 0.181250 0.830211 0.182812 0.827869 0.182812 0.825527 0.184375 0.823185 0.184375 0.818501 0.185937 0.816159 0.185937 0.806792 0.187500 0.804450 0.187500 0.783372 0.189063 0.781030 0.189063 0.776347 0.190625 0.774005 0.195312 0.774005 0.195312 0.764637 0.190625 0.764637 0.189063 0.762295 0.189063 0.757611 0.187500 0.755269 0.187500 0.741218 0.185937 0.738876 0.185937 0.727166 0.184375 0.724824 0.184375 0.717799 0.182812 0.715457 0.182812 0.706089 0.181250 0.703747 0.181250 0.699063 0.179688 0.696721 0.179688 0.694379 0.176563 0.689696 0.176563 0.682670 0.175000 0.680328 0.175000 0.670960 0.173438 0.668618 0.173438 0.656909 0.171875 0.654567 0.171875 0.628806 0.173438 0.626464 0.173438 0.612412 0.175000 0.610070 0.175000 0.600703 0.176563 0.598361 0.176563 0.579625 0.178125 0.577283 0.178125 0.553864 0.179688 0.551522 0.179688 0.530445 0.181250 0.528103 0.181250 0.514051 0.182812 0.511710 0.182812 0.504684 0.184375 0.502342 0.184375 0.495316 0.185937 0.492974 0.185937 0.488290 0.187500 0.485948 0.187500 0.483607 0.181250 0.474239 0.181250 0.462529 0.182812 0.460187 0.182812 0.457845 0.178125 0.450820 0.178125 0.436768 0.176563 0.434426 0.176563 0.429742 0.175000 0.427400 0.175000 0.425059 0.173438 0.422717 0.173438 0.418033 0.171875 0.415691 0.171875 0.411007 0.170312 0.408665 0.170312 0.403981 0.168750 0.401639 0.168750 0.394614 0.167187 0.392272 0.167187 0.380562 0.165625 0.378220 0.165625 0.368852 0.164062 0.366511 0.164062 0.352459 0.162500 0.350117 0.162500 0.345433 0.160938 0.343091 0.160938 0.340749 0.159375 0.338407 0.159375 0.336066 0.154687 0.329040 0.154687 0.326698 0.134375 0.296253 0.134375 0.293911 0.132812 0.291569 0.132812 0.289227 0.131250 0.286885 0.131250 0.284543 0.129688 0.282201 0.129688 0.277518 0.128125 0.275176 0.128125 0.272834 0.126563 0.270492 0.126563 0.268150 0.125000 0.268150 0.121875 0.263466 0.121875 0.261124 0.120312 0.261124 0.115625 0.254098 0.114063 0.254098 0.112500 0.251756 0.110937 0.251756 0.109375 0.249415 0.107813 0.249415 0.106250 0.247073 0.103125 0.247073 0.101562 0.244731 0.100000 0.244731 0.098438 0.242389 0.096875 0.242389 0.093750 0.237705 0.093750 0.235363 0.092188 0.233021 0.092188 0.221311 0.093750 0.218970 0.093750 0.214286 0.098438 0.207260 0.100000 0.207260 0.101562 0.204918 0.103125 0.204918 0.104687 0.202576 0.107813 0.202576 0.115625 0.190867 0.115625 0.188525 0.117188 0.186183 0.117188 0.179157 0.118750 0.176815 0.118750 0.165105 0.117188 0.162763 0.117188 0.158080 0.114063 0.153396 0.114063 0.151054 0.110937 0.146370 0.110937 0.144028 0.107813 0.139344 0.107813 0.137002 0.103125 0.129977 0.103125 0.127635 0.096875 0.118267 0.096875 0.115925 0.095312 0.113583 0.093750 0.113583 0.084375 0.099532 0.084375 0.092506
0 0.612500 0.382904 0.612500 0.392272 0.610937 0.394614 0.610937 0.396955 0.609375 0.399297 0.609375 0.403981 0.607813 0.406323 0.607813 0.415691 0.606250 0.418033 0.606250 0.439110 0.607813 0.441452 0.607813 0.460187 0.606250 0.462529 0.606250 0.464871 0.604688 0.467213 0.604688 0.469555 0.603125 0.471897 0.603125 0.474239 0.601562 0.476581 0.601562 0.481265 0.598437 0.485948 0.598437 0.488290 0.595312 0.492974 0.595312 0.495316 0.593750 0.497658 0.593750 0.500000 0.592188 0.502342 0.592188 0.507026 0.590625 0.509368 0.590625 0.511710 0.589063 0.514051 0.589063 0.518735 0.587500 0.521077 0.587500 0.532787 0.589063 0.535129 0.589063 0.542155 0.590625 0.544496 0.590625 0.549180 0.592188 0.551522 0.593750 0.551522 0.595312 0.553864 0.600000 0.553864 0.601562 0.551522 0.603125 0.551522 0.604688 0.553864 0.604688 0.560890 0.603125 0.563232 0.601562 0.563232 0.601562 0.567916 0.600000 0.570258 0.600000 0.621780 0.598437 0.624122 0.598437 0.687354 0.596875 0.689696 0.596875 0.771663 0.598437 0.774005 0.598437 0.788056 0.600000 0.790398 0.600000 0.802108 0.601562 0.804450 0.601562 0.825527 0.600000 0.827869 0.600000 0.851288 0.598437 0.853630 0.598437 0.862998 0.596875 0.865340 0.596875 0.872365 0.598437 0.874707 0.598437 0.879391 0.601562 0.884075 0.601562 0.886417 0.603125 0.888759 0.603125 0.895785 0.671875 0.895785 0.671875 0.888759 0.673437 0.886417 0.675000 0.886417 0.676562 0.884075 0.681250 0.884075 0.684375 0.879391 0.685938 0.879391 0.685938 0.867682 0.682813 0.862998 0.682813 0.860656 0.681250 0.858314 0.681250 0.848946 0.679688 0.846604 0.679688 0.837237 0.678125 0.834895 0.678125 0.830211 0.676562 0.827869 0.676562 0.823185 0.675000 0.820843 0.675000 0.816159 0.673437 0.813817 0.673437 0.795082 0.675000 0.792740 0.675000 0.788056 0.676562 0.785714 0.676562 0.781030 0.678125 0.778689 0.678125 0.766979 0.679688 0.764637 0.679688 0.757611 0.678125 0.755269 0.678125 0.750585 0.676562 0.748244 0.676562 0.736534 0.675000 0.734192 0.675000 0.717799 0.676562 0.715457 0.676562 0.666276 0.675000 0.663934 0.675000 0.649883 0.673437 0.647541 0.673437 0.612412 0.671875 0.610070 0.671875 0.607728 0.667188 0.600703 0.667188 0.598361 0.665625 0.598361 0.662500 0.593677 0.660937 0.593677 0.657812 0.588993 0.656250 0.588993 0.639063 0.563232 0.639063 0.560890 0.637500 0.558548 0.637500 0.546838 0.639063 0.544496 0.639063 0.537471 0.640625 0.535129 0.640625 0.530445 0.642187 0.528103 0.642187 0.525761 0.643750 0.523419 0.643750 0.518735 0.645312 0.516393 0.645312 0.511710 0.646875 0.509368 0.646875 0.502342 0.648438 0.500000 0.648438 0.488290 0.650000 0.485948 0.650000 0.474239 0.651563 0.471897 0.651563 0.467213 0.653125 0.464871 0.653125 0.462529 0.659375 0.453162 0.664062 0.453162 0.665625 0.450820 0.667188 0.450820 0.668750 0.448478 0.664062 0.441452 0.664062 0.439110 0.657812 0.429742 0.657812 0.427400 0.654688 0.422717 0.654688 0.420375 0.651563 0.415691 0.651563 0.413349 0.650000 0.411007 0.650000 0.408665 0.646875 0.403981 0.646875 0.401639 0.645312 0.399297 0.645312 0.396955 0.643750 0.394614 0.643750 0.392272 0.642187 0.389930 0.642187 0.382904
0 0.376563 0.373536 0.376563 0.371194 0.375000 0.371194 0.373437 0.368852 0.359375 0.368852 0.359375 0.380562 0.364062 0.380562 0.365625 0.378220 0.368750 0.378220 0.370313 0.375878 0.373437 0.375878 0.375000 0.373536 0.376563 0.373536 0.400000 0.415691 0.395312 0.422717 0.395312 0.425059 0.390625 0.432084 0.390625 0.434426 0.389062 0.436768 0.389062 0.441452 0.387500 0.443794 0.387500 0.450820 0.385938 0.453162 0.385938 0.457845 0.384375 0.460187 0.384375 0.471897 0.382812 0.474239 0.382812 0.483607 0.381250 0.485948 0.381250 0.492974 0.379687 0.495316 0.379687 0.502342 0.378125 0.504684 0.378125 0.509368 0.376563 0.511710 0.376563 0.521077 0.375000 0.523419 0.375000 0.535129 0.373437 0.537471 0.373437 0.558548 0.371875 0.560890 0.371875 0.581967 0.370313 0.584309 0.370313 0.612412 0.371875 0.614754 0.371875 0.624122 0.373437 0.626464 0.373437 0.645199 0.375000 0.647541 0.375000 0.654567 0.376563 0.656909 0.376563 0.670960 0.378125 0.673302 0.378125 0.675644 0.379687 0.677986 0.379687 0.680328 0.381250 0.682670 0.381250 0.692037 0.382812 0.694379 0.382812 0.696721 0.384375 0.699063 0.384375 0.703747 0.385938 0.706089 0.385938 0.708431 0.387500 0.710773 0.387500 0.713115 0.389062 0.715457 0.389062 0.731850 0.390625 0.734192 0.390625 0.741218 0.392188 0.743560 0.392188 0.750585 0.393750 0.752927 0.393750 0.771663 0.395312 0.774005 0.395312 0.783372 0.393750 0.785714 0.393750 0.811475 0.392188 0.813817 0.392188 0.830211 0.390625 0.832553 0.390625 0.846604 0.389062 0.848946 0.389062 0.862998 0.387500 0.865340 0.387500 0.872365 0.385938 0.874707 0.385938 0.877049 0.382812 0.881733 0.382812 0.884075 0.381250 0.886417 0.381250 0.891101 0.379687 0.893443 0.379687 0.907494 0.378125 0.909836 0.378125 0.916862 0.376563 0.919204 0.376563 0.921546 0.368750 0.933255 0.367188 0.933255 0.364062 0.937939 0.359375 0.937939 0.359375 0.970726 0.410937 0.970726 0.410937 0.963700 0.414062 0.959016 0.414062 0.956674 0.415625 0.954333 0.415625 0.949649 0.417188 0.947307 0.417188 0.930913 0.418750 0.928571 0.418750 0.921546 0.420312 0.919204 0.420312 0.914520 0.421875 0.912178 0.421875 0.898126 0.423438 0.895785 0.423438 0.888759 0.425000 0.886417 0.425000 0.877049 0.423438 0.874707 0.423438 0.867682 0.421875 0.865340 0.421875 0.860656 0.420312 0.858314 0.421875 0.855972 0.421875 0.853630 0.425000 0.848946 0.425000 0.846604 0.428125 0.841920 0.432813 0.841920 0.435937 0.837237 0.435937 0.834895 0.439063 0.830211 0.439063 0.816159 0.437500 0.813817 0.437500 0.809133 0.435937 0.806792 0.435937 0.799766 0.434375 0.797424 0.434375 0.788056 0.435937 0.785714 0.435937 0.778689 0.439063 0.774005 0.440625 0.774005 0.442187 0.776347 0.442187 0.778689 0.446875 0.785714 0.446875 0.792740 0.448438 0.795082 0.448438 0.825527 0.450000 0.827869 0.450000 0.830211 0.451562 0.832553 0.451562 0.834895 0.453125 0.837237 0.453125 0.839578 0.454688 0.841920 0.454688 0.844262 0.456250 0.846604 0.456250 0.851288 0.457812 0.853630 0.457812 0.855972 0.459375 0.858314 0.459375 0.860656 0.460938 0.862998 0.460938 0.867682 0.462500 0.870023 0.462500 0.888759 0.464063 0.891101 0.464063 0.898126 0.465625 0.900468 0.465625 0.902810 0.467187 0.905152 0.467187 0.912178 0.468750 0.914520 0.468750 0.919204 0.470313 0.921546 0.470313 0.926230 0.471875 0.928571 0.471875 0.930913 0.473437 0.933255 0.473437 0.935597 0.484375 0.951991 0.490625 0.951991 0.492188 0.949649 0.495313 0.949649 0.496875 0.947307 0.498437 0.947307 0.504687 0.937939 0.504687 0.935597 0.506250 0.933255 0.506250 0.912178 0.504687 0.909836 0.504687 0.900468 0.506250 0.898126 0.506250 0.886417 0.504687 0.884075 0.504687 0.877049 0.503125 0.874707 0.503125 0.872365 0.501562 0.870023 0.501562 0.862998 0.500000 0.860656 0.500000 0.851288 0.498437 0.848946 0.498437 0.841920 0.496875 0.839578 0.496875 0.827869 0.495313 0.825527 0.495313 0.809133 0.493750 0.806792 0.493750 0.795082 0.492188 0.792740 0.492188 0.778689 0.490625 0.776347 0.490625 0.750585 0.489062 0.748244 0.489062 0.706089 0.490625 0.703747 0.490625 0.699063 0.489062 0.696721 0.489062 0.680328 0.487500 0.677986 0.487500 0.670960 0.485938 0.668618 0.485938 0.635831 0.484375 0.633489 0.482812 0.633489 0.481250 0.631148 0.479688 0.631148 0.478125 0.628806 0.476562 0.628806 0.475000 0.631148 0.473437 0.631148 0.471875 0.633489 0.462500 0.633489 0.460938 0.635831 0.453125 0.635831 0.451562 0.633489 0.450000 0.633489 0.448438 0.631148 0.446875 0.631148 0.443750 0.626464 0.442187 0.626464 0.437500 0.619438 0.434375 0.619438 0.432813 0.617096 0.432813 0.605386 0.435937 0.600703 0.437500 0.600703 0.439063 0.598361 0.440625 0.598361 0.442187 0.596019 0.442187 0.591335 0.443750 0.588993 0.443750 0.586651 0.451562 0.574941 0.454688 0.574941 0.456250 0.577283 0.460938 0.577283 0.462500 0.579625 0.464063 0.579625 0.464063 0.577283 0.465625 0.574941 0.465625 0.570258 0.471875 0.560890 0.473437 0.560890 0.475000 0.558548 0.476562 0.558548 0.479688 0.553864 0.479688 0.551522 0.482812 0.546838 0.485938 0.546838 0.489062 0.551522 0.489062 0.558548 0.493750 0.565574 0.493750 0.567916 0.495313 0.570258 0.493750 0.572600 0.493750 0.574941 0.490625 0.579625 0.495313 0.586651 0.495313 0.581967 0.496875 0.579625 0.496875 0.572600 0.495313 0.570258 0.496875 0.567916 0.496875 0.565574 0.498437 0.563232 0.498437 0.560890 0.501562 0.556206 0.501562 0.553864 0.503125 0.551522 0.504687 0.551522 0.506250 0.549180 0.507812 0.549180 0.509375 0.546838 0.512500 0.546838 0.514063 0.544496 0.520312 0.544496 0.520312 0.476581 0.515625 0.476581 0.512500 0.471897 0.512500 0.467213 0.510938 0.464871 0.510938 0.460187 0.509375 0.457845 0.509375 0.453162 0.506250 0.448478 0.506250 0.446136 0.504687 0.443794 0.504687 0.441452 0.503125 0.439110 0.503125 0.436768 0.500000 0.432084 0.500000 0.429742 0.493750 0.420375 0.493750 0.418033 0.492188 0.415691 0.492188 0.413349 0.490625 0.411007 0.490625 0.394614 0.492188 0.392272 0.492188 0.389930 0.493750 0.387588 0.493750 0.382904 0.496875 0.378220 0.496875 0.375878 0.498437 0.373536 0.498437 0.371194 0.500000 0.368852 0.500000 0.364169 0.501562 0.361827 0.501562 0.343091 0.500000 0.340749 0.500000 0.336066 0.495313 0.329040 0.495313 0.326698 0.492188 0.322014 0.492188 0.319672 0.489062 0.314988 0.489062 0.310304 0.487500 0.307963 0.487500 0.298595 0.460938 0.298595 0.460938 0.305621 0.456250 0.312646 0.456250 0.314988 0.453125 0.319672 0.453125 0.322014 0.451562 0.324356 0.451562 0.326698 0.448438 0.331382 0.448438 0.336066 0.446875 0.338407 0.446875 0.340749 0.445312 0.343091 0.445312 0.347775 0.443750 0.350117 0.443750 0.359485 0.442187 0.361827 0.442187 0.366511 0.421875 0.396955 0.420312 0.396955 0.417188 0.401639 0.415625 0.401639 0.414062 0.403981 0.412500 0.403981 0.410937 0.406323 0.409375 0.406323 0.406250 0.411007 0.404687 0.411007 0.401563 0.415691 0.400000 0.415691
0 0.484375 0.703747 0.484375 0.729508 0.489062 0.729508 0.489062 0.703747 0.484375 0.703747 0.484375 0.687354 0.489062 0.687354 0.489062 0.685012 0.490625 0.682670 0.490625 0.680328 0.492188 0.677986 0.496875 0.677986 0.498437 0.680328 0.498437 0.682670 0.500000 0.685012 0.500000 0.689696 0.501562 0.692037 0.501562 0.694379 0.503125 0.696721 0.503125 0.750585 0.501562 0.752927 0.501562 0.771663 0.500000 0.774005 0.500000 0.802108 0.498437 0.804450 0.498437 0.832553 0.500000 0.834895 0.500000 0.841920 0.501562 0.844262 0.501562 0.851288 0.503125 0.853630 0.503125 0.860656 0.506250 0.865340 0.512500 0.865340 0.514063 0.867682 0.515625 0.867682 0.517187 0.870023 0.517187 0.886417 0.526563 0.886417 0.526563 0.874707 0.525000 0.872365 0.525000 0.832553 0.526563 0.830211 0.526563 0.825527 0.528125 0.823185 0.528125 0.813817 0.529688 0.811475 0.529688 0.675644 0.528125 0.673302 0.528125 0.668618 0.526563 0.666276 0.526563 0.642857 0.528125 0.640515 0.528125 0.612412 0.529688 0.610070 0.529688 0.607728 0.531250 0.605386 0.531250 0.603045 0.537500 0.593677 0.542188 0.593677 0.543750 0.596019 0.545313 0.596019 0.546875 0.598361 0.553125 0.598361 0.553125 0.593677 0.554688 0.591335 0.554688 0.581967 0.556250 0.579625 0.556250 0.572600 0.559375 0.567916 0.564062 0.567916 0.564062 0.518735 0.559375 0.518735 0.557813 0.516393 0.557813 0.511710 0.556250 0.509368 0.556250 0.485948 0.554688 0.483607 0.554688 0.476581 0.551562 0.471897 0.551562 0.469555 0.531250 0.439110 0.531250 0.436768 0.529688 0.434426 0.529688 0.429742 0.528125 0.427400 0.529688 0.425059 0.529688 0.415691 0.531250 0.413349 0.531250 0.401639 0.529688 0.399297 0.529688 0.396955 0.528125 0.394614 0.528125 0.392272 0.525000 0.387588 0.523438 0.387588 0.518750 0.380562 0.518750 0.373536 0.503125 0.373536 0.503125 0.380562 0.501562 0.382904 0.501562 0.385246 0.500000 0.387588 0.500000 0.389930 0.495313 0.396955 0.495313 0.399297 0.493750 0.401639 0.493750 0.403981 0.492188 0.406323 0.492188 0.411007 0.495313 0.415691 0.495313 0.418033 0.500000 0.425059 0.500000 0.427400 0.501562 0.429742 0.501562 0.432084 0.504687 0.436768 0.504687 0.439110 0.506250 0.441452 0.506250 0.443794 0.507812 0.446136 0.507812 0.448478 0.509375 0.450820 0.509375 0.453162 0.510938 0.455504 0.510938 0.460187 0.512500 0.462529 0.512500 0.467213 0.514063 0.469555 0.514063 0.471897 0.515625 0.474239 0.515625 0.483607 0.517187 0.485948 0.517187 0.511710 0.515625 0.514051 0.515625 0.521077 0.512500 0.525761 0.510938 0.525761 0.507812 0.530445 0.507812 0.532787 0.503125 0.539813 0.501562 0.539813 0.500000 0.542155 0.498437 0.542155 0.495313 0.546838 0.495313 0.610070 0.493750 0.612412 0.493750 0.617096 0.492188 0.619438 0.492188 0.626464 0.490625 0.628806 0.490625 0.633489 0.489062 0.635831 0.484375 0.635831 0.484375 0.687354
0 0.762500 0.434426 0.762500 0.441452 0.760938 0.443794 0.760938 0.450820 0.759375 0.453162 0.759375 0.457845 0.757812 0.460187 0.757812 0.467213 0.756250 0.469555 0.756250 0.476581 0.754687 0.478923 0.754687 0.485948 0.745313 0.500000 0.743750 0.500000 0.735937 0.511710 0.734375 0.511710 0.734375 0.514051 0.732813 0.516393 0.732813 0.518735 0.731250 0.521077 0.731250 0.525761 0.728125 0.530445 0.728125 0.532787 0.726562 0.535129 0.726562 0.537471 0.725000 0.539813 0.725000 0.544496 0.723437 0.546838 0.723437 0.551522 0.721875 0.553864 0.721875 0.556206 0.720312 0.558548 0.715625 0.558548 0.720312 0.558548 0.723437 0.563232 0.723437 0.567916 0.729688 0.577283 0.729688 0.579625 0.737500 0.591335 0.737500 0.593677 0.739062 0.596019 0.739062 0.598361 0.740625 0.600703 0.740625 0.603045 0.742188 0.605386 0.742188 0.610070 0.743750 0.612412 0.743750 0.621780 0.745313 0.624122 0.745313 0.626464 0.743750 0.628806 0.743750 0.638173 0.742188 0.640515 0.742188 0.649883 0.740625 0.652225 0.740625 0.656909 0.739062 0.659251 0.739062 0.675644 0.740625 0.677986 0.740625 0.708431 0.739062 0.710773 0.739062 0.715457 0.737500 0.717799 0.737500 0.722482 0.735937 0.724824 0.735937 0.729508 0.734375 0.731850 0.734375 0.738876 0.732813 0.741218 0.732813 0.748244 0.731250 0.750585 0.731250 0.755269 0.729688 0.757611 0.729688 0.783372 0.731250 0.785714 0.731250 0.795082 0.729688 0.797424 0.729688 0.804450 0.728125 0.806792 0.728125 0.825527 0.726562 0.827869 0.726562 0.832553 0.728125 0.834895 0.728125 0.844262 0.729688 0.844262 0.731250 0.846604 0.743750 0.846604 0.745313 0.844262 0.765625 0.844262 0.767187 0.846604 0.770312 0.846604 0.773438 0.851288 0.773438 0.858314 0.789062 0.858314 0.789062 0.851288 0.790625 0.848946 0.792188 0.848946 0.793750 0.846604 0.796875 0.846604 0.798437 0.844262 0.800000 0.844262 0.803125 0.839578 0.803125 0.834895 0.804688 0.832553 0.804688 0.818501 0.803125 0.816159 0.803125 0.813817 0.800000 0.809133 0.800000 0.738876 0.801562 0.736534 0.801562 0.717799 0.803125 0.715457 0.803125 0.692037 0.804688 0.689696 0.804688 0.675644 0.806250 0.673302 0.804688 0.670960 0.804688 0.666276 0.803125 0.663934 0.803125 0.661592 0.801562 0.659251 0.800000 0.659251 0.796875 0.654567 0.795313 0.654567 0.793750 0.652225 0.792188 0.652225 0.790625 0.649883 0.789062 0.649883 0.785937 0.645199 0.782812 0.645199 0.781250 0.642857 0.776563 0.642857 0.775000 0.640515 0.773438 0.640515 0.767187 0.631148 0.767187 0.626464 0.765625 0.624122 0.765625 0.621780 0.764063 0.619438 0.764063 0.617096 0.762500 0.614754 0.762500 0.598361 0.764063 0.596019 0.764063 0.591335 0.765625 0.588993 0.765625 0.586651 0.767187 0.584309 0.767187 0.581967 0.768750 0.579625 0.768750 0.553864 0.770312 0.551522 0.770312 0.539813 0.771875 0.537471 0.771875 0.530445 0.775000 0.525761 0.775000 0.523419 0.776563 0.521077 0.776563 0.518735 0.778125 0.516393 0.778125 0.514051 0.779688 0.511710 0.779688 0.509368 0.781250 0.507026 0.781250 0.504684 0.782812 0.502342 0.782812 0.497658 0.784375 0.495316 0.784375 0.492974 0.785937 0.490632 0.785937 0.485948 0.787500 0.483607 0.787500 0.478923 0.789062 0.476581 0.789062 0.474239 0.790625 0.471897 0.790625 0.469555 0.792188 0.467213 0.792188 0.460187 0.793750 0.457845 0.793750 0.443794 0.792188 0.441452 0.792188 0.436768 0.790625 0.434426 0.790625 0.432084 0.789062 0.429742 0.789062 0.420375 0.764063 0.420375 0.764063 0.432084 0.762500 0.434426 0.751562 0.429742 0.751562 0.420375 0.731250 0.420375 0.731250 0.427400 0.732813 0.427400 0.734375 0.429742 0.735937 0.427400 0.740625 0.427400 0.742188 0.429742 0.751562 0.429742
0 0.354688 0.364169 0.354688 0.373536 0.345313 0.387588 0.345313 0.389930 0.343750 0.392272 0.343750 0.394614 0.342187 0.396955 0.342187 0.401639 0.340625 0.403981 0.340625 0.425059 0.342187 0.427400 0.342187 0.434426 0.343750 0.436768 0.342187 0.439110 0.342187 0.441452 0.339063 0.446136 0.339063 0.448478 0.337500 0.450820 0.337500 0.453162 0.335938 0.455504 0.335938 0.457845 0.331250 0.464871 0.331250 0.467213 0.329688 0.469555 0.329688 0.471897 0.326562 0.476581 0.326562 0.481265 0.325000 0.483607 0.325000 0.490632 0.323438 0.492974 0.323438 0.497658 0.321875 0.500000 0.321875 0.504684 0.320312 0.507026 0.320312 0.511710 0.318750 0.514051 0.318750 0.518735 0.317187 0.521077 0.317187 0.525761 0.315625 0.528103 0.315625 0.532787 0.314063 0.535129 0.314063 0.542155 0.312500 0.544496 0.312500 0.551522 0.310937 0.553864 0.310937 0.584309 0.309375 0.586651 0.309375 0.598361 0.310937 0.600703 0.310937 0.603045 0.314063 0.607728 0.315625 0.607728 0.317187 0.610070 0.318750 0.610070 0.323438 0.617096 0.323438 0.638173 0.325000 0.640515 0.325000 0.656909 0.326562 0.659251 0.326562 0.668618 0.328125 0.670960 0.328125 0.675644 0.329688 0.677986 0.329688 0.689696 0.331250 0.692037 0.331250 0.699063 0.332812 0.701405 0.332812 0.703747 0.334375 0.706089 0.334375 0.708431 0.335938 0.710773 0.335938 0.717799 0.337500 0.720141 0.335938 0.722482 0.335938 0.736534 0.337500 0.738876 0.339063 0.738876 0.340625 0.741218 0.343750 0.736534 0.345313 0.736534 0.359375 0.715457 0.359375 0.713115 0.362500 0.708431 0.362500 0.706089 0.364062 0.703747 0.364062 0.701405 0.370313 0.692037 0.375000 0.692037 0.376563 0.689696 0.376563 0.682670 0.375000 0.680328 0.375000 0.677986 0.371875 0.673302 0.371875 0.663934 0.370313 0.661592 0.370313 0.656909 0.368750 0.654567 0.368750 0.558548 0.370313 0.556206 0.370313 0.539813 0.371875 0.537471 0.371875 0.528103 0.373437 0.525761 0.373437 0.518735 0.375000 0.516393 0.375000 0.509368 0.376563 0.507026 0.376563 0.502342 0.378125 0.500000 0.378125 0.492974 0.379687 0.490632 0.379687 0.483607 0.381250 0.481265 0.381250 0.474239 0.382812 0.471897 0.382812 0.455504 0.384375 0.453162 0.384375 0.443794 0.385938 0.441452 0.385938 0.439110 0.387500 0.436768 0.387500 0.434426 0.390625 0.429742 0.390625 0.427400 0.396875 0.418033 0.401563 0.418033 0.401563 0.385246 0.395312 0.385246 0.393750 0.382904 0.392188 0.382904 0.389062 0.378220 0.387500 0.378220 0.382812 0.371194 0.382812 0.364169
24 0.654688 0.448478 0.654688 0.457845 0.653125 0.460187 0.653125 0.464871 0.651563 0.467213 0.653125 0.469555 0.653125 0.476581 0.651563 0.478923 0.651563 0.490632 0.650000 0.492974 0.650000 0.497658 0.648438 0.500000 0.648438 0.507026 0.646875 0.509368 0.646875 0.514051 0.645312 0.516393 0.645312 0.518735 0.643750 0.521077 0.643750 0.523419 0.642187 0.525761 0.642187 0.530445 0.639063 0.535129 0.634375 0.535129 0.634375 0.567916 0.640625 0.567916 0.642187 0.570258 0.643750 0.570258 0.645312 0.572600 0.646875 0.572600 0.653125 0.581967 0.654688 0.581967 0.659375 0.588993 0.660937 0.588993 0.662500 0.591335 0.664062 0.591335 0.665625 0.593677 0.667188 0.593677 0.668750 0.596019 0.668750 0.605386 0.684375 0.605386 0.684375 0.598361 0.689062 0.591335 0.690625 0.591335 0.692187 0.588993 0.692187 0.586651 0.698438 0.577283 0.698438 0.570258 0.700000 0.567916 0.700000 0.563232 0.698438 0.560890 0.698438 0.549180 0.700000 0.546838 0.700000 0.535129 0.698438 0.532787 0.700000 0.530445 0.700000 0.514051 0.701563 0.511710 0.701563 0.509368 0.700000 0.507026 0.700000 0.502342 0.696875 0.497658 0.695312 0.497658 0.693750 0.495316 0.692187 0.495316 0.690625 0.492974 0.689062 0.492974 0.684375 0.485948 0.684375 0.483607 0.681250 0.478923 0.681250 0.476581 0.678125 0.471897 0.678125 0.467213 0.676562 0.464871 0.676562 0.457845 0.675000 0.455504 0.675000 0.448478
24 0.782812 0.504684 0.782812 0.516393 0.781250 0.518735 0.781250 0.521077 0.779688 0.523419 0.779688 0.525761 0.776563 0.530445 0.776563 0.535129 0.775000 0.537471 0.775000 0.542155 0.773438 0.544496 0.773438 0.549180 0.771875 0.551522 0.771875 0.579625 0.773438 0.581967 0.773438 0.598361 0.770312 0.603045 0.765625 0.603045 0.765625 0.628806 0.771875 0.628806 0.775000 0.633489 0.776563 0.633489 0.778125 0.635831 0.779688 0.635831 0.781250 0.638173 0.784375 0.638173 0.789062 0.645199 0.792188 0.645199 0.793750 0.647541 0.796875 0.647541 0.798437 0.649883 0.800000 0.649883 0.801562 0.652225 0.803125 0.652225 0.809375 0.661592 0.810938 0.659251 0.814062 0.659251 0.814062 0.656909 0.815625 0.654567 0.815625 0.652225 0.821875 0.642857 0.821875 0.640515 0.825000 0.635831 0.825000 0.633489 0.828125 0.628806 0.828125 0.626464 0.831250 0.621780 0.831250 0.619438 0.832812 0.617096 0.839063 0.617096 0.839063 0.596019 0.834375 0.596019 0.829687 0.588993 0.829687 0.586651 0.828125 0.584309 0.828125 0.581967 0.826563 0.579625 0.826563 0.577283 0.823438 0.572600 0.823438 0.567916 0.821875 0.565574 0.821875 0.558548 0.820312 0.556206 0.820312 0.553864 0.817187 0.549180 0.817187 0.546838 0.815625 0.544496 0.815625 0.542155 0.814062 0.539813 0.814062 0.537471 0.812500 0.535129 0.812500 0.532787 0.810938 0.530445 0.810938 0.528103 0.809375 0.525761 0.809375 0.523419 0.801562 0.511710 0.801562 0.504684
0 0.828125 0.457845 0.828125 0.469555 0.826563 0.471897 0.826563 0.474239 0.825000 0.476581 0.825000 0.481265 0.823438 0.483607 0.823438 0.509368 0.815625 0.521077 0.815625 0.535129 0.817187 0.537471 0.817187 0.539813 0.818750 0.542155 0.818750 0.544496 0.821875 0.549180 0.821875 0.551522 0.823438 0.553864 0.823438 0.556206 0.825000 0.558548 0.825000 0.563232 0.826563 0.565574 0.826563 0.570258 0.828125 0.572600 0.828125 0.574941 0.829687 0.577283 0.829687 0.579625 0.831250 0.581967 0.831250 0.584309 0.832812 0.586651 0.832812 0.588993 0.834375 0.591335 0.834375 0.593677 0.835938 0.596019 0.835938 0.617096 0.834375 0.619438 0.834375 0.621780 0.832812 0.624122 0.832812 0.626464 0.831250 0.628806 0.831250 0.631148 0.829687 0.633489 0.829687 0.635831 0.828125 0.638173 0.828125 0.640515 0.825000 0.645199 0.825000 0.647541 0.823438 0.649883 0.823438 0.652225 0.821875 0.654567 0.821875 0.656909 0.818750 0.661592 0.818750 0.663934 0.817187 0.666276 0.817187 0.668618 0.815625 0.670960 0.815625 0.673302 0.817187 0.673302 0.818750 0.675644 0.828125 0.675644 0.829687 0.677986 0.831250 0.677986 0.832812 0.680328 0.834375 0.680328 0.842188 0.692037 0.842188 0.701405 0.843750 0.703747 0.843750 0.715457 0.845312 0.717799 0.845312 0.781030 0.848437 0.785714 0.848437 0.797424 0.850000 0.799766 0.850000 0.804450 0.857813 0.804450 0.857813 0.802108 0.859375 0.799766 0.859375 0.769321 0.860937 0.766979 0.860937 0.710773 0.862500 0.708431 0.862500 0.703747 0.864062 0.701405 0.864062 0.696721 0.865625 0.694379 0.865625 0.689696 0.867188 0.687354 0.867188 0.675644 0.868750 0.673302 0.868750 0.666276 0.871875 0.661592 0.876562 0.661592 0.876562 0.551522 0.871875 0.551522 0.870313 0.549180 0.870313 0.546838 0.868750 0.544496 0.868750 0.542155 0.867188 0.539813 0.867188 0.537471 0.865625 0.535129 0.865625 0.532787 0.860937 0.525761 0.860937 0.523419 0.859375 0.521077 0.859375 0.518735 0.857813 0.516393 0.857813 0.511710 0.859375 0.509368 0.859375 0.500000 0.860937 0.497658 0.860937 0.485948 0.859375 0.483607 0.859375 0.476581 0.860937 0.474239 0.860937 0.469555 0.862500 0.467213 0.862500 0.457845
28 0.809375 0.673302 0.809375 0.689696 0.807813 0.692037 0.803125 0.692037 0.803125 0.811475 0.857813 0.811475 0.857813 0.720141 0.850000 0.720141 0.848437 0.717799 0.846875 0.717799 0.843750 0.713115 0.843750 0.708431 0.842188 0.706089 0.842188 0.692037 0.837500 0.685012 0.835938 0.685012 0.834375 0.682670 0.834375 0.673302
0 0.750000 0.811475 0.750000 0.820843 0.757812 0.820843 0.757812 0.802108 0.753125 0.802108 0.751562 0.804450 0.751562 0.809133 0.750000 0.811475 0.690625 0.774005 0.692187 0.776347 0.692187 0.778689 0.695312 0.783372 0.695312 0.785714 0.696875 0.788056 0.696875 0.790398 0.700000 0.795082 0.700000 0.804450 0.684375 0.750585 0.689062 0.750585 0.690625 0.748244 0.696875 0.748244 0.700000 0.743560 0.700000 0.741218 0.701563 0.738876 0.701563 0.734192 0.703125 0.731850 0.703125 0.717799 0.704687 0.715457 0.704687 0.708431 0.706250 0.706089 0.706250 0.703747 0.709375 0.699063 0.710938 0.701405 0.710938 0.703747 0.712500 0.706089 0.712500 0.710773 0.714063 0.713115 0.714063 0.729508 0.715625 0.731850 0.715625 0.734192 0.717188 0.736534 0.717188 0.745902 0.718750 0.748244 0.718750 0.755269 0.717188 0.757611 0.717188 0.762295 0.715625 0.764637 0.715625 0.766979 0.714063 0.769321 0.714063 0.781030 0.715625 0.783372 0.715625 0.785714 0.721875 0.795082 0.723437 0.795082 0.726562 0.799766 0.726562 0.802108 0.728125 0.804450 0.726562 0.806792 0.726562 0.820843 0.732813 0.820843 0.732813 0.813817 0.731250 0.811475 0.731250 0.809133 0.728125 0.804450 0.728125 0.802108 0.729688 0.799766 0.729688 0.790398 0.731250 0.788056 0.731250 0.769321 0.732813 0.766979 0.732813 0.738876 0.734375 0.736534 0.734375 0.727166 0.735937 0.724824 0.735937 0.717799 0.737500 0.715457 0.737500 0.713115 0.739062 0.710773 0.739062 0.685012 0.737500 0.682670 0.737500 0.677986 0.735937 0.675644 0.735937 0.673302 0.734375 0.670960 0.734375 0.666276 0.732813 0.663934 0.732813 0.661592 0.734375 0.659251 0.734375 0.656909 0.735937 0.654567 0.735937 0.645199 0.734375 0.642857 0.734375 0.640515 0.732813 0.640515 0.732813 0.642857 0.731250 0.645199 0.731250 0.647541 0.729688 0.649883 0.728125 0.649883 0.726562 0.652225 0.725000 0.649883 0.721875 0.649883 0.720312 0.647541 0.718750 0.647541 0.710938 0.635831 0.710938 0.633489 0.709375 0.631148 0.709375 0.624122 0.707812 0.621780 0.707812 0.619438 0.706250 0.617096 0.706250 0.605386 0.704687 0.603045 0.704687 0.600703 0.703125 0.598361 0.703125 0.596019 0.701563 0.593677 0.701563 0.481265 0.712500 0.495316 0.707812 0.502342 0.707812 0.504684 0.706250 0.507026 0.706250 0.514051 0.704687 0.516393 0.704687 0.525761 0.703125 0.528103 0.703125 0.532787 0.704687 0.535129 0.704687 0.551522 0.706250 0.553864 0.706250 0.556206 0.707812 0.556206 0.709375 0.558548 0.712500 0.558548 0.714063 0.560890 0.715625 0.558548 0.715625 0.556206 0.717188 0.553864 0.717188 0.551522 0.718750 0.549180 0.718750 0.546838 0.720312 0.544496 0.720312 0.537471 0.721875 0.535129 0.721875 0.525761 0.723437 0.523419 0.723437 0.521077 0.728125 0.514051 0.728125 0.511710 0.734375 0.502342 0.735937 0.502342 0.737500 0.500000 0.739062 0.500000 0.743750 0.492974 0.745313 0.492974 0.750000 0.485948 0.750000 0.483607 0.753125 0.478923 0.757812 0.478923 0.757812 0.411007 0.729688 0.411007 0.729688 0.418033 0.728125 0.420375 0.728125 0.422717 0.726562 0.425059 0.726562 0.448478 0.725000 0.450820 0.725000 0.464871 0.723437 0.467213 0.723437 0.474239 0.721875 0.476581 0.721875 0.481265 0.720312 0.483607 0.720312 0.485948 0.714063 0.495316 0.712500 0.495316 0.701563 0.481265 0.703125 0.478923 0.703125 0.471897 0.701563 0.474239 0.700000 0.474239 0.698438 0.476581 0.696875 0.476581 0.700000 0.481265 0.701563 0.481265 0.701563 0.593677 0.696875 0.593677 0.695312 0.596019 0.693750 0.596019 0.692187 0.598361 0.684375 0.598361 0.684375 0.638173 0.690625 0.638173 0.692187 0.640515 0.692187 0.652225 0.689062 0.656909 0.684375 0.656909 0.684375 0.750585 0.700000 0.804450 0.701563 0.806792 0.701563 0.809133 0.703125 0.811475 0.703125 0.820843 0.695312 0.820843 0.695312 0.804450 0.693750 0.802108 0.693750 0.799766 0.690625 0.795082 0.684375 0.795082 0.684375 0.774005 0.690625 0.774005
28 0.350000 0.729508 0.350000 0.738876 0.348437 0.741218 0.348437 0.743560 0.345313 0.748244 0.343750 0.748244 0.342187 0.750585 0.340625 0.750585 0.339063 0.752927 0.339063 0.755269 0.335938 0.759953 0.334375 0.759953 0.332812 0.762295 0.325000 0.762295 0.323438 0.764637 0.320312 0.764637 0.315625 0.771663 0.309375 0.771663 0.309375 0.855972 0.314063 0.855972 0.315625 0.858314 0.315625 0.860656 0.317187 0.862998 0.317187 0.867682 0.318750 0.870023 0.318750 0.895785 0.370313 0.895785 0.370313 0.886417 0.371875 0.884075 0.373437 0.884075 0.378125 0.877049 0.381250 0.877049 0.385938 0.870023 0.385938 0.855972 0.387500 0.853630 0.387500 0.844262 0.389062 0.841920 0.389062 0.839578 0.390625 0.837237 0.395312 0.837237 0.395312 0.741218 0.389062 0.741218 0.387500 0.743560 0.373437 0.743560 0.371875 0.745902 0.370313 0.745902 0.368750 0.743560 0.368750 0.729508
0 0.760938 0.462529 0.760938 0.467213 0.757812 0.471897 0.756250 0.471897 0.756250 0.476581 0.754687 0.478923 0.754687 0.485948 0.753125 0.488290 0.751562 0.488290 0.745313 0.497658 0.743750 0.497658 0.740625 0.502342 0.739062 0.502342 0.734375 0.509368 0.732813 0.509368 0.731250 0.511710 0.731250 0.514051 0.729688 0.516393 0.729688 0.518735 0.726562 0.523419 0.725000 0.523419 0.723437 0.525761 0.715625 0.525761 0.715625 0.565574 0.720312 0.565574 0.723437 0.570258 0.723437 0.572600 0.725000 0.574941 0.726562 0.574941 0.735937 0.588993 0.735937 0.591335 0.739062 0.596019 0.739062 0.598361 0.740625 0.600703 0.740625 0.603045 0.742188 0.605386 0.742188 0.610070 0.743750 0.612412 0.743750 0.617096 0.745313 0.619438 0.745313 0.621780 0.748438 0.626464 0.746875 0.628806 0.746875 0.631148 0.745313 0.633489 0.745313 0.638173 0.743750 0.640515 0.743750 0.642857 0.742188 0.645199 0.742188 0.647541 0.740625 0.649883 0.740625 0.652225 0.739062 0.654567 0.739062 0.656909 0.735937 0.661592 0.735937 0.673302 0.737500 0.675644 0.737500 0.677986 0.739062 0.680328 0.739062 0.687354 0.740625 0.689696 0.740625 0.696721 0.739062 0.699063 0.739062 0.708431 0.737500 0.710773 0.737500 0.713115 0.735937 0.715457 0.735937 0.720141 0.731250 0.727166 0.729688 0.727166 0.728125 0.729508 0.728125 0.731850 0.726562 0.734192 0.726562 0.738876 0.729688 0.743560 0.729688 0.790398 0.731250 0.792740 0.729688 0.795082 0.729688 0.804450 0.728125 0.806792 0.728125 0.844262 0.729688 0.846604 0.739062 0.846604 0.740625 0.844262 0.759375 0.844262 0.760938 0.841920 0.765625 0.841920 0.767187 0.844262 0.768750 0.844262 0.770312 0.846604 0.773438 0.846604 0.776563 0.851288 0.776563 0.858314 0.787500 0.858314 0.787500 0.851288 0.789062 0.848946 0.790625 0.848946 0.792188 0.846604 0.801562 0.846604 0.801562 0.661592 0.796875 0.661592 0.795313 0.659251 0.792188 0.659251 0.789062 0.654567 0.785937 0.654567 0.784375 0.652225 0.782812 0.652225 0.781250 0.654567 0.781250 0.661592 0.779688 0.663934 0.779688 0.692037 0.781250 0.694379 0.781250 0.727166 0.779688 0.729508 0.779688 0.734192 0.778125 0.736534 0.778125 0.743560 0.776563 0.745902 0.776563 0.778689 0.778125 0.781030 0.778125 0.788056 0.776563 0.790398 0.776563 0.802108 0.775000 0.804450 0.775000 0.806792 0.765625 0.820843 0.764063 0.820843 0.759375 0.813817 0.759375 0.809133 0.757812 0.806792 0.757812 0.771663 0.759375 0.769321 0.759375 0.752927 0.760938 0.750585 0.760938 0.741218 0.762500 0.738876 0.762500 0.734192 0.764063 0.731850 0.764063 0.727166 0.765625 0.724824 0.765625 0.720141 0.767187 0.717799 0.767187 0.713115 0.768750 0.710773 0.768750 0.706089 0.770312 0.703747 0.770312 0.701405 0.773438 0.696721 0.773438 0.654567 0.770312 0.649883 0.770312 0.647541 0.767187 0.642857 0.767187 0.640515 0.762500 0.633489 0.762500 0.626464 0.760938 0.624122 0.760938 0.619438 0.759375 0.617096 0.759375 0.603045 0.760938 0.600703 0.760938 0.596019 0.762500 0.593677 0.762500 0.586651 0.764063 0.584309 0.764063 0.577283 0.765625 0.574941 0.765625 0.567916 0.767187 0.565574 0.767187 0.558548 0.770312 0.553864 0.770312 0.539813 0.771875 0.537471 0.771875 0.530445 0.773438 0.528103 0.773438 0.525761 0.776563 0.521077 0.776563 0.518735 0.778125 0.516393 0.778125 0.514051 0.779688 0.511710 0.779688 0.507026 0.781250 0.504684 0.781250 0.490632 0.782812 0.488290 0.782812 0.483607 0.784375 0.481265 0.784375 0.476581 0.789062 0.469555 0.789062 0.467213 0.790625 0.464871 0.790625 0.460187 0.792188 0.457845 0.792188 0.439110 0.790625 0.436768 0.790625 0.434426 0.789062 0.432084 0.789062 0.429742 0.785937 0.425059 0.784375 0.425059 0.782812 0.422717 0.781250 0.422717 0.778125 0.418033 0.776563 0.418033 0.775000 0.420375 0.771875 0.420375 0.768750 0.425059 0.768750 0.427400 0.767187 0.429742 0.767187 0.448478 0.765625 0.450820 0.765625 0.455504 0.760938 0.462529 0.754687 0.457845 0.754687 0.455504 0.753125 0.453162 0.753125 0.427400 0.750000 0.422717 0.750000 0.420375 0.745313 0.413349 0.737500 0.413349 0.735937 0.415691 0.734375 0.415691 0.731250 0.420375 0.731250 0.422717 0.729688 0.425059 0.729688 0.427400 0.728125 0.429742 0.728125 0.432084 0.729688 0.434426 0.729688 0.436768 0.728125 0.439110 0.728125 0.448478 0.739062 0.448478 0.742188 0.453162 0.742188 0.455504 0.743750 0.457845 0.743750 0.462529 0.745313 0.464871 0.745313 0.467213 0.746875 0.469555 0.746875 0.471897 0.753125 0.462529 0.753125 0.460187 0.754687 0.457845
24 0.165625 0.382904 0.165625 0.411007 0.170312 0.411007 0.173438 0.415691 0.173438 0.418033 0.175000 0.420375 0.175000 0.425059 0.176563 0.427400 0.176563 0.432084 0.179688 0.436768 0.179688 0.439110 0.178125 0.441452 0.178125 0.446136 0.176563 0.448478 0.176563 0.460187 0.178125 0.462529 0.178125 0.474239 0.179688 0.476581 0.179688 0.502342 0.178125 0.504684 0.178125 0.514051 0.176563 0.516393 0.176563 0.535129 0.175000 0.537471 0.175000 0.563232 0.176563 0.565574 0.176563 0.579625 0.175000 0.581967 0.175000 0.603045 0.173438 0.605386 0.173438 0.610070 0.171875 0.612412 0.171875 0.614754 0.170312 0.617096 0.165625 0.617096 0.165625 0.663934 0.170312 0.663934 0.173438 0.668618 0.173438 0.670960 0.175000 0.673302 0.175000 0.677986 0.176563 0.680328 0.176563 0.685012 0.178125 0.687354 0.178125 0.692037 0.181250 0.696721 0.181250 0.699063 0.182812 0.701405 0.182812 0.717799 0.187500 0.717799 0.187500 0.710773 0.190625 0.706089 0.203125 0.706089 0.204688 0.708431 0.212500 0.708431 0.214062 0.710773 0.214062 0.717799 0.214062 0.710773 0.215625 0.708431 0.217187 0.708431 0.218750 0.706089 0.221875 0.706089 0.223438 0.703747 0.225000 0.703747 0.226562 0.701405 0.228125 0.701405 0.231250 0.696721 0.232812 0.696721 0.234375 0.694379 0.234375 0.682670 0.235938 0.680328 0.235938 0.675644 0.237500 0.673302 0.237500 0.670960 0.239063 0.668618 0.239063 0.663934 0.240625 0.661592 0.240625 0.642857 0.242188 0.640515 0.242188 0.631148 0.243750 0.628806 0.243750 0.626464 0.245312 0.624122 0.245312 0.621780 0.243750 0.619438 0.243750 0.596019 0.245312 0.593677 0.245312 0.588993 0.246875 0.586651 0.246875 0.584309 0.248437 0.581967 0.248437 0.574941 0.250000 0.572600 0.250000 0.565574 0.251563 0.563232 0.251563 0.556206 0.250000 0.553864 0.250000 0.546838 0.248437 0.544496 0.248437 0.539813 0.246875 0.537471 0.246875 0.530445 0.245312 0.528103 0.245312 0.521077 0.243750 0.521077 0.242188 0.518735 0.242188 0.516393 0.235938 0.507026 0.235938 0.504684 0.234375 0.502342 0.234375 0.500000 0.231250 0.495316 0.231250 0.492974 0.229687 0.490632 0.229687 0.488290 0.228125 0.485948 0.228125 0.483607 0.226562 0.483607 0.220313 0.474239 0.218750 0.474239 0.212500 0.464871 0.210938 0.464871 0.207813 0.460187 0.206250 0.460187 0.204688 0.457845 0.204688 0.455504 0.203125 0.453162 0.203125 0.450820 0.200000 0.446136 0.200000 0.443794 0.198437 0.441452 0.198437 0.429742 0.196875 0.427400 0.196875 0.420375 0.195312 0.418033 0.195312 0.413349 0.193750 0.411007 0.193750 0.406323 0.192188 0.403981 0.192188 0.399297 0.193750 0.396955 0.193750 0.382904
0 0.196875 0.919204 0.192188 0.919204 0.190625 0.921546 0.190625 0.926230 0.192188 0.928571 0.192188 0.933255 0.193750 0.935597 0.193750 0.942623 0.223438 0.942623 0.223438 0.935597 0.221875 0.933255 0.217187 0.933255 0.215625 0.930913 0.212500 0.930913 0.209375 0.926230 0.207813 0.926230 0.206250 0.923888 0.204688 0.923888 0.203125 0.921546 0.198437 0.921546 0.196875 0.919204 0.212500 0.703747 0.192188 0.762295 0.190625 0.759953 0.231250 0.689696 0.231250 0.685012 0.190625 0.638173 0.190625 0.635831 0.239063 0.626464 0.239063 0.652225 0.235938 0.656909 0.206250 0.596019 0.206250 0.591335 0.207813 0.588993 0.207813 0.586651 0.210938 0.581967 0.212500 0.581967 0.214062 0.579625 0.214062 0.574941 0.215625 0.572600 0.215625 0.563232 0.217187 0.560890 0.217187 0.551522 0.215625 0.549180 0.215625 0.535129 0.214062 0.532787 0.214062 0.500000 0.215625 0.497658 0.217187 0.497658 0.218750 0.495316 0.220313 0.495316 0.226562 0.504684 0.226562 0.507026 0.229687 0.507026 0.231250 0.504684 0.231250 0.495316 0.229687 0.492974 0.229687 0.490632 0.228125 0.488290 0.228125 0.483607 0.226562 0.481265 0.225000 0.481265 0.221875 0.476581 0.221875 0.474239 0.220313 0.474239 0.204688 0.450820 0.204688 0.448478 0.203125 0.446136 0.203125 0.441452 0.201562 0.439110 0.201562 0.436768 0.200000 0.434426 0.200000 0.432084 0.198437 0.429742 0.198437 0.425059 0.196875 0.422717 0.196875 0.418033 0.195312 0.415691 0.195312 0.413349 0.193750 0.411007 0.193750 0.392272 0.195312 0.389930 0.195312 0.385246 0.196875 0.382904 0.196875 0.368852 0.195312 0.366511 0.195312 0.354801 0.159375 0.354801 0.159375 0.368852 0.164062 0.368852 0.167187 0.373536 0.167187 0.375878 0.168750 0.378220 0.168750 0.382904 0.170312 0.385246 0.170312 0.389930 0.171875 0.392272 0.171875 0.396955 0.173438 0.399297 0.173438 0.401639 0.175000 0.403981 0.175000 0.406323 0.176563 0.408665 0.176563 0.413349 0.178125 0.415691 0.178125 0.418033 0.179688 0.420375 0.179688 0.422717 0.181250 0.425059 0.181250 0.429742 0.182812 0.432084 0.182812 0.434426 0.184375 0.436768 0.184375 0.439110 0.185937 0.441452 0.185937 0.446136 0.187500 0.448478 0.187500 0.460187 0.189063 0.462529 0.189063 0.474239 0.190625 0.476581 0.190625 0.481265 0.192188 0.483607 0.192188 0.488290 0.193750 0.490632 0.193750 0.492974 0.192188 0.495316 0.192188 0.509368 0.190625 0.511710 0.190625 0.612412 0.189063 0.614754 0.190625 0.617096 0.190625 0.619438 0.192188 0.617096 0.195312 0.617096 0.200000 0.610070 0.200000 0.607728 0.203125 0.603045 0.203125 0.600703 0.206250 0.596019 0.235938 0.656909 0.235938 0.659251 0.234375 0.661592 0.234375 0.663934 0.234375 0.659251 0.232812 0.656909 0.232812 0.649883 0.231250 0.647541 0.231250 0.633489 0.232812 0.631148 0.232812 0.626464 0.234375 0.624122 0.235938 0.626464 0.239063 0.626464 0.190625 0.635831 0.190625 0.638173 0.231250 0.685012 0.232812 0.682670 0.232812 0.692037 0.231250 0.689696 0.190625 0.759953 0.190625 0.720141 0.192188 0.717799 0.192188 0.715457 0.195312 0.710773 0.195312 0.694379 0.193750 0.692037 0.195312 0.689696 0.195312 0.685012 0.196875 0.685012 0.196875 0.687354 0.198437 0.689696 0.198437 0.706089 0.196875 0.708431 0.200000 0.713115 0.203125 0.713115 0.204688 0.715457 0.206250 0.715457 0.207813 0.717799 0.207813 0.722482 0.209375 0.724824 0.209375 0.757611 0.210938 0.759953 0.210938 0.776347 0.209375 0.778689 0.209375 0.792740 0.207813 0.795082 0.207813 0.806792 0.206250 0.809133 0.206250 0.816159 0.204688 0.818501 0.204688 0.823185 0.206250 0.825527 0.206250 0.832553 0.207813 0.834895 0.207813 0.837237 0.209375 0.839578 0.209375 0.846604 0.210938 0.848946 0.209375 0.851288 0.203125 0.851288 0.198437 0.844262 0.196875 0.844262 0.190625 0.834895 0.187500 0.834895 0.184375 0.839578 0.184375 0.858314 0.179688 0.865340 0.179688 0.884075 0.181250 0.886417 0.181250 0.888759 0.182812 0.891101 0.182812 0.893443 0.184375 0.895785 0.184375 0.900468 0.187500 0.905152 0.189063 0.905152 0.189063 0.914520 0.185937 0.909836 0.182812 0.909836 0.179688 0.914520 0.179688 0.933255 0.178125 0.935597 0.178125 0.942623 0.159375 0.942623 0.159375 0.902810 0.164062 0.902810 0.165625 0.900468 0.165625 0.898126 0.167187 0.895785 0.167187 0.891101 0.168750 0.888759 0.168750 0.884075 0.170312 0.881733 0.170312 0.874707 0.171875 0.872365 0.171875 0.870023 0.176563 0.862998 0.176563 0.855972 0.178125 0.853630 0.178125 0.848946 0.181250 0.848946 0.182812 0.846604 0.182812 0.844262 0.184375 0.841920 0.184375 0.827869 0.185937 0.825527 0.185937 0.823185 0.187500 0.820843 0.187500 0.816159 0.189063 0.813817 0.189063 0.795082 0.190625 0.792740 0.190625 0.783372 0.192188 0.781030 0.192188 0.762295 0.212500 0.703747 0.221875 0.703747 0.225000 0.699063 0.225000 0.696721 0.223438 0.694379 0.217187 0.694379 0.215625 0.696721 0.212500 0.696721 0.210938 0.699063 0.210938 0.701405 0.212500 0.703747
6 0.565625 0.549180 0.565625 0.563232 0.564062 0.565574 0.564062 0.584309 0.562500 0.586651 0.562500 0.596019 0.589063 0.596019 0.589063 0.579625 0.587500 0.577283 0.587500 0.574941 0.584375 0.570258 0.584375 0.567916 0.582812 0.565574 0.582812 0.563232 0.576563 0.553864 0.575000 0.553864 0.571875 0.549180 0.565625 0.549180 0.003125 0.317330 0.003125 0.312646 0.001563 0.310304 0.001563 0.305621 0.115625 0.249415 0.117188 0.251756 0.118750 0.251756 0.121875 0.256440 0.123438 0.256440 0.129688 0.265808 0.129688 0.268150 0.131250 0.270492 0.131250 0.272834 0.132812 0.275176 0.132812 0.277518 0.134375 0.279859 0.134375 0.284543 0.135937 0.286885 0.135937 0.289227 0.139062 0.293911 0.139062 0.296253 0.162500 0.331382 0.162500 0.333724 0.170312 0.345433 0.176563 0.345433 0.178125 0.343091 0.190625 0.343091 0.192188 0.345433 0.193750 0.345433 0.198437 0.352459 0.198437 0.354801 0.200000 0.357143 0.200000 0.361827 0.201562 0.364169 0.201562 0.371194 0.203125 0.373536 0.203125 0.401639 0.201562 0.403981 0.201562 0.420375 0.214062 0.439110 0.214062 0.441452 0.217187 0.446136 0.217187 0.455504 0.220313 0.460187 0.220313 0.462529 0.221875 0.464871 0.221875 0.467213 0.228125 0.476581 0.229687 0.476581 0.232812 0.481265 0.234375 0.481265 0.239063 0.488290 0.239063 0.492974 0.240625 0.495316 0.240625 0.497658 0.242188 0.500000 0.242188 0.502342 0.248437 0.511710 0.248437 0.514051 0.251563 0.518735 0.251563 0.521077 0.257812 0.530445 0.257812 0.542155 0.259375 0.544496 0.259375 0.567916 0.260938 0.570258 0.260938 0.581967 0.259375 0.584309 0.259375 0.596019 0.282813 0.596019 0.282813 0.588993 0.284375 0.586651 0.284375 0.579625 0.285937 0.577283 0.285937 0.574941 0.287500 0.572600 0.287500 0.570258 0.293750 0.560890 0.295312 0.560890 0.296875 0.558548 0.300000 0.558548 0.303125 0.553864 0.303125 0.551522 0.304688 0.549180 0.304688 0.532787 0.309375 0.525761 0.309375 0.523419 0.314063 0.516393 0.314063 0.514051 0.315625 0.511710 0.315625 0.507026 0.317187 0.504684 0.317187 0.500000 0.318750 0.497658 0.318750 0.492974 0.320312 0.490632 0.320312 0.483607 0.321875 0.481265 0.321875 0.478923 0.323438 0.476581 0.323438 0.474239 0.325000 0.471897 0.325000 0.469555 0.326562 0.467213 0.326562 0.464871 0.328125 0.462529 0.328125 0.460187 0.332812 0.453162 0.332812 0.450820 0.334375 0.448478 0.334375 0.446136 0.335938 0.443794 0.335938 0.441452 0.339063 0.436768 0.339063 0.429742 0.337500 0.427400 0.337500 0.425059 0.335938 0.422717 0.335938 0.406323 0.337500 0.403981 0.337500 0.396955 0.339063 0.394614 0.339063 0.387588 0.340625 0.385246 0.340625 0.382904 0.342187 0.380562 0.342187 0.378220 0.348437 0.368852 0.350000 0.368852 0.353125 0.364169 0.354688 0.364169 0.356250 0.361827 0.357812 0.361827 0.359375 0.359485 0.368750 0.359485 0.370313 0.357143 0.385938 0.357143 0.387500 0.359485 0.389062 0.359485 0.390625 0.361827 0.392188 0.361827 0.395312 0.366511 0.396875 0.366511 0.398438 0.368852 0.400000 0.368852 0.406250 0.378220 0.406250 0.380562 0.407813 0.382904 0.407813 0.385246 0.409375 0.387588 0.415625 0.387588 0.417188 0.385246 0.417188 0.382904 0.425000 0.371194 0.425000 0.368852 0.428125 0.364169 0.429688 0.364169 0.431250 0.361827 0.432813 0.361827 0.434375 0.359485 0.434375 0.354801 0.435937 0.352459 0.435937 0.345433 0.437500 0.343091 0.437500 0.340749 0.442187 0.333724 0.442187 0.331382 0.445312 0.326698 0.445312 0.324356 0.446875 0.322014 0.448438 0.322014 0.453125 0.314988 0.454688 0.314988 0.456250 0.312646 0.457812 0.312646 0.459375 0.310304 0.460938 0.310304 0.462500 0.307963 0.476562 0.307963 0.478125 0.310304 0.481250 0.310304 0.482812 0.312646 0.484375 0.312646 0.485938 0.314988 0.487500 0.314988 0.489062 0.317330 0.490625 0.317330 0.496875 0.326698 0.496875 0.329040 0.498437 0.329040 0.501562 0.333724 0.501562 0.336066 0.503125 0.338407 0.503125 0.343091 0.504687 0.345433 0.504687 0.354801 0.506250 0.357143 0.506250 0.359485 0.507812 0.361827 0.507812 0.364169 0.509375 0.366511 0.509375 0.368852 0.512500 0.373536 0.514063 0.373536 0.515625 0.375878 0.518750 0.375878 0.520312 0.378220 0.521875 0.378220 0.523438 0.380562 0.525000 0.380562 0.526563 0.382904 0.528125 0.382904 0.532812 0.389930 0.532812 0.392272 0.535937 0.396955 0.535937 0.401639 0.537500 0.403981 0.537500 0.413349 0.539062 0.415691 0.539062 0.422717 0.537500 0.425059 0.537500 0.436768 0.539062 0.439110 0.539062 0.441452 0.540625 0.443794 0.540625 0.446136 0.542188 0.446136 0.548437 0.455504 0.550000 0.455504 0.551562 0.457845 0.553125 0.457845 0.554688 0.460187 0.556250 0.460187 0.559375 0.464871 0.560938 0.462529 0.564062 0.462529 0.567187 0.467213 0.567187 0.474239 0.565625 0.476581 0.565625 0.478923 0.564062 0.481265 0.564062 0.485948 0.562500 0.488290 0.562500 0.507026 0.564062 0.509368 0.564062 0.523419 0.565625 0.525761 0.565625 0.528103 0.568750 0.528103 0.571875 0.523419 0.573438 0.523419 0.573438 0.521077 0.575000 0.518735 0.575000 0.516393 0.579687 0.509368 0.582812 0.509368 0.582812 0.507026 0.585938 0.502342 0.585938 0.500000 0.589063 0.495316 0.589063 0.490632 0.590625 0.488290 0.590625 0.485948 0.592188 0.483607 0.592188 0.478923 0.596875 0.471897 0.596875 0.469555 0.598437 0.467213 0.598437 0.464871 0.600000 0.462529 0.600000 0.460187 0.601562 0.457845 0.601562 0.446136 0.603125 0.443794 0.603125 0.411007 0.604688 0.408665 0.604688 0.403981 0.606250 0.401639 0.606250 0.399297 0.609375 0.394614 0.609375 0.392272 0.610937 0.389930 0.612500 0.389930 0.615625 0.385246 0.617188 0.385246 0.618750 0.382904 0.635938 0.382904 0.637500 0.385246 0.639063 0.385246 0.646875 0.396955 0.646875 0.399297 0.651563 0.406323 0.651563 0.408665 0.659375 0.420375 0.659375 0.422717 0.668750 0.436768 0.670313 0.436768 0.682813 0.455504 0.682813 0.460187 0.689062 0.469555 0.695312 0.469555 0.703125 0.457845 0.704687 0.457845 0.707812 0.453162 0.712500 0.453162 0.714063 0.455504 0.720312 0.455504 0.720312 0.448478 0.721875 0.446136 0.721875 0.434426 0.723437 0.432084 0.723437 0.427400 0.726562 0.422717 0.726562 0.420375 0.732813 0.411007 0.746875 0.411007 0.748438 0.413349 0.750000 0.413349 0.751562 0.415691 0.753125 0.415691 0.756250 0.420375 0.756250 0.422717 0.757812 0.425059 0.757812 0.427400 0.759375 0.427400 0.759375 0.425059 0.762500 0.420375 0.765625 0.420375 0.767187 0.418033 0.768750 0.418033 0.770312 0.415691 0.771875 0.415691 0.773438 0.413349 0.781250 0.413349 0.782812 0.415691 0.784375 0.415691 0.785937 0.418033 0.787500 0.418033 0.790625 0.422717 0.790625 0.425059 0.792188 0.427400 0.792188 0.429742 0.795313 0.434426 0.795313 0.436768 0.796875 0.439110 0.796875 0.467213 0.798437 0.469555 0.798437 0.474239 0.800000 0.476581 0.800000 0.478923 0.801562 0.481265 0.801562 0.483607 0.803125 0.485948 0.804688 0.485948 0.806250 0.488290 0.807813 0.488290 0.809375 0.490632 0.810938 0.490632 0.814062 0.495316 0.815625 0.492974 0.815625 0.490632 0.817187 0.488290 0.817187 0.485948 0.818750 0.483607 0.818750 0.481265 0.821875 0.476581 0.826563 0.476581 0.826563 0.347775 0.821875 0.347775 0.818750 0.343091 0.818750 0.338407 0.817187 0.336066 0.817187 0.324356 0.815625 0.322014 0.815625 0.319672 0.814062 0.317330 0.814062 0.314988 0.812500 0.312646 0.812500 0.310304 0.810938 0.307963 0.810938 0.303279 0.809375 0.300937 0.809375 0.293911 0.807813 0.291569 0.807813 0.289227 0.804688 0.284543 0.804688 0.282201 0.796875 0.270492 0.793750 0.270492 0.792188 0.268150 0.790625 0.268150 0.789062 0.265808 0.785937 0.265808 0.784375 0.263466 0.781250 0.263466 0.779688 0.261124 0.773438 0.261124 0.771875 0.258782 0.759375 0.258782 0.757812 0.256440 0.734375 0.256440 0.732813 0.254098 0.706250 0.254098 0.704687 0.251756 0.701563 0.251756 0.700000 0.249415 0.700000 0.242389 0.115625 0.242389 0.115625 0.249415 0.001563 0.305621 0.000000 0.305621 0.000000 0.324356 0.001563 0.324356 0.001563 0.319672 0.003125 0.317330
26 0.521875 0.518735 0.521875 0.558548 0.529688 0.558548 0.532812 0.563232 0.532812 0.574941 0.534375 0.577283 0.534375 0.586651 0.532812 0.588993 0.532812 0.600703 0.531250 0.603045 0.531250 0.607728 0.529688 0.610070 0.529688 0.612412 0.526563 0.617096 0.521875 0.617096 0.521875 0.677986 0.528125 0.677986 0.529688 0.680328 0.529688 0.689696 0.551562 0.689696 0.551562 0.680328 0.553125 0.677986 0.553125 0.675644 0.554688 0.673302 0.554688 0.666276 0.556250 0.663934 0.556250 0.631148 0.554688 0.628806 0.554688 0.619438 0.553125 0.617096 0.553125 0.614754 0.551562 0.612412 0.551562 0.610070 0.550000 0.607728 0.550000 0.600703 0.548437 0.598361 0.548437 0.596019 0.540625 0.584309 0.539062 0.584309 0.534375 0.577283 0.534375 0.551522 0.532812 0.549180 0.532812 0.544496 0.531250 0.542155 0.531250 0.535129 0.529688 0.532787 0.529688 0.525761 0.528125 0.523419 0.528125 0.521077 0.526563 0.518735
28 0.812500 0.673302 0.812500 0.682670 0.810938 0.685012 0.810938 0.692037 0.807813 0.696721 0.803125 0.696721 0.803125 0.783372 0.851562 0.783372 0.851562 0.720141 0.846875 0.720141 0.843750 0.715457 0.843750 0.710773 0.842188 0.708431 0.842188 0.696721 0.840625 0.694379 0.840625 0.689696 0.839063 0.687354 0.837500 0.687354 0.832812 0.680328 0.832812 0.673302
