5 0.495313 0.289227 0.495313 0.296253 0.492188 0.300937 0.490625 0.300937 0.487500 0.305621 0.485938 0.305621 0.484375 0.307963 0.482812 0.307963 0.481250 0.310304 0.476562 0.310304 0.470313 0.319672 0.468750 0.319672 0.467187 0.322014 0.465625 0.322014 0.464063 0.324356 0.462500 0.324356 0.459375 0.329040 0.456250 0.329040 0.454688 0.331382 0.451562 0.331382 0.450000 0.333724 0.448438 0.333724 0.446875 0.336066 0.443750 0.336066 0.440625 0.340749 0.440625 0.343091 0.437500 0.347775 0.435937 0.347775 0.431250 0.354801 0.429688 0.354801 0.428125 0.357143 0.426562 0.357143 0.423438 0.361827 0.421875 0.361827 0.418750 0.366511 0.417188 0.366511 0.415625 0.368852 0.414062 0.368852 0.410937 0.373536 0.409375 0.373536 0.406250 0.378220 0.404687 0.378220 0.403125 0.380562 0.396875 0.380562 0.396875 0.614754 0.401563 0.614754 0.406250 0.621780 0.406250 0.624122 0.407813 0.626464 0.407813 0.631148 0.409375 0.633489 0.409375 0.635831 0.410937 0.638173 0.410937 0.642857 0.412500 0.645199 0.412500 0.647541 0.415625 0.652225 0.415625 0.654567 0.423438 0.666276 0.425000 0.666276 0.426562 0.668618 0.428125 0.668618 0.431250 0.673302 0.432813 0.673302 0.435937 0.677986 0.439063 0.677986 0.440625 0.680328 0.442187 0.680328 0.445312 0.685012 0.446875 0.685012 0.448438 0.687354 0.450000 0.687354 0.453125 0.692037 0.454688 0.692037 0.456250 0.694379 0.457812 0.694379 0.460938 0.699063 0.462500 0.699063 0.465625 0.703747 0.467187 0.703747 0.471875 0.710773 0.475000 0.710773 0.476562 0.713115 0.478125 0.713115 0.479688 0.715457 0.481250 0.715457 0.482812 0.717799 0.484375 0.717799 0.485938 0.720141 0.487500 0.720141 0.489062 0.722482 0.490625 0.722482 0.492188 0.724824 0.493750 0.724824 0.495313 0.727166 0.498437 0.727166 0.500000 0.729508 0.501562 0.729508 0.503125 0.731850 0.504687 0.731850 0.506250 0.734192 0.507812 0.734192 0.510938 0.738876 0.510938 0.745902 0.532812 0.745902 0.532812 0.738876 0.534375 0.736534 0.537500 0.736534 0.539062 0.734192 0.546875 0.734192 0.548437 0.731850 0.556250 0.731850 0.557813 0.729508 0.571875 0.729508 0.573438 0.731850 0.578125 0.731850 0.579687 0.729508 0.582812 0.729508 0.585938 0.724824 0.589063 0.724824 0.590625 0.722482 0.595312 0.722482 0.596875 0.720141 0.603125 0.720141 0.604688 0.717799 0.612500 0.717799 0.614062 0.715457 0.618750 0.715457 0.620313 0.713115 0.623438 0.713115 0.625000 0.710773 0.628125 0.710773 0.629687 0.708431 0.651563 0.708431 0.657812 0.699063 0.659375 0.699063 0.660937 0.696721 0.668750 0.696721 0.670313 0.699063 0.671875 0.699063 0.673437 0.701405 0.676562 0.701405 0.679688 0.706089 0.681250 0.706089 0.682813 0.708431 0.689062 0.699063 0.689062 0.692037 0.690625 0.689696 0.690625 0.682670 0.692187 0.680328 0.692187 0.677986 0.693750 0.675644 0.693750 0.673302 0.695312 0.670960 0.695312 0.668618 0.696875 0.666276 0.701563 0.666276 0.701563 0.600703 0.696875 0.600703 0.693750 0.596019 0.693750 0.584309 0.692187 0.581967 0.692187 0.572600 0.690625 0.570258 0.690625 0.551522 0.692187 0.549180 0.692187 0.544496 0.693750 0.542155 0.693750 0.511710 0.692187 0.509368 0.692187 0.495316 0.690625 0.492974 0.690625 0.483607 0.689062 0.481265 0.689062 0.453162 0.687500 0.450820 0.687500 0.429742 0.685938 0.427400 0.685938 0.394614 0.684375 0.392272 0.684375 0.382904 0.682813 0.380562 0.682813 0.364169 0.681250 0.361827 0.681250 0.350117 0.679688 0.347775 0.679688 0.340749 0.678125 0.338407 0.678125 0.331382 0.676562 0.329040 0.676562 0.326698 0.675000 0.324356 0.675000 0.319672 0.673437 0.317330 0.673437 0.314988 0.671875 0.312646 0.671875 0.310304 0.670313 0.307963 0.670313 0.305621 0.664062 0.296253 0.664062 0.289227
0 0.770312 0.523419 0.770312 0.537471 0.768750 0.539813 0.768750 0.542155 0.767187 0.544496 0.767187 0.546838 0.764063 0.551522 0.764063 0.556206 0.762500 0.558548 0.762500 0.560890 0.760938 0.563232 0.760938 0.565574 0.759375 0.567916 0.753125 0.567916 0.753125 0.612412 0.757812 0.612412 0.759375 0.614754 0.759375 0.619438 0.760938 0.621780 0.760938 0.633489 0.762500 0.635831 0.762500 0.649883 0.764063 0.652225 0.764063 0.663934 0.765625 0.666276 0.765625 0.673302 0.767187 0.675644 0.767187 0.699063 0.789062 0.699063 0.789062 0.680328 0.784375 0.680328 0.782812 0.677986 0.782812 0.659251 0.781250 0.656909 0.781250 0.633489 0.782812 0.631148 0.782812 0.626464 0.784375 0.624122 0.789062 0.624122 0.789062 0.572600 0.784375 0.572600 0.781250 0.567916 0.781250 0.560890 0.779688 0.558548 0.779688 0.544496 0.781250 0.542155 0.781250 0.535129 0.782812 0.532787 0.782812 0.523419
0 0.715625 0.588993 0.715625 0.717799 0.729688 0.717799 0.729688 0.708431 0.731250 0.706089 0.731250 0.703747 0.732813 0.701405 0.732813 0.682670 0.734375 0.680328 0.739062 0.680328 0.739062 0.600703 0.732813 0.600703 0.731250 0.598361 0.731250 0.588993
0 0.828125 0.514051 0.828125 0.596019 0.851562 0.596019 0.851562 0.542155 0.846875 0.542155 0.843750 0.537471 0.843750 0.535129 0.842188 0.532787 0.842188 0.514051
0 0.878125 0.514051 0.878125 0.596019 0.893750 0.596019 0.893750 0.556206 0.895312 0.553864 0.895312 0.551522 0.896875 0.549180 0.901563 0.549180 0.901563 0.530445 0.896875 0.530445 0.893750 0.525761 0.893750 0.514051
0 0.690625 0.523419 0.690625 0.598361 0.700000 0.598361 0.701563 0.596019 0.703125 0.596019 0.703125 0.593677 0.704687 0.591335 0.706250 0.591335 0.707812 0.588993 0.709375 0.591335 0.710938 0.591335 0.714063 0.596019 0.720312 0.596019 0.720312 0.558548 0.714063 0.558548 0.712500 0.556206 0.712500 0.553864 0.710938 0.551522 0.710938 0.549180 0.709375 0.546838 0.709375 0.544496 0.707812 0.542155 0.707812 0.539813 0.706250 0.537471 0.706250 0.535129 0.704687 0.532787 0.704687 0.523419
0 0.532812 0.532787 0.532812 0.549180 0.526563 0.558548 0.525000 0.558548 0.521875 0.563232 0.515625 0.563232 0.515625 0.593677 0.529688 0.593677 0.532812 0.598361 0.532812 0.610070 0.531250 0.612412 0.531250 0.624122 0.576563 0.624122 0.576563 0.603045 0.571875 0.603045 0.565625 0.593677 0.565625 0.591335 0.564062 0.588993 0.564062 0.567916 0.560938 0.563232 0.560938 0.560890 0.556250 0.553864 0.556250 0.532787
0 0.690625 0.523419 0.690625 0.603045 0.700000 0.603045 0.701563 0.600703 0.703125 0.600703 0.707812 0.593677 0.709375 0.593677 0.710938 0.596019 0.710938 0.598361 0.712500 0.600703 0.712500 0.603045 0.714063 0.605386 0.714063 0.607728 0.712500 0.610070 0.712500 0.612412 0.707812 0.619438 0.704687 0.619438 0.703125 0.621780 0.700000 0.621780 0.696875 0.626464 0.696875 0.635831 0.698438 0.638173 0.698438 0.652225 0.720312 0.652225 0.720312 0.558548 0.714063 0.558548 0.712500 0.556206 0.712500 0.553864 0.710938 0.551522 0.710938 0.549180 0.709375 0.546838 0.709375 0.544496 0.707812 0.542155 0.707812 0.539813 0.706250 0.537471 0.706250 0.535129 0.704687 0.532787 0.704687 0.523419
1 0.960938 0.607728 0.960938 0.617096 0.959375 0.619438 0.959375 0.621780 0.957812 0.624122 0.957812 0.626464 0.956250 0.628806 0.956250 0.631148 0.953125 0.635831 0.953125 0.638173 0.950000 0.642857 0.950000 0.645199 0.946875 0.649883 0.940625 0.649883 0.940625 0.689696 0.946875 0.689696 0.954687 0.677986 0.956250 0.677986 0.957812 0.675644 0.960938 0.680328 0.960938 0.682670 0.962500 0.685012 0.962500 0.687354 0.964063 0.689696 0.964063 0.692037 0.968750 0.699063 0.968750 0.706089 0.970312 0.708431 0.970312 0.717799 0.973437 0.717799 0.973437 0.708431 0.976562 0.703747 0.982813 0.703747 0.982813 0.621780 0.978125 0.621780 0.975000 0.617096 0.975000 0.607728
0 0.690625 0.523419 0.690625 0.649883 0.695312 0.649883 0.696875 0.652225 0.696875 0.656909 0.695312 0.659251 0.690625 0.659251 0.690625 0.708431 0.704687 0.708431 0.704687 0.701405 0.706250 0.699063 0.707812 0.699063 0.709375 0.696721 0.710938 0.696721 0.715625 0.689696 0.720312 0.689696 0.720312 0.687354 0.715625 0.687354 0.714063 0.685012 0.714063 0.677986 0.715625 0.675644 0.720312 0.675644 0.720312 0.666276 0.715625 0.666276 0.714063 0.663934 0.714063 0.661592 0.715625 0.659251 0.720312 0.659251 0.720312 0.558548 0.715625 0.558548 0.710938 0.551522 0.710938 0.549180 0.709375 0.546838 0.709375 0.542155 0.707812 0.539813 0.707812 0.537471 0.706250 0.535129 0.706250 0.532787 0.704687 0.530445 0.704687 0.523419
0 0.798437 0.532787 0.798437 0.539813 0.796875 0.542155 0.796875 0.544496 0.795313 0.546838 0.790625 0.546838 0.790625 0.596019 0.814062 0.596019 0.814062 0.565574 0.812500 0.563232 0.812500 0.556206 0.810938 0.553864 0.810938 0.549180 0.809375 0.546838 0.809375 0.544496 0.807813 0.542155 0.807813 0.532787
0 0.535937 0.523419 0.535937 0.530445 0.534375 0.532787 0.534375 0.539813 0.532812 0.542155 0.532812 0.549180 0.526563 0.558548 0.525000 0.558548 0.521875 0.563232 0.515625 0.563232 0.515625 0.591335 0.531250 0.591335 0.532812 0.593677 0.537500 0.593677 0.539062 0.596019 0.543750 0.588993 0.545313 0.588993 0.546875 0.586651 0.551562 0.586651 0.553125 0.584309 0.559375 0.584309 0.560938 0.581967 0.562500 0.581967 0.562500 0.579625 0.564062 0.577283 0.564062 0.574941 0.562500 0.572600 0.562500 0.567916 0.559375 0.563232 0.559375 0.560890 0.554688 0.553864 0.554688 0.523419
