25 0.601562 0.073770 0.601562 0.080796 0.598437 0.085480 0.593750 0.085480 0.592188 0.087822 0.584375 0.087822 0.582812 0.090164 0.564062 0.090164 0.562500 0.092506 0.557813 0.092506 0.556250 0.094848 0.553125 0.094848 0.551562 0.097190 0.550000 0.097190 0.548437 0.099532 0.546875 0.099532 0.545313 0.101874 0.542188 0.101874 0.540625 0.104215 0.537500 0.104215 0.535937 0.106557 0.529688 0.106557 0.528125 0.108899 0.521875 0.108899 0.520312 0.111241 0.517187 0.111241 0.515625 0.113583 0.510938 0.113583 0.509375 0.115925 0.504687 0.115925 0.503125 0.118267 0.501562 0.118267 0.500000 0.120609 0.498437 0.120609 0.496875 0.122951 0.495313 0.122951 0.493750 0.125293 0.490625 0.125293 0.489062 0.127635 0.487500 0.127635 0.485938 0.129977 0.484375 0.129977 0.482812 0.132318 0.479688 0.132318 0.478125 0.134660 0.475000 0.134660 0.473437 0.137002 0.471875 0.137002 0.468750 0.141686 0.467187 0.141686 0.457812 0.155738 0.456250 0.155738 0.445312 0.172131 0.443750 0.172131 0.440625 0.176815 0.439063 0.176815 0.435937 0.181499 0.434375 0.181499 0.431250 0.186183 0.429688 0.186183 0.426562 0.190867 0.425000 0.190867 0.420312 0.197892 0.418750 0.197892 0.407813 0.214286 0.407813 0.216628 0.398438 0.230679 0.398438 0.233021 0.393750 0.240047 0.393750 0.242389 0.389062 0.249415 0.384375 0.249415 0.384375 0.291569 0.389062 0.291569 0.390625 0.293911 0.390625 0.296253 0.393750 0.300937 0.393750 0.303279 0.396875 0.307963 0.398438 0.307963 0.400000 0.310304 0.401563 0.310304 0.404687 0.314988 0.406250 0.314988 0.407813 0.317330 0.409375 0.317330 0.412500 0.322014 0.414062 0.322014 0.417188 0.326698 0.418750 0.326698 0.420312 0.329040 0.421875 0.329040 0.423438 0.331382 0.426562 0.331382 0.428125 0.333724 0.429688 0.333724 0.431250 0.336066 0.432813 0.336066 0.434375 0.338407 0.440625 0.338407 0.442187 0.340749 0.448438 0.340749 0.450000 0.343091 0.454688 0.343091 0.456250 0.345433 0.460938 0.345433 0.462500 0.347775 0.468750 0.347775 0.470313 0.350117 0.478125 0.350117 0.479688 0.352459 0.481250 0.352459 0.482812 0.354801 0.482812 0.361827 0.495313 0.361827 0.495313 0.354801 0.525000 0.310304 0.526563 0.310304 0.531250 0.303279 0.532812 0.303279 0.534375 0.300937 0.539062 0.300937 0.540625 0.298595 0.545313 0.298595 0.546875 0.296253 0.557813 0.296253 0.559375 0.293911 0.560938 0.293911 0.564062 0.289227 0.564062 0.286885 0.565625 0.284543 0.565625 0.279859 0.567187 0.277518 0.567187 0.275176 0.568750 0.272834 0.568750 0.268150 0.575000 0.258782 0.576563 0.258782 0.578125 0.256440 0.579687 0.256440 0.581250 0.254098 0.584375 0.254098 0.585938 0.251756 0.587500 0.251756 0.593750 0.242389 0.595312 0.242389 0.598437 0.237705 0.600000 0.237705 0.601562 0.235363 0.601562 0.223653 0.603125 0.221311 0.603125 0.211944 0.604688 0.209602 0.604688 0.207260 0.607813 0.202576 0.607813 0.200234 0.615625 0.188525 0.617188 0.188525 0.620313 0.183841 0.623438 0.183841 0.625000 0.181499 0.645312 0.181499 0.646875 0.183841 0.651563 0.183841 0.653125 0.186183 0.654688 0.186183 0.656250 0.188525 0.657812 0.188525 0.662500 0.195550 0.664062 0.195550 0.668750 0.202576 0.668750 0.204918 0.670313 0.207260 0.670313 0.209602 0.671875 0.211944 0.671875 0.218970 0.673437 0.221311 0.673437 0.223653 0.670313 0.228337 0.670313 0.230679 0.668750 0.233021 0.668750 0.235363 0.667188 0.237705 0.667188 0.240047 0.665625 0.242389 0.665625 0.247073 0.664062 0.249415 0.664062 0.261124 0.662500 0.263466 0.662500 0.268150 0.660937 0.270492 0.660937 0.272834 0.659375 0.275176 0.659375 0.286885 0.660937 0.286885 0.667188 0.296253 0.667188 0.298595 0.668750 0.300937 0.668750 0.303279 0.670313 0.305621 0.670313 0.312646 0.671875 0.314988 0.684375 0.314988 0.685938 0.312646 0.703125 0.312646 0.704687 0.310304 0.706250 0.310304 0.707812 0.307963 0.712500 0.307963 0.714063 0.305621 0.715625 0.305621 0.718750 0.300937 0.720312 0.300937 0.721875 0.298595 0.723437 0.298595 0.725000 0.296253 0.726562 0.296253 0.728125 0.293911 0.729688 0.293911 0.731250 0.291569 0.734375 0.291569 0.735937 0.289227 0.737500 0.289227 0.740625 0.284543 0.742188 0.284543 0.743750 0.282201 0.745313 0.282201 0.746875 0.279859 0.748438 0.279859 0.751562 0.275176 0.754687 0.275176 0.756250 0.272834 0.757812 0.272834 0.759375 0.270492 0.760938 0.270492 0.764063 0.265808 0.765625 0.265808 0.767187 0.263466 0.768750 0.263466 0.770312 0.261124 0.771875 0.261124 0.773438 0.258782 0.775000 0.258782 0.776563 0.256440 0.778125 0.256440 0.790625 0.237705 0.792188 0.237705 0.804688 0.218970 0.806250 0.218970 0.809375 0.214286 0.814062 0.214286 0.814062 0.167447 0.809375 0.167447 0.801562 0.155738 0.800000 0.155738 0.798437 0.153396 0.796875 0.153396 0.793750 0.148712 0.792188 0.148712 0.789062 0.144028 0.787500 0.144028 0.784375 0.139344 0.782812 0.139344 0.779688 0.134660 0.778125 0.134660 0.776563 0.132318 0.775000 0.132318 0.771875 0.127635 0.768750 0.127635 0.767187 0.125293 0.764063 0.125293 0.762500 0.122951 0.760938 0.122951 0.759375 0.120609 0.756250 0.120609 0.754687 0.118267 0.751562 0.118267 0.750000 0.115925 0.746875 0.115925 0.745313 0.113583 0.743750 0.113583 0.742188 0.111241 0.740625 0.111241 0.739062 0.108899 0.737500 0.108899 0.734375 0.104215 0.732813 0.104215 0.731250 0.101874 0.729688 0.101874 0.728125 0.099532 0.723437 0.099532 0.721875 0.097190 0.715625 0.097190 0.714063 0.094848 0.710938 0.094848 0.709375 0.092506 0.704687 0.092506 0.703125 0.090164 0.698438 0.090164 0.696875 0.087822 0.684375 0.087822 0.682813 0.085480 0.676562 0.085480 0.673437 0.080796 0.673437 0.073770
0 0.628125 0.593677 0.615625 0.593677 0.614062 0.591335 0.603125 0.591335 0.601562 0.588993 0.593750 0.588993 0.592188 0.586651 0.584375 0.586651 0.582812 0.584309 0.571875 0.584309 0.570312 0.581967 0.565625 0.581967 0.564062 0.579625 0.560938 0.579625 0.559375 0.577283 0.557813 0.577283 0.553125 0.570258 0.553125 0.565574 0.551562 0.563232 0.550000 0.565574 0.548437 0.565574 0.546875 0.567916 0.543750 0.567916 0.542188 0.570258 0.542188 0.584309 0.543750 0.586651 0.543750 0.588993 0.542188 0.591335 0.542188 0.598361 0.546875 0.605386 0.546875 0.607728 0.550000 0.612412 0.550000 0.614754 0.551562 0.617096 0.551562 0.619438 0.554688 0.624122 0.554688 0.626464 0.556250 0.628806 0.556250 0.631148 0.557813 0.633489 0.557813 0.635831 0.559375 0.638173 0.559375 0.654567 0.557813 0.656909 0.557813 0.663934 0.556250 0.666276 0.556250 0.670960 0.554688 0.673302 0.554688 0.685012 0.553125 0.687354 0.553125 0.696721 0.551562 0.699063 0.551562 0.706089 0.550000 0.708431 0.550000 0.713115 0.548437 0.715457 0.548437 0.722482 0.546875 0.724824 0.546875 0.729508 0.543750 0.734192 0.543750 0.738876 0.542188 0.741218 0.542188 0.745902 0.540625 0.748244 0.540625 0.750585 0.539062 0.752927 0.539062 0.755269 0.537500 0.757611 0.537500 0.759953 0.535937 0.762295 0.535937 0.764637 0.534375 0.766979 0.534375 0.769321 0.532812 0.771663 0.532812 0.776347 0.531250 0.778689 0.531250 0.785714 0.529688 0.788056 0.529688 0.795082 0.528125 0.797424 0.528125 0.804450 0.526563 0.806792 0.526563 0.813817 0.525000 0.816159 0.525000 0.823185 0.523438 0.825527 0.523438 0.837237 0.521875 0.839578 0.521875 0.853630 0.520312 0.855972 0.520312 0.867682 0.518750 0.870023 0.518750 0.879391 0.517187 0.881733 0.517187 0.891101 0.515625 0.893443 0.515625 0.895785 0.514063 0.898126 0.509375 0.898126 0.509375 0.933255 0.515625 0.933255 0.517187 0.935597 0.518750 0.935597 0.520312 0.937939 0.523438 0.937939 0.525000 0.940281 0.532812 0.940281 0.534375 0.942623 0.540625 0.942623 0.542188 0.944965 0.542188 0.951991 0.582812 0.951991 0.582812 0.940281 0.584375 0.937939 0.584375 0.930913 0.582812 0.928571 0.582812 0.926230 0.579687 0.921546 0.578125 0.921546 0.576563 0.919204 0.575000 0.919204 0.571875 0.914520 0.570312 0.914520 0.559375 0.898126 0.559375 0.895785 0.557813 0.893443 0.557813 0.888759 0.556250 0.886417 0.556250 0.877049 0.557813 0.874707 0.557813 0.865340 0.559375 0.862998 0.559375 0.860656 0.560938 0.858314 0.560938 0.855972 0.562500 0.853630 0.562500 0.848946 0.564062 0.846604 0.564062 0.841920 0.565625 0.839578 0.565625 0.837237 0.567187 0.834895 0.567187 0.827869 0.568750 0.825527 0.568750 0.816159 0.570312 0.813817 0.570312 0.809133 0.571875 0.806792 0.571875 0.802108 0.573438 0.799766 0.573438 0.795082 0.575000 0.792740 0.575000 0.788056 0.576563 0.785714 0.576563 0.781030 0.578125 0.778689 0.578125 0.776347 0.579687 0.774005 0.579687 0.766979 0.581250 0.764637 0.581250 0.755269 0.582812 0.752927 0.582812 0.750585 0.592188 0.736534 0.593750 0.736534 0.595312 0.734192 0.596875 0.734192 0.603125 0.743560 0.603125 0.748244 0.604688 0.750585 0.604688 0.752927 0.606250 0.755269 0.606250 0.785714 0.607813 0.788056 0.607813 0.795082 0.609375 0.797424 0.609375 0.804450 0.610937 0.806792 0.610937 0.811475 0.612500 0.813817 0.612500 0.816159 0.614062 0.818501 0.614062 0.820843 0.617188 0.825527 0.617188 0.827869 0.620313 0.832553 0.620313 0.834895 0.621875 0.837237 0.621875 0.839578 0.623438 0.841920 0.623438 0.844262 0.625000 0.846604 0.625000 0.848946 0.628125 0.853630 0.628125 0.855972 0.629687 0.858314 0.629687 0.860656 0.631250 0.862998 0.631250 0.865340 0.634375 0.870023 0.634375 0.872365 0.635938 0.874707 0.635938 0.879391 0.637500 0.881733 0.637500 0.884075 0.640625 0.888759 0.640625 0.891101 0.642187 0.893443 0.642187 0.895785 0.643750 0.898126 0.643750 0.900468 0.645312 0.902810 0.645312 0.905152 0.646875 0.907494 0.646875 0.914520 0.648438 0.916862 0.648438 0.921546 0.650000 0.923888 0.650000 0.926230 0.651563 0.928571 0.651563 0.930913 0.653125 0.933255 0.653125 0.935597 0.659375 0.944965 0.659375 0.951991 0.668750 0.951991 0.668750 0.944965 0.676562 0.933255 0.678125 0.933255 0.684375 0.923888 0.685938 0.923888 0.687500 0.921546 0.690625 0.921546 0.692187 0.919204 0.696875 0.919204 0.698438 0.916862 0.701563 0.916862 0.707812 0.907494 0.714063 0.907494 0.714063 0.877049 0.687500 0.877049 0.685938 0.874707 0.684375 0.874707 0.682813 0.872365 0.681250 0.872365 0.679688 0.870023 0.678125 0.870023 0.675000 0.865340 0.675000 0.862998 0.673437 0.860656 0.671875 0.860656 0.670313 0.858314 0.670313 0.855972 0.668750 0.853630 0.668750 0.848946 0.667188 0.846604 0.667188 0.844262 0.665625 0.841920 0.665625 0.837237 0.664062 0.834895 0.664062 0.827869 0.662500 0.825527 0.662500 0.818501 0.660937 0.816159 0.660937 0.809133 0.659375 0.806792 0.659375 0.804450 0.657812 0.802108 0.657812 0.795082 0.656250 0.792740 0.656250 0.778689 0.654688 0.776347 0.654688 0.769321 0.653125 0.766979 0.653125 0.762295 0.651563 0.759953 0.651563 0.752927 0.650000 0.750585 0.650000 0.743560 0.648438 0.741218 0.648438 0.734192 0.646875 0.731850 0.646875 0.722482 0.645312 0.720141 0.645312 0.710773 0.643750 0.708431 0.643750 0.706089 0.642187 0.703747 0.642187 0.701405 0.640625 0.699063 0.640625 0.696721 0.639063 0.694379 0.639063 0.692037 0.637500 0.689696 0.637500 0.687354 0.635938 0.685012 0.635938 0.682670 0.634375 0.680328 0.634375 0.675644 0.632812 0.673302 0.632812 0.668618 0.631250 0.666276 0.631250 0.661592 0.629687 0.659251 0.629687 0.656909 0.628125 0.654567 0.628125 0.647541 0.626562 0.645199 0.626562 0.638173 0.625000 0.635831 0.625000 0.614754 0.626562 0.612412 0.626562 0.607728 0.628125 0.605386 0.628125 0.600703 0.629687 0.598361 0.629687 0.596019 0.628125 0.593677 0.676562 0.364169 0.676562 0.359485 0.670313 0.352459 0.670313 0.343091 0.667188 0.338407 0.667188 0.336066 0.665625 0.333724 0.665625 0.331382 0.664062 0.329040 0.664062 0.303279 0.662500 0.300937 0.662500 0.298595 0.656250 0.289227 0.656250 0.277518 0.657812 0.275176 0.657812 0.272834 0.659375 0.270492 0.659375 0.263466 0.660937 0.261124 0.660937 0.254098 0.662500 0.251756 0.662500 0.247073 0.664062 0.244731 0.664062 0.240047 0.665625 0.237705 0.665625 0.233021 0.667188 0.230679 0.667188 0.228337 0.670313 0.223653 0.670313 0.214286 0.668750 0.211944 0.668750 0.209602 0.667188 0.207260 0.667188 0.202576 0.654688 0.183841 0.654688 0.176815 0.617188 0.176815 0.617188 0.186183 0.607813 0.200234 0.607813 0.202576 0.606250 0.204918 0.606250 0.207260 0.604688 0.209602 0.604688 0.244731 0.603125 0.247073 0.603125 0.258782 0.601562 0.261124 0.596875 0.261124 0.595312 0.258782 0.593750 0.258782 0.590625 0.254098 0.589063 0.256440 0.585938 0.256440 0.584375 0.258782 0.581250 0.258782 0.573438 0.270492 0.573438 0.272834 0.571875 0.275176 0.571875 0.289227 0.570312 0.291569 0.570312 0.298595 0.582812 0.298595 0.584375 0.300937 0.585938 0.300937 0.592188 0.310304 0.593750 0.310304 0.598437 0.317330 0.598437 0.329040 0.600000 0.331382 0.600000 0.338407 0.603125 0.343091 0.603125 0.354801 0.604688 0.357143 0.604688 0.373536 0.601562 0.378220 0.601562 0.385246 0.600000 0.387588 0.600000 0.394614 0.601562 0.396955 0.601562 0.399297 0.604688 0.403981 0.604688 0.406323 0.606250 0.408665 0.606250 0.411007 0.603125 0.415691 0.603125 0.418033 0.600000 0.422717 0.600000 0.429742 0.601562 0.429742 0.603125 0.432084 0.606250 0.432084 0.607813 0.434426 0.610937 0.434426 0.612500 0.432084 0.615625 0.432084 0.617188 0.429742 0.618750 0.429742 0.620313 0.427400 0.618750 0.425059 0.618750 0.422717 0.617188 0.420375 0.617188 0.415691 0.618750 0.413349 0.618750 0.408665 0.617188 0.406323 0.614062 0.406323 0.610937 0.401639 0.614062 0.396955 0.620313 0.396955 0.623438 0.401639 0.623438 0.406323 0.621875 0.408665 0.623438 0.411007 0.623438 0.413349 0.626562 0.418033 0.626562 0.422717 0.623438 0.427400 0.628125 0.427400 0.629687 0.429742 0.632812 0.429742 0.635938 0.434426 0.637500 0.434426 0.640625 0.439110 0.640625 0.443794 0.642187 0.446136 0.642187 0.450820 0.643750 0.453162 0.643750 0.481265 0.642187 0.483607 0.646875 0.490632 0.650000 0.490632 0.651563 0.492974 0.653125 0.490632 0.653125 0.469555 0.654688 0.467213 0.654688 0.464871 0.653125 0.462529 0.653125 0.455504 0.656250 0.450820 0.657812 0.450820 0.659375 0.448478 0.660937 0.450820 0.665625 0.450820 0.668750 0.455504 0.675000 0.455504 0.676562 0.453162 0.682813 0.453162 0.689062 0.443794 0.689062 0.439110 0.690625 0.436768 0.690625 0.432084 0.692187 0.429742 0.692187 0.422717 0.693750 0.420375 0.693750 0.418033 0.689062 0.411007 0.689062 0.408665 0.687500 0.408665 0.684375 0.403981 0.682813 0.403981 0.682813 0.406323 0.679688 0.411007 0.678125 0.411007 0.676562 0.413349 0.675000 0.411007 0.667188 0.411007 0.665625 0.413349 0.662500 0.408665 0.662500 0.392272 0.664062 0.389930 0.664062 0.371194 0.665625 0.368852 0.665625 0.364169 0.667188 0.361827 0.667188 0.359485 0.668750 0.357143 0.668750 0.354801 0.670313 0.352459 0.676562 0.359485 0.676562 0.364169
13 0.740625 0.570258 0.740625 0.579625 0.737500 0.584309 0.737500 0.588993 0.735937 0.591335 0.735937 0.596019 0.734375 0.598361 0.734375 0.607728 0.732813 0.610070 0.728125 0.610070 0.728125 0.692037 0.753125 0.692037 0.754687 0.689696 0.756250 0.689696 0.759375 0.685012 0.760938 0.685012 0.762500 0.682670 0.767187 0.682670 0.768750 0.685012 0.770312 0.685012 0.775000 0.677986 0.776563 0.677986 0.778125 0.675644 0.779688 0.675644 0.781250 0.677986 0.803125 0.677986 0.804688 0.680328 0.815625 0.680328 0.820312 0.687354 0.821875 0.687354 0.826563 0.680328 0.829687 0.680328 0.834375 0.687354 0.834375 0.689696 0.837500 0.694379 0.837500 0.699063 0.839063 0.701405 0.839063 0.713115 0.831250 0.724824 0.829687 0.724824 0.826563 0.729508 0.826563 0.752927 0.825000 0.755269 0.826563 0.757611 0.826563 0.762295 0.831250 0.769321 0.839063 0.769321 0.840625 0.766979 0.845312 0.766979 0.846875 0.764637 0.848437 0.766979 0.859375 0.766979 0.860937 0.764637 0.862500 0.764637 0.865625 0.759953 0.868750 0.759953 0.870313 0.757611 0.884375 0.757611 0.885938 0.759953 0.890625 0.759953 0.893750 0.764637 0.893750 0.774005 0.892187 0.776347 0.892187 0.783372 0.890625 0.785714 0.890625 0.790398 0.889063 0.792740 0.889063 0.813817 0.887500 0.816159 0.887500 0.832553 0.889063 0.834895 0.889063 0.837237 0.890625 0.837237 0.893750 0.832553 0.893750 0.823185 0.895312 0.820843 0.895312 0.816159 0.896875 0.813817 0.896875 0.809133 0.898438 0.806792 0.898438 0.802108 0.900000 0.799766 0.900000 0.797424 0.901563 0.795082 0.904688 0.795082 0.906250 0.792740 0.915625 0.792740 0.917188 0.795082 0.918750 0.795082 0.920313 0.797424 0.921875 0.797424 0.923437 0.799766 0.925000 0.799766 0.926562 0.802108 0.929688 0.802108 0.931250 0.804450 0.932813 0.804450 0.937500 0.811475 0.937500 0.816159 0.939062 0.818501 0.939062 0.825527 0.940625 0.827869 0.940625 0.830211 0.942187 0.832553 0.943750 0.832553 0.945312 0.834895 0.948438 0.830211 0.948438 0.820843 0.946875 0.818501 0.946875 0.774005 0.948438 0.771663 0.948438 0.766979 0.950000 0.764637 0.950000 0.762295 0.954687 0.755269 0.956250 0.755269 0.962500 0.745902 0.965625 0.745902 0.967188 0.743560 0.992188 0.743560 0.995313 0.748244 0.998438 0.748244 0.998438 0.570258
9 0.859375 0.000000 0.859375 0.062061 0.901563 0.062061 0.901563 0.000000
2 0.115625 0.476581 0.115625 0.523419 0.120312 0.523419 0.121875 0.525761 0.121875 0.528103 0.123438 0.530445 0.123438 0.535129 0.126563 0.539813 0.126563 0.549180 0.189063 0.549180 0.189063 0.518735 0.184375 0.518735 0.181250 0.514051 0.181250 0.511710 0.178125 0.507026 0.178125 0.504684 0.176563 0.502342 0.175000 0.502342 0.173438 0.500000 0.171875 0.500000 0.170312 0.497658 0.168750 0.497658 0.165625 0.492974 0.160938 0.492974 0.159375 0.490632 0.156250 0.490632 0.154687 0.488290 0.153125 0.488290 0.150000 0.483607 0.150000 0.476581
2 0.221875 0.457845 0.221875 0.464871 0.215625 0.474239 0.214062 0.474239 0.214062 0.476581 0.209375 0.483607 0.207813 0.483607 0.207813 0.485948 0.206250 0.488290 0.206250 0.490632 0.204688 0.492974 0.204688 0.497658 0.203125 0.500000 0.203125 0.502342 0.201562 0.504684 0.196875 0.504684 0.196875 0.539813 0.231250 0.539813 0.231250 0.532787 0.232812 0.530445 0.242188 0.530445 0.243750 0.532787 0.243750 0.539813 0.268750 0.539813 0.268750 0.532787 0.270312 0.530445 0.285937 0.530445 0.287500 0.532787 0.287500 0.539813 0.325000 0.539813 0.325000 0.495316 0.326562 0.492974 0.326562 0.478923 0.325000 0.476581 0.325000 0.469555 0.323438 0.467213 0.323438 0.457845
2 0.373437 0.535129 0.375000 0.537471 0.375000 0.551522 0.378125 0.556206 0.384375 0.556206 0.389062 0.563232 0.389062 0.565574 0.390625 0.565574 0.392188 0.563232 0.393750 0.563232 0.395312 0.560890 0.401563 0.560890 0.401563 0.511710 0.396875 0.511710 0.393750 0.507026 0.393750 0.504684 0.392188 0.502342 0.392188 0.497658 0.390625 0.495316 0.390625 0.492974 0.385938 0.485948 0.385938 0.483607 0.379687 0.474239 0.379687 0.471897 0.376563 0.467213 0.371875 0.474239 0.371875 0.495316 0.373437 0.497658 0.373437 0.535129 0.340625 0.539813 0.328125 0.539813 0.326562 0.537471 0.326562 0.532787 0.325000 0.530445 0.325000 0.521077 0.323438 0.518735 0.323438 0.504684 0.325000 0.502342 0.325000 0.490632 0.326562 0.488290 0.326562 0.471897 0.325000 0.469555 0.325000 0.457845 0.223438 0.457845 0.223438 0.464871 0.220313 0.469555 0.218750 0.469555 0.207813 0.485948 0.207813 0.488290 0.206250 0.490632 0.206250 0.492974 0.204688 0.495316 0.204688 0.504684 0.201562 0.509368 0.196875 0.509368 0.196875 0.567916 0.206250 0.567916 0.207813 0.565574 0.210938 0.565574 0.212500 0.567916 0.225000 0.567916 0.226562 0.565574 0.228125 0.565574 0.229687 0.567916 0.242188 0.567916 0.243750 0.570258 0.271875 0.570258 0.276563 0.563232 0.278125 0.563232 0.281250 0.558548 0.282813 0.558548 0.284375 0.556206 0.287500 0.560890 0.289062 0.560890 0.290625 0.563232 0.293750 0.563232 0.295312 0.565574 0.298438 0.565574 0.300000 0.567916 0.303125 0.567916 0.304688 0.565574 0.306250 0.565574 0.309375 0.560890 0.310937 0.560890 0.314063 0.556206 0.317187 0.556206 0.318750 0.553864 0.320312 0.553864 0.321875 0.551522 0.323438 0.551522 0.325000 0.549180 0.325000 0.546838 0.326562 0.544496 0.326562 0.542155 0.328125 0.539813 0.340625 0.539813
24 0.565625 0.289227 0.565625 0.298595 0.562500 0.303279 0.562500 0.305621 0.557813 0.312646 0.557813 0.314988 0.554688 0.319672 0.553125 0.319672 0.546875 0.329040 0.545313 0.329040 0.543750 0.331382 0.542188 0.331382 0.537500 0.338407 0.535937 0.338407 0.532812 0.343091 0.531250 0.340749 0.529688 0.340749 0.526563 0.336066 0.526563 0.333724 0.528125 0.331382 0.528125 0.326698 0.529688 0.324356 0.529688 0.314988 0.526563 0.314988 0.525000 0.317330 0.525000 0.319672 0.523438 0.322014 0.521875 0.322014 0.515625 0.331382 0.509375 0.331382 0.509375 0.446136 0.520312 0.446136 0.520312 0.439110 0.521875 0.436768 0.528125 0.436768 0.529688 0.439110 0.529688 0.446136 0.545313 0.446136 0.545313 0.439110 0.546875 0.436768 0.548437 0.436768 0.550000 0.434426 0.553125 0.434426 0.554688 0.432084 0.556250 0.432084 0.557813 0.429742 0.575000 0.429742 0.576563 0.427400 0.585938 0.427400 0.587500 0.425059 0.590625 0.425059 0.592188 0.422717 0.596875 0.422717 0.598437 0.420375 0.600000 0.420375 0.601562 0.418033 0.603125 0.418033 0.609375 0.408665 0.614062 0.408665 0.614062 0.378220 0.609375 0.378220 0.606250 0.373536 0.606250 0.371194 0.604688 0.368852 0.604688 0.364169 0.603125 0.361827 0.603125 0.343091 0.601562 0.340749 0.601562 0.338407 0.598437 0.333724 0.598437 0.329040 0.596875 0.326698 0.596875 0.322014 0.595312 0.319672 0.595312 0.314988 0.593750 0.312646 0.593750 0.310304 0.592188 0.307963 0.592188 0.303279 0.590625 0.300937 0.590625 0.289227
26 0.603125 0.382904 0.603125 0.392272 0.604688 0.394614 0.604688 0.401639 0.603125 0.403981 0.603125 0.406323 0.601562 0.408665 0.601562 0.411007 0.600000 0.413349 0.598437 0.413349 0.595312 0.418033 0.593750 0.418033 0.592188 0.420375 0.590625 0.420375 0.589063 0.422717 0.587500 0.422717 0.584375 0.427400 0.582812 0.427400 0.581250 0.429742 0.579687 0.429742 0.576563 0.434426 0.573438 0.434426 0.571875 0.436768 0.570312 0.436768 0.568750 0.439110 0.567187 0.439110 0.565625 0.441452 0.560938 0.441452 0.559375 0.439110 0.557813 0.439110 0.556250 0.441452 0.554688 0.441452 0.553125 0.443794 0.553125 0.446136 0.550000 0.450820 0.548437 0.450820 0.546875 0.453162 0.540625 0.453162 0.540625 0.567916 0.546875 0.567916 0.554688 0.579625 0.559375 0.579625 0.560938 0.581967 0.571875 0.581967 0.573438 0.584309 0.585938 0.584309 0.587500 0.586651 0.590625 0.586651 0.592188 0.588993 0.592188 0.596019 0.640625 0.596019 0.640625 0.588993 0.645312 0.581967 0.645312 0.579625 0.646875 0.577283 0.646875 0.567916 0.648438 0.565574 0.648438 0.558548 0.650000 0.556206 0.650000 0.549180 0.651563 0.546838 0.651563 0.542155 0.653125 0.539813 0.657812 0.539813 0.657812 0.488290 0.651563 0.488290 0.648438 0.483607 0.648438 0.481265 0.646875 0.478923 0.646875 0.476581 0.643750 0.471897 0.643750 0.469555 0.642187 0.467213 0.642187 0.450820 0.643750 0.448478 0.643750 0.446136 0.642187 0.443794 0.642187 0.441452 0.640625 0.439110 0.640625 0.436768 0.639063 0.434426 0.637500 0.434426 0.635938 0.432084 0.634375 0.432084 0.632812 0.429742 0.632812 0.427400 0.631250 0.425059 0.631250 0.418033 0.629687 0.415691 0.629687 0.413349 0.628125 0.411007 0.628125 0.401639 0.623438 0.394614 0.621875 0.394614 0.620313 0.392272 0.618750 0.392272 0.617188 0.389930 0.617188 0.382904
2 0.117188 0.492974 0.118750 0.495316 0.118750 0.504684 0.120312 0.507026 0.120312 0.511710 0.121875 0.514051 0.121875 0.518735 0.123438 0.521077 0.123438 0.525761 0.125000 0.528103 0.125000 0.535129 0.126563 0.537471 0.126563 0.539813 0.128125 0.542155 0.128125 0.544496 0.131250 0.549180 0.132812 0.549180 0.134375 0.551522 0.135937 0.551522 0.137500 0.553864 0.142188 0.553864 0.143750 0.556206 0.146875 0.556206 0.148438 0.553864 0.150000 0.553864 0.151562 0.551522 0.153125 0.551522 0.154687 0.553864 0.157813 0.553864 0.159375 0.556206 0.160938 0.556206 0.167187 0.565574 0.167187 0.567916 0.168750 0.570258 0.170312 0.570258 0.176563 0.579625 0.176563 0.586651 0.178125 0.586651 0.178125 0.574941 0.181250 0.570258 0.181250 0.567916 0.182812 0.565574 0.189063 0.565574 0.189063 0.516393 0.182812 0.516393 0.181250 0.514051 0.181250 0.511710 0.175000 0.502342 0.173438 0.502342 0.171875 0.500000 0.170312 0.500000 0.168750 0.497658 0.167187 0.497658 0.165625 0.495316 0.164062 0.495316 0.162500 0.492974 0.157813 0.492974 0.156250 0.490632 0.153125 0.490632 0.151562 0.488290 0.150000 0.488290 0.148438 0.485948 0.148438 0.476581 0.117188 0.476581 0.117188 0.492974 0.054688 0.485948 0.053125 0.483607 0.053125 0.476581 0.026563 0.476581 0.026563 0.483607 0.023438 0.488290 0.021875 0.488290 0.020312 0.490632 0.018750 0.490632 0.017188 0.492974 0.015625 0.492974 0.012500 0.497658 0.010937 0.497658 0.009375 0.500000 0.004688 0.500000 0.003125 0.502342 0.000000 0.502342 0.000000 0.586651 0.004688 0.586651 0.004688 0.577283 0.006250 0.574941 0.009375 0.574941 0.010937 0.572600 0.017188 0.572600 0.018750 0.574941 0.029687 0.574941 0.031250 0.577283 0.032812 0.577283 0.034375 0.579625 0.034375 0.586651 0.057813 0.586651 0.057813 0.577283 0.059375 0.574941 0.059375 0.563232 0.057813 0.560890 0.057813 0.532787 0.056250 0.530445 0.056250 0.516393 0.054688 0.514051 0.054688 0.485948
2 0.221875 0.457845 0.221875 0.467213 0.220313 0.469555 0.218750 0.469555 0.206250 0.488290 0.206250 0.490632 0.204688 0.492974 0.204688 0.502342 0.203125 0.504684 0.203125 0.509368 0.200000 0.514051 0.198437 0.514051 0.196875 0.516393 0.190625 0.516393 0.190625 0.577283 0.307813 0.577283 0.307813 0.570258 0.309375 0.567916 0.310937 0.567916 0.312500 0.565574 0.314063 0.565574 0.315625 0.563232 0.317187 0.565574 0.320312 0.565574 0.320312 0.563232 0.321875 0.560890 0.321875 0.556206 0.326562 0.549180 0.326562 0.544496 0.328125 0.542155 0.332812 0.542155 0.328125 0.542155 0.326562 0.539813 0.326562 0.535129 0.325000 0.532787 0.325000 0.497658 0.326562 0.495316 0.326562 0.490632 0.328125 0.488290 0.332812 0.488290 0.332812 0.478923 0.328125 0.478923 0.326562 0.476581 0.326562 0.471897 0.325000 0.469555 0.325000 0.457845
