6 0.501562 0.763298 0.500000 0.765957 0.498437 0.765957 0.496875 0.768617 0.493750 0.768617 0.492188 0.771277 0.490625 0.771277 0.490625 0.773936 0.492188 0.776596 0.492188 0.779255 0.493750 0.781915 0.493750 0.784574 0.495313 0.787234 0.495313 0.789894 0.503125 0.803191 0.507812 0.803191 0.507812 0.763298 0.501562 0.763298 0.492188 0.603723 0.492188 0.595745 0.493750 0.593085 0.493750 0.585106 0.495313 0.582447 0.495313 0.574468 0.496875 0.571809 0.496875 0.566489 0.498437 0.563830 0.498437 0.561170 0.423438 0.601064 0.423438 0.566489 0.425000 0.563830 0.425000 0.555851 0.426562 0.553191 0.426562 0.550532 0.428125 0.547872 0.428125 0.537234 0.429688 0.534574 0.429688 0.529255 0.431250 0.526596 0.431250 0.518617 0.432813 0.515957 0.432813 0.513298 0.437500 0.505319 0.437500 0.500000 0.439063 0.497340 0.439063 0.484043 0.440625 0.481383 0.440625 0.470745 0.443750 0.465426 0.445312 0.465426 0.446875 0.462766 0.448438 0.462766 0.451562 0.457447 0.451562 0.454787 0.453125 0.452128 0.453125 0.449468 0.456250 0.444149 0.456250 0.441489 0.459375 0.436170 0.460938 0.436170 0.471875 0.417553 0.473437 0.417553 0.478125 0.409574 0.479688 0.409574 0.481250 0.412234 0.484375 0.412234 0.484375 0.409574 0.485938 0.406915 0.485938 0.396277 0.487500 0.393617 0.487500 0.390957 0.489062 0.388298 0.489062 0.382979 0.490625 0.380319 0.490625 0.367021 0.492188 0.364362 0.492188 0.361702 0.496875 0.353723 0.496875 0.348404 0.498437 0.345745 0.498437 0.332447 0.496875 0.329787 0.493750 0.329787 0.490625 0.335106 0.485938 0.335106 0.484375 0.332447 0.481250 0.337766 0.479688 0.337766 0.476562 0.343085 0.471875 0.343085 0.459375 0.364362 0.457812 0.364362 0.457812 0.367021 0.446875 0.385638 0.443750 0.385638 0.439063 0.393617 0.437500 0.393617 0.435937 0.396277 0.435937 0.398936 0.434375 0.401596 0.434375 0.404255 0.432813 0.406915 0.432813 0.409574 0.431250 0.412234 0.431250 0.414894 0.429688 0.417553 0.429688 0.428191 0.431250 0.430851 0.431250 0.433511 0.434375 0.438830 0.434375 0.449468 0.432813 0.452128 0.432813 0.454787 0.428125 0.462766 0.415625 0.462766 0.414062 0.465426 0.409375 0.465426 0.407813 0.468085 0.404687 0.468085 0.403125 0.470745 0.396875 0.470745 0.393750 0.476064 0.393750 0.478723 0.392188 0.481383 0.390625 0.481383 0.385938 0.489362 0.384375 0.489362 0.382812 0.492021 0.382812 0.497340 0.384375 0.500000 0.384375 0.505319 0.382812 0.507979 0.381250 0.507979 0.381250 0.510638 0.376563 0.518617 0.373437 0.518617 0.371875 0.515957 0.370313 0.518617 0.368750 0.518617 0.364062 0.526596 0.362500 0.526596 0.360938 0.529255 0.359375 0.529255 0.353125 0.539894 0.351562 0.539894 0.348437 0.545213 0.346875 0.545213 0.345313 0.547872 0.345313 0.550532 0.317187 0.598404 0.317187 0.601064 0.304688 0.622340 0.304688 0.625000 0.301562 0.630319 0.301562 0.632979 0.300000 0.635638 0.298438 0.635638 0.292188 0.646277 0.290625 0.646277 0.289062 0.648936 0.287500 0.648936 0.279687 0.662234 0.279687 0.667553 0.278125 0.670213 0.278125 0.672872 0.267188 0.691489 0.267188 0.694149 0.262500 0.702128 0.260938 0.702128 0.254687 0.712766 0.254687 0.715426 0.253125 0.718085 0.251563 0.718085 0.248437 0.723404 0.246875 0.723404 0.245312 0.726064 0.243750 0.726064 0.234375 0.742021 0.234375 0.744681 0.232812 0.747340 0.232812 0.750000 0.228125 0.757979 0.228125 0.760638 0.226562 0.763298 0.225000 0.763298 0.225000 0.765957 0.220313 0.773936 0.220313 0.776596 0.217187 0.781915 0.217187 0.784574 0.209375 0.797872 0.209375 0.800532 0.192188 0.829787 0.192188 0.832447 0.190625 0.835106 0.189063 0.835106 0.184375 0.843085 0.184375 0.845745 0.182812 0.848404 0.181250 0.848404 0.168750 0.869681 0.168750 0.872340 0.164062 0.880319 0.162500 0.880319 0.145313 0.909574 0.145313 0.912234 0.121875 0.952128 0.121875 0.954787 0.114063 0.968085 0.114063 0.970745 0.107813 0.981383 0.107813 0.984043 0.101562 0.994681 0.101562 1.000000 0.334375 1.000000 0.334375 0.994681 0.342187 0.981383 0.343750 0.981383 0.345313 0.978723 0.346875 0.978723 0.348437 0.976064 0.350000 0.976064 0.353125 0.970745 0.353125 0.968085 0.354688 0.965426 0.354688 0.957447 0.356250 0.954787 0.356250 0.946809 0.357812 0.944149 0.357812 0.925532 0.359375 0.922872 0.359375 0.898936 0.360938 0.896277 0.360938 0.880319 0.362500 0.877660 0.362500 0.869681 0.364062 0.867021 0.364062 0.859043 0.365625 0.856383 0.365625 0.851064 0.367188 0.848404 0.367188 0.843085 0.368750 0.840426 0.368750 0.835106 0.370313 0.832447 0.370313 0.829787 0.371875 0.827128 0.371875 0.824468 0.373437 0.821809 0.373437 0.819149 0.375000 0.816489 0.375000 0.813830 0.376563 0.811170 0.376563 0.808511 0.379687 0.803191 0.379687 0.800532 0.381250 0.797872 0.381250 0.792553 0.382812 0.789894 0.382812 0.787234 0.384375 0.784574 0.384375 0.781915 0.385938 0.779255 0.385938 0.773936 0.387500 0.771277 0.387500 0.768617 0.389062 0.765957 0.389062 0.760638 0.390625 0.757979 0.390625 0.752660 0.392188 0.750000 0.392188 0.744681 0.393750 0.742021 0.393750 0.739362 0.395312 0.736702 0.395312 0.734043 0.396875 0.731383 0.396875 0.728723 0.398438 0.726064 0.398438 0.723404 0.400000 0.720745 0.400000 0.718085 0.401563 0.715426 0.401563 0.707447 0.403125 0.704787 0.403125 0.699468 0.404687 0.696809 0.404687 0.694149 0.406250 0.691489 0.406250 0.686170 0.407813 0.683511 0.407813 0.678191 0.409375 0.675532 0.409375 0.670213 0.410937 0.667553 0.410937 0.662234 0.412500 0.659574 0.412500 0.656915 0.414062 0.654255 0.414062 0.648936 0.417188 0.643617 0.417188 0.640957 0.418750 0.638298 0.418750 0.635638 0.420312 0.632979 0.420312 0.625000 0.421875 0.622340 0.421875 0.603723 0.423438 0.601064 0.498437 0.561170 0.501562 0.555851 0.501562 0.553191 0.507812 0.553191 0.507812 0.662234 0.501562 0.662234 0.500000 0.659574 0.498437 0.659574 0.496875 0.656915 0.496875 0.651596 0.495313 0.648936 0.495313 0.638298 0.493750 0.635638 0.493750 0.606383 0.492188 0.603723
6 0.473437 0.452128 0.473437 0.470745 0.471875 0.473404 0.471875 0.484043 0.470313 0.486702 0.470313 0.494681 0.468750 0.497340 0.468750 0.502660 0.467187 0.505319 0.467187 0.510638 0.465625 0.513298 0.465625 0.518617 0.464063 0.521277 0.464063 0.526596 0.462500 0.529255 0.462500 0.537234 0.460938 0.539894 0.460938 0.545213 0.459375 0.547872 0.459375 0.555851 0.457812 0.558511 0.457812 0.563830 0.456250 0.566489 0.456250 0.571809 0.454688 0.574468 0.454688 0.579787 0.453125 0.582447 0.453125 0.587766 0.451562 0.590426 0.451562 0.595745 0.450000 0.598404 0.450000 0.601064 0.448438 0.603723 0.448438 0.606383 0.445312 0.611702 0.445312 0.614362 0.443750 0.617021 0.443750 0.619681 0.442187 0.622340 0.442187 0.625000 0.439063 0.630319 0.434375 0.630319 0.434375 0.781915 0.439063 0.781915 0.442187 0.787234 0.442187 0.792553 0.448438 0.803191 0.450000 0.803191 0.454688 0.811170 0.454688 0.821809 0.510938 0.821809 0.510938 0.811170 0.521875 0.792553 0.526563 0.792553 0.526563 0.513298 0.521875 0.513298 0.520312 0.510638 0.520312 0.505319 0.518750 0.502660 0.518750 0.492021 0.517187 0.489362 0.517187 0.481383 0.515625 0.478723 0.515625 0.473404 0.514063 0.470745 0.514063 0.468085 0.512500 0.465426 0.512500 0.452128 0.473437 0.452128 0.459375 0.452128 0.446875 0.452128 0.446875 0.468085 0.443750 0.473404 0.434375 0.473404 0.434375 0.505319 0.439063 0.505319 0.439063 0.502660 0.440625 0.500000 0.440625 0.489362 0.442187 0.486702 0.442187 0.481383 0.443750 0.478723 0.443750 0.476064 0.450000 0.465426 0.453125 0.465426 0.454688 0.462766 0.456250 0.462766 0.457812 0.460106 0.459375 0.460106 0.459375 0.452128
6 0.253125 0.388298 0.253125 0.396277 0.250000 0.401596 0.246875 0.401596 0.245312 0.404255 0.242188 0.404255 0.240625 0.406915 0.237500 0.406915 0.235938 0.409574 0.234375 0.409574 0.232812 0.412234 0.231250 0.412234 0.229687 0.414894 0.228125 0.414894 0.226562 0.417553 0.225000 0.417553 0.223438 0.420213 0.221875 0.420213 0.220313 0.422872 0.218750 0.422872 0.217187 0.425532 0.215625 0.425532 0.214062 0.428191 0.212500 0.428191 0.209375 0.433511 0.207813 0.433511 0.206250 0.436170 0.203125 0.436170 0.201562 0.438830 0.200000 0.438830 0.198437 0.436170 0.189063 0.436170 0.187500 0.438830 0.179688 0.438830 0.178125 0.441489 0.171875 0.441489 0.170312 0.444149 0.162500 0.444149 0.160938 0.446809 0.153125 0.446809 0.151562 0.449468 0.146875 0.449468 0.145313 0.452128 0.142188 0.452128 0.140625 0.454787 0.137500 0.454787 0.135937 0.457447 0.132812 0.457447 0.131250 0.460106 0.129688 0.460106 0.128125 0.462766 0.126563 0.462766 0.125000 0.465426 0.120312 0.465426 0.118750 0.468085 0.114063 0.468085 0.112500 0.470745 0.110937 0.470745 0.109375 0.473404 0.106250 0.473404 0.104687 0.476064 0.100000 0.476064 0.098438 0.478723 0.093750 0.478723 0.092188 0.481383 0.089062 0.481383 0.087500 0.484043 0.084375 0.484043 0.082813 0.486702 0.079687 0.486702 0.078125 0.489362 0.073437 0.489362 0.071875 0.492021 0.067188 0.492021 0.065625 0.494681 0.062500 0.494681 0.060938 0.497340 0.057813 0.497340 0.056250 0.500000 0.050000 0.500000 0.048437 0.502660 0.045313 0.502660 0.043750 0.505319 0.042188 0.505319 0.040625 0.507979 0.037500 0.507979 0.035937 0.510638 0.029687 0.510638 0.028125 0.513298 0.023438 0.513298 0.021875 0.515957 0.018750 0.515957 0.017188 0.518617 0.014062 0.518617 0.012500 0.521277 0.000000 0.521277 0.000000 0.694149 0.010937 0.694149 0.010937 0.686170 0.014062 0.680851 0.014062 0.678191 0.021875 0.664894 0.023438 0.664894 0.025000 0.662234 0.028125 0.662234 0.031250 0.656915 0.032812 0.656915 0.037500 0.648936 0.039062 0.648936 0.040625 0.646277 0.043750 0.646277 0.045313 0.643617 0.053125 0.643617 0.054688 0.640957 0.057813 0.640957 0.059375 0.638298 0.062500 0.638298 0.064062 0.635638 0.065625 0.635638 0.067188 0.632979 0.068750 0.632979 0.070312 0.630319 0.071875 0.630319 0.073437 0.627660 0.075000 0.627660 0.078125 0.622340 0.079687 0.622340 0.081250 0.619681 0.084375 0.619681 0.085938 0.617021 0.087500 0.617021 0.090625 0.611702 0.092188 0.611702 0.093750 0.609043 0.095312 0.609043 0.096875 0.606383 0.098438 0.606383 0.100000 0.603723 0.101562 0.603723 0.103125 0.601064 0.104687 0.601064 0.106250 0.598404 0.110937 0.598404 0.112500 0.595745 0.120312 0.595745 0.121875 0.593085 0.123438 0.593085 0.125000 0.590426 0.126563 0.590426 0.128125 0.587766 0.129688 0.587766 0.132812 0.582447 0.134375 0.582447 0.135937 0.579787 0.137500 0.579787 0.139062 0.577128 0.142188 0.577128 0.143750 0.574468 0.145313 0.574468 0.146875 0.571809 0.148438 0.571809 0.150000 0.569149 0.151562 0.569149 0.154687 0.563830 0.157813 0.563830 0.160938 0.558511 0.162500 0.558511 0.164062 0.555851 0.167187 0.555851 0.168750 0.553191 0.170312 0.553191 0.171875 0.550532 0.173438 0.550532 0.175000 0.547872 0.176563 0.547872 0.178125 0.545213 0.181250 0.545213 0.182812 0.542553 0.184375 0.542553 0.185937 0.539894 0.187500 0.539894 0.189063 0.537234 0.190625 0.537234 0.192188 0.534574 0.193750 0.534574 0.195312 0.531915 0.196875 0.531915 0.198437 0.529255 0.200000 0.529255 0.201562 0.526596 0.203125 0.526596 0.204688 0.523936 0.206250 0.523936 0.207813 0.521277 0.209375 0.521277 0.210938 0.518617 0.212500 0.518617 0.214062 0.515957 0.215625 0.515957 0.217187 0.513298 0.218750 0.513298 0.220313 0.510638 0.221875 0.510638 0.223438 0.507979 0.226562 0.507979 0.228125 0.505319 0.229687 0.505319 0.231250 0.502660 0.234375 0.502660 0.235938 0.500000 0.237500 0.500000 0.239063 0.497340 0.240625 0.497340 0.242188 0.494681 0.243750 0.494681 0.245312 0.492021 0.246875 0.492021 0.248437 0.489362 0.250000 0.489362 0.251563 0.486702 0.253125 0.486702 0.254687 0.484043 0.257812 0.484043 0.259375 0.481383 0.260938 0.481383 0.264062 0.476064 0.265625 0.476064 0.267188 0.473404 0.270312 0.473404 0.271875 0.470745 0.273438 0.470745 0.276563 0.465426 0.278125 0.465426 0.279687 0.462766 0.281250 0.462766 0.284375 0.457447 0.284375 0.452128 0.285937 0.449468 0.285937 0.444149 0.287500 0.441489 0.287500 0.433511 0.289062 0.430851 0.289062 0.428191 0.290625 0.425532 0.295312 0.425532 0.295312 0.414894 0.290625 0.414894 0.289062 0.412234 0.289062 0.406915 0.287500 0.404255 0.287500 0.401596 0.285937 0.398936 0.285937 0.388298
6 0.759375 0.569149 0.759375 0.651596 0.764063 0.651596 0.765625 0.654255 0.773438 0.654255 0.775000 0.656915 0.779688 0.656915 0.781250 0.659574 0.782812 0.659574 0.784375 0.662234 0.785937 0.662234 0.787500 0.664894 0.789062 0.664894 0.795313 0.675532 0.796875 0.675532 0.807813 0.694149 0.807813 0.696809 0.810938 0.702128 0.810938 0.704787 0.812500 0.707447 0.812500 0.710106 0.815625 0.715426 0.815625 0.718085 0.820312 0.726064 0.820312 0.728723 0.832812 0.750000 0.832812 0.752660 0.834375 0.755319 0.835938 0.755319 0.839063 0.760638 0.842188 0.760638 0.843750 0.763298 0.845312 0.763298 0.846875 0.765957 0.848437 0.765957 0.850000 0.768617 0.851562 0.768617 0.857813 0.779255 0.859375 0.779255 0.860937 0.781915 0.862500 0.781915 0.867188 0.789894 0.868750 0.789894 0.875000 0.800532 0.876562 0.800532 0.884375 0.813830 0.884375 0.816489 0.885938 0.816489 0.893750 0.829787 0.893750 0.832447 0.901563 0.845745 0.901563 0.848404 0.906250 0.856383 0.906250 0.859043 0.909375 0.864362 0.909375 0.867021 0.920313 0.885638 0.920313 0.888298 0.921875 0.890957 0.923437 0.890957 0.925000 0.893617 0.925000 0.896277 0.928125 0.901596 0.929688 0.901596 0.931250 0.904255 0.931250 0.906915 0.939062 0.920213 0.940625 0.920213 0.942187 0.922872 0.943750 0.922872 0.945312 0.925532 0.948438 0.925532 0.950000 0.928191 0.953125 0.928191 0.956250 0.933511 0.957812 0.933511 0.962500 0.941489 0.964063 0.941489 0.967188 0.946809 0.968750 0.946809 0.971875 0.952128 0.973437 0.952128 0.987500 0.976064 0.989062 0.976064 0.992188 0.981383 0.992188 0.992021 0.998438 0.992021 0.998438 0.648936 0.995313 0.648936 0.993750 0.646277 0.990625 0.646277 0.989062 0.643617 0.985937 0.643617 0.984375 0.640957 0.981250 0.640957 0.979688 0.638298 0.973437 0.638298 0.971875 0.635638 0.967188 0.635638 0.965625 0.632979 0.964063 0.632979 0.962500 0.630319 0.959375 0.630319 0.957812 0.627660 0.956250 0.627660 0.954687 0.625000 0.951563 0.625000 0.950000 0.622340 0.948438 0.622340 0.946875 0.619681 0.943750 0.619681 0.942187 0.617021 0.940625 0.617021 0.939062 0.614362 0.935938 0.614362 0.934375 0.611702 0.932813 0.611702 0.931250 0.609043 0.928125 0.609043 0.926562 0.606383 0.921875 0.606383 0.920313 0.603723 0.917188 0.603723 0.915625 0.601064 0.914062 0.601064 0.912500 0.598404 0.910937 0.598404 0.909375 0.595745 0.907812 0.595745 0.906250 0.593085 0.906250 0.590426 0.901563 0.582447 0.900000 0.582447 0.898438 0.579787 0.898438 0.569149
6 0.528125 0.281915 0.528125 0.329787 0.534375 0.329787 0.535937 0.332447 0.537500 0.332447 0.540625 0.337766 0.542188 0.337766 0.543750 0.340426 0.545313 0.340426 0.546875 0.343085 0.548437 0.343085 0.550000 0.345745 0.551562 0.345745 0.554688 0.351064 0.556250 0.351064 0.559375 0.356383 0.559375 0.359043 0.565625 0.369681 0.567187 0.369681 0.570312 0.375000 0.571875 0.375000 0.581250 0.390957 0.581250 0.393617 0.585938 0.401596 0.587500 0.401596 0.589063 0.404255 0.590625 0.404255 0.592188 0.406915 0.593750 0.406915 0.595312 0.409574 0.596875 0.409574 0.600000 0.414894 0.601562 0.414894 0.604688 0.420213 0.606250 0.420213 0.607813 0.422872 0.609375 0.422872 0.610937 0.425532 0.612500 0.425532 0.615625 0.430851 0.617188 0.430851 0.620313 0.436170 0.621875 0.436170 0.623438 0.438830 0.625000 0.438830 0.626562 0.441489 0.626562 0.449468 0.695312 0.449468 0.695312 0.329787 0.690625 0.329787 0.682813 0.316489 0.681250 0.316489 0.679688 0.313830 0.671875 0.313830 0.670313 0.311170 0.653125 0.311170 0.651563 0.308511 0.617188 0.308511 0.615625 0.305851 0.610937 0.305851 0.609375 0.303191 0.607813 0.303191 0.604688 0.297872 0.603125 0.297872 0.600000 0.292553 0.600000 0.281915
2 0.984375 0.377660 0.984375 0.388298 0.978125 0.398936 0.971875 0.398936 0.971875 0.438830 0.998438 0.438830 0.998438 0.377660
6 0.273438 0.388298 0.271875 0.390957 0.260938 0.390957 0.259375 0.393617 0.256250 0.393617 0.254687 0.396277 0.253125 0.396277 0.251563 0.398936 0.250000 0.398936 0.248437 0.401596 0.245312 0.401596 0.243750 0.404255 0.239063 0.404255 0.237500 0.406915 0.235938 0.406915 0.234375 0.409574 0.232812 0.409574 0.231250 0.412234 0.229687 0.412234 0.228125 0.414894 0.225000 0.414894 0.223438 0.417553 0.221875 0.417553 0.220313 0.420213 0.218750 0.420213 0.217187 0.422872 0.215625 0.422872 0.214062 0.425532 0.212500 0.425532 0.207813 0.433511 0.204688 0.433511 0.203125 0.436170 0.198437 0.436170 0.196875 0.433511 0.190625 0.433511 0.189063 0.436170 0.181250 0.436170 0.179688 0.438830 0.175000 0.438830 0.173438 0.441489 0.167187 0.441489 0.165625 0.444149 0.159375 0.444149 0.157813 0.446809 0.150000 0.446809 0.148438 0.449468 0.143750 0.449468 0.142188 0.452128 0.139062 0.452128 0.137500 0.454787 0.134375 0.454787 0.132812 0.457447 0.131250 0.457447 0.129688 0.460106 0.128125 0.460106 0.126563 0.462766 0.123438 0.462766 0.121875 0.465426 0.117188 0.465426 0.115625 0.468085 0.112500 0.468085 0.110937 0.470745 0.107813 0.470745 0.106250 0.473404 0.104687 0.473404 0.103125 0.476064 0.098438 0.476064 0.096875 0.478723 0.092188 0.478723 0.090625 0.481383 0.087500 0.481383 0.085938 0.484043 0.082813 0.484043 0.081250 0.486702 0.078125 0.486702 0.076563 0.489362 0.071875 0.489362 0.070312 0.492021 0.064062 0.492021 0.062500 0.494681 0.060938 0.494681 0.059375 0.497340 0.053125 0.497340 0.051562 0.500000 0.045313 0.500000 0.043750 0.502660 0.042188 0.502660 0.040625 0.505319 0.039062 0.505319 0.037500 0.507979 0.034375 0.507979 0.032812 0.510638 0.025000 0.510638 0.023438 0.513298 0.018750 0.513298 0.017188 0.515957 0.014062 0.515957 0.012500 0.518617 0.000000 0.518617 0.000000 0.694149 0.010937 0.694149 0.010937 0.683511 0.014062 0.678191 0.014062 0.675532 0.015625 0.672872 0.017188 0.672872 0.021875 0.664894 0.023438 0.664894 0.025000 0.662234 0.028125 0.662234 0.032812 0.654255 0.034375 0.654255 0.037500 0.648936 0.039062 0.648936 0.040625 0.646277 0.046875 0.646277 0.048437 0.643617 0.054688 0.643617 0.056250 0.640957 0.059375 0.640957 0.060938 0.638298 0.062500 0.638298 0.064062 0.635638 0.065625 0.635638 0.067188 0.632979 0.068750 0.632979 0.070312 0.630319 0.071875 0.630319 0.073437 0.627660 0.075000 0.627660 0.076563 0.625000 0.078125 0.625000 0.079687 0.622340 0.081250 0.622340 0.082813 0.619681 0.084375 0.619681 0.085938 0.617021 0.087500 0.617021 0.089062 0.614362 0.090625 0.614362 0.093750 0.609043 0.095312 0.609043 0.096875 0.606383 0.098438 0.606383 0.100000 0.603723 0.101562 0.603723 0.103125 0.601064 0.104687 0.601064 0.106250 0.598404 0.109375 0.598404 0.110937 0.595745 0.117188 0.595745 0.118750 0.598404 0.120312 0.598404 0.121875 0.595745 0.123438 0.595745 0.125000 0.593085 0.126563 0.593085 0.129688 0.587766 0.131250 0.587766 0.134375 0.582447 0.135937 0.582447 0.137500 0.579787 0.139062 0.579787 0.140625 0.577128 0.142188 0.577128 0.143750 0.574468 0.145313 0.574468 0.146875 0.571809 0.148438 0.571809 0.150000 0.569149 0.151562 0.569149 0.153125 0.566489 0.154687 0.566489 0.156250 0.563830 0.157813 0.563830 0.159375 0.561170 0.160938 0.561170 0.162500 0.558511 0.164062 0.558511 0.165625 0.555851 0.167187 0.555851 0.168750 0.553191 0.170312 0.553191 0.171875 0.550532 0.175000 0.550532 0.176563 0.547872 0.178125 0.547872 0.179688 0.545213 0.182812 0.545213 0.184375 0.542553 0.185937 0.542553 0.187500 0.539894 0.189063 0.539894 0.190625 0.537234 0.192188 0.537234 0.193750 0.534574 0.195312 0.534574 0.196875 0.531915 0.198437 0.531915 0.200000 0.529255 0.201562 0.529255 0.203125 0.526596 0.204688 0.526596 0.206250 0.523936 0.207813 0.523936 0.209375 0.521277 0.210938 0.521277 0.212500 0.518617 0.214062 0.518617 0.215625 0.515957 0.218750 0.515957 0.220313 0.513298 0.221875 0.513298 0.223438 0.510638 0.225000 0.510638 0.226562 0.507979 0.228125 0.507979 0.229687 0.505319 0.232812 0.505319 0.234375 0.502660 0.235938 0.502660 0.237500 0.500000 0.239063 0.500000 0.240625 0.497340 0.242188 0.497340 0.243750 0.494681 0.245312 0.494681 0.246875 0.492021 0.248437 0.492021 0.250000 0.489362 0.251563 0.489362 0.253125 0.486702 0.254687 0.486702 0.256250 0.484043 0.259375 0.484043 0.262500 0.478723 0.264062 0.478723 0.265625 0.476064 0.268750 0.476064 0.270312 0.473404 0.271875 0.473404 0.273438 0.470745 0.275000 0.470745 0.278125 0.465426 0.279687 0.465426 0.281250 0.462766 0.282813 0.462766 0.284375 0.460106 0.284375 0.454787 0.285937 0.452128 0.285937 0.446809 0.287500 0.444149 0.287500 0.436170 0.289062 0.433511 0.289062 0.422872 0.290625 0.420213 0.290625 0.417553 0.289062 0.414894 0.289062 0.406915 0.287500 0.404255 0.287500 0.401596 0.285937 0.398936 0.285937 0.396277 0.282813 0.390957 0.279687 0.390957 0.278125 0.388298
6 0.310937 0.313830 0.310937 0.321809 0.307813 0.327128 0.303125 0.327128 0.303125 0.385638 0.339063 0.385638 0.339063 0.375000 0.343750 0.367021 0.345313 0.367021 0.346875 0.364362 0.351562 0.364362 0.351562 0.313830
9 0.878125 0.367021 0.878125 0.425532 0.882812 0.425532 0.885938 0.430851 0.885938 0.438830 0.901563 0.438830 0.901563 0.367021
2 0.904688 0.441489 0.904688 0.452128 0.901563 0.457447 0.901563 0.460106 0.895312 0.470745 0.890625 0.470745 0.890625 0.502660 0.951563 0.502660 0.951563 0.454787 0.945312 0.454787 0.942187 0.449468 0.942187 0.441489
2 0.909375 0.409574 0.909375 0.449468 0.945312 0.449468 0.945312 0.409574
