0 0.689062 0.028037 0.689062 0.035047 0.687500 0.037383 0.685938 0.037383 0.684375 0.039720 0.679688 0.039720 0.678125 0.042056 0.673437 0.042056 0.671875 0.044393 0.670313 0.044393 0.668750 0.046729 0.665625 0.046729 0.664062 0.049065 0.659375 0.049065 0.657812 0.051402 0.654688 0.051402 0.653125 0.053738 0.651563 0.053738 0.650000 0.056075 0.646875 0.056075 0.645312 0.058411 0.643750 0.058411 0.642187 0.060748 0.640625 0.060748 0.639063 0.063084 0.637500 0.063084 0.623438 0.084112 0.623438 0.086449 0.620313 0.091121 0.620313 0.093458 0.615625 0.100467 0.615625 0.102804 0.614062 0.105140 0.612500 0.105140 0.612500 0.107477 0.609375 0.112150 0.609375 0.114486 0.604688 0.121495 0.604688 0.123832 0.598437 0.133178 0.598437 0.135514 0.592188 0.144860 0.592188 0.147196 0.589063 0.151869 0.587500 0.151869 0.585938 0.154206 0.585938 0.156542 0.579687 0.165888 0.579687 0.168224 0.573438 0.177570 0.573438 0.182243 0.571875 0.184579 0.571875 0.186916 0.570312 0.189252 0.565625 0.189252 0.565625 0.196262 0.570312 0.196262 0.576563 0.205607 0.578125 0.205607 0.579687 0.207944 0.589063 0.207944 0.590625 0.205607 0.592188 0.205607 0.595312 0.200935 0.596875 0.200935 0.598437 0.198598 0.600000 0.198598 0.601562 0.196262 0.604688 0.200935 0.604688 0.205607 0.606250 0.207944 0.606250 0.221963 0.607813 0.224299 0.607813 0.226636 0.609375 0.228972 0.609375 0.231308 0.610937 0.233645 0.610937 0.235981 0.612500 0.238318 0.612500 0.240654 0.615625 0.245327 0.615625 0.247664 0.617188 0.250000 0.617188 0.254673 0.618750 0.257009 0.618750 0.261682 0.620313 0.264019 0.620313 0.273364 0.618750 0.275701 0.618750 0.280374 0.617188 0.282710 0.617188 0.285047 0.615625 0.287383 0.615625 0.289720 0.609375 0.299065 0.609375 0.301402 0.607813 0.303738 0.607813 0.306075 0.603125 0.313084 0.603125 0.315421 0.601562 0.317757 0.600000 0.317757 0.593750 0.327103 0.592188 0.327103 0.582812 0.341121 0.582812 0.343458 0.581250 0.345794 0.581250 0.350467 0.579687 0.352804 0.579687 0.371495 0.576563 0.376168 0.576563 0.378505 0.573438 0.383178 0.573438 0.385514 0.570312 0.390187 0.565625 0.390187 0.565625 0.422897 0.571875 0.422897 0.573438 0.425234 0.581250 0.425234 0.582812 0.427570 0.584375 0.427570 0.587500 0.432243 0.589063 0.432243 0.590625 0.434579 0.595312 0.434579 0.596875 0.436916 0.600000 0.436916 0.601562 0.439252 0.614062 0.439252 0.615625 0.441589 0.626562 0.441589 0.628125 0.439252 0.629687 0.439252 0.629687 0.436916 0.626562 0.436916 0.625000 0.434579 0.623438 0.434579 0.620313 0.429907 0.618750 0.429907 0.614062 0.422897 0.612500 0.422897 0.610937 0.420561 0.610937 0.418224 0.607813 0.413551 0.607813 0.397196 0.609375 0.394860 0.609375 0.392523 0.612500 0.387850 0.612500 0.385514 0.615625 0.380841 0.615625 0.378505 0.617188 0.376168 0.617188 0.373832 0.618750 0.371495 0.618750 0.369159 0.626562 0.357477 0.628125 0.357477 0.631250 0.352804 0.632812 0.352804 0.650000 0.327103 0.650000 0.324766 0.651563 0.322430 0.653125 0.322430 0.665625 0.303738 0.670313 0.303738 0.671875 0.306075 0.673437 0.306075 0.676562 0.310748 0.678125 0.310748 0.681250 0.315421 0.682813 0.315421 0.684375 0.317757 0.685938 0.317757 0.689062 0.322430 0.692187 0.322430 0.693750 0.324766 0.695312 0.324766 0.696875 0.327103 0.706250 0.327103 0.707812 0.329439 0.710938 0.329439 0.712500 0.331776 0.715625 0.331776 0.717188 0.334112 0.718750 0.334112 0.720312 0.336449 0.720312 0.348131 0.718750 0.350467 0.718750 0.352804 0.704687 0.373832 0.703125 0.373832 0.701563 0.376168 0.696875 0.376168 0.692187 0.383178 0.690625 0.383178 0.678125 0.401869 0.678125 0.404206 0.673437 0.411215 0.671875 0.411215 0.668750 0.415888 0.668750 0.418224 0.664062 0.425234 0.662500 0.425234 0.654688 0.436916 0.654688 0.443925 0.656250 0.446262 0.656250 0.453271 0.657812 0.455607 0.657812 0.457944 0.659375 0.460280 0.659375 0.462617 0.662500 0.467290 0.664062 0.467290 0.665625 0.469626 0.668750 0.469626 0.670313 0.471963 0.673437 0.471963 0.678125 0.478972 0.678125 0.469626 0.679688 0.467290 0.679688 0.464953 0.687500 0.453271 0.687500 0.450935 0.695312 0.439252 0.696875 0.439252 0.700000 0.434579 0.701563 0.434579 0.703125 0.432243 0.707812 0.432243 0.709375 0.429907 0.717188 0.429907 0.718750 0.427570 0.723437 0.427570 0.725000 0.425234 0.728125 0.425234 0.729688 0.422897 0.732813 0.422897 0.734375 0.420561 0.739062 0.420561 0.740625 0.418224 0.743750 0.418224 0.745313 0.415888 0.748438 0.415888 0.753125 0.408879 0.754687 0.408879 0.762500 0.397196 0.764063 0.397196 0.768750 0.390187 0.770312 0.390187 0.771875 0.387850 0.773438 0.387850 0.785937 0.369159 0.787500 0.369159 0.790625 0.364486 0.792188 0.364486 0.795313 0.359813 0.796875 0.359813 0.798437 0.357477 0.800000 0.357477 0.806250 0.348131 0.806250 0.345794 0.807813 0.343458 0.807813 0.341121 0.809375 0.338785 0.809375 0.336449 0.810938 0.334112 0.810938 0.310748 0.809375 0.308411 0.809375 0.306075 0.804688 0.299065 0.804688 0.296729 0.800000 0.289720 0.800000 0.287383 0.787500 0.268692 0.787500 0.266355 0.785937 0.264019 0.785937 0.261682 0.782812 0.257009 0.782812 0.254673 0.781250 0.252336 0.781250 0.250000 0.778125 0.245327 0.771875 0.245327 0.768750 0.240654 0.767187 0.240654 0.760938 0.231308 0.760938 0.228972 0.759375 0.226636 0.759375 0.219626 0.765625 0.210280 0.767187 0.210280 0.768750 0.207944 0.770312 0.207944 0.773438 0.203271 0.775000 0.203271 0.776563 0.200935 0.781250 0.200935 0.782812 0.198598 0.787500 0.198598 0.789062 0.200935 0.790625 0.200935 0.795313 0.207944 0.796875 0.207944 0.796875 0.205607 0.798437 0.203271 0.800000 0.203271 0.801562 0.200935 0.804688 0.200935 0.806250 0.198598 0.812500 0.198598 0.814062 0.196262 0.817187 0.196262 0.818750 0.193925 0.821875 0.193925 0.823438 0.191589 0.826563 0.191589 0.828125 0.189252 0.842188 0.189252 0.843750 0.191589 0.848437 0.191589 0.854688 0.200935 0.856250 0.200935 0.862500 0.210280 0.864062 0.210280 0.871875 0.221963 0.873438 0.221963 0.876562 0.226636 0.878125 0.226636 0.884375 0.235981 0.885938 0.235981 0.896875 0.252336 0.898438 0.252336 0.900000 0.254673 0.901563 0.254673 0.904688 0.259346 0.906250 0.259346 0.910937 0.266355 0.912500 0.266355 0.921875 0.280374 0.923437 0.280374 0.926562 0.285047 0.928125 0.285047 0.935938 0.296729 0.935938 0.299065 0.943750 0.310748 0.943750 0.313084 0.945312 0.315421 0.946875 0.315421 0.948438 0.317757 0.950000 0.317757 0.953125 0.322430 0.954687 0.322430 0.959375 0.329439 0.960938 0.329439 0.964063 0.334112 0.967188 0.334112 0.968750 0.336449 0.971875 0.336449 0.973437 0.334112 0.975000 0.334112 0.976562 0.331776 0.982813 0.331776 0.982813 0.299065 0.976562 0.299065 0.975000 0.296729 0.973437 0.296729 0.971875 0.294393 0.965625 0.294393 0.962500 0.289720 0.962500 0.287383 0.960938 0.285047 0.959375 0.285047 0.956250 0.280374 0.956250 0.278037 0.950000 0.268692 0.950000 0.266355 0.946875 0.261682 0.946875 0.259346 0.945312 0.257009 0.945312 0.254673 0.943750 0.252336 0.943750 0.245327 0.942187 0.242991 0.942187 0.235981 0.940625 0.233645 0.940625 0.231308 0.937500 0.226636 0.937500 0.224299 0.932813 0.217290 0.932813 0.214953 0.929688 0.210280 0.929688 0.207944 0.918750 0.191589 0.917188 0.191589 0.914062 0.186916 0.912500 0.186916 0.909375 0.182243 0.907812 0.182243 0.906250 0.179907 0.904688 0.179907 0.903125 0.177570 0.901563 0.177570 0.900000 0.175234 0.896875 0.175234 0.895312 0.172897 0.893750 0.172897 0.892187 0.170561 0.890625 0.170561 0.884375 0.161215 0.882812 0.161215 0.868750 0.140187 0.868750 0.137850 0.860937 0.126168 0.860937 0.123832 0.857813 0.119159 0.857813 0.116822 0.856250 0.114486 0.856250 0.112150 0.853125 0.107477 0.853125 0.105140 0.850000 0.100467 0.850000 0.081776 0.851562 0.079439 0.851562 0.077103 0.853125 0.074766 0.853125 0.070093 0.851562 0.067757 0.851562 0.065421 0.845312 0.056075 0.843750 0.056075 0.840625 0.051402 0.839063 0.051402 0.831250 0.039720 0.829687 0.039720 0.828125 0.037383 0.828125 0.028037 0.823438 0.028037 0.823438 0.035047 0.820312 0.039720 0.818750 0.039720 0.817187 0.042056 0.815625 0.042056 0.814062 0.044393 0.810938 0.044393 0.809375 0.046729 0.798437 0.046729 0.796875 0.044393 0.795313 0.044393 0.793750 0.042056 0.790625 0.042056 0.789062 0.039720 0.785937 0.039720 0.784375 0.037383 0.782812 0.037383 0.781250 0.035047 0.781250 0.028037
36 0.667188 0.579439 0.667188 0.586449 0.662500 0.593458 0.662500 0.595794 0.651563 0.612150 0.646875 0.612150 0.646875 0.686916 0.651563 0.686916 0.653125 0.689252 0.653125 0.696262 0.654688 0.698598 0.654688 0.714953 0.656250 0.717290 0.656250 0.738318 0.657812 0.740654 0.657812 0.747664 0.659375 0.750000 0.659375 0.775701 0.660937 0.778037 0.660937 0.810748 0.662500 0.813084 0.662500 0.822430 0.664062 0.824766 0.664062 0.831776 0.665625 0.834112 0.665625 0.838785 0.667188 0.841121 0.667188 0.855140 0.668750 0.857477 0.668750 0.864486 0.670313 0.866822 0.670313 0.869159 0.673437 0.873832 0.673437 0.876168 0.678125 0.883178 0.678125 0.885514 0.679688 0.887850 0.679688 0.890187 0.681250 0.892523 0.681250 0.894860 0.682813 0.897196 0.682813 0.904206 0.721875 0.904206 0.721875 0.897196 0.725000 0.892523 0.726562 0.892523 0.731250 0.885514 0.731250 0.883178 0.732813 0.880841 0.739062 0.880841 0.739062 0.752336 0.734375 0.752336 0.732813 0.750000 0.732813 0.742991 0.731250 0.740654 0.731250 0.719626 0.729688 0.717290 0.729688 0.700935 0.728125 0.698598 0.728125 0.682243 0.726562 0.679907 0.726562 0.663551 0.725000 0.661215 0.725000 0.644860 0.723437 0.642523 0.723437 0.626168 0.721875 0.623832 0.721875 0.614486 0.720312 0.612150 0.720312 0.609813 0.718750 0.607477 0.718750 0.600467 0.717188 0.598131 0.717188 0.595794 0.710938 0.586449 0.710938 0.579439
0 0.442187 0.355140 0.442187 0.366822 0.440625 0.369159 0.440625 0.373832 0.439063 0.376168 0.439063 0.383178 0.437500 0.385514 0.437500 0.387850 0.432813 0.394860 0.432813 0.397196 0.431250 0.399533 0.431250 0.404206 0.429688 0.406542 0.429688 0.420561 0.428125 0.422897 0.428125 0.425234 0.426562 0.427570 0.421875 0.427570 0.421875 0.471963 0.426562 0.471963 0.434375 0.483645 0.434375 0.485981 0.435937 0.488318 0.435937 0.492991 0.437500 0.495327 0.437500 0.504673 0.439063 0.507009 0.439063 0.518692 0.440625 0.521028 0.440625 0.528037 0.442187 0.530374 0.442187 0.572430 0.440625 0.574766 0.440625 0.579439 0.442187 0.581776 0.442187 0.584112 0.443750 0.584112 0.445312 0.586449 0.448438 0.586449 0.450000 0.584112 0.453125 0.584112 0.454688 0.581776 0.456250 0.581776 0.457812 0.579439 0.459375 0.579439 0.460938 0.577103 0.460938 0.558411 0.459375 0.556075 0.459375 0.539720 0.457812 0.537383 0.457812 0.521028 0.459375 0.518692 0.459375 0.514019 0.460938 0.511682 0.460938 0.502336 0.462500 0.500000 0.462500 0.495327 0.470313 0.483645 0.476562 0.483645 0.476562 0.401869 0.471875 0.401869 0.468750 0.397196 0.468750 0.394860 0.467187 0.392523 0.467187 0.390187 0.464063 0.385514 0.464063 0.383178 0.462500 0.380841 0.462500 0.378505 0.460938 0.376168 0.460938 0.373832 0.459375 0.371495 0.459375 0.366822 0.457812 0.364486 0.457812 0.355140
0 0.301562 0.345794 0.301562 0.357477 0.300000 0.359813 0.300000 0.364486 0.298438 0.366822 0.298438 0.369159 0.296875 0.371495 0.296875 0.373832 0.292188 0.380841 0.292188 0.383178 0.290625 0.385514 0.290625 0.387850 0.289062 0.390187 0.284375 0.390187 0.284375 0.429907 0.289062 0.429907 0.292188 0.434579 0.292188 0.441589 0.293750 0.443925 0.293750 0.450935 0.295312 0.453271 0.295312 0.462617 0.296875 0.464953 0.296875 0.474299 0.298438 0.476636 0.298438 0.502336 0.300000 0.504673 0.300000 0.511682 0.301562 0.514019 0.301562 0.521028 0.318750 0.521028 0.318750 0.497664 0.320312 0.495327 0.320312 0.481308 0.321875 0.478972 0.321875 0.457944 0.323438 0.455607 0.323438 0.434579 0.325000 0.432243 0.325000 0.427570 0.326562 0.425234 0.326562 0.422897 0.328125 0.420561 0.332812 0.420561 0.332812 0.378505 0.326562 0.378505 0.323438 0.373832 0.323438 0.371495 0.318750 0.364486 0.318750 0.359813 0.317187 0.357477 0.317187 0.345794
0 0.359375 0.336449 0.359375 0.350467 0.357812 0.352804 0.357812 0.362150 0.356250 0.364486 0.356250 0.366822 0.351562 0.373832 0.351562 0.378505 0.350000 0.380841 0.350000 0.383178 0.348437 0.385514 0.348437 0.392523 0.346875 0.394860 0.346875 0.397196 0.345313 0.399533 0.340625 0.399533 0.340625 0.429907 0.345313 0.429907 0.350000 0.436916 0.350000 0.439252 0.354688 0.446262 0.354688 0.453271 0.356250 0.455607 0.356250 0.502336 0.357812 0.504673 0.357812 0.509346 0.359375 0.511682 0.359375 0.521028 0.371875 0.521028 0.371875 0.511682 0.373437 0.509346 0.373437 0.490654 0.375000 0.488318 0.375000 0.478972 0.376563 0.476636 0.376563 0.471963 0.378125 0.469626 0.378125 0.467290 0.379687 0.464953 0.379687 0.462617 0.381250 0.460280 0.381250 0.457944 0.385938 0.450935 0.385938 0.448598 0.396875 0.432243 0.401563 0.432243 0.401563 0.425234 0.396875 0.425234 0.393750 0.420561 0.393750 0.415888 0.392188 0.413551 0.392188 0.406542 0.390625 0.404206 0.390625 0.399533 0.389062 0.397196 0.389062 0.394860 0.387500 0.392523 0.387500 0.390187 0.385938 0.387850 0.385938 0.385514 0.384375 0.383178 0.384375 0.378505 0.381250 0.373832 0.381250 0.371495 0.376563 0.364486 0.376563 0.362150 0.375000 0.359813 0.375000 0.348131 0.373437 0.345794 0.373437 0.336449
0 0.870313 0.556075 0.870313 0.563084 0.871875 0.563084 0.871875 0.556075 0.870313 0.556075 0.870313 0.490654 0.871875 0.490654 0.871875 0.500000 0.870313 0.502336 0.870313 0.507009 0.868750 0.509346 0.868750 0.511682 0.867188 0.514019 0.867188 0.516355 0.865625 0.518692 0.864062 0.516355 0.864062 0.511682 0.862500 0.509346 0.862500 0.471963 0.864062 0.469626 0.865625 0.469626 0.867188 0.467290 0.867188 0.460280 0.868750 0.457944 0.868750 0.455607 0.867188 0.453271 0.867188 0.446262 0.865625 0.443925 0.865625 0.441589 0.864062 0.439252 0.864062 0.436916 0.862500 0.434579 0.862500 0.420561 0.864062 0.418224 0.864062 0.415888 0.865625 0.413551 0.865625 0.408879 0.867188 0.406542 0.867188 0.401869 0.868750 0.399533 0.868750 0.371495 0.867188 0.369159 0.867188 0.364486 0.865625 0.362150 0.865625 0.355140 0.839063 0.355140 0.839063 0.362150 0.837500 0.364486 0.837500 0.366822 0.835938 0.369159 0.835938 0.371495 0.834375 0.373832 0.834375 0.376168 0.832812 0.378505 0.832812 0.383178 0.831250 0.385514 0.831250 0.394860 0.832812 0.397196 0.832812 0.411215 0.831250 0.413551 0.831250 0.418224 0.829687 0.420561 0.829687 0.422897 0.823438 0.432243 0.821875 0.432243 0.818750 0.436916 0.817187 0.436916 0.815625 0.439252 0.814062 0.439252 0.809375 0.446262 0.807813 0.446262 0.807813 0.448598 0.804688 0.453271 0.804688 0.455607 0.803125 0.457944 0.803125 0.462617 0.801562 0.464953 0.801562 0.474299 0.800000 0.476636 0.800000 0.492991 0.798437 0.495327 0.798437 0.509346 0.800000 0.511682 0.800000 0.542056 0.804688 0.549065 0.806250 0.549065 0.812500 0.558411 0.812500 0.560748 0.810938 0.563084 0.810938 0.565421 0.809375 0.567757 0.809375 0.577103 0.810938 0.579439 0.810938 0.581776 0.815625 0.588785 0.815625 0.593458 0.817187 0.595794 0.817187 0.600467 0.815625 0.602804 0.815625 0.616822 0.814062 0.619159 0.814062 0.621495 0.812500 0.623832 0.812500 0.626168 0.810938 0.628505 0.810938 0.642523 0.809375 0.644860 0.809375 0.677570 0.807813 0.679907 0.807813 0.684579 0.806250 0.686916 0.806250 0.691589 0.809375 0.696262 0.809375 0.705607 0.807813 0.707944 0.807813 0.712617 0.809375 0.714953 0.809375 0.726636 0.815625 0.735981 0.815625 0.738318 0.817187 0.740654 0.817187 0.761682 0.818750 0.764019 0.817187 0.766355 0.817187 0.780374 0.815625 0.782710 0.815625 0.785047 0.814062 0.787383 0.812500 0.787383 0.810938 0.789720 0.809375 0.789720 0.807813 0.792056 0.807813 0.796729 0.806250 0.799065 0.806250 0.838785 0.818750 0.838785 0.818750 0.822430 0.821875 0.817757 0.823438 0.820093 0.826563 0.820093 0.828125 0.822430 0.832812 0.822430 0.834375 0.824766 0.835938 0.824766 0.837500 0.827103 0.843750 0.827103 0.845312 0.824766 0.846875 0.824766 0.848437 0.822430 0.851562 0.822430 0.854688 0.817757 0.854688 0.815421 0.856250 0.813084 0.856250 0.808411 0.854688 0.806075 0.854688 0.785047 0.856250 0.782710 0.856250 0.778037 0.857813 0.775701 0.857813 0.752336 0.856250 0.750000 0.856250 0.747664 0.851562 0.740654 0.850000 0.742991 0.846875 0.742991 0.843750 0.747664 0.842188 0.747664 0.840625 0.750000 0.839063 0.750000 0.837500 0.747664 0.837500 0.745327 0.840625 0.740654 0.842188 0.740654 0.842188 0.738318 0.843750 0.735981 0.850000 0.735981 0.851562 0.733645 0.853125 0.733645 0.856250 0.728972 0.856250 0.726636 0.859375 0.721963 0.859375 0.719626 0.860937 0.717290 0.860937 0.712617 0.862500 0.710280 0.862500 0.698598 0.860937 0.696262 0.860937 0.663551 0.859375 0.661215 0.859375 0.642523 0.857813 0.640187 0.857813 0.612150 0.859375 0.609813 0.859375 0.602804 0.860937 0.600467 0.860937 0.593458 0.862500 0.591121 0.862500 0.570093 0.860937 0.567757 0.860937 0.558411 0.862500 0.556075 0.862500 0.546729 0.864062 0.544393 0.864062 0.532710 0.865625 0.530374 0.865625 0.528037 0.867188 0.525701 0.868750 0.525701 0.870313 0.523364 0.871875 0.523364 0.873438 0.521028 0.873438 0.518692 0.876562 0.514019 0.875000 0.511682 0.875000 0.509346 0.871875 0.504673 0.871875 0.500000 0.871875 0.490654 0.871875 0.481308 0.870313 0.481308 0.870313 0.490654
0 0.223438 0.317757 0.223438 0.327103 0.221875 0.329439 0.221875 0.331776 0.220313 0.334112 0.218750 0.334112 0.217187 0.336449 0.217187 0.338785 0.215625 0.341121 0.214062 0.341121 0.210938 0.336449 0.207813 0.336449 0.206250 0.334112 0.200000 0.334112 0.198437 0.336449 0.196875 0.336449 0.195312 0.338785 0.195312 0.341121 0.193750 0.343458 0.193750 0.359813 0.192188 0.362150 0.192188 0.364486 0.189063 0.369159 0.178125 0.369159 0.176563 0.371495 0.168750 0.371495 0.165625 0.376168 0.165625 0.378505 0.164062 0.380841 0.170312 0.390187 0.171875 0.390187 0.173438 0.392523 0.175000 0.392523 0.176563 0.394860 0.179688 0.394860 0.181250 0.397196 0.182812 0.397196 0.184375 0.399533 0.189063 0.399533 0.192188 0.404206 0.192188 0.406542 0.193750 0.408879 0.193750 0.413551 0.192188 0.415888 0.192188 0.448598 0.193750 0.450935 0.193750 0.455607 0.195312 0.457944 0.195312 0.464953 0.196875 0.467290 0.196875 0.483645 0.195312 0.485981 0.195312 0.495327 0.193750 0.497664 0.193750 0.509346 0.192188 0.511682 0.192188 0.528037 0.190625 0.530374 0.190625 0.539720 0.192188 0.542056 0.192188 0.546729 0.193750 0.549065 0.193750 0.558411 0.200000 0.558411 0.200000 0.549065 0.203125 0.544393 0.203125 0.542056 0.204688 0.539720 0.204688 0.528037 0.206250 0.525701 0.206250 0.518692 0.209375 0.514019 0.210938 0.516355 0.210938 0.521028 0.212500 0.523364 0.212500 0.544393 0.214062 0.546729 0.214062 0.558411 0.226562 0.558411 0.226562 0.537383 0.228125 0.535047 0.228125 0.530374 0.229687 0.528037 0.229687 0.521028 0.231250 0.518692 0.231250 0.502336 0.232812 0.500000 0.232812 0.481308 0.234375 0.478972 0.234375 0.467290 0.235938 0.464953 0.235938 0.457944 0.237500 0.455607 0.237500 0.450935 0.239063 0.448598 0.239063 0.418224 0.237500 0.415888 0.237500 0.408879 0.235938 0.406542 0.235938 0.401869 0.234375 0.399533 0.234375 0.392523 0.232812 0.390187 0.232812 0.380841 0.234375 0.378505 0.234375 0.376168 0.237500 0.371495 0.239063 0.371495 0.240625 0.369159 0.243750 0.369159 0.245312 0.366822 0.251563 0.366822 0.251563 0.329439 0.246875 0.329439 0.243750 0.324766 0.243750 0.317757
0 0.090625 0.336449 0.090625 0.348131 0.095312 0.348131 0.096875 0.345794 0.100000 0.345794 0.101562 0.343458 0.104687 0.348131 0.104687 0.357477 0.103125 0.359813 0.090625 0.359813 0.090625 0.404206 0.095312 0.404206 0.096875 0.406542 0.096875 0.408879 0.098438 0.411215 0.098438 0.432243 0.100000 0.434579 0.100000 0.436916 0.104687 0.443925 0.104687 0.453271 0.106250 0.455607 0.106250 0.469626 0.107813 0.471963 0.107813 0.483645 0.115625 0.483645 0.115625 0.474299 0.117188 0.471963 0.117188 0.467290 0.118750 0.464953 0.118750 0.460280 0.120312 0.457944 0.120312 0.455607 0.121875 0.453271 0.126563 0.453271 0.126563 0.441589 0.128125 0.439252 0.128125 0.429907 0.129688 0.427570 0.129688 0.420561 0.131250 0.418224 0.131250 0.415888 0.134375 0.411215 0.139062 0.411215 0.139062 0.376168 0.134375 0.376168 0.132812 0.373832 0.131250 0.373832 0.128125 0.369159 0.126563 0.369159 0.121875 0.362150 0.121875 0.348131 0.123438 0.345794 0.123438 0.336449
0 0.279687 0.308411 0.279687 0.329439 0.278125 0.331776 0.278125 0.341121 0.276563 0.343458 0.276563 0.348131 0.273438 0.352804 0.273438 0.355140 0.271875 0.357477 0.270312 0.357477 0.268750 0.359813 0.268750 0.362150 0.267188 0.364486 0.267188 0.366822 0.264062 0.371495 0.262500 0.371495 0.259375 0.376168 0.259375 0.380841 0.257812 0.383178 0.253125 0.383178 0.253125 0.397196 0.257812 0.397196 0.259375 0.399533 0.259375 0.401869 0.260938 0.404206 0.260938 0.411215 0.262500 0.413551 0.262500 0.418224 0.264062 0.420561 0.264062 0.425234 0.267188 0.429907 0.267188 0.434579 0.268750 0.436916 0.268750 0.464953 0.270312 0.467290 0.270312 0.483645 0.287500 0.483645 0.287500 0.471963 0.285937 0.469626 0.285937 0.443925 0.287500 0.441589 0.287500 0.408879 0.289062 0.406542 0.289062 0.401869 0.290625 0.399533 0.295312 0.399533 0.295312 0.308411
0 0.065625 0.345794 0.065625 0.359813 0.064062 0.362150 0.064062 0.366822 0.062500 0.369159 0.062500 0.373832 0.060938 0.376168 0.060938 0.378505 0.057813 0.383178 0.053125 0.383178 0.053125 0.420561 0.057813 0.420561 0.060938 0.425234 0.060938 0.462617 0.062500 0.464953 0.062500 0.474299 0.078125 0.474299 0.078125 0.464953 0.079687 0.462617 0.079687 0.457944 0.081250 0.455607 0.081250 0.448598 0.082813 0.446262 0.089062 0.446262 0.089062 0.371495 0.082813 0.371495 0.081250 0.369159 0.081250 0.366822 0.079687 0.364486 0.079687 0.357477 0.081250 0.355140 0.081250 0.345794
0 0.889063 0.345794 0.889063 0.355140 0.885938 0.359813 0.885938 0.364486 0.882812 0.369159 0.882812 0.371495 0.881250 0.373832 0.881250 0.376168 0.879687 0.378505 0.879687 0.380841 0.878125 0.383178 0.878125 0.385514 0.875000 0.390187 0.875000 0.392523 0.873438 0.394860 0.873438 0.399533 0.864062 0.413551 0.864062 0.418224 0.862500 0.420561 0.862500 0.422897 0.860937 0.425234 0.860937 0.434579 0.870313 0.448598 0.870313 0.457944 0.871875 0.460280 0.871875 0.467290 0.873438 0.469626 0.873438 0.471963 0.875000 0.474299 0.875000 0.495327 0.876562 0.497664 0.876562 0.525701 0.881250 0.532710 0.873438 0.544393 0.871875 0.544393 0.870313 0.546729 0.865625 0.546729 0.860937 0.553738 0.860937 0.556075 0.859375 0.558411 0.853125 0.558411 0.853125 0.567757 0.857813 0.567757 0.860937 0.572430 0.860937 0.577103 0.862500 0.579439 0.862500 0.584112 0.864062 0.586449 0.864062 0.595794 0.862500 0.598131 0.862500 0.600467 0.860937 0.602804 0.860937 0.605140 0.859375 0.607477 0.859375 0.609813 0.857813 0.612150 0.853125 0.612150 0.853125 0.691589 0.857813 0.691589 0.859375 0.693925 0.859375 0.700935 0.860937 0.703271 0.860937 0.719626 0.859375 0.721963 0.859375 0.724299 0.857813 0.726636 0.853125 0.726636 0.853125 0.829439 0.857813 0.829439 0.857813 0.822430 0.862500 0.815421 0.864062 0.815421 0.867188 0.810748 0.867188 0.808411 0.868750 0.806075 0.868750 0.803738 0.871875 0.799065 0.871875 0.794393 0.873438 0.792056 0.873438 0.785047 0.871875 0.782710 0.871875 0.735981 0.873438 0.733645 0.873438 0.714953 0.878125 0.707944 0.878125 0.705607 0.879687 0.703271 0.879687 0.700935 0.881250 0.698598 0.881250 0.696262 0.882812 0.693925 0.882812 0.689252 0.884375 0.686916 0.884375 0.651869 0.882812 0.649533 0.882812 0.644860 0.881250 0.642523 0.881250 0.621495 0.884375 0.616822 0.892187 0.616822 0.893750 0.619159 0.896875 0.619159 0.901563 0.626168 0.901563 0.630841 0.903125 0.633178 0.903125 0.635514 0.904688 0.635514 0.906250 0.633178 0.906250 0.630841 0.907812 0.628505 0.907812 0.600467 0.906250 0.598131 0.906250 0.586449 0.907812 0.584112 0.907812 0.572430 0.909375 0.570093 0.909375 0.567757 0.907812 0.565421 0.907812 0.530374 0.909375 0.528037 0.909375 0.525701 0.914062 0.518692 0.914062 0.516355 0.917188 0.511682 0.917188 0.509346 0.918750 0.507009 0.918750 0.504673 0.920313 0.502336 0.920313 0.500000 0.921875 0.497664 0.926562 0.497664 0.926562 0.490654 0.921875 0.490654 0.920313 0.488318 0.920313 0.483645 0.918750 0.481308 0.918750 0.474299 0.917188 0.471963 0.917188 0.436916 0.915625 0.434579 0.915625 0.429907 0.914062 0.427570 0.914062 0.425234 0.912500 0.422897 0.912500 0.420561 0.910937 0.418224 0.910937 0.408879 0.912500 0.406542 0.912500 0.399533 0.914062 0.397196 0.914062 0.392523 0.915625 0.390187 0.915625 0.378505 0.914062 0.376168 0.914062 0.369159 0.912500 0.366822 0.912500 0.364486 0.910937 0.362150 0.910937 0.359813 0.907812 0.355140 0.907812 0.345794
36 0.628125 0.446262 0.628125 0.476636 0.632812 0.476636 0.634375 0.478972 0.635938 0.478972 0.637500 0.481308 0.639063 0.481308 0.642187 0.485981 0.642187 0.488318 0.645312 0.492991 0.645312 0.495327 0.646875 0.497664 0.648438 0.497664 0.650000 0.500000 0.651563 0.500000 0.654688 0.504673 0.656250 0.504673 0.657812 0.507009 0.659375 0.507009 0.670313 0.523364 0.670313 0.525701 0.695312 0.525701 0.695312 0.518692 0.689062 0.518692 0.687500 0.516355 0.685938 0.516355 0.671875 0.495327 0.671875 0.492991 0.668750 0.488318 0.667188 0.488318 0.659375 0.476636 0.657812 0.476636 0.646875 0.460280 0.645312 0.460280 0.643750 0.457944 0.643750 0.455607 0.640625 0.450935 0.640625 0.448598 0.639063 0.446262
0 0.090625 0.336449 0.090625 0.439252 0.095312 0.439252 0.096875 0.441589 0.100000 0.441589 0.104687 0.448598 0.104687 0.450935 0.106250 0.453271 0.106250 0.464953 0.107813 0.467290 0.107813 0.483645 0.115625 0.483645 0.115625 0.471963 0.117188 0.469626 0.117188 0.448598 0.115625 0.446262 0.115625 0.429907 0.114063 0.427570 0.115625 0.425234 0.115625 0.415888 0.117188 0.413551 0.117188 0.408879 0.118750 0.406542 0.118750 0.392523 0.117188 0.390187 0.117188 0.378505 0.115625 0.376168 0.115625 0.352804 0.118750 0.348131 0.126563 0.348131 0.126563 0.336449
0 0.103125 0.345794 0.103125 0.474299 0.117188 0.474299 0.117188 0.464953 0.118750 0.462617 0.118750 0.460280 0.120312 0.457944 0.121875 0.457944 0.123438 0.455607 0.126563 0.455607 0.126563 0.453271 0.128125 0.450935 0.128125 0.432243 0.129688 0.429907 0.129688 0.422897 0.131250 0.420561 0.131250 0.415888 0.134375 0.411215 0.139062 0.411215 0.139062 0.373832 0.132812 0.373832 0.125000 0.362150 0.125000 0.359813 0.123438 0.357477 0.123438 0.345794
0 0.657812 0.336449 0.657812 0.359813 0.659375 0.362150 0.659375 0.364486 0.657812 0.366822 0.657812 0.373832 0.656250 0.376168 0.654688 0.376168 0.653125 0.378505 0.651563 0.378505 0.650000 0.380841 0.648438 0.380841 0.640625 0.392523 0.639063 0.392523 0.637500 0.394860 0.635938 0.394860 0.634375 0.397196 0.628125 0.397196 0.628125 0.436916 0.654688 0.436916 0.654688 0.429907 0.662500 0.418224 0.662500 0.415888 0.665625 0.411215 0.665625 0.408879 0.670313 0.401869 0.671875 0.401869 0.676562 0.394860 0.678125 0.394860 0.684375 0.385514 0.689062 0.385514 0.689062 0.373832 0.684375 0.373832 0.679688 0.366822 0.679688 0.364486 0.678125 0.362150 0.678125 0.350467 0.676562 0.348131 0.676562 0.336449
0 0.275000 0.345794 0.275000 0.352804 0.267188 0.364486 0.267188 0.366822 0.264062 0.371495 0.259375 0.371495 0.259375 0.427570 0.264062 0.427570 0.267188 0.432243 0.267188 0.434579 0.268750 0.436916 0.268750 0.471963 0.270312 0.474299 0.270312 0.483645 0.289062 0.483645 0.289062 0.474299 0.287500 0.471963 0.287500 0.467290 0.285937 0.464953 0.285937 0.460280 0.287500 0.457944 0.287500 0.429907 0.289062 0.427570 0.289062 0.406542 0.290625 0.404206 0.295312 0.404206 0.295312 0.345794
0 0.868750 0.521028 0.867188 0.518692 0.867188 0.516355 0.865625 0.514019 0.865625 0.492991 0.864062 0.490654 0.859375 0.490654 0.859375 0.523364 0.867188 0.523364 0.868750 0.521028 0.873438 0.518692 0.873438 0.523364 0.875000 0.523364 0.879687 0.530374 0.879687 0.532710 0.871875 0.544393 0.868750 0.544393 0.867188 0.546729 0.859375 0.546729 0.859375 0.689252 0.884375 0.689252 0.884375 0.651869 0.882812 0.649533 0.882812 0.647196 0.881250 0.644860 0.881250 0.619159 0.884375 0.614486 0.885938 0.614486 0.887500 0.616822 0.892187 0.616822 0.893750 0.619159 0.896875 0.619159 0.898438 0.621495 0.900000 0.621495 0.901563 0.623832 0.901563 0.626168 0.903125 0.628505 0.903125 0.630841 0.904688 0.628505 0.904688 0.626168 0.906250 0.623832 0.906250 0.621495 0.907812 0.619159 0.907812 0.602804 0.906250 0.600467 0.906250 0.586449 0.907812 0.584112 0.907812 0.572430 0.909375 0.570093 0.909375 0.567757 0.907812 0.565421 0.907812 0.530374 0.909375 0.528037 0.909375 0.525701 0.914062 0.518692 0.914062 0.516355 0.917188 0.511682 0.917188 0.509346 0.918750 0.507009 0.918750 0.504673 0.920313 0.502336 0.920313 0.500000 0.921875 0.497664 0.926562 0.497664 0.926562 0.492991 0.921875 0.492991 0.920313 0.490654 0.920313 0.485981 0.918750 0.483645 0.918750 0.476636 0.917188 0.474299 0.917188 0.464953 0.915625 0.462617 0.915625 0.455607 0.917188 0.453271 0.917188 0.436916 0.915625 0.434579 0.915625 0.429907 0.914062 0.427570 0.914062 0.425234 0.910937 0.420561 0.910937 0.406542 0.912500 0.404206 0.912500 0.399533 0.914062 0.397196 0.914062 0.392523 0.915625 0.390187 0.915625 0.380841 0.914062 0.378505 0.914062 0.369159 0.912500 0.366822 0.912500 0.364486 0.910937 0.362150 0.910937 0.359813 0.907812 0.355140 0.907812 0.345794 0.889063 0.345794 0.889063 0.355140 0.887500 0.357477 0.887500 0.359813 0.885938 0.362150 0.885938 0.364486 0.884375 0.366822 0.884375 0.369159 0.881250 0.373832 0.881250 0.376168 0.879687 0.378505 0.879687 0.380841 0.878125 0.383178 0.878125 0.385514 0.876562 0.387850 0.876562 0.390187 0.875000 0.392523 0.875000 0.394860 0.873438 0.397196 0.873438 0.399533 0.868750 0.406542 0.867188 0.406542 0.865625 0.408879 0.859375 0.408879 0.859375 0.443925 0.865625 0.443925 0.868750 0.448598 0.868750 0.462617 0.870313 0.464953 0.870313 0.469626 0.873438 0.474299 0.873438 0.481308 0.875000 0.483645 0.875000 0.516355 0.873438 0.518692
0 0.337500 0.345794 0.337500 0.357477 0.335938 0.359813 0.335938 0.362150 0.332812 0.366822 0.328125 0.366822 0.328125 0.474299 0.340625 0.474299 0.340625 0.460280 0.342187 0.457944 0.342187 0.455607 0.346875 0.448598 0.346875 0.443925 0.348437 0.441589 0.348437 0.434579 0.346875 0.432243 0.346875 0.413551 0.345313 0.411215 0.345313 0.406542 0.346875 0.404206 0.346875 0.390187 0.348437 0.387850 0.348437 0.380841 0.350000 0.378505 0.350000 0.376168 0.351562 0.373832 0.351562 0.364486 0.350000 0.362150 0.350000 0.355140 0.348437 0.352804 0.348437 0.345794
0 0.339063 0.345794 0.339063 0.352804 0.337500 0.355140 0.337500 0.357477 0.335938 0.359813 0.335938 0.362150 0.332812 0.366822 0.328125 0.366822 0.328125 0.408879 0.346875 0.408879 0.346875 0.387850 0.348437 0.385514 0.348437 0.380841 0.350000 0.378505 0.350000 0.376168 0.353125 0.371495 0.357812 0.371495 0.353125 0.371495 0.351562 0.369159 0.351562 0.364486 0.350000 0.362150 0.350000 0.355140 0.348437 0.352804 0.348437 0.345794
36 0.560938 0.401869 0.560938 0.408879 0.557813 0.413551 0.553125 0.413551 0.553125 0.432243 0.560938 0.432243 0.562500 0.434579 0.564062 0.434579 0.565625 0.436916 0.567187 0.436916 0.570312 0.441589 0.573438 0.441589 0.575000 0.443925 0.576563 0.443925 0.578125 0.446262 0.579687 0.446262 0.581250 0.448598 0.582812 0.448598 0.584375 0.450935 0.585938 0.450935 0.587500 0.453271 0.589063 0.453271 0.592188 0.457944 0.593750 0.457944 0.595312 0.460280 0.596875 0.460280 0.598437 0.462617 0.600000 0.462617 0.601562 0.464953 0.603125 0.464953 0.604688 0.467290 0.604688 0.469626 0.607813 0.474299 0.607813 0.476636 0.606250 0.478972 0.606250 0.495327 0.607813 0.497664 0.607813 0.502336 0.609375 0.504673 0.610937 0.504673 0.614062 0.509346 0.614062 0.514019 0.621875 0.514019 0.621875 0.509346 0.623438 0.507009 0.623438 0.502336 0.626562 0.497664 0.626562 0.495327 0.628125 0.492991 0.628125 0.488318 0.629687 0.485981 0.629687 0.483645 0.632812 0.478972 0.637500 0.478972 0.639063 0.481308 0.640625 0.481308 0.642187 0.483645 0.642187 0.485981 0.648438 0.495327 0.650000 0.495327 0.651563 0.497664 0.653125 0.497664 0.659375 0.507009 0.660937 0.507009 0.670313 0.521028 0.670313 0.530374 0.695312 0.530374 0.695312 0.518692 0.690625 0.518692 0.685938 0.511682 0.684375 0.511682 0.682813 0.509346 0.681250 0.509346 0.678125 0.504673 0.676562 0.504673 0.675000 0.502336 0.675000 0.500000 0.670313 0.492991 0.670313 0.490654 0.667188 0.490654 0.665625 0.488318 0.664062 0.488318 0.656250 0.476636 0.654688 0.476636 0.645312 0.462617 0.643750 0.462617 0.640625 0.457944 0.640625 0.455607 0.639063 0.455607 0.637500 0.453271 0.635938 0.453271 0.634375 0.450935 0.626562 0.450935 0.625000 0.453271 0.618750 0.453271 0.617188 0.450935 0.615625 0.450935 0.614062 0.448598 0.612500 0.448598 0.610937 0.446262 0.607813 0.446262 0.606250 0.443925 0.601562 0.443925 0.600000 0.441589 0.598437 0.441589 0.596875 0.439252 0.595312 0.439252 0.593750 0.436916 0.590625 0.436916 0.582812 0.425234 0.581250 0.425234 0.578125 0.420561 0.576563 0.420561 0.575000 0.418224 0.575000 0.415888 0.573438 0.413551 0.571875 0.413551 0.570312 0.411215 0.570312 0.401869
36 0.553125 0.411215 0.553125 0.432243 0.559375 0.432243 0.560938 0.434579 0.564062 0.434579 0.567187 0.439252 0.568750 0.439252 0.570312 0.441589 0.571875 0.441589 0.573438 0.443925 0.575000 0.443925 0.576563 0.446262 0.578125 0.446262 0.579687 0.448598 0.581250 0.448598 0.582812 0.450935 0.584375 0.450935 0.585938 0.453271 0.587500 0.453271 0.589063 0.455607 0.590625 0.455607 0.593750 0.460280 0.595312 0.460280 0.596875 0.462617 0.600000 0.462617 0.603125 0.467290 0.603125 0.469626 0.606250 0.474299 0.606250 0.478972 0.604688 0.481308 0.604688 0.488318 0.603125 0.490654 0.603125 0.492991 0.606250 0.497664 0.606250 0.502336 0.607813 0.504673 0.609375 0.504673 0.614062 0.511682 0.614062 0.521028 0.623438 0.521028 0.623438 0.511682 0.626562 0.507009 0.626562 0.504673 0.628125 0.502336 0.628125 0.488318 0.629687 0.485981 0.629687 0.474299 0.628125 0.471963 0.628125 0.457944 0.626562 0.455607 0.621875 0.455607 0.620313 0.453271 0.618750 0.453271 0.615625 0.448598 0.614062 0.448598 0.612500 0.446262 0.609375 0.446262 0.607813 0.443925 0.603125 0.443925 0.601562 0.441589 0.600000 0.441589 0.598437 0.439252 0.596875 0.439252 0.595312 0.436916 0.593750 0.436916 0.592188 0.434579 0.590625 0.434579 0.584375 0.425234 0.582812 0.425234 0.578125 0.418224 0.578125 0.411215
