0 0.134375 0.962441 0.126563 0.962441 0.125000 0.964789 0.125000 0.971831 0.134375 0.971831 0.134375 0.962441 0.140625 0.953052 0.139062 0.955399 0.137500 0.955399 0.139062 0.936620 0.139062 0.931925 0.137500 0.929577 0.104687 0.929577 0.103125 0.927230 0.103125 0.920188 0.101562 0.917840 0.101562 0.906103 0.100000 0.903756 0.100000 0.887324 0.098438 0.884977 0.098438 0.873239 0.096875 0.870892 0.096875 0.854460 0.095312 0.852113 0.095312 0.830986 0.093750 0.828638 0.093750 0.805164 0.095312 0.802817 0.095312 0.793427 0.096875 0.791080 0.096875 0.781690 0.098438 0.779343 0.098438 0.772300 0.100000 0.769953 0.100000 0.758216 0.101562 0.755869 0.101562 0.741784 0.103125 0.739437 0.103125 0.725352 0.104687 0.723005 0.104687 0.713615 0.106250 0.711268 0.106250 0.699531 0.107813 0.697183 0.107813 0.685446 0.109375 0.683099 0.109375 0.678404 0.112500 0.673709 0.112500 0.671362 0.114063 0.669014 0.114063 0.666667 0.117188 0.661972 0.117188 0.659624 0.123438 0.650235 0.123438 0.647887 0.129688 0.638498 0.131250 0.638498 0.134375 0.633803 0.135937 0.633803 0.137500 0.631455 0.139062 0.631455 0.140625 0.629108 0.140625 0.626761 0.143750 0.622066 0.145313 0.622066 0.157813 0.603286 0.164062 0.603286 0.164062 0.570423 0.159375 0.570423 0.156250 0.565728 0.156250 0.563380 0.154687 0.561033 0.154687 0.558685 0.153125 0.556338 0.153125 0.553991 0.151562 0.551643 0.151562 0.546948 0.150000 0.544601 0.150000 0.539906 0.148438 0.537559 0.148438 0.532864 0.146875 0.530516 0.146875 0.523474 0.145313 0.521127 0.145313 0.514085 0.143750 0.511737 0.143750 0.507042 0.142188 0.504695 0.142188 0.502347 0.140625 0.500000 0.140625 0.495305 0.139062 0.492958 0.139062 0.488263 0.135937 0.483568 0.135937 0.481221 0.129688 0.471831 0.128125 0.471831 0.125000 0.467136 0.123438 0.467136 0.121875 0.464789 0.120312 0.464789 0.117188 0.460094 0.115625 0.460094 0.106250 0.446009 0.106250 0.443662 0.101562 0.436620 0.100000 0.436620 0.096875 0.431925 0.095312 0.431925 0.092188 0.427230 0.092188 0.424883 0.090625 0.422535 0.090625 0.417840 0.092188 0.415493 0.092188 0.410798 0.093750 0.408451 0.093750 0.406103 0.101562 0.394366 0.101562 0.377934 0.100000 0.375587 0.100000 0.373239 0.078125 0.340376 0.076563 0.340376 0.075000 0.338028 0.071875 0.338028 0.070312 0.335681 0.067188 0.335681 0.065625 0.333333 0.065625 0.326291 0.032812 0.326291 0.032812 0.335681 0.031250 0.338028 0.029687 0.338028 0.023438 0.347418 0.023438 0.349765 0.020312 0.354460 0.020312 0.382629 0.018750 0.384977 0.018750 0.396714 0.017188 0.399061 0.017188 0.427230 0.009375 0.438967 0.007812 0.438967 0.006250 0.441315 0.003125 0.441315 0.001563 0.443662 0.000000 0.443662 0.000000 0.654930 0.003125 0.654930 0.004688 0.657277 0.006250 0.657277 0.012500 0.666667 0.012500 0.669014 0.014062 0.671362 0.014062 0.676056 0.015625 0.678404 0.015625 0.685446 0.017188 0.687793 0.017188 0.704225 0.018750 0.706573 0.018750 0.715962 0.020312 0.718310 0.020312 0.727700 0.021875 0.730047 0.021875 0.737089 0.023438 0.739437 0.023438 0.751174 0.025000 0.753521 0.025000 0.760563 0.026563 0.762911 0.026563 0.767606 0.028125 0.769953 0.028125 0.772300 0.031250 0.776995 0.031250 0.779343 0.040625 0.793427 0.040625 0.795775 0.042188 0.798122 0.042188 0.802817 0.043750 0.805164 0.043750 0.807512 0.045313 0.809859 0.045313 0.812207 0.046875 0.814554 0.046875 0.816901 0.048437 0.819249 0.048437 0.821596 0.054688 0.830986 0.054688 0.833333 0.056250 0.835681 0.056250 0.838028 0.057813 0.840376 0.057813 0.842723 0.059375 0.845070 0.059375 0.847418 0.060938 0.849765 0.060938 0.854460 0.062500 0.856808 0.062500 0.861502 0.064062 0.863850 0.064062 0.866197 0.065625 0.868545 0.065625 0.870892 0.067188 0.873239 0.067188 0.880282 0.068750 0.882629 0.068750 0.887324 0.070312 0.889671 0.070312 0.892019 0.071875 0.894366 0.071875 0.896714 0.073437 0.899061 0.073437 0.901408 0.075000 0.903756 0.075000 0.906103 0.076563 0.908451 0.076563 0.913146 0.078125 0.915493 0.078125 0.917840 0.076563 0.920188 0.076563 0.922535 0.075000 0.924883 0.075000 0.927230 0.064062 0.943662 0.064062 0.948357 0.062500 0.950704 0.062500 0.962441 0.060938 0.964789 0.060938 0.971831 0.078125 0.971831 0.078125 0.962441 0.079687 0.960094 0.081250 0.960094 0.082813 0.957747 0.085938 0.957747 0.087500 0.955399 0.089062 0.955399 0.090625 0.953052 0.092188 0.953052 0.093750 0.950704 0.095312 0.950704 0.096875 0.948357 0.098438 0.948357 0.100000 0.946009 0.101562 0.946009 0.103125 0.943662 0.103125 0.941315 0.104687 0.938967 0.104687 0.929577 0.137500 0.929577 0.137500 0.922535 0.139062 0.920188 0.139062 0.917840 0.139062 0.920188 0.140625 0.922535 0.140625 0.934272 0.139062 0.936620 0.137500 0.955399 0.139062 0.953052 0.139062 0.950704 0.140625 0.953052
5 0.567187 0.072770 0.567187 0.079812 0.564062 0.084507 0.562500 0.084507 0.560938 0.086854 0.559375 0.086854 0.554688 0.093897 0.553125 0.093897 0.551562 0.096244 0.550000 0.096244 0.548437 0.098592 0.546875 0.098592 0.543750 0.103286 0.542188 0.103286 0.540625 0.105634 0.537500 0.105634 0.534375 0.110329 0.529688 0.110329 0.528125 0.112676 0.523438 0.112676 0.521875 0.115023 0.520312 0.115023 0.518750 0.117371 0.518750 0.119718 0.517187 0.122066 0.517187 0.124413 0.515625 0.126761 0.515625 0.129108 0.514063 0.131455 0.514063 0.136150 0.512500 0.138498 0.512500 0.169014 0.510938 0.171362 0.510938 0.178404 0.509375 0.180751 0.509375 0.185446 0.510938 0.187793 0.510938 0.190141 0.512500 0.192488 0.509375 0.197183 0.506250 0.197183 0.503125 0.192488 0.503125 0.190141 0.496875 0.190141 0.496875 0.314554 0.507812 0.314554 0.512500 0.321596 0.512500 0.326291 0.514063 0.328638 0.514063 0.338028 0.515625 0.340376 0.515625 0.345070 0.517187 0.347418 0.517187 0.354460 0.518750 0.356808 0.518750 0.387324 0.517187 0.389671 0.517187 0.394366 0.515625 0.396714 0.515625 0.399061 0.507812 0.410798 0.506250 0.410798 0.503125 0.415493 0.496875 0.415493 0.496875 0.469484 0.501562 0.469484 0.503125 0.467136 0.504687 0.467136 0.506250 0.464789 0.506250 0.462441 0.507812 0.460094 0.507812 0.457746 0.509375 0.455399 0.512500 0.455399 0.514063 0.453052 0.515625 0.453052 0.515625 0.448357 0.517187 0.446009 0.517187 0.436620 0.518750 0.434272 0.518750 0.420188 0.520312 0.417840 0.520312 0.413146 0.523438 0.408451 0.526563 0.408451 0.526563 0.406103 0.528125 0.403756 0.528125 0.401408 0.529688 0.399061 0.531250 0.399061 0.532812 0.396714 0.534375 0.396714 0.535937 0.394366 0.537500 0.394366 0.539062 0.392019 0.542188 0.392019 0.545313 0.387324 0.546875 0.387324 0.548437 0.384977 0.550000 0.384977 0.554688 0.377934 0.557813 0.377934 0.559375 0.375587 0.565625 0.375587 0.567187 0.373239 0.573438 0.373239 0.575000 0.370892 0.578125 0.370892 0.581250 0.366197 0.582812 0.366197 0.592188 0.352113 0.592188 0.349765 0.593750 0.347418 0.593750 0.345070 0.598437 0.338028 0.598437 0.335681 0.612500 0.314554 0.612500 0.307512 0.614062 0.305164 0.614062 0.302817 0.615625 0.300469 0.617188 0.300469 0.620313 0.295775 0.623438 0.295775 0.625000 0.293427 0.631250 0.293427 0.632812 0.295775 0.639063 0.295775 0.640625 0.298122 0.640625 0.300469 0.642187 0.302817 0.642187 0.305164 0.639063 0.309859 0.637500 0.309859 0.635938 0.312207 0.635938 0.314554 0.634375 0.316901 0.634375 0.330986 0.632812 0.333333 0.632812 0.352113 0.634375 0.354460 0.634375 0.359155 0.635938 0.361502 0.635938 0.363850 0.637500 0.366197 0.637500 0.375587 0.635938 0.377934 0.635938 0.382629 0.632812 0.387324 0.632812 0.389671 0.625000 0.401408 0.625000 0.403756 0.623438 0.406103 0.623438 0.408451 0.618750 0.415493 0.617188 0.415493 0.615625 0.417840 0.614062 0.417840 0.612500 0.415493 0.607813 0.415493 0.606250 0.417840 0.601562 0.417840 0.600000 0.420188 0.596875 0.420188 0.595312 0.422535 0.595312 0.424883 0.590625 0.431925 0.590625 0.434272 0.589063 0.436620 0.589063 0.441315 0.585938 0.446009 0.585938 0.448357 0.581250 0.455399 0.581250 0.457746 0.576563 0.464789 0.575000 0.464789 0.570312 0.471831 0.568750 0.471831 0.565625 0.476526 0.564062 0.476526 0.562500 0.478873 0.560938 0.478873 0.559375 0.481221 0.557813 0.481221 0.554688 0.485915 0.553125 0.485915 0.550000 0.490610 0.548437 0.490610 0.546875 0.492958 0.543750 0.492958 0.534375 0.507042 0.534375 0.509390 0.532812 0.511737 0.532812 0.514085 0.528125 0.521127 0.526563 0.521127 0.521875 0.528169 0.520312 0.528169 0.504687 0.551643 0.504687 0.572770 0.503125 0.575117 0.503125 0.579812 0.504687 0.582160 0.504687 0.591549 0.506250 0.593897 0.506250 0.603286 0.507812 0.605634 0.507812 0.617371 0.509375 0.619718 0.509375 0.669014 0.507812 0.671362 0.507812 0.680751 0.506250 0.683099 0.506250 0.687793 0.504687 0.690141 0.504687 0.704225 0.503125 0.706573 0.503125 0.708920 0.501562 0.711268 0.496875 0.711268 0.496875 0.753521 0.501562 0.753521 0.503125 0.755869 0.503125 0.769953 0.501562 0.772300 0.496875 0.772300 0.496875 0.805164 0.501562 0.805164 0.503125 0.802817 0.503125 0.800469 0.507812 0.793427 0.509375 0.793427 0.510938 0.795775 0.510938 0.798122 0.512500 0.798122 0.514063 0.800469 0.515625 0.800469 0.517187 0.802817 0.521875 0.802817 0.523438 0.805164 0.525000 0.805164 0.526563 0.807512 0.582812 0.807512 0.584375 0.809859 0.621875 0.809859 0.623438 0.807512 0.635938 0.807512 0.637500 0.805164 0.675000 0.805164 0.676562 0.807512 0.681250 0.807512 0.682813 0.805164 0.768750 0.805164 0.770312 0.802817 0.818750 0.802817 0.820312 0.800469 0.850000 0.800469 0.851562 0.798122 0.878125 0.798122 0.879687 0.795775 0.892187 0.795775 0.893750 0.793427 0.906250 0.793427 0.907812 0.791080 0.918750 0.791080 0.920313 0.788732 0.926562 0.788732 0.928125 0.786385 0.929688 0.786385 0.931250 0.784038 0.932813 0.784038 0.934375 0.781690 0.934375 0.779343 0.935938 0.776995 0.935938 0.774648 0.937500 0.772300 0.937500 0.769953 0.939062 0.767606 0.939062 0.765258 0.940625 0.762911 0.940625 0.758216 0.942187 0.755869 0.942187 0.746479 0.943750 0.744131 0.943750 0.725352 0.942187 0.723005 0.942187 0.718310 0.940625 0.715962 0.940625 0.713615 0.939062 0.711268 0.939062 0.708920 0.935938 0.704225 0.935938 0.701878 0.934375 0.699531 0.934375 0.683099 0.932813 0.680751 0.932813 0.661972 0.934375 0.659624 0.934375 0.645540 0.935938 0.643192 0.935938 0.638498 0.937500 0.636150 0.937500 0.633803 0.939062 0.631455 0.939062 0.629108 0.940625 0.626761 0.940625 0.622066 0.942187 0.619718 0.942187 0.615023 0.943750 0.612676 0.943750 0.607981 0.945312 0.605634 0.945312 0.598592 0.946875 0.596244 0.946875 0.528169 0.948438 0.525822 0.948438 0.518779 0.950000 0.516432 0.950000 0.511737 0.953125 0.507042 0.957812 0.507042 0.957812 0.305164 0.953125 0.305164 0.951563 0.302817 0.951563 0.300469 0.950000 0.298122 0.950000 0.286385 0.948438 0.284038 0.948438 0.267606 0.946875 0.265258 0.946875 0.251174 0.945312 0.248826 0.945312 0.241784 0.943750 0.239437 0.943750 0.232394 0.942187 0.230047 0.942187 0.220657 0.940625 0.218310 0.940625 0.208920 0.939062 0.206573 0.939062 0.197183 0.937500 0.194836 0.937500 0.192488 0.935938 0.190141 0.935938 0.185446 0.934375 0.183099 0.934375 0.180751 0.932813 0.178404 0.932813 0.176056 0.931250 0.173709 0.931250 0.171362 0.929688 0.169014 0.929688 0.166667 0.928125 0.164319 0.928125 0.159624 0.926562 0.157277 0.926562 0.154930 0.925000 0.152582 0.925000 0.150235 0.923437 0.147887 0.923437 0.143192 0.921875 0.140845 0.921875 0.133803 0.920313 0.131455 0.920313 0.122066 0.918750 0.119718 0.918750 0.115023 0.917188 0.112676 0.917188 0.110329 0.915625 0.107981 0.915625 0.105634 0.912500 0.100939 0.910937 0.100939 0.909375 0.098592 0.906250 0.098592 0.904688 0.096244 0.887500 0.096244 0.885938 0.093897 0.871875 0.093897 0.870313 0.091549 0.862500 0.091549 0.860937 0.089202 0.856250 0.089202 0.854688 0.086854 0.845312 0.086854 0.843750 0.084507 0.826563 0.084507 0.825000 0.082160 0.823438 0.082160 0.821875 0.079812 0.821875 0.072770
0 0.132812 0.978873 0.121875 0.978873 0.121875 0.990610 0.134375 0.990610 0.134375 0.981221 0.132812 0.978873 0.132812 0.967136 0.135937 0.967136 0.137500 0.964789 0.145313 0.964789 0.148438 0.969484 0.150000 0.969484 0.156250 0.978873 0.159375 0.978873 0.162500 0.974178 0.164062 0.974178 0.167187 0.969484 0.168750 0.969484 0.170312 0.967136 0.171875 0.967136 0.173438 0.969484 0.173438 0.971831 0.175000 0.974178 0.175000 0.976526 0.176563 0.978873 0.176563 0.981221 0.178125 0.983568 0.178125 0.990610 0.360938 0.990610 0.360938 0.981221 0.371875 0.964789 0.373437 0.967136 0.375000 0.967136 0.379687 0.974178 0.379687 0.976526 0.382812 0.981221 0.382812 0.990610 0.389062 0.990610 0.389062 0.920188 0.382812 0.920188 0.381250 0.917840 0.381250 0.915493 0.378125 0.910798 0.378125 0.908451 0.376563 0.906103 0.376563 0.903756 0.375000 0.901408 0.375000 0.887324 0.373437 0.884977 0.373437 0.859155 0.375000 0.856808 0.375000 0.835681 0.376563 0.833333 0.376563 0.826291 0.378125 0.823944 0.378125 0.814554 0.379687 0.812207 0.379687 0.795775 0.384375 0.788732 0.389062 0.788732 0.389062 0.690141 0.384375 0.690141 0.382812 0.687793 0.382812 0.683099 0.381250 0.680751 0.381250 0.669014 0.379687 0.666667 0.379687 0.661972 0.378125 0.659624 0.378125 0.650235 0.376563 0.647887 0.376563 0.643192 0.375000 0.640845 0.375000 0.638498 0.373437 0.636150 0.373437 0.631455 0.371875 0.629108 0.371875 0.626761 0.370313 0.624413 0.370313 0.622066 0.362500 0.610329 0.360938 0.610329 0.356250 0.603286 0.354688 0.603286 0.353125 0.600939 0.353125 0.598592 0.351562 0.598592 0.350000 0.596244 0.348437 0.596244 0.342187 0.586854 0.342187 0.584507 0.340625 0.582160 0.340625 0.579812 0.339063 0.577465 0.335938 0.577465 0.334375 0.575117 0.332812 0.575117 0.331250 0.572770 0.328125 0.572770 0.326562 0.570423 0.321875 0.570423 0.320312 0.568075 0.314063 0.568075 0.312500 0.565728 0.307813 0.565728 0.306250 0.563380 0.304688 0.563380 0.303125 0.561033 0.301562 0.561033 0.298438 0.556338 0.298438 0.553991 0.295312 0.549296 0.295312 0.546948 0.293750 0.544601 0.293750 0.542253 0.292188 0.539906 0.292188 0.535211 0.290625 0.532864 0.290625 0.507042 0.289062 0.504695 0.289062 0.490610 0.287500 0.488263 0.287500 0.481221 0.285937 0.478873 0.285937 0.474178 0.284375 0.471831 0.284375 0.469484 0.282813 0.467136 0.282813 0.462441 0.281250 0.460094 0.281250 0.455399 0.279687 0.453052 0.279687 0.448357 0.278125 0.446009 0.278125 0.443662 0.276563 0.441315 0.276563 0.438967 0.275000 0.436620 0.275000 0.434272 0.271875 0.429577 0.271875 0.427230 0.257812 0.406103 0.256250 0.406103 0.254687 0.403756 0.253125 0.403756 0.251563 0.401408 0.250000 0.401408 0.248437 0.399061 0.248437 0.392019 0.239063 0.392019 0.239063 0.399061 0.237500 0.401408 0.235938 0.401408 0.234375 0.403756 0.231250 0.403756 0.229687 0.406103 0.226562 0.406103 0.225000 0.408451 0.220313 0.408451 0.218750 0.410798 0.214062 0.410798 0.214062 0.413146 0.210938 0.417840 0.209375 0.417840 0.207813 0.420188 0.206250 0.420188 0.204688 0.422535 0.203125 0.422535 0.193750 0.436620 0.193750 0.438967 0.190625 0.443662 0.190625 0.446009 0.189063 0.448357 0.189063 0.450704 0.187500 0.453052 0.187500 0.455399 0.185937 0.457746 0.185937 0.460094 0.184375 0.462441 0.184375 0.469484 0.182812 0.471831 0.182812 0.514085 0.184375 0.516432 0.184375 0.523474 0.185937 0.525822 0.185937 0.528169 0.187500 0.530516 0.187500 0.532864 0.189063 0.535211 0.189063 0.537559 0.190625 0.539906 0.190625 0.542253 0.192188 0.544601 0.192188 0.553991 0.193750 0.556338 0.193750 0.568075 0.192188 0.570423 0.192188 0.577465 0.184375 0.589202 0.182812 0.589202 0.181250 0.591549 0.179688 0.591549 0.178125 0.593897 0.175000 0.593897 0.173438 0.596244 0.170312 0.596244 0.168750 0.598592 0.165625 0.598592 0.162500 0.603286 0.160938 0.603286 0.156250 0.610329 0.154687 0.610329 0.142188 0.629108 0.140625 0.629108 0.137500 0.633803 0.135937 0.633803 0.132812 0.638498 0.131250 0.638498 0.126563 0.645540 0.121875 0.645540 0.121875 0.833333 0.126563 0.833333 0.135937 0.819249 0.135937 0.816901 0.137500 0.814554 0.137500 0.812207 0.135937 0.809859 0.135937 0.805164 0.134375 0.802817 0.134375 0.800469 0.132812 0.798122 0.132812 0.788732 0.134375 0.786385 0.134375 0.779343 0.135937 0.776995 0.135937 0.774648 0.137500 0.772300 0.143750 0.772300 0.145313 0.769953 0.146875 0.772300 0.146875 0.774648 0.148438 0.776995 0.148438 0.819249 0.150000 0.821596 0.150000 0.826291 0.151562 0.828638 0.151562 0.830986 0.153125 0.833333 0.153125 0.840376 0.154687 0.842723 0.154687 0.852113 0.156250 0.854460 0.156250 0.866197 0.157813 0.868545 0.157813 0.873239 0.156250 0.875587 0.156250 0.884977 0.154687 0.887324 0.154687 0.894366 0.156250 0.896714 0.154687 0.899061 0.154687 0.903756 0.151562 0.908451 0.143750 0.908451 0.142188 0.906103 0.139062 0.906103 0.137500 0.908451 0.139062 0.910798 0.139062 0.920188 0.137500 0.922535 0.137500 0.927230 0.139062 0.929577 0.139062 0.931925 0.140625 0.934272 0.140625 0.957747 0.137500 0.962441 0.135937 0.962441 0.134375 0.964789 0.131250 0.964789 0.128125 0.960094 0.128125 0.953052 0.129688 0.950704 0.129688 0.948357 0.131250 0.946009 0.131250 0.943662 0.129688 0.941315 0.129688 0.929577 0.131250 0.927230 0.129688 0.924883 0.129688 0.922535 0.128125 0.920188 0.128125 0.917840 0.121875 0.917840 0.121875 0.962441 0.128125 0.962441 0.129688 0.964789 0.131250 0.964789 0.132812 0.967136
0 0.475000 0.298122 0.475000 0.307512 0.473437 0.309859 0.471875 0.309859 0.465625 0.319249 0.464063 0.319249 0.462500 0.321596 0.462500 0.323944 0.459375 0.328638 0.459375 0.330986 0.457812 0.333333 0.457812 0.335681 0.456250 0.338028 0.456250 0.340376 0.454688 0.342723 0.454688 0.349765 0.453125 0.352113 0.453125 0.359155 0.451562 0.361502 0.451562 0.363850 0.450000 0.366197 0.450000 0.373239 0.448438 0.375587 0.448438 0.382629 0.445312 0.387324 0.445312 0.389671 0.423438 0.422535 0.423438 0.424883 0.420312 0.429577 0.420312 0.436620 0.418750 0.438967 0.418750 0.441315 0.417188 0.443662 0.417188 0.446009 0.415625 0.448357 0.415625 0.450704 0.414062 0.453052 0.414062 0.455399 0.412500 0.457746 0.412500 0.460094 0.410937 0.462441 0.410937 0.464789 0.409375 0.467136 0.409375 0.478873 0.407813 0.481221 0.407813 0.488263 0.406250 0.490610 0.406250 0.500000 0.404687 0.502347 0.404687 0.507042 0.401563 0.511737 0.401563 0.514085 0.398438 0.518779 0.398438 0.521127 0.396875 0.523474 0.396875 0.535211 0.395312 0.537559 0.395312 0.549296 0.393750 0.551643 0.393750 0.568075 0.392188 0.570423 0.392188 0.572770 0.389062 0.577465 0.389062 0.579812 0.382812 0.589202 0.381250 0.589202 0.376563 0.596244 0.375000 0.596244 0.373437 0.598592 0.371875 0.598592 0.370313 0.600939 0.365625 0.600939 0.365625 0.617371 0.371875 0.617371 0.375000 0.622066 0.375000 0.624413 0.376563 0.626761 0.376563 0.633803 0.378125 0.636150 0.378125 0.640845 0.379687 0.643192 0.379687 0.645540 0.381250 0.647887 0.381250 0.654930 0.382812 0.657277 0.382812 0.664319 0.384375 0.666667 0.384375 0.673709 0.385938 0.676056 0.385938 0.683099 0.387500 0.685446 0.387500 0.704225 0.389062 0.706573 0.389062 0.727700 0.387500 0.730047 0.387500 0.744131 0.385938 0.746479 0.385938 0.758216 0.384375 0.760563 0.384375 0.767606 0.382812 0.769953 0.382812 0.774648 0.381250 0.776995 0.381250 0.779343 0.379687 0.781690 0.379687 0.784038 0.378125 0.786385 0.378125 0.788732 0.376563 0.791080 0.376563 0.793427 0.375000 0.795775 0.375000 0.840376 0.376563 0.842723 0.376563 0.856808 0.378125 0.859155 0.378125 0.873239 0.379687 0.875587 0.379687 0.899061 0.381250 0.901408 0.381250 0.915493 0.382812 0.917840 0.382812 0.929577 0.384375 0.931925 0.384375 0.941315 0.385938 0.943662 0.385938 0.953052 0.387500 0.955399 0.387500 0.971831 0.389062 0.974178 0.389062 0.978873 0.390625 0.981221 0.390625 0.990610 0.442187 0.990610 0.442187 0.978873 0.443750 0.976526 0.443750 0.943662 0.445312 0.941315 0.445312 0.934272 0.446875 0.931925 0.446875 0.927230 0.448438 0.924883 0.448438 0.922535 0.450000 0.920188 0.450000 0.915493 0.451562 0.913146 0.451562 0.910798 0.453125 0.908451 0.453125 0.906103 0.454688 0.903756 0.454688 0.899061 0.456250 0.896714 0.456250 0.889671 0.457812 0.887324 0.457812 0.875587 0.459375 0.873239 0.459375 0.861502 0.460938 0.859155 0.460938 0.847418 0.462500 0.845070 0.462500 0.830986 0.464063 0.828638 0.464063 0.819249 0.465625 0.816901 0.465625 0.809859 0.467187 0.807512 0.467187 0.800469 0.468750 0.798122 0.468750 0.788732 0.470313 0.786385 0.470313 0.779343 0.471875 0.776995 0.471875 0.767606 0.473437 0.765258 0.473437 0.737089 0.475000 0.734742 0.475000 0.730047 0.479688 0.723005 0.479688 0.720657 0.485938 0.711268 0.487500 0.711268 0.501562 0.690141 0.501562 0.687793 0.503125 0.685446 0.503125 0.680751 0.504687 0.678404 0.504687 0.676056 0.506250 0.673709 0.506250 0.666667 0.507812 0.664319 0.507812 0.615023 0.506250 0.612676 0.506250 0.598592 0.504687 0.596244 0.504687 0.575117 0.506250 0.572770 0.506250 0.558685 0.507812 0.556338 0.507812 0.549296 0.510938 0.544601 0.510938 0.542253 0.517187 0.532864 0.518750 0.532864 0.523438 0.525822 0.525000 0.525822 0.529688 0.518779 0.531250 0.518779 0.546875 0.495305 0.548437 0.495305 0.550000 0.492958 0.551562 0.492958 0.554688 0.488263 0.556250 0.488263 0.559375 0.483568 0.560938 0.483568 0.562500 0.481221 0.564062 0.481221 0.565625 0.478873 0.565625 0.476526 0.568750 0.471831 0.570312 0.471831 0.573438 0.467136 0.575000 0.467136 0.575000 0.464789 0.576563 0.462441 0.578125 0.462441 0.579687 0.460094 0.579687 0.457746 0.585938 0.448357 0.585938 0.446009 0.587500 0.443662 0.587500 0.441315 0.589063 0.438967 0.589063 0.436620 0.595312 0.427230 0.595312 0.424883 0.600000 0.417840 0.601562 0.417840 0.603125 0.415493 0.606250 0.415493 0.607813 0.413146 0.614062 0.413146 0.621875 0.401408 0.621875 0.399061 0.628125 0.389671 0.628125 0.387324 0.631250 0.382629 0.631250 0.380282 0.632812 0.377934 0.632812 0.375587 0.634375 0.373239 0.634375 0.370892 0.632812 0.368545 0.632812 0.359155 0.631250 0.356808 0.631250 0.340376 0.632812 0.338028 0.632812 0.321596 0.634375 0.319249 0.634375 0.316901 0.632812 0.316901 0.631250 0.319249 0.626562 0.319249 0.625000 0.321596 0.618750 0.321596 0.617188 0.323944 0.612500 0.323944 0.610937 0.326291 0.609375 0.326291 0.582812 0.366197 0.581250 0.366197 0.578125 0.370892 0.571875 0.370892 0.570312 0.373239 0.556250 0.373239 0.554688 0.375587 0.551562 0.375587 0.550000 0.377934 0.548437 0.377934 0.546875 0.380282 0.545313 0.380282 0.542188 0.384977 0.540625 0.384977 0.539062 0.387324 0.537500 0.387324 0.534375 0.392019 0.532812 0.392019 0.531250 0.394366 0.529688 0.394366 0.528125 0.396714 0.526563 0.396714 0.525000 0.399061 0.523438 0.399061 0.521875 0.401408 0.515625 0.401408 0.512500 0.396714 0.512500 0.382629 0.514063 0.380282 0.514063 0.349765 0.512500 0.347418 0.512500 0.340376 0.510938 0.338028 0.510938 0.333333 0.509375 0.330986 0.509375 0.323944 0.507812 0.321596 0.507812 0.319249 0.503125 0.312207 0.501562 0.312207 0.500000 0.309859 0.498437 0.309859 0.496875 0.307512 0.496875 0.298122
0 0.354688 0.382629 0.354688 0.392019 0.353125 0.394366 0.353125 0.396714 0.351562 0.399061 0.351562 0.417840 0.353125 0.420188 0.353125 0.434272 0.354688 0.436620 0.351562 0.441315 0.351562 0.443662 0.350000 0.446009 0.348437 0.446009 0.339063 0.460094 0.339063 0.464789 0.337500 0.467136 0.337500 0.469484 0.335938 0.471831 0.335938 0.474178 0.332812 0.478873 0.332812 0.481221 0.329688 0.485915 0.329688 0.490610 0.326562 0.495305 0.321875 0.495305 0.321875 0.523474 0.326562 0.523474 0.329688 0.528169 0.329688 0.530516 0.337500 0.542253 0.337500 0.544601 0.342187 0.551643 0.342187 0.570423 0.343750 0.572770 0.343750 0.579812 0.345313 0.582160 0.345313 0.586854 0.346875 0.589202 0.346875 0.596244 0.348437 0.598592 0.348437 0.605634 0.376563 0.605634 0.376563 0.596244 0.382812 0.586854 0.382812 0.584507 0.384375 0.582160 0.384375 0.579812 0.385938 0.577465 0.385938 0.575117 0.389062 0.570423 0.389062 0.565728 0.390625 0.563380 0.390625 0.551643 0.392188 0.549296 0.392188 0.539906 0.393750 0.537559 0.393750 0.530516 0.395312 0.528169 0.395312 0.521127 0.396875 0.518779 0.396875 0.514085 0.398438 0.511737 0.398438 0.509390 0.400000 0.507042 0.400000 0.502347 0.403125 0.497653 0.407813 0.497653 0.407813 0.476526 0.403125 0.476526 0.400000 0.471831 0.400000 0.469484 0.398438 0.467136 0.398438 0.464789 0.395312 0.460094 0.395312 0.457746 0.393750 0.455399 0.393750 0.453052 0.390625 0.448357 0.390625 0.446009 0.389062 0.443662 0.387500 0.443662 0.385938 0.441315 0.385938 0.438967 0.382812 0.434272 0.382812 0.429577 0.381250 0.427230 0.381250 0.422535 0.379687 0.420188 0.379687 0.413146 0.378125 0.410798 0.378125 0.403756 0.376563 0.401408 0.376563 0.396714 0.375000 0.394366 0.375000 0.392019 0.373437 0.389671 0.373437 0.382629
0 0.162500 0.363850 0.162500 0.370892 0.154687 0.382629 0.154687 0.401408 0.156250 0.403756 0.156250 0.413146 0.157813 0.415493 0.157813 0.429577 0.156250 0.431925 0.156250 0.436620 0.143750 0.455399 0.142188 0.455399 0.142188 0.457746 0.140625 0.460094 0.134375 0.460094 0.134375 0.485915 0.139062 0.485915 0.142188 0.490610 0.142188 0.492958 0.143750 0.495305 0.143750 0.500000 0.145313 0.502347 0.145313 0.507042 0.146875 0.509390 0.146875 0.516432 0.148438 0.518779 0.148438 0.523474 0.150000 0.525822 0.150000 0.532864 0.151562 0.535211 0.151562 0.542253 0.153125 0.544601 0.153125 0.549296 0.154687 0.551643 0.154687 0.553991 0.156250 0.556338 0.156250 0.558685 0.157813 0.561033 0.157813 0.568075 0.159375 0.570423 0.159375 0.575117 0.160938 0.577465 0.160938 0.579812 0.162500 0.582160 0.162500 0.584507 0.165625 0.589202 0.165625 0.591549 0.167187 0.593897 0.173438 0.593897 0.175000 0.591549 0.178125 0.591549 0.179688 0.589202 0.182812 0.589202 0.184375 0.586854 0.185937 0.586854 0.190625 0.579812 0.190625 0.577465 0.192188 0.575117 0.192188 0.558685 0.190625 0.556338 0.190625 0.551643 0.189063 0.549296 0.189063 0.544601 0.187500 0.542253 0.187500 0.539906 0.184375 0.535211 0.184375 0.530516 0.181250 0.525822 0.181250 0.523474 0.179688 0.521127 0.179688 0.518779 0.178125 0.516432 0.178125 0.500000 0.179688 0.497653 0.179688 0.478873 0.178125 0.476526 0.178125 0.467136 0.179688 0.464789 0.179688 0.462441 0.181250 0.460094 0.181250 0.457746 0.182812 0.455399 0.182812 0.453052 0.184375 0.450704 0.184375 0.448357 0.185937 0.446009 0.185937 0.443662 0.189063 0.438967 0.189063 0.436620 0.193750 0.429577 0.193750 0.427230 0.200000 0.417840 0.200000 0.382629 0.193750 0.373239 0.193750 0.363850
0 0.314063 0.354460 0.314063 0.361502 0.312500 0.363850 0.312500 0.366197 0.309375 0.370892 0.309375 0.377934 0.307813 0.380282 0.307813 0.399061 0.306250 0.401408 0.306250 0.403756 0.300000 0.413146 0.300000 0.415493 0.298438 0.417840 0.296875 0.417840 0.295312 0.420188 0.290625 0.420188 0.290625 0.481221 0.295312 0.481221 0.296875 0.483568 0.296875 0.485915 0.298438 0.488263 0.298438 0.507042 0.296875 0.509390 0.296875 0.511737 0.295312 0.514085 0.290625 0.514085 0.290625 0.539906 0.295312 0.539906 0.301562 0.549296 0.301562 0.551643 0.303125 0.553991 0.303125 0.556338 0.304688 0.558685 0.304688 0.568075 0.345313 0.568075 0.345313 0.556338 0.340625 0.556338 0.334375 0.546948 0.334375 0.544601 0.332812 0.542253 0.332812 0.539906 0.329688 0.535211 0.329688 0.532864 0.328125 0.530516 0.328125 0.528169 0.325000 0.523474 0.325000 0.516432 0.323438 0.514085 0.323438 0.504695 0.325000 0.502347 0.325000 0.497653 0.326562 0.495305 0.326562 0.490610 0.328125 0.488263 0.328125 0.481221 0.331250 0.476526 0.331250 0.474178 0.332812 0.471831 0.332812 0.469484 0.334375 0.467136 0.334375 0.462441 0.335938 0.460094 0.335938 0.457746 0.337500 0.455399 0.337500 0.438967 0.335938 0.436620 0.335938 0.427230 0.334375 0.424883 0.334375 0.384977 0.335938 0.382629 0.335938 0.380282 0.334375 0.377934 0.334375 0.373239 0.332812 0.370892 0.332812 0.368545 0.331250 0.366197 0.331250 0.354460
0 0.764063 0.504695 0.764063 0.514085 0.762500 0.516432 0.762500 0.518779 0.760938 0.521127 0.760938 0.523474 0.759375 0.525822 0.759375 0.528169 0.757812 0.530516 0.757812 0.537559 0.756250 0.539906 0.756250 0.553991 0.754687 0.556338 0.754687 0.561033 0.750000 0.568075 0.748438 0.568075 0.746875 0.570423 0.745313 0.570423 0.743750 0.572770 0.742188 0.572770 0.740625 0.575117 0.739062 0.575117 0.737500 0.577465 0.735937 0.577465 0.732813 0.582160 0.731250 0.582160 0.728125 0.586854 0.726562 0.586854 0.720312 0.596244 0.715625 0.596244 0.715625 0.643192 0.764063 0.643192 0.764063 0.636150 0.765625 0.633803 0.767187 0.636150 0.767187 0.643192 0.782812 0.643192 0.782812 0.607981 0.784375 0.605634 0.784375 0.598592 0.785937 0.596244 0.785937 0.593897 0.787500 0.591549 0.787500 0.589202 0.790625 0.584507 0.795313 0.584507 0.795313 0.577465 0.787500 0.577465 0.784375 0.572770 0.784375 0.568075 0.785937 0.565728 0.785937 0.558685 0.787500 0.556338 0.787500 0.546948 0.789062 0.544601 0.789062 0.532864 0.787500 0.530516 0.787500 0.523474 0.785937 0.521127 0.785937 0.516432 0.784375 0.514085 0.784375 0.504695
2 0.973437 0.457746 0.973437 0.469484 0.971875 0.471831 0.971875 0.474178 0.968750 0.478873 0.968750 0.481221 0.967188 0.483568 0.967188 0.485915 0.960938 0.495305 0.960938 0.500000 0.959375 0.502347 0.959375 0.504695 0.957812 0.507042 0.956250 0.507042 0.956250 0.509390 0.951563 0.516432 0.946875 0.516432 0.946875 0.556338 0.979688 0.556338 0.981250 0.558685 0.987500 0.558685 0.989062 0.561033 0.989062 0.568075 0.998438 0.568075 0.998438 0.457746
0 0.209375 0.354460 0.209375 0.363850 0.206250 0.368545 0.206250 0.373239 0.204688 0.375587 0.204688 0.382629 0.201562 0.387324 0.196875 0.387324 0.196875 0.417840 0.209375 0.417840 0.209375 0.408451 0.210938 0.406103 0.212500 0.406103 0.214062 0.403756 0.215625 0.403756 0.217187 0.401408 0.218750 0.401408 0.220313 0.399061 0.225000 0.399061 0.226562 0.396714 0.229687 0.396714 0.231250 0.394366 0.251563 0.394366 0.251563 0.384977 0.246875 0.384977 0.240625 0.375587 0.240625 0.373239 0.239063 0.370892 0.237500 0.370892 0.232812 0.363850 0.232812 0.354460
0 0.365625 0.354460 0.365625 0.392019 0.371875 0.392019 0.375000 0.396714 0.375000 0.399061 0.376563 0.401408 0.376563 0.406103 0.379687 0.410798 0.379687 0.413146 0.381250 0.415493 0.381250 0.417840 0.382812 0.420188 0.382812 0.427230 0.384375 0.429577 0.384375 0.431925 0.385938 0.434272 0.385938 0.436620 0.387500 0.438967 0.389062 0.438967 0.395312 0.448357 0.395312 0.450704 0.396875 0.453052 0.396875 0.455399 0.400000 0.460094 0.400000 0.464789 0.401563 0.467136 0.401563 0.474178 0.404687 0.474178 0.404687 0.464789 0.406250 0.462441 0.406250 0.460094 0.409375 0.455399 0.414062 0.455399 0.414062 0.431925 0.409375 0.431925 0.407813 0.429577 0.407813 0.427230 0.406250 0.424883 0.406250 0.420188 0.404687 0.417840 0.404687 0.406103 0.403125 0.403756 0.403125 0.377934 0.401563 0.375587 0.401563 0.370892 0.400000 0.368545 0.400000 0.366197 0.398438 0.363850 0.398438 0.354460
0 0.978125 0.401408 0.978125 0.455399 0.989062 0.455399 0.989062 0.401408
