0 0.020312 0.413486 0.020312 0.423664 0.018750 0.426209 0.017188 0.426209 0.014062 0.431298 0.014062 0.433842 0.009375 0.441476 0.009375 0.444020 0.007812 0.446565 0.007812 0.449109 0.006250 0.451654 0.006250 0.466921 0.007812 0.469466 0.007812 0.472010 0.009375 0.474555 0.009375 0.477099 0.010937 0.479644 0.010937 0.482188 0.012500 0.484733 0.012500 0.489822 0.014062 0.492366 0.010937 0.497455 0.010937 0.500000 0.009375 0.502545 0.007812 0.502545 0.004688 0.507634 0.000000 0.507634 0.000000 0.851145 0.006250 0.851145 0.010937 0.858779 0.010937 0.874046 0.012500 0.876590 0.012500 0.891858 0.014062 0.894402 0.015625 0.894402 0.017188 0.896947 0.018750 0.896947 0.023438 0.904580 0.023438 0.907125 0.025000 0.909669 0.025000 0.919847 0.026563 0.922392 0.026563 0.935115 0.025000 0.937659 0.025000 0.940204 0.026563 0.942748 0.026563 0.960560 0.048437 0.960560 0.048437 0.924936 0.050000 0.922392 0.053125 0.922392 0.054688 0.924936 0.054688 0.927481 0.057813 0.932570 0.059375 0.932570 0.060938 0.935115 0.062500 0.935115 0.064062 0.937659 0.065625 0.937659 0.067188 0.940204 0.071875 0.940204 0.073437 0.937659 0.075000 0.937659 0.078125 0.932570 0.078125 0.924936 0.076563 0.922392 0.076563 0.919847 0.073437 0.914758 0.073437 0.912214 0.070312 0.907125 0.070312 0.904580 0.067188 0.899491 0.067188 0.891858 0.065625 0.889313 0.067188 0.886768 0.067188 0.874046 0.068750 0.871501 0.068750 0.866412 0.071875 0.861323 0.071875 0.856234 0.073437 0.853690 0.073437 0.846056 0.071875 0.843511 0.071875 0.833333 0.073437 0.830789 0.073437 0.820611 0.079687 0.810433 0.079687 0.807888 0.081250 0.805344 0.081250 0.800254 0.082813 0.797710 0.082813 0.782443 0.081250 0.779898 0.081250 0.764631 0.079687 0.762087 0.079687 0.736641 0.081250 0.734097 0.081250 0.731552 0.082813 0.729008 0.082813 0.726463 0.084375 0.723919 0.084375 0.721374 0.087500 0.716285 0.087500 0.711196 0.089062 0.708651 0.089062 0.703562 0.087500 0.701018 0.087500 0.693384 0.085938 0.690840 0.085938 0.665394 0.084375 0.662850 0.084375 0.660305 0.082813 0.657761 0.082813 0.655216 0.081250 0.652672 0.081250 0.629771 0.079687 0.627226 0.079687 0.617048 0.078125 0.614504 0.078125 0.611959 0.076563 0.609415 0.076563 0.576336 0.075000 0.573791 0.075000 0.563613 0.073437 0.561069 0.073437 0.558524 0.071875 0.555980 0.071875 0.550891 0.070312 0.548346 0.070312 0.543257 0.068750 0.540712 0.068750 0.535623 0.067188 0.533079 0.067188 0.530534 0.064062 0.525445 0.064062 0.522901 0.062500 0.522901 0.054688 0.510178 0.053125 0.510178 0.051562 0.507634 0.050000 0.507634 0.046875 0.502545 0.046875 0.497455 0.045313 0.494911 0.045313 0.492366 0.046875 0.489822 0.046875 0.451654 0.045313 0.449109 0.045313 0.444020 0.043750 0.441476 0.043750 0.436387 0.042188 0.433842 0.042188 0.431298 0.040625 0.428753 0.040625 0.426209 0.039062 0.423664 0.039062 0.413486
0 0.406250 0.474555 0.406250 0.482188 0.404687 0.484733 0.404687 0.487277 0.403125 0.489822 0.403125 0.494911 0.401563 0.497455 0.401563 0.512723 0.403125 0.515267 0.403125 0.520356 0.404687 0.522901 0.404687 0.525445 0.403125 0.527990 0.403125 0.530534 0.398438 0.538168 0.396875 0.538168 0.392188 0.545802 0.392188 0.548346 0.389062 0.553435 0.389062 0.555980 0.387500 0.558524 0.387500 0.561069 0.385938 0.563613 0.385938 0.568702 0.384375 0.571247 0.384375 0.581425 0.385938 0.583969 0.385938 0.591603 0.387500 0.594148 0.387500 0.596692 0.389062 0.599237 0.389062 0.609415 0.390625 0.611959 0.390625 0.619593 0.389062 0.622137 0.389062 0.637405 0.387500 0.639949 0.387500 0.647583 0.385938 0.650127 0.385938 0.655216 0.384375 0.657761 0.384375 0.693384 0.385938 0.695929 0.385938 0.703562 0.387500 0.706107 0.387500 0.726463 0.385938 0.729008 0.385938 0.749364 0.384375 0.751908 0.384375 0.754453 0.378125 0.764631 0.371875 0.764631 0.371875 0.782443 0.376563 0.782443 0.379687 0.787532 0.379687 0.790076 0.385938 0.800254 0.387500 0.800254 0.389062 0.802799 0.392188 0.802799 0.395312 0.797710 0.395312 0.795165 0.393750 0.792621 0.393750 0.782443 0.395312 0.779898 0.395312 0.774809 0.396875 0.772265 0.396875 0.769720 0.398438 0.767176 0.398438 0.762087 0.400000 0.759542 0.400000 0.746819 0.401563 0.744275 0.401563 0.736641 0.403125 0.734097 0.403125 0.726463 0.404687 0.723919 0.404687 0.721374 0.410937 0.711196 0.412500 0.711196 0.414062 0.708651 0.417188 0.713740 0.417188 0.718830 0.418750 0.721374 0.418750 0.723919 0.420312 0.726463 0.420312 0.731552 0.421875 0.734097 0.421875 0.746819 0.423438 0.749364 0.423438 0.807888 0.421875 0.810433 0.421875 0.815522 0.420312 0.818066 0.420312 0.828244 0.440625 0.828244 0.440625 0.818066 0.439063 0.815522 0.439063 0.805344 0.437500 0.802799 0.437500 0.787532 0.439063 0.784987 0.439063 0.701018 0.440625 0.698473 0.440625 0.693384 0.442187 0.690840 0.442187 0.650127 0.443750 0.647583 0.443750 0.627226 0.442187 0.624682 0.442187 0.589059 0.443750 0.586514 0.443750 0.581425 0.446875 0.576336 0.451562 0.576336 0.451562 0.566158 0.446875 0.566158 0.445312 0.563613 0.445312 0.558524 0.443750 0.555980 0.443750 0.548346 0.442187 0.545802 0.442187 0.543257 0.437500 0.535623 0.435937 0.535623 0.428125 0.522901 0.428125 0.512723 0.426562 0.510178 0.426562 0.492366 0.425000 0.489822 0.425000 0.487277 0.423438 0.484733 0.423438 0.474555
5 0.882812 0.260814 0.882812 0.268448 0.881250 0.270992 0.879687 0.270992 0.878125 0.273537 0.875000 0.273537 0.873438 0.276081 0.871875 0.276081 0.870313 0.278626 0.868750 0.278626 0.864062 0.286260 0.864062 0.288804 0.862500 0.291349 0.862500 0.293893 0.860937 0.296438 0.860937 0.301527 0.859375 0.304071 0.859375 0.306616 0.857813 0.309160 0.857813 0.311705 0.856250 0.314249 0.856250 0.321883 0.851562 0.329517 0.846875 0.329517 0.846875 0.530534 0.851562 0.530534 0.856250 0.538168 0.878125 0.538168 0.879687 0.540712 0.896875 0.540712 0.898438 0.543257 0.907812 0.543257 0.909375 0.545802 0.909375 0.553435 0.926562 0.553435 0.926562 0.545802 0.929688 0.540712 0.931250 0.540712 0.935938 0.533079 0.935938 0.530534 0.937500 0.527990 0.937500 0.520356 0.935938 0.517812 0.935938 0.494911 0.937500 0.492366 0.937500 0.472010 0.935938 0.469466 0.935938 0.464377 0.934375 0.461832 0.934375 0.438931 0.935938 0.436387 0.935938 0.431298 0.937500 0.428753 0.937500 0.421120 0.939062 0.418575 0.939062 0.413486 0.942187 0.408397 0.942187 0.405852 0.945312 0.400763 0.945312 0.398219 0.946875 0.395674 0.946875 0.385496 0.948438 0.382952 0.948438 0.372774 0.950000 0.370229 0.950000 0.365140 0.951563 0.362595 0.951563 0.360051 0.953125 0.357506 0.957812 0.357506 0.957812 0.311705 0.951563 0.311705 0.948438 0.306616 0.948438 0.304071 0.945312 0.298982 0.945312 0.293893 0.943750 0.291349 0.943750 0.288804 0.942187 0.286260 0.942187 0.283715 0.935938 0.273537 0.932813 0.273537 0.929688 0.268448 0.929688 0.260814
0 0.368750 0.553435 0.368750 0.558524 0.370313 0.561069 0.370313 0.566158 0.373437 0.571247 0.373437 0.573791 0.375000 0.576336 0.375000 0.583969 0.376563 0.586514 0.376563 0.589059 0.378125 0.591603 0.382812 0.591603 0.382812 0.563613 0.376563 0.563613 0.375000 0.561069 0.373437 0.561069 0.371875 0.558524 0.371875 0.555980 0.370313 0.553435 0.368750 0.553435 0.364062 0.550891 0.364062 0.548346 0.365625 0.545802 0.364062 0.543257 0.364062 0.540712 0.362500 0.538168 0.362500 0.535623 0.359375 0.530534 0.359375 0.527990 0.354688 0.520356 0.353125 0.520356 0.348437 0.512723 0.348437 0.507634 0.346875 0.505089 0.346875 0.492366 0.345313 0.489822 0.345313 0.484733 0.343750 0.482188 0.343750 0.477099 0.342187 0.474555 0.342187 0.469466 0.340625 0.466921 0.340625 0.464377 0.339063 0.461832 0.339063 0.454198 0.325000 0.454198 0.325000 0.464377 0.323438 0.466921 0.323438 0.469466 0.321875 0.472010 0.321875 0.500000 0.323438 0.502545 0.323438 0.507634 0.321875 0.510178 0.321875 0.515267 0.312500 0.530534 0.310937 0.530534 0.309375 0.533079 0.307813 0.533079 0.306250 0.535623 0.306250 0.538168 0.303125 0.543257 0.303125 0.548346 0.301562 0.550891 0.301562 0.578880 0.300000 0.581425 0.300000 0.599237 0.298438 0.601781 0.298438 0.629771 0.296875 0.632316 0.296875 0.637405 0.295312 0.639949 0.290625 0.639949 0.290625 0.670483 0.303125 0.670483 0.304688 0.667939 0.306250 0.667939 0.306250 0.665394 0.307813 0.662850 0.309375 0.665394 0.309375 0.721374 0.310937 0.723919 0.310937 0.731552 0.312500 0.734097 0.312500 0.736641 0.314063 0.739186 0.314063 0.741730 0.317187 0.746819 0.317187 0.749364 0.318750 0.751908 0.318750 0.754453 0.323438 0.762087 0.323438 0.764631 0.326562 0.769720 0.326562 0.772265 0.331250 0.779898 0.331250 0.784987 0.332812 0.787532 0.332812 0.802799 0.331250 0.805344 0.331250 0.810433 0.326562 0.818066 0.326562 0.823155 0.328125 0.825700 0.328125 0.838422 0.351562 0.838422 0.351562 0.830789 0.353125 0.828244 0.353125 0.820611 0.354688 0.818066 0.354688 0.810433 0.356250 0.807888 0.356250 0.802799 0.357812 0.800254 0.356250 0.797710 0.356250 0.795165 0.354688 0.792621 0.354688 0.790076 0.351562 0.784987 0.351562 0.782443 0.350000 0.779898 0.350000 0.772265 0.348437 0.769720 0.348437 0.734097 0.346875 0.731552 0.346875 0.718830 0.348437 0.716285 0.348437 0.711196 0.350000 0.708651 0.350000 0.703562 0.351562 0.701018 0.351562 0.698473 0.353125 0.695929 0.353125 0.693384 0.354688 0.690840 0.354688 0.688295 0.356250 0.685751 0.356250 0.680662 0.357812 0.678117 0.357812 0.665394 0.356250 0.665394 0.346875 0.650127 0.346875 0.647583 0.345313 0.645038 0.345313 0.642494 0.343750 0.639949 0.343750 0.632316 0.342187 0.629771 0.342187 0.619593 0.340625 0.617048 0.340625 0.606870 0.339063 0.604326 0.339063 0.596692 0.342187 0.591603 0.342187 0.589059 0.350000 0.576336 0.350000 0.573791 0.353125 0.568702 0.353125 0.566158 0.356250 0.561069 0.356250 0.558524 0.357812 0.555980 0.357812 0.553435 0.359375 0.550891 0.364062 0.550891
0 0.120312 0.464377 0.120312 0.474555 0.118750 0.477099 0.118750 0.505089 0.117188 0.507634 0.117188 0.515267 0.115625 0.517812 0.115625 0.525445 0.114063 0.527990 0.114063 0.540712 0.112500 0.543257 0.114063 0.545802 0.114063 0.555980 0.115625 0.558524 0.115625 0.566158 0.114063 0.568702 0.114063 0.581425 0.112500 0.583969 0.112500 0.619593 0.114063 0.622137 0.114063 0.632316 0.115625 0.634860 0.115625 0.639949 0.117188 0.642494 0.117188 0.647583 0.118750 0.650127 0.118750 0.655216 0.120312 0.657761 0.120312 0.660305 0.123438 0.665394 0.123438 0.670483 0.125000 0.673028 0.125000 0.685751 0.123438 0.688295 0.123438 0.695929 0.121875 0.698473 0.121875 0.703562 0.120312 0.706107 0.120312 0.708651 0.115625 0.716285 0.115625 0.718830 0.114063 0.721374 0.114063 0.726463 0.112500 0.729008 0.112500 0.736641 0.129688 0.736641 0.129688 0.711196 0.131250 0.708651 0.131250 0.701018 0.132812 0.698473 0.132812 0.695929 0.134375 0.693384 0.135937 0.693384 0.137500 0.690840 0.137500 0.688295 0.139062 0.685751 0.140625 0.685751 0.143750 0.690840 0.143750 0.698473 0.145313 0.701018 0.145313 0.708651 0.146875 0.711196 0.157813 0.711196 0.157813 0.678117 0.145313 0.678117 0.143750 0.675573 0.143750 0.673028 0.142188 0.670483 0.142188 0.662850 0.140625 0.660305 0.140625 0.642494 0.145313 0.634860 0.146875 0.634860 0.146875 0.632316 0.150000 0.627226 0.150000 0.617048 0.151562 0.614504 0.151562 0.609415 0.153125 0.606870 0.157813 0.606870 0.157813 0.527990 0.153125 0.527990 0.148438 0.520356 0.148438 0.517812 0.146875 0.515267 0.146875 0.512723 0.142188 0.505089 0.142188 0.500000 0.140625 0.497455 0.140625 0.494911 0.139062 0.492366 0.139062 0.484733 0.137500 0.482188 0.137500 0.464377
5 0.796875 0.291349 0.796875 0.309160 0.804688 0.309160 0.806250 0.311705 0.810938 0.311705 0.814062 0.316794 0.815625 0.316794 0.820312 0.324427 0.820312 0.326972 0.823438 0.332061 0.823438 0.334606 0.825000 0.337150 0.825000 0.352417 0.826563 0.354962 0.826563 0.362595 0.828125 0.365140 0.828125 0.375318 0.829687 0.377863 0.829687 0.385496 0.828125 0.388041 0.828125 0.398219 0.829687 0.400763 0.829687 0.403308 0.828125 0.405852 0.828125 0.426209 0.826563 0.428753 0.826563 0.500000 0.829687 0.505089 0.829687 0.512723 0.837500 0.512723 0.837500 0.505089 0.839063 0.502545 0.845312 0.502545 0.846875 0.500000 0.846875 0.497455 0.848437 0.494911 0.848437 0.489822 0.850000 0.487277 0.850000 0.469466 0.851562 0.466921 0.851562 0.461832 0.850000 0.459288 0.850000 0.436387 0.851562 0.433842 0.851562 0.428753 0.853125 0.426209 0.857813 0.426209 0.857813 0.309160 0.853125 0.309160 0.851562 0.306616 0.848437 0.306616 0.846875 0.304071 0.843750 0.304071 0.842188 0.301527 0.840625 0.301527 0.839063 0.298982 0.839063 0.291349
5 0.484375 0.329517 0.484375 0.332061 0.484375 0.329517 0.493750 0.329517 0.493750 0.344784 0.495313 0.347328 0.495313 0.365140 0.493750 0.367684 0.493750 0.375318 0.495313 0.377863 0.495313 0.388041 0.493750 0.390585 0.493750 0.393130 0.495313 0.395674 0.495313 0.400763 0.496875 0.403308 0.495313 0.405852 0.495313 0.408397 0.493750 0.410941 0.485938 0.410941 0.484375 0.408397 0.482812 0.410941 0.482812 0.421120 0.484375 0.423664 0.484375 0.433842 0.485938 0.436387 0.485938 0.438931 0.489062 0.444020 0.489062 0.451654 0.490625 0.454198 0.490625 0.466921 0.492188 0.469466 0.492188 0.474555 0.493750 0.477099 0.493750 0.482188 0.495313 0.484733 0.496875 0.484733 0.498437 0.487277 0.501562 0.487277 0.503125 0.489822 0.507812 0.489822 0.509375 0.487277 0.518750 0.487277 0.521875 0.482188 0.521875 0.479644 0.523438 0.477099 0.523438 0.472010 0.525000 0.469466 0.525000 0.456743 0.526563 0.454198 0.526563 0.441476 0.528125 0.438931 0.528125 0.433842 0.534375 0.423664 0.545313 0.423664 0.546875 0.426209 0.553125 0.426209 0.559375 0.436387 0.560938 0.436387 0.562500 0.438931 0.562500 0.441476 0.565625 0.446565 0.565625 0.451654 0.567187 0.454198 0.567187 0.489822 0.568750 0.492366 0.568750 0.494911 0.571875 0.500000 0.573438 0.500000 0.575000 0.502545 0.582812 0.502545 0.584375 0.505089 0.606250 0.505089 0.607813 0.507634 0.620313 0.507634 0.621875 0.510178 0.632812 0.510178 0.634375 0.512723 0.648438 0.512723 0.650000 0.515267 0.654688 0.515267 0.656250 0.517812 0.659375 0.517812 0.660937 0.520356 0.662500 0.520356 0.664062 0.522901 0.665625 0.522901 0.667188 0.525445 0.667188 0.533079 0.715625 0.533079 0.715625 0.525445 0.717188 0.522901 0.726562 0.522901 0.728125 0.520356 0.729688 0.520356 0.732813 0.515267 0.734375 0.515267 0.735937 0.512723 0.737500 0.512723 0.739062 0.510178 0.742188 0.510178 0.743750 0.507634 0.745313 0.507634 0.748438 0.502545 0.748438 0.497455 0.750000 0.494911 0.750000 0.479644 0.751562 0.477099 0.751562 0.436387 0.753125 0.433842 0.753125 0.426209 0.754687 0.423664 0.756250 0.423664 0.759375 0.418575 0.759375 0.416031 0.765625 0.405852 0.770312 0.405852 0.770312 0.385496 0.765625 0.385496 0.764063 0.382952 0.762500 0.382952 0.759375 0.377863 0.757812 0.380407 0.757812 0.385496 0.756250 0.388041 0.756250 0.405852 0.754687 0.408397 0.754687 0.413486 0.751562 0.418575 0.750000 0.416031 0.746875 0.416031 0.743750 0.410941 0.743750 0.408397 0.742188 0.405852 0.742188 0.395674 0.740625 0.393130 0.740625 0.390585 0.734375 0.380407 0.734375 0.377863 0.732813 0.375318 0.732813 0.372774 0.731250 0.372774 0.726562 0.365140 0.725000 0.365140 0.718750 0.354962 0.717188 0.354962 0.715625 0.352417 0.715625 0.349873 0.714063 0.347328 0.714063 0.344784 0.712500 0.342239 0.712500 0.339695 0.715625 0.334606 0.715625 0.332061 0.721875 0.321883 0.728125 0.321883 0.729688 0.324427 0.734375 0.324427 0.735937 0.326972 0.745313 0.326972 0.746875 0.329517 0.748438 0.329517 0.751562 0.334606 0.754687 0.334606 0.756250 0.337150 0.770312 0.337150 0.770312 0.301527 0.507812 0.301527 0.507812 0.316794 0.503125 0.324427 0.501562 0.324427 0.500000 0.326972 0.495313 0.326972 0.493750 0.329517
0 0.765625 0.403308 0.765625 0.410941 0.764063 0.413486 0.764063 0.418575 0.762500 0.421120 0.762500 0.426209 0.759375 0.431298 0.759375 0.433842 0.754687 0.441476 0.754687 0.469466 0.753125 0.472010 0.753125 0.474555 0.751562 0.477099 0.746875 0.477099 0.746875 0.497455 0.751562 0.497455 0.753125 0.500000 0.753125 0.502545 0.754687 0.505089 0.754687 0.510178 0.756250 0.512723 0.756250 0.520356 0.754687 0.522901 0.754687 0.538168 0.756250 0.540712 0.756250 0.553435 0.762500 0.553435 0.762500 0.543257 0.764063 0.540712 0.764063 0.535623 0.765625 0.533079 0.765625 0.527990 0.767187 0.525445 0.767187 0.520356 0.768750 0.517812 0.768750 0.515267 0.770312 0.512723 0.770312 0.510178 0.771875 0.507634 0.771875 0.494911 0.773438 0.492366 0.773438 0.482188 0.775000 0.479644 0.775000 0.474555 0.776563 0.472010 0.776563 0.469466 0.778125 0.466921 0.782812 0.466921 0.782812 0.438931 0.778125 0.438931 0.775000 0.433842 0.775000 0.428753 0.773438 0.426209 0.773438 0.413486 0.771875 0.410941 0.771875 0.403308
0 0.179688 0.444020 0.179688 0.464377 0.178125 0.466921 0.178125 0.472010 0.176563 0.474555 0.171875 0.474555 0.171875 0.500000 0.176563 0.500000 0.178125 0.502545 0.178125 0.507634 0.176563 0.510178 0.171875 0.510178 0.171875 0.563613 0.176563 0.563613 0.178125 0.566158 0.178125 0.568702 0.179688 0.571247 0.179688 0.596692 0.181250 0.599237 0.181250 0.611959 0.182812 0.614504 0.182812 0.619593 0.184375 0.622137 0.184375 0.634860 0.200000 0.634860 0.200000 0.619593 0.198437 0.617048 0.198437 0.573791 0.200000 0.571247 0.200000 0.563613 0.203125 0.558524 0.207813 0.558524 0.207813 0.538168 0.203125 0.538168 0.201562 0.535623 0.201562 0.522901 0.200000 0.520356 0.200000 0.487277 0.198437 0.484733 0.198437 0.479644 0.196875 0.477099 0.196875 0.474555 0.195312 0.472010 0.195312 0.469466 0.193750 0.466921 0.193750 0.461832 0.192188 0.459288 0.192188 0.444020
11 0.954687 0.403308 0.954687 0.410941 0.951563 0.416031 0.946875 0.416031 0.946875 0.492366 0.984375 0.492366 0.984375 0.484733 0.987500 0.479644 0.989062 0.479644 0.993750 0.472010 0.993750 0.464377 0.996875 0.459288 0.998438 0.459288 0.998438 0.431298 0.996875 0.431298 0.993750 0.426209 0.993750 0.421120 0.987500 0.410941 0.987500 0.403308
26 0.357812 0.525445 0.357812 0.548346 0.356250 0.550891 0.356250 0.558524 0.354688 0.561069 0.354688 0.563613 0.353125 0.566158 0.353125 0.568702 0.351562 0.571247 0.351562 0.573791 0.346875 0.581425 0.345313 0.581425 0.339063 0.591603 0.334375 0.591603 0.334375 0.614504 0.339063 0.614504 0.342187 0.619593 0.342187 0.627226 0.343750 0.629771 0.343750 0.637405 0.345313 0.639949 0.345313 0.642494 0.346875 0.645038 0.346875 0.647583 0.350000 0.652672 0.350000 0.655216 0.351562 0.657761 0.351562 0.665394 0.379687 0.665394 0.379687 0.657761 0.384375 0.650127 0.389062 0.650127 0.389062 0.599237 0.384375 0.599237 0.382812 0.596692 0.381250 0.596692 0.378125 0.591603 0.376563 0.591603 0.375000 0.589059 0.373437 0.589059 0.365625 0.576336 0.365625 0.573791 0.364062 0.571247 0.364062 0.558524 0.362500 0.555980 0.362500 0.550891 0.364062 0.548346 0.364062 0.543257 0.362500 0.540712 0.362500 0.538168 0.360938 0.535623 0.360938 0.525445
0 0.234375 0.423664 0.234375 0.433842 0.239063 0.433842 0.240625 0.436387 0.240625 0.444020 0.239063 0.446565 0.234375 0.446565 0.234375 0.472010 0.239063 0.472010 0.240625 0.474555 0.240625 0.482188 0.242188 0.484733 0.242188 0.507634 0.243750 0.510178 0.243750 0.527990 0.245312 0.530534 0.245312 0.533079 0.248437 0.533079 0.250000 0.530534 0.253125 0.530534 0.253125 0.527990 0.254687 0.525445 0.254687 0.515267 0.256250 0.512723 0.256250 0.502545 0.259375 0.497455 0.264062 0.497455 0.264062 0.449109 0.259375 0.449109 0.256250 0.444020 0.256250 0.438931 0.254687 0.436387 0.254687 0.423664
0 0.065625 0.454198 0.065625 0.461832 0.064062 0.464377 0.059375 0.464377 0.059375 0.522901 0.065625 0.522901 0.067188 0.525445 0.067188 0.527990 0.070312 0.533079 0.070312 0.538168 0.071875 0.540712 0.071875 0.545802 0.073437 0.548346 0.073437 0.553435 0.075000 0.555980 0.075000 0.563613 0.076563 0.566158 0.076563 0.609415 0.078125 0.611959 0.078125 0.614504 0.079687 0.617048 0.079687 0.619593 0.081250 0.622137 0.081250 0.629771 0.082813 0.632316 0.082813 0.647583 0.084375 0.650127 0.084375 0.652672 0.087500 0.657761 0.087500 0.660305 0.090625 0.665394 0.090625 0.675573 0.090625 0.667939 0.092188 0.665394 0.093750 0.665394 0.095312 0.662850 0.101562 0.662850 0.101562 0.637405 0.096875 0.637405 0.093750 0.632316 0.093750 0.627226 0.092188 0.624682 0.092188 0.589059 0.093750 0.586514 0.093750 0.576336 0.095312 0.573791 0.095312 0.550891 0.096875 0.548346 0.101562 0.548346 0.101562 0.540712 0.096875 0.540712 0.095312 0.538168 0.095312 0.527990 0.096875 0.525445 0.101562 0.525445 0.096875 0.525445 0.095312 0.522901 0.095312 0.515267 0.093750 0.512723 0.093750 0.507634 0.092188 0.505089 0.092188 0.500000 0.090625 0.497455 0.090625 0.494911 0.087500 0.489822 0.087500 0.487277 0.085938 0.484733 0.085938 0.479644 0.084375 0.477099 0.084375 0.474555 0.082813 0.472010 0.082813 0.466921 0.081250 0.464377 0.081250 0.454198
0 0.796875 0.393130 0.796875 0.405852 0.801562 0.405852 0.803125 0.408397 0.803125 0.410941 0.804688 0.413486 0.803125 0.416031 0.803125 0.423664 0.801562 0.426209 0.796875 0.426209 0.796875 0.466921 0.801562 0.466921 0.803125 0.469466 0.803125 0.479644 0.804688 0.482188 0.804688 0.484733 0.803125 0.487277 0.803125 0.494911 0.801562 0.497455 0.796875 0.497455 0.796875 0.533079 0.810938 0.533079 0.810938 0.510178 0.812500 0.507634 0.812500 0.505089 0.814062 0.502545 0.815625 0.502545 0.817187 0.505089 0.817187 0.510178 0.818750 0.512723 0.818750 0.533079 0.832812 0.533079 0.832812 0.512723 0.828125 0.512723 0.825000 0.507634 0.825000 0.500000 0.823438 0.497455 0.823438 0.438931 0.821875 0.436387 0.821875 0.413486 0.820312 0.410941 0.820312 0.408397 0.821875 0.405852 0.821875 0.393130
0 0.296875 0.423664 0.296875 0.438931 0.301562 0.438931 0.303125 0.441476 0.301562 0.444020 0.296875 0.444020 0.296875 0.507634 0.301562 0.507634 0.304688 0.512723 0.304688 0.517812 0.306250 0.520356 0.306250 0.533079 0.315625 0.533079 0.315625 0.522901 0.317187 0.520356 0.317187 0.515267 0.318750 0.512723 0.317187 0.510178 0.317187 0.505089 0.318750 0.502545 0.318750 0.479644 0.320312 0.477099 0.320312 0.474555 0.321875 0.472010 0.326562 0.472010 0.326562 0.459288 0.321875 0.459288 0.317187 0.451654 0.317187 0.449109 0.315625 0.446565 0.315625 0.444020 0.314063 0.441476 0.314063 0.433842 0.312500 0.431298 0.312500 0.423664
5 0.670313 0.497455 0.667188 0.502545 0.667188 0.512723 0.678125 0.512723 0.678125 0.502545 0.676562 0.500000 0.673437 0.500000 0.671875 0.497455 0.670313 0.497455 0.662500 0.456743 0.659375 0.461832 0.659375 0.464377 0.625000 0.451654 0.623438 0.449109 0.623438 0.438931 0.621875 0.436387 0.621875 0.431298 0.623438 0.428753 0.623438 0.410941 0.621875 0.408397 0.618750 0.408397 0.617188 0.405852 0.615625 0.405852 0.612500 0.400763 0.612500 0.395674 0.610937 0.393130 0.610937 0.388041 0.607813 0.382952 0.607813 0.372774 0.609375 0.370229 0.614062 0.370229 0.615625 0.367684 0.617188 0.367684 0.618750 0.365140 0.621875 0.365140 0.623438 0.362595 0.625000 0.362595 0.626562 0.360051 0.628125 0.360051 0.629687 0.357506 0.631250 0.357506 0.632812 0.354962 0.635938 0.354962 0.637500 0.352417 0.648438 0.352417 0.650000 0.354962 0.653125 0.354962 0.654688 0.352417 0.679688 0.352417 0.681250 0.354962 0.689062 0.354962 0.690625 0.357506 0.704687 0.357506 0.706250 0.360051 0.712500 0.360051 0.714063 0.362595 0.718750 0.362595 0.720312 0.365140 0.725000 0.365140 0.726562 0.367684 0.728125 0.367684 0.729688 0.370229 0.731250 0.370229 0.735937 0.377863 0.735937 0.380407 0.739062 0.385496 0.739062 0.388041 0.740625 0.390585 0.740625 0.393130 0.742188 0.395674 0.742188 0.400763 0.743750 0.403308 0.743750 0.413486 0.745313 0.416031 0.745313 0.421120 0.751562 0.431298 0.753125 0.431298 0.756250 0.426209 0.757812 0.426209 0.760938 0.421120 0.760938 0.418575 0.771875 0.400763 0.773438 0.403308 0.773438 0.413486 0.775000 0.416031 0.775000 0.423664 0.776563 0.426209 0.776563 0.428753 0.778125 0.431298 0.778125 0.433842 0.779688 0.436387 0.779688 0.438931 0.781250 0.441476 0.781250 0.449109 0.782812 0.451654 0.782812 0.466921 0.781250 0.469466 0.781250 0.474555 0.779688 0.477099 0.779688 0.482188 0.778125 0.484733 0.778125 0.492366 0.781250 0.497455 0.796875 0.497455 0.798437 0.494911 0.800000 0.494911 0.801562 0.492366 0.801562 0.469466 0.800000 0.466921 0.800000 0.461832 0.798437 0.459288 0.798437 0.431298 0.800000 0.428753 0.800000 0.408397 0.798437 0.405852 0.798437 0.395674 0.800000 0.393130 0.800000 0.388041 0.801562 0.385496 0.801562 0.382952 0.803125 0.380407 0.803125 0.375318 0.804688 0.372774 0.804688 0.362595 0.806250 0.360051 0.806250 0.357506 0.809375 0.352417 0.810938 0.352417 0.810938 0.349873 0.812500 0.347328 0.812500 0.342239 0.814062 0.339695 0.814062 0.334606 0.817187 0.329517 0.821875 0.329517 0.823438 0.332061 0.823438 0.337150 0.825000 0.339695 0.825000 0.344784 0.823438 0.347328 0.823438 0.357506 0.825000 0.360051 0.825000 0.375318 0.826563 0.377863 0.826563 0.393130 0.828125 0.395674 0.828125 0.408397 0.826563 0.410941 0.826563 0.426209 0.825000 0.428753 0.825000 0.446565 0.826563 0.449109 0.826563 0.466921 0.828125 0.469466 0.828125 0.500000 0.829687 0.502545 0.829687 0.512723 0.845312 0.512723 0.845312 0.304071 0.840625 0.304071 0.839063 0.301527 0.837500 0.301527 0.835938 0.298982 0.835938 0.291349 0.676562 0.291349 0.676562 0.298982 0.675000 0.301527 0.668750 0.301527 0.667188 0.304071 0.565625 0.304071 0.564062 0.306616 0.542188 0.306616 0.540625 0.304071 0.514063 0.304071 0.512500 0.306616 0.504687 0.306616 0.503125 0.309160 0.496875 0.309160 0.495313 0.311705 0.492188 0.311705 0.490625 0.314249 0.487500 0.314249 0.485938 0.316794 0.478125 0.316794 0.478125 0.466921 0.482812 0.466921 0.485938 0.472010 0.485938 0.474555 0.487500 0.477099 0.489062 0.477099 0.490625 0.479644 0.490625 0.482188 0.493750 0.487277 0.495313 0.487277 0.496875 0.489822 0.500000 0.489822 0.501562 0.492366 0.515625 0.492366 0.521875 0.482188 0.521875 0.479644 0.523438 0.477099 0.523438 0.466921 0.525000 0.464377 0.525000 0.446565 0.526563 0.444020 0.526563 0.428753 0.528125 0.426209 0.528125 0.423664 0.529688 0.421120 0.531250 0.421120 0.532812 0.418575 0.551562 0.418575 0.553125 0.421120 0.554688 0.421120 0.559375 0.428753 0.559375 0.431298 0.567187 0.444020 0.567187 0.451654 0.568750 0.454198 0.568750 0.479644 0.567187 0.482188 0.567187 0.484733 0.568750 0.487277 0.568750 0.492366 0.573438 0.500000 0.575000 0.500000 0.578125 0.505089 0.578125 0.512723 0.618750 0.512723 0.618750 0.505089 0.625000 0.494911 0.625000 0.492366 0.623438 0.489822 0.623438 0.456743 0.625000 0.454198 0.625000 0.451654 0.659375 0.464377 0.657812 0.461832 0.657812 0.444020 0.659375 0.441476 0.662500 0.446565 0.662500 0.456743
0 0.526563 0.413486 0.526563 0.472010 0.525000 0.474555 0.525000 0.482188 0.523438 0.484733 0.523438 0.489822 0.521875 0.492366 0.521875 0.497455 0.520312 0.500000 0.520312 0.512723 0.518750 0.515267 0.518750 0.517812 0.517187 0.520356 0.517187 0.533079 0.525000 0.533079 0.525000 0.522901 0.528125 0.517812 0.528125 0.515267 0.529688 0.512723 0.529688 0.510178 0.532812 0.505089 0.535937 0.505089 0.539062 0.510178 0.539062 0.533079 0.542188 0.533079 0.542188 0.517812 0.540625 0.515267 0.540625 0.507634 0.539062 0.505089 0.539062 0.500000 0.540625 0.497455 0.540625 0.484733 0.542188 0.482188 0.542188 0.477099 0.543750 0.474555 0.543750 0.469466 0.545313 0.466921 0.545313 0.464377 0.546875 0.461832 0.551562 0.461832 0.551562 0.413486
0 0.217187 0.433842 0.217187 0.446565 0.214062 0.451654 0.209375 0.451654 0.209375 0.497455 0.214062 0.497455 0.217187 0.502545 0.217187 0.507634 0.218750 0.510178 0.218750 0.530534 0.220313 0.533079 0.220313 0.543257 0.239063 0.543257 0.239063 0.433842
5 0.682813 0.291349 0.682813 0.298982 0.681250 0.301527 0.676562 0.301527 0.675000 0.304071 0.648438 0.304071 0.646875 0.306616 0.640625 0.306616 0.640625 0.349873 0.650000 0.349873 0.651563 0.352417 0.653125 0.349873 0.678125 0.349873 0.679688 0.352417 0.698438 0.352417 0.700000 0.354962 0.706250 0.354962 0.707812 0.357506 0.710938 0.357506 0.712500 0.360051 0.715625 0.360051 0.717188 0.362595 0.720312 0.362595 0.721875 0.365140 0.725000 0.365140 0.726562 0.367684 0.728125 0.367684 0.739062 0.385496 0.739062 0.388041 0.740625 0.390585 0.740625 0.395674 0.742188 0.398219 0.742188 0.400763 0.743750 0.403308 0.743750 0.410941 0.745313 0.413486 0.745313 0.418575 0.746875 0.421120 0.746875 0.423664 0.751562 0.431298 0.753125 0.431298 0.754687 0.428753 0.756250 0.428753 0.757812 0.426209 0.759375 0.426209 0.759375 0.423664 0.762500 0.418575 0.762500 0.416031 0.764063 0.413486 0.765625 0.413486 0.767187 0.410941 0.770312 0.410941 0.773438 0.416031 0.773438 0.418575 0.775000 0.421120 0.775000 0.423664 0.776563 0.426209 0.776563 0.428753 0.778125 0.431298 0.778125 0.433842 0.779688 0.436387 0.779688 0.438931 0.781250 0.441476 0.781250 0.449109 0.782812 0.451654 0.782812 0.469466 0.781250 0.472010 0.781250 0.477099 0.779688 0.479644 0.779688 0.482188 0.778125 0.484733 0.778125 0.502545 0.803125 0.502545 0.803125 0.469466 0.801562 0.466921 0.801562 0.464377 0.800000 0.461832 0.800000 0.431298 0.801562 0.428753 0.801562 0.416031 0.803125 0.413486 0.801562 0.410941 0.801562 0.408397 0.800000 0.405852 0.800000 0.393130 0.801562 0.390585 0.801562 0.388041 0.804688 0.382952 0.804688 0.380407 0.806250 0.377863 0.806250 0.370229 0.807813 0.367684 0.807813 0.362595 0.810938 0.357506 0.812500 0.357506 0.817187 0.349873 0.814062 0.344784 0.814062 0.329517 0.815625 0.326972 0.820312 0.326972 0.823438 0.332061 0.823438 0.347328 0.821875 0.349873 0.821875 0.354962 0.823438 0.357506 0.823438 0.380407 0.825000 0.382952 0.825000 0.398219 0.826563 0.400763 0.826563 0.405852 0.825000 0.408397 0.825000 0.454198 0.826563 0.456743 0.826563 0.502545 0.845312 0.502545 0.845312 0.304071 0.839063 0.304071 0.835938 0.298982 0.835938 0.291349
0 0.453125 0.393130 0.453125 0.403308 0.451562 0.405852 0.451562 0.408397 0.450000 0.410941 0.450000 0.413486 0.448438 0.416031 0.448438 0.418575 0.446875 0.421120 0.446875 0.423664 0.445312 0.426209 0.440625 0.426209 0.440625 0.492366 0.446875 0.492366 0.454688 0.505089 0.454688 0.512723 0.460938 0.512723 0.460938 0.502545 0.462500 0.500000 0.462500 0.489822 0.464063 0.487277 0.464063 0.482188 0.465625 0.479644 0.470313 0.479644 0.470313 0.428753 0.465625 0.428753 0.464063 0.426209 0.464063 0.423664 0.462500 0.421120 0.462500 0.416031 0.460938 0.413486 0.460938 0.393130
0 0.350000 0.393130 0.350000 0.403308 0.345313 0.410941 0.340625 0.410941 0.340625 0.482188 0.345313 0.482188 0.348437 0.487277 0.348437 0.489822 0.350000 0.492366 0.350000 0.502545 0.360938 0.502545 0.360938 0.489822 0.362500 0.487277 0.362500 0.479644 0.364062 0.477099 0.364062 0.436387 0.362500 0.433842 0.362500 0.418575 0.360938 0.416031 0.360938 0.393130
0 0.762500 0.413486 0.762500 0.426209 0.760938 0.428753 0.760938 0.431298 0.759375 0.433842 0.753125 0.433842 0.753125 0.522901 0.768750 0.522901 0.768750 0.512723 0.771875 0.507634 0.771875 0.494911 0.773438 0.492366 0.773438 0.482188 0.775000 0.479644 0.775000 0.474555 0.776563 0.472010 0.776563 0.469466 0.778125 0.466921 0.782812 0.466921 0.782812 0.438931 0.778125 0.438931 0.775000 0.433842 0.775000 0.428753 0.773438 0.426209 0.773438 0.413486
