1 0.928125 0.607728 0.931250 0.607728 0.931250 0.605386 0.929688 0.603045 0.929688 0.596019 0.928125 0.593677 0.926562 0.596019 0.926562 0.605386 0.928125 0.607728 0.906250 0.677986 0.910937 0.670960 0.910937 0.668618 0.942187 0.673302 0.945312 0.677986 0.945312 0.682670 0.946875 0.685012 0.946875 0.687354 0.948438 0.689696 0.948438 0.694379 0.950000 0.696721 0.950000 0.699063 0.951563 0.701405 0.951563 0.703747 0.960938 0.717799 0.960938 0.720141 0.964063 0.724824 0.964063 0.727166 0.965625 0.729508 0.967188 0.729508 0.973437 0.738876 0.975000 0.738876 0.978125 0.743560 0.979688 0.743560 0.981250 0.745902 0.981250 0.755269 0.998438 0.755269 0.998438 0.624122 0.996875 0.624122 0.995313 0.621780 0.989062 0.621780 0.987500 0.619438 0.985937 0.619438 0.984375 0.617096 0.982813 0.617096 0.976562 0.607728 0.976562 0.605386 0.973437 0.600703 0.973437 0.598361 0.971875 0.596019 0.971875 0.593677 0.960938 0.577283 0.960938 0.574941 0.959375 0.572600 0.959375 0.563232 0.957812 0.560890 0.957812 0.551522 0.957812 0.558548 0.953125 0.565574 0.950000 0.565574 0.948438 0.567916 0.943750 0.567916 0.942187 0.570258 0.940625 0.570258 0.942187 0.570258 0.943750 0.572600 0.945312 0.572600 0.946875 0.574941 0.946875 0.593677 0.945312 0.596019 0.946875 0.598361 0.946875 0.631148 0.945312 0.633489 0.945312 0.642857 0.943750 0.645199 0.943750 0.656909 0.942187 0.659251 0.942187 0.673302 0.910937 0.668618 0.914062 0.663934 0.914062 0.661592 0.915625 0.659251 0.921875 0.668618 0.921875 0.675644 0.920313 0.677986 0.920313 0.682670 0.918750 0.682670 0.915625 0.687354 0.915625 0.689696 0.906250 0.689696 0.904688 0.692037 0.901563 0.692037 0.900000 0.694379 0.898438 0.694379 0.890625 0.706089 0.889063 0.706089 0.885938 0.710773 0.884375 0.710773 0.882812 0.713115 0.881250 0.713115 0.879687 0.715457 0.878125 0.715457 0.876562 0.717799 0.867188 0.717799 0.865625 0.715457 0.860937 0.715457 0.859375 0.713115 0.856250 0.713115 0.850000 0.703747 0.850000 0.701405 0.846875 0.696721 0.845312 0.696721 0.839063 0.687354 0.834375 0.687354 0.834375 0.593677 0.842188 0.593677 0.845312 0.588993 0.848437 0.588993 0.850000 0.586651 0.860937 0.586651 0.862500 0.588993 0.868750 0.588993 0.870313 0.591335 0.875000 0.591335 0.878125 0.596019 0.878125 0.598361 0.881250 0.603045 0.881250 0.605386 0.882812 0.607728 0.882812 0.610070 0.884375 0.612412 0.884375 0.614754 0.885938 0.617096 0.885938 0.621780 0.887500 0.624122 0.887500 0.626464 0.885938 0.628806 0.885938 0.631148 0.884375 0.633489 0.884375 0.635831 0.879687 0.642857 0.879687 0.645199 0.878125 0.647541 0.878125 0.649883 0.875000 0.654567 0.876562 0.656909 0.876562 0.659251 0.884375 0.670960 0.885938 0.670960 0.887500 0.673302 0.890625 0.673302 0.892187 0.675644 0.893750 0.675644 0.895312 0.677986 0.906250 0.677986
0 0.540625 0.727166 0.540625 0.783372 0.546875 0.783372 0.546875 0.774005 0.548437 0.771663 0.548437 0.766979 0.551562 0.762295 0.551562 0.759953 0.553125 0.757611 0.553125 0.750585 0.551562 0.748244 0.551562 0.743560 0.550000 0.741218 0.550000 0.738876 0.546875 0.734192 0.546875 0.731850 0.545313 0.729508 0.545313 0.727166 0.540625 0.727166 0.540625 0.706089 0.545313 0.706089 0.545313 0.692037 0.546875 0.689696 0.565625 0.675644 0.567187 0.677986 0.567187 0.699063 0.568750 0.701405 0.568750 0.710773 0.570312 0.713115 0.570312 0.715457 0.571875 0.717799 0.571875 0.724824 0.573438 0.727166 0.573438 0.741218 0.575000 0.743560 0.575000 0.757611 0.576563 0.759953 0.576563 0.764637 0.578125 0.766979 0.579687 0.766979 0.581250 0.769321 0.590625 0.769321 0.593750 0.764637 0.593750 0.743560 0.592188 0.741218 0.592188 0.736534 0.590625 0.734192 0.590625 0.729508 0.589063 0.727166 0.589063 0.720141 0.587500 0.717799 0.587500 0.685012 0.589063 0.682670 0.589063 0.680328 0.592188 0.675644 0.592188 0.673302 0.595312 0.668618 0.596875 0.668618 0.598437 0.670960 0.600000 0.670960 0.606250 0.680328 0.606250 0.682670 0.607813 0.685012 0.607813 0.687354 0.609375 0.689696 0.609375 0.692037 0.612500 0.696721 0.612500 0.701405 0.614062 0.703747 0.614062 0.706089 0.617188 0.710773 0.617188 0.713115 0.618750 0.715457 0.618750 0.722482 0.620313 0.724824 0.620313 0.731850 0.621875 0.734192 0.621875 0.741218 0.623438 0.743560 0.623438 0.750585 0.625000 0.752927 0.625000 0.762295 0.626562 0.764637 0.626562 0.769321 0.629687 0.774005 0.629687 0.783372 0.657812 0.783372 0.657812 0.750585 0.653125 0.750585 0.648438 0.743560 0.648438 0.741218 0.646875 0.738876 0.646875 0.736534 0.645312 0.734192 0.645312 0.729508 0.643750 0.727166 0.643750 0.724824 0.642187 0.722482 0.642187 0.720141 0.640625 0.717799 0.640625 0.710773 0.639063 0.708431 0.639063 0.706089 0.637500 0.703747 0.637500 0.701405 0.634375 0.696721 0.634375 0.692037 0.632812 0.689696 0.632812 0.682670 0.631250 0.680328 0.631250 0.670960 0.632812 0.668618 0.632812 0.638173 0.631250 0.635831 0.631250 0.631148 0.629687 0.628806 0.629687 0.626464 0.628125 0.624122 0.628125 0.619438 0.626562 0.617096 0.626562 0.614754 0.625000 0.612412 0.625000 0.610070 0.623438 0.607728 0.623438 0.603045 0.621875 0.600703 0.621875 0.596019 0.620313 0.593677 0.620313 0.591335 0.617188 0.586651 0.617188 0.584309 0.615625 0.581967 0.615625 0.579625 0.609375 0.570258 0.609375 0.567916 0.604688 0.560890 0.604688 0.558548 0.603125 0.556206 0.603125 0.553864 0.601562 0.551522 0.601562 0.549180 0.590625 0.532787 0.590625 0.523419 0.557813 0.523419 0.557813 0.537471 0.556250 0.539813 0.556250 0.542155 0.557813 0.544496 0.557813 0.549180 0.562500 0.556206 0.562500 0.558548 0.564062 0.560890 0.564062 0.563232 0.565625 0.565574 0.565625 0.570258 0.567187 0.572600 0.567187 0.577283 0.568750 0.579625 0.568750 0.581967 0.570312 0.584309 0.570312 0.588993 0.571875 0.591335 0.571875 0.607728 0.570312 0.610070 0.570312 0.617096 0.568750 0.619438 0.568750 0.654567 0.567187 0.656909 0.567187 0.668618 0.565625 0.670960 0.565625 0.675644 0.546875 0.689696 0.546875 0.640515 0.545313 0.638173 0.545313 0.631148 0.540625 0.631148 0.540625 0.706089
0 0.651563 0.745902 0.651563 0.764637 0.651563 0.745902 0.678125 0.724824 0.687500 0.738876 0.687500 0.741218 0.689062 0.743560 0.689062 0.750585 0.687500 0.752927 0.687500 0.764637 0.707812 0.764637 0.707812 0.750585 0.709375 0.748244 0.714063 0.748244 0.714063 0.743560 0.709375 0.743560 0.707812 0.741218 0.707812 0.736534 0.706250 0.734192 0.706250 0.731850 0.704687 0.729508 0.704687 0.724824 0.701563 0.720141 0.701563 0.717799 0.700000 0.715457 0.700000 0.710773 0.698438 0.708431 0.698438 0.703747 0.696875 0.701405 0.696875 0.696721 0.695312 0.694379 0.695312 0.689696 0.693750 0.687354 0.693750 0.685012 0.692187 0.682670 0.692187 0.680328 0.690625 0.677986 0.690625 0.675644 0.689062 0.673302 0.689062 0.670960 0.685938 0.666276 0.685938 0.663934 0.684375 0.661592 0.684375 0.659251 0.681250 0.654567 0.681250 0.652225 0.679688 0.649883 0.679688 0.645199 0.678125 0.642857 0.678125 0.638173 0.676562 0.635831 0.676562 0.626464 0.675000 0.624122 0.675000 0.619438 0.673437 0.617096 0.673437 0.612412 0.671875 0.610070 0.671875 0.603045 0.670313 0.600703 0.670313 0.593677 0.668750 0.591335 0.668750 0.586651 0.667188 0.584309 0.667188 0.579625 0.665625 0.577283 0.665625 0.572600 0.664062 0.570258 0.664062 0.556206 0.662500 0.553864 0.662500 0.542155 0.664062 0.539813 0.664062 0.525761 0.665625 0.523419 0.665625 0.509368 0.667188 0.507026 0.667188 0.485948 0.660937 0.476581 0.659375 0.476581 0.657812 0.474239 0.656250 0.474239 0.654688 0.471897 0.653125 0.471897 0.651563 0.469555 0.650000 0.469555 0.646875 0.464871 0.646875 0.457845 0.639063 0.457845 0.639063 0.474239 0.637500 0.476581 0.637500 0.481265 0.635938 0.483607 0.635938 0.488290 0.634375 0.490632 0.634375 0.492974 0.631250 0.497658 0.631250 0.500000 0.629687 0.502342 0.629687 0.504684 0.626562 0.509368 0.625000 0.509368 0.621875 0.514051 0.621875 0.518735 0.620313 0.521077 0.620313 0.535129 0.621875 0.537471 0.621875 0.553864 0.620313 0.556206 0.620313 0.560890 0.618750 0.563232 0.618750 0.567916 0.617188 0.570258 0.617188 0.579625 0.620313 0.584309 0.620313 0.586651 0.623438 0.591335 0.623438 0.593677 0.626562 0.598361 0.626562 0.603045 0.628125 0.605386 0.628125 0.612412 0.629687 0.614754 0.629687 0.619438 0.631250 0.621780 0.631250 0.626464 0.632812 0.628806 0.632812 0.635831 0.634375 0.638173 0.634375 0.640515 0.635938 0.642857 0.635938 0.645199 0.637500 0.647541 0.637500 0.652225 0.639063 0.654567 0.639063 0.670960 0.640625 0.673302 0.642187 0.670960 0.640625 0.668618 0.640625 0.663934 0.642187 0.661592 0.642187 0.659251 0.648438 0.649883 0.650000 0.649883 0.651563 0.647541 0.660937 0.661592 0.660937 0.666276 0.662500 0.668618 0.662500 0.673302 0.664062 0.675644 0.664062 0.677986 0.667188 0.682670 0.667188 0.687354 0.668750 0.689696 0.668750 0.694379 0.670313 0.696721 0.670313 0.699063 0.671875 0.701405 0.671875 0.703747 0.673437 0.706089 0.673437 0.708431 0.675000 0.710773 0.675000 0.715457 0.676562 0.717799 0.676562 0.720141 0.678125 0.722482 0.678125 0.724824
0 0.379687 0.420375 0.379687 0.429742 0.378125 0.432084 0.378125 0.434426 0.376563 0.436768 0.376563 0.441452 0.375000 0.443794 0.375000 0.446136 0.370313 0.453162 0.370313 0.455504 0.367188 0.460187 0.367188 0.462529 0.365625 0.464871 0.365625 0.467213 0.364062 0.469555 0.364062 0.471897 0.362500 0.474239 0.362500 0.485948 0.360938 0.488290 0.360938 0.521077 0.359375 0.523419 0.359375 0.532787 0.357812 0.535129 0.357812 0.539813 0.356250 0.542155 0.356250 0.556206 0.354688 0.558548 0.354688 0.579625 0.353125 0.581967 0.353125 0.584309 0.351562 0.586651 0.351562 0.591335 0.350000 0.593677 0.350000 0.603045 0.348437 0.605386 0.348437 0.617096 0.346875 0.619438 0.346875 0.626464 0.345313 0.628806 0.345313 0.656909 0.343750 0.659251 0.343750 0.663934 0.340625 0.668618 0.334375 0.668618 0.334375 0.699063 0.346875 0.699063 0.346875 0.692037 0.350000 0.687354 0.351562 0.687354 0.356250 0.680328 0.357812 0.680328 0.359375 0.677986 0.359375 0.675644 0.360938 0.673302 0.360938 0.666276 0.362500 0.663934 0.362500 0.652225 0.364062 0.649883 0.364062 0.642857 0.365625 0.640515 0.365625 0.638173 0.367188 0.635831 0.367188 0.633489 0.368750 0.631148 0.368750 0.628806 0.370313 0.626464 0.373437 0.631148 0.373437 0.677986 0.371875 0.680328 0.371875 0.682670 0.373437 0.685012 0.373437 0.699063 0.382812 0.699063 0.382812 0.692037 0.387500 0.685012 0.389062 0.685012 0.389062 0.659251 0.390625 0.656909 0.390625 0.649883 0.392188 0.647541 0.392188 0.642857 0.393750 0.640515 0.393750 0.633489 0.395312 0.631148 0.395312 0.626464 0.396875 0.624122 0.396875 0.621780 0.398438 0.619438 0.398438 0.614754 0.400000 0.612412 0.400000 0.605386 0.401563 0.603045 0.401563 0.593677 0.400000 0.591335 0.400000 0.577283 0.398438 0.574941 0.398438 0.558548 0.396875 0.556206 0.396875 0.544496 0.395312 0.542155 0.395312 0.535129 0.393750 0.532787 0.393750 0.521077 0.395312 0.518735 0.395312 0.514051 0.396875 0.511710 0.396875 0.504684 0.398438 0.502342 0.398438 0.497658 0.400000 0.495316 0.400000 0.492974 0.401563 0.490632 0.407813 0.490632 0.407813 0.457845 0.401563 0.457845 0.393750 0.446136 0.393750 0.443794 0.392188 0.441452 0.392188 0.439110 0.390625 0.436768 0.390625 0.420375
0 0.704687 0.736534 0.703125 0.734192 0.703125 0.729508 0.700000 0.724824 0.700000 0.720141 0.698438 0.717799 0.698438 0.715457 0.696875 0.713115 0.696875 0.710773 0.695312 0.708431 0.695312 0.706089 0.692187 0.701405 0.692187 0.696721 0.690625 0.694379 0.690625 0.687354 0.689062 0.685012 0.689062 0.682670 0.685938 0.677986 0.685938 0.673302 0.684375 0.670960 0.684375 0.668618 0.682813 0.666276 0.682813 0.663934 0.681250 0.661592 0.681250 0.656909 0.679688 0.654567 0.679688 0.652225 0.678125 0.649883 0.678125 0.645199 0.676562 0.642857 0.676562 0.640515 0.671875 0.640515 0.671875 0.720141 0.676562 0.720141 0.684375 0.731850 0.685938 0.731850 0.687500 0.734192 0.689062 0.734192 0.692187 0.738876 0.692187 0.745902 0.704687 0.745902 0.704687 0.736534 0.756250 0.715457 0.757812 0.717799 0.757812 0.722482 0.759375 0.724824 0.759375 0.727166 0.765625 0.736534 0.765625 0.745902 0.789062 0.745902 0.789062 0.699063 0.784375 0.699063 0.782812 0.696721 0.782812 0.692037 0.781250 0.689696 0.781250 0.682670 0.779688 0.680328 0.779688 0.677986 0.778125 0.675644 0.778125 0.670960 0.776563 0.668618 0.776563 0.663934 0.775000 0.661592 0.775000 0.642857 0.773438 0.640515 0.773438 0.626464 0.775000 0.624122 0.775000 0.617096 0.776563 0.614754 0.776563 0.612412 0.778125 0.610070 0.778125 0.603045 0.779688 0.600703 0.779688 0.586651 0.781250 0.584309 0.781250 0.565574 0.779688 0.563232 0.779688 0.558548 0.778125 0.556206 0.778125 0.553864 0.776563 0.551522 0.776563 0.544496 0.775000 0.542155 0.775000 0.532787 0.773438 0.530445 0.773438 0.523419 0.771875 0.521077 0.771875 0.516393 0.770312 0.514051 0.770312 0.511710 0.765625 0.504684 0.765625 0.502342 0.759375 0.492974 0.757812 0.492974 0.756250 0.490632 0.753125 0.490632 0.751562 0.488290 0.750000 0.488290 0.746875 0.483607 0.746875 0.481265 0.745313 0.478923 0.745313 0.476581 0.743750 0.474239 0.743750 0.469555 0.742188 0.467213 0.742188 0.457845 0.725000 0.457845 0.725000 0.469555 0.723437 0.471897 0.723437 0.488290 0.721875 0.490632 0.721875 0.492974 0.718750 0.497658 0.717188 0.497658 0.715625 0.500000 0.714063 0.500000 0.712500 0.502342 0.709375 0.502342 0.703125 0.511710 0.703125 0.514051 0.704687 0.516393 0.706250 0.516393 0.707812 0.518735 0.709375 0.518735 0.718750 0.532787 0.718750 0.535129 0.721875 0.539813 0.721875 0.546838 0.723437 0.549180 0.723437 0.556206 0.725000 0.558548 0.725000 0.565574 0.726562 0.567916 0.726562 0.572600 0.728125 0.574941 0.728125 0.579625 0.729688 0.581967 0.729688 0.588993 0.731250 0.591335 0.731250 0.596019 0.737500 0.605386 0.737500 0.607728 0.739062 0.610070 0.739062 0.612412 0.740625 0.614754 0.740625 0.619438 0.742188 0.621780 0.742188 0.631148 0.743750 0.633489 0.743750 0.635831 0.745313 0.638173 0.745313 0.640515 0.746875 0.642857 0.746875 0.645199 0.748438 0.647541 0.748438 0.649883 0.750000 0.652225 0.750000 0.656909 0.751562 0.659251 0.751562 0.661592 0.753125 0.663934 0.753125 0.668618 0.754687 0.670960 0.754687 0.685012 0.756250 0.687354 0.756250 0.715457
0 0.926562 0.624122 0.926562 0.642857 0.925000 0.645199 0.925000 0.663934 0.926562 0.666276 0.928125 0.666276 0.929688 0.668618 0.931250 0.668618 0.932813 0.670960 0.934375 0.670960 0.937500 0.666276 0.937500 0.663934 0.939062 0.661592 0.939062 0.656909 0.940625 0.654567 0.940625 0.642857 0.942187 0.640515 0.942187 0.631148 0.943750 0.628806 0.943750 0.612412 0.942187 0.610070 0.942187 0.605386 0.940625 0.603045 0.939062 0.603045 0.939062 0.605386 0.937500 0.607728 0.937500 0.619438 0.935938 0.621780 0.935938 0.628806 0.932813 0.633489 0.931250 0.631148 0.931250 0.628806 0.929688 0.626464 0.929688 0.624122 0.928125 0.621780 0.926562 0.624122 0.918750 0.617096 0.918750 0.607728 0.920313 0.605386 0.920313 0.591335 0.918750 0.588993 0.918750 0.574941 0.920313 0.572600 0.920313 0.570258 0.925000 0.563232 0.926562 0.563232 0.928125 0.560890 0.929688 0.560890 0.931250 0.558548 0.935938 0.558548 0.937500 0.560890 0.940625 0.560890 0.942187 0.558548 0.948438 0.558548 0.950000 0.556206 0.964063 0.556206 0.964063 0.551522 0.959375 0.551522 0.957812 0.549180 0.954687 0.549180 0.935938 0.521077 0.935938 0.518735 0.929688 0.509368 0.929688 0.507026 0.928125 0.504684 0.928125 0.502342 0.925000 0.497658 0.925000 0.495316 0.923437 0.492974 0.923437 0.483607 0.921875 0.481265 0.921875 0.474239 0.920313 0.471897 0.920313 0.439110 0.918750 0.436768 0.918750 0.434426 0.917188 0.432084 0.917188 0.420375 0.901563 0.420375 0.901563 0.427400 0.900000 0.429742 0.900000 0.432084 0.898438 0.434426 0.898438 0.436768 0.896875 0.439110 0.896875 0.443794 0.895312 0.446136 0.895312 0.453162 0.893750 0.455504 0.893750 0.457845 0.892187 0.460187 0.890625 0.460187 0.887500 0.464871 0.887500 0.467213 0.885938 0.469555 0.884375 0.469555 0.881250 0.474239 0.881250 0.476581 0.879687 0.478923 0.879687 0.481265 0.878125 0.483607 0.878125 0.485948 0.876562 0.488290 0.876562 0.490632 0.875000 0.492974 0.875000 0.500000 0.873438 0.502342 0.873438 0.507026 0.871875 0.509368 0.871875 0.511710 0.870313 0.514051 0.865625 0.514051 0.865625 0.570258 0.870313 0.570258 0.881250 0.586651 0.881250 0.588993 0.882812 0.591335 0.882812 0.596019 0.884375 0.598361 0.884375 0.600703 0.887500 0.605386 0.887500 0.607728 0.889063 0.610070 0.889063 0.612412 0.890625 0.614754 0.890625 0.628806 0.889063 0.631148 0.889063 0.633489 0.887500 0.635831 0.887500 0.638173 0.884375 0.642857 0.884375 0.645199 0.882812 0.647541 0.882812 0.649883 0.879687 0.654567 0.881250 0.656909 0.881250 0.659251 0.884375 0.663934 0.885938 0.663934 0.892187 0.673302 0.893750 0.673302 0.895312 0.675644 0.901563 0.675644 0.904688 0.670960 0.904688 0.668618 0.906250 0.666276 0.906250 0.663934 0.907812 0.661592 0.907812 0.640515 0.909375 0.638173 0.909375 0.635831 0.910937 0.633489 0.910937 0.631148 0.915625 0.624122 0.915625 0.621780 0.918750 0.617096
5 0.000000 0.279859 0.000000 0.490632 0.003125 0.490632 0.006250 0.485948 0.007812 0.485948 0.009375 0.483607 0.025000 0.483607 0.026563 0.481265 0.028125 0.481265 0.029687 0.483607 0.054688 0.483607 0.056250 0.481265 0.060938 0.481265 0.062500 0.478923 0.076563 0.478923 0.078125 0.476581 0.081250 0.476581 0.082813 0.474239 0.085938 0.474239 0.087500 0.476581 0.090625 0.476581 0.095312 0.483607 0.095312 0.485948 0.096875 0.488290 0.096875 0.502342 0.125000 0.502342 0.125000 0.495316 0.129688 0.488290 0.131250 0.488290 0.134375 0.483607 0.135937 0.483607 0.139062 0.478923 0.142188 0.478923 0.143750 0.476581 0.148438 0.476581 0.150000 0.474239 0.160938 0.474239 0.162500 0.471897 0.178125 0.471897 0.179688 0.474239 0.207813 0.474239 0.207813 0.401639 0.203125 0.401639 0.200000 0.396955 0.200000 0.389930 0.198437 0.387588 0.198437 0.382904 0.196875 0.380562 0.196875 0.375878 0.195312 0.373536 0.195312 0.368852 0.193750 0.366511 0.193750 0.364169 0.192188 0.361827 0.192188 0.359485 0.190625 0.357143 0.190625 0.350117 0.189063 0.347775 0.189063 0.345433 0.184375 0.338407 0.184375 0.336066 0.182812 0.336066 0.181250 0.333724 0.178125 0.333724 0.176563 0.331382 0.173438 0.331382 0.171875 0.329040 0.165625 0.329040 0.164062 0.326698 0.162500 0.326698 0.160938 0.324356 0.159375 0.324356 0.157813 0.322014 0.154687 0.322014 0.153125 0.319672 0.151562 0.319672 0.150000 0.317330 0.148438 0.317330 0.146875 0.314988 0.146875 0.312646 0.145313 0.310304 0.145313 0.305621 0.143750 0.303279 0.143750 0.298595 0.142188 0.296253 0.140625 0.296253 0.139062 0.293911 0.131250 0.293911 0.129688 0.291569 0.128125 0.291569 0.126563 0.289227 0.125000 0.291569 0.123438 0.291569 0.121875 0.293911 0.121875 0.296253 0.118750 0.300937 0.117188 0.300937 0.115625 0.303279 0.114063 0.303279 0.112500 0.300937 0.110937 0.300937 0.109375 0.298595 0.109375 0.289227 0.107813 0.291569 0.107813 0.298595 0.106250 0.300937 0.104687 0.300937 0.103125 0.303279 0.092188 0.303279 0.090625 0.300937 0.085938 0.300937 0.079687 0.291569 0.078125 0.291569 0.076563 0.289227 0.075000 0.289227 0.073437 0.286885 0.073437 0.279859
0 0.445312 0.485948 0.445312 0.492974 0.440625 0.500000 0.440625 0.504684 0.439063 0.507026 0.439063 0.509368 0.437500 0.511710 0.437500 0.530445 0.439063 0.532787 0.439063 0.544496 0.440625 0.546838 0.440625 0.549180 0.442187 0.551522 0.443750 0.551522 0.446875 0.556206 0.446875 0.558548 0.448438 0.560890 0.448438 0.565574 0.450000 0.567916 0.450000 0.572600 0.451562 0.574941 0.451562 0.605386 0.450000 0.607728 0.450000 0.621780 0.448438 0.624122 0.448438 0.628806 0.446875 0.631148 0.446875 0.635831 0.445312 0.638173 0.445312 0.649883 0.443750 0.652225 0.443750 0.661592 0.445312 0.663934 0.445312 0.670960 0.446875 0.673302 0.446875 0.675644 0.448438 0.677986 0.448438 0.680328 0.450000 0.682670 0.450000 0.687354 0.451562 0.689696 0.451562 0.694379 0.454688 0.699063 0.454688 0.710773 0.456250 0.713115 0.456250 0.720141 0.460938 0.727166 0.462500 0.727166 0.465625 0.731850 0.465625 0.734192 0.467187 0.736534 0.467187 0.743560 0.465625 0.745902 0.465625 0.748244 0.464063 0.750585 0.464063 0.752927 0.462500 0.755269 0.462500 0.774005 0.485938 0.774005 0.485938 0.743560 0.487500 0.741218 0.487500 0.736534 0.489062 0.734192 0.489062 0.675644 0.490625 0.673302 0.490625 0.642857 0.492188 0.640515 0.492188 0.635831 0.493750 0.633489 0.493750 0.626464 0.495313 0.624122 0.495313 0.617096 0.496875 0.614754 0.496875 0.610070 0.498437 0.607728 0.498437 0.603045 0.503125 0.596019 0.507812 0.596019 0.507812 0.586651 0.503125 0.586651 0.500000 0.581967 0.500000 0.579625 0.498437 0.577283 0.498437 0.574941 0.495313 0.570258 0.495313 0.567916 0.493750 0.565574 0.493750 0.563232 0.492188 0.560890 0.492188 0.558548 0.490625 0.556206 0.490625 0.553864 0.487500 0.549180 0.487500 0.546838 0.485938 0.544496 0.485938 0.539813 0.484375 0.537471 0.484375 0.528103 0.482812 0.525761 0.482812 0.521077 0.479688 0.516393 0.479688 0.514051 0.478125 0.511710 0.478125 0.509368 0.470313 0.497658 0.467187 0.497658 0.464063 0.492974 0.464063 0.485948
0 0.978125 0.457845 0.978125 0.467213 0.976562 0.469555 0.971875 0.469555 0.971875 0.483607 0.976562 0.483607 0.978125 0.485948 0.978125 0.490632 0.979688 0.492974 0.978125 0.495316 0.978125 0.497658 0.976562 0.500000 0.971875 0.500000 0.971875 0.605386 0.998438 0.605386 0.998438 0.457845
0 0.476562 0.567916 0.471875 0.567916 0.476562 0.567916 0.506250 0.563232 0.506250 0.588993 0.504687 0.591335 0.504687 0.596019 0.503125 0.598361 0.503125 0.600703 0.501562 0.603045 0.501562 0.605386 0.500000 0.607728 0.500000 0.612412 0.498437 0.614754 0.498437 0.621780 0.496875 0.624122 0.496875 0.628806 0.495313 0.631148 0.495313 0.635831 0.493750 0.638173 0.493750 0.645199 0.492188 0.647541 0.492188 0.692037 0.490625 0.694379 0.490625 0.720141 0.489062 0.722482 0.489062 0.724824 0.487500 0.727166 0.487500 0.731850 0.482812 0.738876 0.481250 0.738876 0.476562 0.745902 0.471875 0.745902 0.471875 0.769321 0.479688 0.769321 0.481250 0.766979 0.482812 0.766979 0.484375 0.764637 0.485938 0.764637 0.487500 0.762295 0.487500 0.759953 0.489062 0.757611 0.489062 0.755269 0.490625 0.752927 0.490625 0.750585 0.493750 0.745902 0.493750 0.743560 0.496875 0.738876 0.496875 0.731850 0.495313 0.729508 0.495313 0.727166 0.500000 0.720141 0.503125 0.720141 0.504687 0.722482 0.507812 0.722482 0.510938 0.727166 0.510938 0.738876 0.509375 0.741218 0.509375 0.750585 0.510938 0.752927 0.510938 0.755269 0.514063 0.759953 0.515625 0.759953 0.517187 0.762295 0.529688 0.762295 0.532812 0.766979 0.534375 0.766979 0.535937 0.769321 0.537500 0.769321 0.540625 0.774005 0.540625 0.783372 0.548437 0.783372 0.548437 0.771663 0.551562 0.766979 0.557813 0.766979 0.557813 0.738876 0.551562 0.738876 0.548437 0.734192 0.548437 0.731850 0.546875 0.729508 0.546875 0.722482 0.545313 0.720141 0.545313 0.713115 0.546875 0.710773 0.546875 0.661592 0.545313 0.659251 0.545313 0.652225 0.546875 0.649883 0.546875 0.631148 0.545313 0.628806 0.545313 0.624122 0.543750 0.621780 0.543750 0.619438 0.542188 0.617096 0.542188 0.607728 0.540625 0.605386 0.540625 0.598361 0.537500 0.593677 0.537500 0.591335 0.534375 0.586651 0.534375 0.584309 0.529688 0.577283 0.529688 0.574941 0.528125 0.572600 0.528125 0.570258 0.526563 0.567916 0.526563 0.565574 0.523438 0.565574 0.521875 0.567916 0.518750 0.563232 0.517187 0.563232 0.515625 0.560890 0.507812 0.560890 0.506250 0.563232
7 0.301562 0.574941 0.301562 0.577283 0.303125 0.579625 0.307813 0.579625 0.307813 0.577283 0.306250 0.574941 0.301562 0.574941 0.301562 0.563232 0.303125 0.563232 0.303125 0.558548 0.404687 0.553864 0.404687 0.570258 0.406250 0.572600 0.406250 0.584309 0.407813 0.586651 0.407813 0.605386 0.429688 0.605386 0.429688 0.596019 0.431250 0.593677 0.431250 0.584309 0.432813 0.581967 0.432813 0.579625 0.434375 0.577283 0.434375 0.572600 0.435937 0.570258 0.435937 0.565574 0.434375 0.563232 0.434375 0.558548 0.432813 0.556206 0.432813 0.553864 0.429688 0.549180 0.429688 0.542155 0.428125 0.539813 0.428125 0.504684 0.426562 0.502342 0.415625 0.502342 0.414062 0.500000 0.418750 0.490632 0.434375 0.490632 0.434375 0.488290 0.435937 0.485948 0.435937 0.481265 0.437500 0.478923 0.437500 0.476581 0.439063 0.474239 0.439063 0.471897 0.440625 0.469555 0.442187 0.469555 0.446875 0.462529 0.448438 0.464871 0.451562 0.464871 0.453125 0.467213 0.454688 0.467213 0.456250 0.469555 0.456250 0.471897 0.457812 0.474239 0.457812 0.476581 0.460938 0.481265 0.460938 0.483607 0.462500 0.483607 0.464063 0.485948 0.468750 0.485948 0.470313 0.483607 0.470313 0.476581 0.468750 0.474239 0.468750 0.464871 0.473437 0.457845 0.473437 0.455504 0.475000 0.453162 0.476562 0.453162 0.478125 0.450820 0.479688 0.450820 0.484375 0.443794 0.487500 0.443794 0.489062 0.441452 0.490625 0.441452 0.492188 0.443794 0.492188 0.446136 0.493750 0.448478 0.493750 0.455504 0.495313 0.457845 0.495313 0.469555 0.496875 0.471897 0.498437 0.469555 0.500000 0.469555 0.501562 0.467213 0.504687 0.471897 0.504687 0.476581 0.503125 0.478923 0.503125 0.481265 0.501562 0.483607 0.501562 0.497658 0.503125 0.500000 0.503125 0.502342 0.504687 0.504684 0.506250 0.504684 0.507812 0.507026 0.509375 0.507026 0.512500 0.511710 0.514063 0.511710 0.515625 0.514051 0.517187 0.514051 0.518750 0.516393 0.520312 0.516393 0.521875 0.518735 0.526563 0.518735 0.528125 0.521077 0.529688 0.521077 0.531250 0.518735 0.534375 0.518735 0.535937 0.521077 0.543750 0.521077 0.545313 0.518735 0.557813 0.518735 0.559375 0.516393 0.564062 0.516393 0.565625 0.514051 0.567187 0.514051 0.568750 0.511710 0.570312 0.511710 0.571875 0.509368 0.578125 0.509368 0.584375 0.518735 0.587500 0.518735 0.589063 0.521077 0.590625 0.521077 0.592188 0.518735 0.598437 0.518735 0.600000 0.516393 0.603125 0.516393 0.604688 0.514051 0.606250 0.514051 0.607813 0.511710 0.609375 0.511710 0.612500 0.507026 0.612500 0.504684 0.614062 0.502342 0.615625 0.502342 0.618750 0.497658 0.620313 0.497658 0.621875 0.495316 0.626562 0.495316 0.628125 0.492974 0.628125 0.490632 0.629687 0.488290 0.629687 0.485948 0.632812 0.481265 0.632812 0.478923 0.634375 0.476581 0.634375 0.474239 0.640625 0.464871 0.650000 0.464871 0.651563 0.467213 0.654688 0.467213 0.656250 0.469555 0.657812 0.469555 0.659375 0.471897 0.664062 0.471897 0.665625 0.474239 0.670313 0.474239 0.673437 0.478923 0.673437 0.481265 0.675000 0.483607 0.675000 0.492974 0.676562 0.495316 0.676562 0.500000 0.678125 0.502342 0.679688 0.500000 0.681250 0.500000 0.682813 0.497658 0.689062 0.497658 0.689062 0.324356 0.682813 0.324356 0.681250 0.322014 0.681250 0.319672 0.676562 0.312646 0.675000 0.312646 0.673437 0.310304 0.671875 0.310304 0.670313 0.307963 0.668750 0.307963 0.667188 0.305621 0.664062 0.305621 0.662500 0.303279 0.657812 0.303279 0.656250 0.300937 0.651563 0.300937 0.650000 0.298595 0.646875 0.298595 0.645312 0.296253 0.640625 0.296253 0.639063 0.293911 0.634375 0.293911 0.632812 0.291569 0.629687 0.291569 0.628125 0.289227 0.625000 0.289227 0.623438 0.286885 0.620313 0.286885 0.618750 0.284543 0.614062 0.284543 0.612500 0.282201 0.609375 0.282201 0.607813 0.279859 0.604688 0.279859 0.603125 0.277518 0.598437 0.277518 0.596875 0.275176 0.589063 0.275176 0.587500 0.272834 0.576563 0.272834 0.575000 0.270492 0.573438 0.270492 0.571875 0.268150 0.571875 0.261124 0.490625 0.261124 0.490625 0.268150 0.489062 0.270492 0.487500 0.270492 0.485938 0.272834 0.482812 0.272834 0.481250 0.275176 0.451562 0.275176 0.450000 0.272834 0.437500 0.272834 0.435937 0.275176 0.429688 0.275176 0.428125 0.277518 0.423438 0.277518 0.421875 0.279859 0.407813 0.279859 0.406250 0.277518 0.382812 0.277518 0.381250 0.279859 0.379687 0.279859 0.378125 0.282201 0.375000 0.282201 0.373437 0.284543 0.365625 0.284543 0.364062 0.286885 0.343750 0.286885 0.342187 0.289227 0.339063 0.289227 0.337500 0.291569 0.335938 0.291569 0.332812 0.296253 0.331250 0.296253 0.329688 0.298595 0.329688 0.300937 0.326562 0.305621 0.326562 0.307963 0.325000 0.310304 0.325000 0.312646 0.323438 0.314988 0.323438 0.317330 0.321875 0.319672 0.321875 0.322014 0.307813 0.343091 0.307813 0.345433 0.306250 0.347775 0.306250 0.350117 0.300000 0.359485 0.300000 0.361827 0.298438 0.364169 0.298438 0.371194 0.295312 0.375878 0.293750 0.375878 0.292188 0.378220 0.292188 0.380562 0.287500 0.387588 0.287500 0.394614 0.290625 0.399297 0.290625 0.401639 0.292188 0.403981 0.292188 0.422717 0.289062 0.427400 0.287500 0.427400 0.285937 0.425059 0.284375 0.425059 0.282813 0.422717 0.278125 0.422717 0.278125 0.446136 0.282813 0.446136 0.284375 0.448478 0.284375 0.455504 0.285937 0.457845 0.285937 0.467213 0.284375 0.469555 0.284375 0.474239 0.282813 0.476581 0.278125 0.476581 0.278125 0.509368 0.285937 0.509368 0.287500 0.511710 0.290625 0.511710 0.292188 0.514051 0.293750 0.514051 0.295312 0.516393 0.298438 0.516393 0.300000 0.514051 0.303125 0.514051 0.307813 0.521077 0.307813 0.525761 0.309375 0.525761 0.310937 0.523419 0.312500 0.523419 0.314063 0.521077 0.318750 0.528103 0.318750 0.539813 0.320312 0.542155 0.320312 0.544496 0.321875 0.546838 0.323438 0.546838 0.325000 0.549180 0.329688 0.549180 0.331250 0.546838 0.332812 0.546838 0.334375 0.544496 0.335938 0.544496 0.337500 0.546838 0.340625 0.546838 0.345313 0.539813 0.345313 0.535129 0.351562 0.525761 0.351562 0.504684 0.353125 0.502342 0.353125 0.497658 0.354688 0.495316 0.354688 0.492974 0.356250 0.490632 0.356250 0.488290 0.357812 0.485948 0.357812 0.474239 0.359375 0.471897 0.359375 0.469555 0.360938 0.467213 0.360938 0.464871 0.364062 0.460187 0.364062 0.457845 0.365625 0.455504 0.365625 0.453162 0.370313 0.446136 0.370313 0.443794 0.371875 0.441452 0.371875 0.439110 0.382812 0.422717 0.384375 0.422717 0.385938 0.425059 0.387500 0.425059 0.393750 0.434426 0.393750 0.436768 0.395312 0.439110 0.395312 0.441452 0.400000 0.448478 0.401563 0.448478 0.410937 0.462529 0.412500 0.462529 0.415625 0.467213 0.415625 0.469555 0.417188 0.471897 0.417188 0.485948 0.418750 0.488290 0.418750 0.490632 0.414062 0.500000 0.410937 0.500000 0.409375 0.497658 0.407813 0.500000 0.407813 0.504684 0.406250 0.507026 0.406250 0.516393 0.404687 0.518735 0.404687 0.539813 0.406250 0.542155 0.406250 0.551522 0.404687 0.553864 0.303125 0.558548 0.301562 0.556206 0.300000 0.558548 0.300000 0.560890 0.301562 0.563232
7 0.203125 0.382904 0.203125 0.483607 0.231250 0.483607 0.231250 0.476581 0.232812 0.474239 0.240625 0.474239 0.242188 0.471897 0.256250 0.471897 0.257812 0.474239 0.262500 0.474239 0.264062 0.471897 0.268750 0.471897 0.270312 0.469555 0.273438 0.469555 0.275000 0.467213 0.278125 0.467213 0.282813 0.474239 0.282813 0.483607 0.284375 0.483607 0.284375 0.476581 0.285937 0.474239 0.285937 0.471897 0.287500 0.469555 0.287500 0.467213 0.290625 0.462529 0.295312 0.462529 0.295312 0.453162 0.289062 0.453162 0.287500 0.450820 0.287500 0.443794 0.285937 0.441452 0.285937 0.439110 0.287500 0.436768 0.287500 0.432084 0.289062 0.429742 0.289062 0.422717 0.287500 0.420375 0.287500 0.418033 0.285937 0.415691 0.285937 0.413349 0.284375 0.411007 0.284375 0.408665 0.282813 0.406323 0.282813 0.403981 0.276563 0.394614 0.275000 0.394614 0.271875 0.389930 0.271875 0.382904
0 0.978125 0.457845 0.978125 0.464871 0.976562 0.467213 0.971875 0.467213 0.971875 0.488290 0.976562 0.488290 0.978125 0.490632 0.978125 0.497658 0.976562 0.500000 0.971875 0.500000 0.971875 0.603045 0.976562 0.603045 0.982813 0.612412 0.982813 0.614754 0.984375 0.614754 0.985937 0.617096 0.987500 0.617096 0.989062 0.619438 0.992188 0.619438 0.995313 0.624122 0.998438 0.624122 0.998438 0.457845
0 0.471875 0.467213 0.471875 0.507026 0.478125 0.507026 0.479688 0.509368 0.479688 0.511710 0.482812 0.516393 0.482812 0.521077 0.484375 0.523419 0.484375 0.525761 0.485938 0.528103 0.485938 0.530445 0.487500 0.532787 0.487500 0.539813 0.489062 0.542155 0.489062 0.546838 0.490625 0.549180 0.490625 0.551522 0.492188 0.551522 0.493750 0.553864 0.493750 0.556206 0.496875 0.560890 0.496875 0.563232 0.506250 0.577283 0.506250 0.579625 0.509375 0.584309 0.512500 0.584309 0.514063 0.586651 0.515625 0.586651 0.517187 0.584309 0.532812 0.584309 0.532812 0.544496 0.528125 0.544496 0.523438 0.537471 0.523438 0.535129 0.521875 0.532787 0.521875 0.530445 0.520312 0.530445 0.518750 0.528103 0.517187 0.528103 0.514063 0.523419 0.512500 0.523419 0.510938 0.521077 0.509375 0.521077 0.504687 0.514051 0.504687 0.511710 0.503125 0.511710 0.498437 0.504684 0.498437 0.497658 0.496875 0.495316 0.496875 0.483607 0.495313 0.481265 0.495313 0.467213
