5 0.746875 0.855000 0.748438 0.857500 0.748438 0.860000 0.750000 0.860000 0.753125 0.865000 0.751562 0.867500 0.751562 0.870000 0.750000 0.872500 0.750000 0.882500 0.789062 0.882500 0.789062 0.837500 0.778125 0.837500 0.776563 0.840000 0.776563 0.842500 0.773438 0.847500 0.773438 0.850000 0.771875 0.852500 0.768750 0.852500 0.767187 0.850000 0.765625 0.850000 0.762500 0.845000 0.762500 0.837500 0.760938 0.835000 0.760938 0.832500 0.759375 0.830000 0.759375 0.827500 0.757812 0.825000 0.756250 0.827500 0.753125 0.827500 0.748438 0.835000 0.748438 0.842500 0.746875 0.845000 0.746875 0.855000 0.737500 0.857500 0.737500 0.852500 0.735937 0.850000 0.735937 0.845000 0.734375 0.842500 0.734375 0.835000 0.732813 0.832500 0.734375 0.830000 0.734375 0.807500 0.789062 0.830000 0.782812 0.830000 0.781250 0.827500 0.781250 0.825000 0.779688 0.822500 0.779688 0.820000 0.776563 0.815000 0.754687 0.740000 0.764063 0.725000 0.764063 0.722500 0.765625 0.720000 0.765625 0.717500 0.767187 0.715000 0.768750 0.715000 0.770312 0.712500 0.770312 0.710000 0.776563 0.700000 0.776563 0.695000 0.778125 0.692500 0.778125 0.677500 0.779688 0.675000 0.779688 0.667500 0.781250 0.665000 0.781250 0.662500 0.784375 0.657500 0.789062 0.657500 0.789062 0.507500 0.784375 0.507500 0.782812 0.505000 0.782812 0.502500 0.781250 0.500000 0.781250 0.495000 0.779688 0.492500 0.779688 0.487500 0.778125 0.485000 0.779688 0.482500 0.779688 0.477500 0.784375 0.470000 0.789062 0.470000 0.789062 0.422500 0.784375 0.422500 0.779688 0.415000 0.779688 0.410000 0.778125 0.407500 0.778125 0.402500 0.776563 0.400000 0.776563 0.372500 0.778125 0.370000 0.778125 0.357500 0.779688 0.355000 0.779688 0.325000 0.778125 0.322500 0.778125 0.317500 0.776563 0.315000 0.776563 0.312500 0.775000 0.310000 0.775000 0.305000 0.773438 0.302500 0.773438 0.297500 0.771875 0.295000 0.771875 0.292500 0.770312 0.290000 0.770312 0.287500 0.768750 0.285000 0.768750 0.282500 0.765625 0.277500 0.765625 0.275000 0.762500 0.270000 0.762500 0.267500 0.760938 0.265000 0.760938 0.262500 0.759375 0.260000 0.759375 0.255000 0.756250 0.250000 0.756250 0.247500 0.754687 0.245000 0.754687 0.242500 0.753125 0.240000 0.753125 0.237500 0.751562 0.235000 0.751562 0.232500 0.748438 0.227500 0.748438 0.222500 0.746875 0.220000 0.746875 0.217500 0.743750 0.212500 0.743750 0.210000 0.740625 0.205000 0.740625 0.202500 0.737500 0.197500 0.737500 0.195000 0.735937 0.192500 0.735937 0.190000 0.734375 0.187500 0.734375 0.185000 0.732813 0.182500 0.732813 0.180000 0.731250 0.177500 0.731250 0.175000 0.729688 0.172500 0.729688 0.167500 0.728125 0.165000 0.728125 0.162500 0.726562 0.160000 0.726562 0.157500 0.725000 0.155000 0.725000 0.150000 0.723437 0.147500 0.723437 0.142500 0.721875 0.140000 0.721875 0.137500 0.715625 0.127500 0.704687 0.127500 0.703125 0.130000 0.692187 0.130000 0.690625 0.127500 0.682813 0.127500 0.681250 0.125000 0.673437 0.125000 0.671875 0.122500 0.664062 0.122500 0.662500 0.120000 0.651563 0.120000 0.650000 0.117500 0.635938 0.117500 0.634375 0.115000 0.626562 0.115000 0.625000 0.112500 0.625000 0.105000 0.456250 0.105000 0.456250 0.112500 0.451562 0.120000 0.451562 0.122500 0.445312 0.132500 0.445312 0.135000 0.442187 0.140000 0.442187 0.142500 0.440625 0.145000 0.440625 0.147500 0.439063 0.150000 0.439063 0.152500 0.437500 0.155000 0.437500 0.157500 0.435937 0.160000 0.435937 0.162500 0.434375 0.165000 0.434375 0.167500 0.432813 0.170000 0.432813 0.177500 0.431250 0.180000 0.431250 0.187500 0.429688 0.190000 0.429688 0.195000 0.428125 0.197500 0.428125 0.205000 0.426562 0.207500 0.426562 0.220000 0.425000 0.222500 0.425000 0.235000 0.423438 0.237500 0.423438 0.247500 0.421875 0.250000 0.421875 0.257500 0.420312 0.260000 0.420312 0.270000 0.418750 0.272500 0.418750 0.287500 0.417188 0.290000 0.417188 0.297500 0.415625 0.300000 0.415625 0.305000 0.414062 0.307500 0.414062 0.312500 0.412500 0.315000 0.412500 0.317500 0.410937 0.320000 0.410937 0.322500 0.409375 0.325000 0.409375 0.327500 0.407813 0.330000 0.407813 0.332500 0.406250 0.335000 0.406250 0.337500 0.404687 0.340000 0.404687 0.342500 0.403125 0.345000 0.403125 0.347500 0.401563 0.350000 0.401563 0.362500 0.400000 0.365000 0.400000 0.387500 0.398438 0.390000 0.398438 0.397500 0.395312 0.402500 0.390625 0.402500 0.390625 0.825000 0.395312 0.825000 0.396875 0.827500 0.398438 0.827500 0.400000 0.830000 0.401563 0.830000 0.403125 0.832500 0.404687 0.832500 0.406250 0.835000 0.412500 0.835000 0.414062 0.837500 0.423438 0.837500 0.425000 0.840000 0.439063 0.840000 0.440625 0.842500 0.456250 0.842500 0.457812 0.845000 0.471875 0.845000 0.473437 0.847500 0.482812 0.847500 0.484375 0.850000 0.503125 0.850000 0.504687 0.847500 0.509375 0.847500 0.510938 0.845000 0.520312 0.845000 0.521875 0.847500 0.529688 0.847500 0.531250 0.850000 0.537500 0.850000 0.539062 0.852500 0.548437 0.852500 0.550000 0.855000 0.559375 0.855000 0.560938 0.857500 0.565625 0.857500 0.567187 0.860000 0.568750 0.860000 0.570312 0.862500 0.575000 0.862500 0.576563 0.865000 0.615625 0.865000 0.617188 0.867500 0.628125 0.867500 0.629687 0.870000 0.645312 0.870000 0.646875 0.872500 0.651563 0.872500 0.653125 0.875000 0.653125 0.882500 0.700000 0.882500 0.700000 0.872500 0.701563 0.870000 0.701563 0.865000 0.703125 0.862500 0.703125 0.847500 0.704687 0.845000 0.704687 0.835000 0.706250 0.832500 0.706250 0.830000 0.709375 0.825000 0.714063 0.832500 0.714063 0.837500 0.715625 0.840000 0.720312 0.840000 0.723437 0.835000 0.723437 0.830000 0.721875 0.827500 0.721875 0.822500 0.723437 0.820000 0.723437 0.782500 0.725000 0.780000 0.725000 0.775000 0.726562 0.772500 0.726562 0.770000 0.729688 0.765000 0.729688 0.762500 0.731250 0.760000 0.732813 0.760000 0.739062 0.750000 0.740625 0.750000 0.742188 0.747500 0.743750 0.747500 0.745313 0.745000 0.748438 0.745000 0.750000 0.742500 0.751562 0.742500 0.753125 0.740000 0.754687 0.740000 0.776563 0.815000 0.776563 0.802500 0.778125 0.800000 0.778125 0.790000 0.779688 0.787500 0.779688 0.782500 0.781250 0.780000 0.781250 0.777500 0.782812 0.775000 0.789062 0.775000 0.789062 0.830000 0.734375 0.807500 0.732813 0.807500 0.731250 0.810000 0.731250 0.812500 0.729688 0.815000 0.729688 0.822500 0.731250 0.825000 0.731250 0.835000 0.729688 0.837500 0.729688 0.852500 0.734375 0.860000 0.735937 0.860000 0.737500 0.857500
2 0.078125 0.555000 0.078125 0.562500 0.076563 0.565000 0.075000 0.565000 0.073437 0.567500 0.071875 0.567500 0.070312 0.570000 0.068750 0.570000 0.067188 0.572500 0.065625 0.572500 0.064062 0.575000 0.059375 0.575000 0.057813 0.577500 0.054688 0.577500 0.053125 0.580000 0.050000 0.580000 0.045313 0.587500 0.045313 0.590000 0.043750 0.592500 0.043750 0.597500 0.042188 0.600000 0.042188 0.602500 0.032812 0.617500 0.031250 0.617500 0.029687 0.620000 0.028125 0.620000 0.026563 0.622500 0.025000 0.622500 0.020312 0.630000 0.015625 0.630000 0.015625 0.710000 0.020312 0.710000 0.023438 0.715000 0.023438 0.717500 0.025000 0.720000 0.025000 0.732500 0.046875 0.732500 0.046875 0.722500 0.051562 0.715000 0.053125 0.715000 0.056250 0.710000 0.104687 0.710000 0.106250 0.712500 0.112500 0.712500 0.114063 0.715000 0.117188 0.715000 0.118750 0.717500 0.123438 0.717500 0.125000 0.720000 0.137500 0.720000 0.139062 0.717500 0.142188 0.717500 0.145313 0.712500 0.146875 0.712500 0.150000 0.707500 0.151562 0.707500 0.153125 0.705000 0.160938 0.705000 0.162500 0.702500 0.165625 0.702500 0.167187 0.700000 0.168750 0.700000 0.170312 0.697500 0.175000 0.697500 0.176563 0.695000 0.181250 0.695000 0.182812 0.697500 0.190625 0.697500 0.192188 0.700000 0.196875 0.700000 0.198437 0.697500 0.203125 0.697500 0.209375 0.687500 0.214062 0.687500 0.214062 0.652500 0.209375 0.652500 0.207813 0.650000 0.207813 0.647500 0.206250 0.645000 0.206250 0.642500 0.204688 0.640000 0.204688 0.635000 0.203125 0.632500 0.203125 0.630000 0.193750 0.615000 0.192188 0.615000 0.190625 0.612500 0.189063 0.612500 0.187500 0.610000 0.184375 0.610000 0.182812 0.607500 0.181250 0.607500 0.176563 0.600000 0.176563 0.597500 0.167187 0.582500 0.165625 0.582500 0.157813 0.570000 0.154687 0.570000 0.153125 0.567500 0.131250 0.567500 0.129688 0.565000 0.128125 0.565000 0.126563 0.562500 0.126563 0.555000 0.092188 0.555000 0.092188 0.562500 0.090625 0.565000 0.087500 0.565000 0.085938 0.562500 0.085938 0.555000
0 0.803125 0.575000 0.803125 0.635000 0.807813 0.635000 0.810938 0.640000 0.810938 0.642500 0.812500 0.645000 0.812500 0.647500 0.815625 0.652500 0.815625 0.655000 0.817187 0.657500 0.817187 0.665000 0.818750 0.667500 0.818750 0.672500 0.820312 0.675000 0.820312 0.677500 0.823438 0.682500 0.823438 0.685000 0.825000 0.687500 0.825000 0.690000 0.826563 0.692500 0.826563 0.695000 0.829687 0.700000 0.829687 0.702500 0.832812 0.707500 0.832812 0.710000 0.834375 0.712500 0.835938 0.712500 0.839063 0.717500 0.839063 0.720000 0.843750 0.727500 0.843750 0.745000 0.842188 0.747500 0.842188 0.750000 0.840625 0.752500 0.840625 0.755000 0.839063 0.757500 0.839063 0.810000 0.837500 0.812500 0.839063 0.815000 0.839063 0.822500 0.840625 0.825000 0.840625 0.835000 0.842188 0.837500 0.842188 0.860000 0.840625 0.862500 0.840625 0.865000 0.837500 0.870000 0.837500 0.882500 0.839063 0.885000 0.839063 0.892500 0.860937 0.892500 0.860937 0.885000 0.865625 0.877500 0.865625 0.867500 0.864062 0.865000 0.864062 0.860000 0.862500 0.857500 0.862500 0.855000 0.860937 0.852500 0.860937 0.815000 0.862500 0.812500 0.862500 0.805000 0.865625 0.800000 0.868750 0.800000 0.870313 0.797500 0.871875 0.797500 0.875000 0.802500 0.878125 0.802500 0.878125 0.790000 0.876562 0.787500 0.876562 0.782500 0.873438 0.777500 0.873438 0.770000 0.871875 0.767500 0.871875 0.745000 0.873438 0.742500 0.873438 0.727500 0.875000 0.725000 0.875000 0.715000 0.876562 0.712500 0.876562 0.692500 0.875000 0.690000 0.875000 0.685000 0.873438 0.682500 0.873438 0.680000 0.871875 0.677500 0.871875 0.670000 0.870313 0.667500 0.870313 0.665000 0.868750 0.662500 0.868750 0.657500 0.867188 0.655000 0.867188 0.652500 0.856250 0.635000 0.856250 0.632500 0.846875 0.617500 0.845312 0.617500 0.842188 0.612500 0.840625 0.612500 0.839063 0.610000 0.839063 0.607500 0.835938 0.602500 0.835938 0.600000 0.834375 0.597500 0.834375 0.595000 0.831250 0.590000 0.831250 0.587500 0.829687 0.585000 0.829687 0.575000
2 0.223438 0.545000 0.223438 0.552500 0.221875 0.555000 0.220313 0.555000 0.218750 0.557500 0.215625 0.557500 0.212500 0.562500 0.210938 0.562500 0.210938 0.565000 0.209375 0.567500 0.209375 0.570000 0.207813 0.572500 0.207813 0.575000 0.206250 0.577500 0.206250 0.580000 0.204688 0.582500 0.204688 0.585000 0.203125 0.587500 0.196875 0.587500 0.196875 0.625000 0.201562 0.625000 0.204688 0.630000 0.204688 0.635000 0.206250 0.637500 0.206250 0.640000 0.207813 0.642500 0.207813 0.647500 0.209375 0.650000 0.209375 0.662500 0.220313 0.662500 0.220313 0.655000 0.221875 0.652500 0.223438 0.652500 0.225000 0.650000 0.237500 0.650000 0.239063 0.652500 0.242188 0.652500 0.243750 0.650000 0.251563 0.650000 0.253125 0.647500 0.268750 0.647500 0.270312 0.650000 0.275000 0.650000 0.276563 0.652500 0.278125 0.652500 0.279687 0.650000 0.281250 0.650000 0.284375 0.645000 0.285937 0.645000 0.287500 0.642500 0.314063 0.642500 0.314063 0.600000 0.307813 0.600000 0.306250 0.597500 0.306250 0.595000 0.304688 0.592500 0.304688 0.590000 0.301562 0.585000 0.300000 0.585000 0.296875 0.580000 0.293750 0.580000 0.292188 0.577500 0.290625 0.577500 0.289062 0.575000 0.287500 0.575000 0.285937 0.572500 0.285937 0.567500 0.284375 0.565000 0.284375 0.562500 0.282813 0.560000 0.282813 0.557500 0.279687 0.552500 0.279687 0.545000
0 0.967188 0.555000 0.967188 0.565000 0.965625 0.567500 0.965625 0.570000 0.964063 0.572500 0.964063 0.580000 0.962500 0.582500 0.962500 0.590000 0.960938 0.592500 0.960938 0.597500 0.959375 0.600000 0.959375 0.607500 0.957812 0.610000 0.957812 0.615000 0.956250 0.617500 0.956250 0.620000 0.943750 0.640000 0.943750 0.642500 0.942187 0.645000 0.942187 0.647500 0.939062 0.652500 0.934375 0.652500 0.934375 0.680000 0.943750 0.680000 0.945312 0.682500 0.946875 0.682500 0.948438 0.685000 0.948438 0.687500 0.950000 0.690000 0.951563 0.690000 0.954687 0.695000 0.954687 0.700000 0.956250 0.702500 0.956250 0.710000 0.954687 0.712500 0.954687 0.760000 0.953125 0.762500 0.953125 0.780000 0.951563 0.782500 0.951563 0.787500 0.953125 0.790000 0.953125 0.805000 0.954687 0.807500 0.954687 0.810000 0.959375 0.817500 0.959375 0.822500 0.960938 0.825000 0.960938 0.882500 0.959375 0.885000 0.959375 0.952500 0.990625 0.952500 0.990625 0.937500 0.992188 0.935000 0.992188 0.932500 0.990625 0.930000 0.990625 0.910000 0.992188 0.907500 0.992188 0.892500 0.993750 0.890000 0.993750 0.875000 0.995313 0.872500 0.995313 0.865000 0.996875 0.862500 0.998438 0.862500 0.998438 0.790000 0.992188 0.790000 0.990625 0.787500 0.989062 0.787500 0.987500 0.785000 0.985937 0.785000 0.981250 0.777500 0.981250 0.775000 0.979688 0.772500 0.979688 0.700000 0.981250 0.697500 0.981250 0.685000 0.982813 0.682500 0.982813 0.677500 0.984375 0.675000 0.984375 0.667500 0.985937 0.665000 0.985937 0.660000 0.992188 0.650000 0.992188 0.647500 0.993750 0.645000 0.993750 0.635000 0.995313 0.632500 0.995313 0.630000 0.993750 0.627500 0.993750 0.615000 0.992188 0.612500 0.992188 0.602500 0.990625 0.600000 0.990625 0.585000 0.989062 0.582500 0.989062 0.577500 0.987500 0.575000 0.987500 0.572500 0.985937 0.570000 0.985937 0.565000 0.984375 0.562500 0.984375 0.555000
0 0.473437 0.215000 0.473437 0.227500 0.471875 0.230000 0.471875 0.237500 0.470313 0.240000 0.470313 0.255000 0.467187 0.260000 0.467187 0.262500 0.459375 0.275000 0.453125 0.275000 0.453125 0.302500 0.514063 0.302500 0.514063 0.275000 0.507812 0.275000 0.506250 0.272500 0.504687 0.272500 0.500000 0.265000 0.500000 0.255000 0.498437 0.252500 0.500000 0.250000 0.500000 0.240000 0.498437 0.237500 0.498437 0.230000 0.493750 0.222500 0.493750 0.215000
9 0.909375 0.075000 0.909375 0.090000 0.914062 0.090000 0.917188 0.095000 0.917188 0.107500 0.915625 0.110000 0.915625 0.115000 0.914062 0.117500 0.909375 0.117500 0.909375 0.182500 0.934375 0.182500 0.934375 0.170000 0.935938 0.167500 0.935938 0.162500 0.937500 0.160000 0.937500 0.150000 0.939062 0.147500 0.939062 0.145000 0.940625 0.142500 0.945312 0.142500 0.945312 0.075000
0 0.371875 0.475000 0.371875 0.490000 0.370313 0.492500 0.365625 0.492500 0.365625 0.535000 0.370313 0.535000 0.371875 0.537500 0.371875 0.545000 0.373437 0.547500 0.373437 0.557500 0.375000 0.560000 0.375000 0.572500 0.382812 0.572500 0.382812 0.562500 0.384375 0.560000 0.389062 0.560000 0.389062 0.475000
5 0.167187 0.445000 0.167187 0.452500 0.164062 0.457500 0.159375 0.457500 0.157813 0.460000 0.145313 0.460000 0.143750 0.462500 0.142188 0.462500 0.139062 0.467500 0.137500 0.467500 0.134375 0.472500 0.121875 0.472500 0.120312 0.470000 0.110937 0.470000 0.109375 0.472500 0.096875 0.472500 0.095312 0.475000 0.090625 0.475000 0.089062 0.477500 0.067188 0.477500 0.065625 0.480000 0.059375 0.480000 0.057813 0.482500 0.054688 0.482500 0.053125 0.485000 0.046875 0.485000 0.046875 0.575000 0.056250 0.575000 0.057813 0.572500 0.067188 0.572500 0.068750 0.570000 0.070312 0.570000 0.071875 0.567500 0.076563 0.567500 0.078125 0.565000 0.095312 0.565000 0.096875 0.562500 0.112500 0.562500 0.114063 0.560000 0.118750 0.560000 0.120312 0.557500 0.123438 0.557500 0.125000 0.555000 0.126563 0.555000 0.128125 0.552500 0.129688 0.552500 0.134375 0.545000 0.134375 0.542500 0.137500 0.537500 0.137500 0.535000 0.139062 0.532500 0.140625 0.532500 0.157813 0.560000 0.157813 0.562500 0.159375 0.562500 0.165625 0.572500 0.168750 0.567500 0.170312 0.567500 0.171875 0.565000 0.173438 0.567500 0.176563 0.567500 0.178125 0.570000 0.178125 0.577500 0.176563 0.580000 0.176563 0.585000 0.178125 0.587500 0.178125 0.590000 0.179688 0.592500 0.179688 0.602500 0.196875 0.602500 0.196875 0.595000 0.203125 0.585000 0.203125 0.582500 0.204688 0.580000 0.204688 0.577500 0.207813 0.572500 0.207813 0.570000 0.209375 0.567500 0.209375 0.565000 0.215625 0.555000 0.218750 0.555000 0.220313 0.552500 0.223438 0.552500 0.225000 0.550000 0.228125 0.550000 0.229687 0.547500 0.235938 0.547500 0.237500 0.545000 0.240625 0.545000 0.242188 0.542500 0.257812 0.542500 0.259375 0.540000 0.264062 0.540000 0.265625 0.537500 0.276563 0.537500 0.276563 0.505000 0.271875 0.505000 0.268750 0.500000 0.268750 0.492500 0.267188 0.490000 0.267188 0.487500 0.265625 0.485000 0.265625 0.482500 0.264062 0.482500 0.260938 0.477500 0.259375 0.477500 0.257812 0.475000 0.256250 0.475000 0.254687 0.472500 0.240625 0.472500 0.239063 0.470000 0.237500 0.470000 0.235938 0.467500 0.234375 0.467500 0.231250 0.462500 0.229687 0.462500 0.228125 0.460000 0.223438 0.460000 0.221875 0.457500 0.217187 0.457500 0.215625 0.455000 0.206250 0.455000 0.204688 0.452500 0.204688 0.445000
24 0.992188 0.635000 0.992188 0.642500 0.990625 0.645000 0.990625 0.647500 0.989062 0.650000 0.989062 0.655000 0.987500 0.657500 0.987500 0.660000 0.985937 0.662500 0.985937 0.667500 0.984375 0.670000 0.984375 0.675000 0.982813 0.677500 0.982813 0.685000 0.981250 0.687500 0.981250 0.705000 0.979688 0.707500 0.979688 0.740000 0.978125 0.742500 0.978125 0.755000 0.979688 0.757500 0.979688 0.770000 0.981250 0.772500 0.981250 0.782500 0.998438 0.782500 0.998438 0.635000
0 0.881250 0.757500 0.879687 0.757500 0.878125 0.755000 0.871875 0.755000 0.871875 0.772500 0.876562 0.772500 0.878125 0.775000 0.878125 0.777500 0.879687 0.780000 0.879687 0.787500 0.884375 0.795000 0.884375 0.797500 0.885938 0.800000 0.885938 0.812500 0.887500 0.815000 0.887500 0.825000 0.889063 0.827500 0.889063 0.850000 0.887500 0.852500 0.887500 0.865000 0.889063 0.867500 0.889063 0.877500 0.890625 0.880000 0.890625 0.885000 0.892187 0.887500 0.892187 0.910000 0.890625 0.912500 0.890625 0.930000 0.892187 0.932500 0.892187 0.942500 0.921875 0.942500 0.921875 0.932500 0.917188 0.925000 0.917188 0.922500 0.912500 0.915000 0.912500 0.897500 0.914062 0.895000 0.914062 0.892500 0.915625 0.890000 0.917188 0.890000 0.918750 0.892500 0.920313 0.892500 0.920313 0.887500 0.921875 0.885000 0.921875 0.865000 0.923437 0.862500 0.923437 0.857500 0.925000 0.855000 0.925000 0.852500 0.926562 0.850000 0.926562 0.847500 0.929688 0.842500 0.929688 0.840000 0.932813 0.835000 0.939062 0.835000 0.939062 0.807500 0.934375 0.807500 0.934375 0.810000 0.932813 0.812500 0.932813 0.815000 0.929688 0.820000 0.928125 0.820000 0.926562 0.822500 0.920313 0.822500 0.918750 0.825000 0.915625 0.825000 0.914062 0.827500 0.907812 0.827500 0.904688 0.822500 0.904688 0.820000 0.903125 0.817500 0.903125 0.812500 0.901563 0.810000 0.901563 0.795000 0.898438 0.790000 0.898438 0.787500 0.889063 0.772500 0.887500 0.772500 0.882812 0.765000 0.882812 0.762500 0.881250 0.760000 0.881250 0.757500 0.934375 0.607500 0.921875 0.630000 0.914062 0.617500 0.914062 0.615000 0.910937 0.610000 0.910937 0.607500 0.909375 0.605000 0.909375 0.592500 0.907812 0.590000 0.907812 0.587500 0.939062 0.570000 0.929688 0.570000 0.928125 0.567500 0.887500 0.565000 0.884375 0.560000 0.884375 0.555000 0.882812 0.552500 0.882812 0.545000 0.871875 0.545000 0.871875 0.570000 0.879687 0.570000 0.881250 0.567500 0.882812 0.567500 0.884375 0.565000 0.887500 0.565000 0.928125 0.567500 0.926562 0.567500 0.923437 0.562500 0.921875 0.562500 0.921875 0.557500 0.920313 0.555000 0.920313 0.545000 0.939062 0.545000 0.939062 0.570000 0.907812 0.587500 0.901563 0.587500 0.895312 0.597500 0.895312 0.600000 0.893750 0.602500 0.893750 0.605000 0.890625 0.610000 0.890625 0.612500 0.889063 0.615000 0.889063 0.617500 0.884375 0.625000 0.882812 0.625000 0.882812 0.627500 0.878125 0.635000 0.871875 0.635000 0.876562 0.635000 0.878125 0.637500 0.878125 0.640000 0.879687 0.642500 0.876562 0.647500 0.871875 0.647500 0.871875 0.682500 0.876562 0.682500 0.881250 0.690000 0.881250 0.692500 0.882812 0.695000 0.882812 0.710000 0.881250 0.712500 0.881250 0.720000 0.879687 0.722500 0.879687 0.727500 0.882812 0.732500 0.887500 0.725000 0.887500 0.705000 0.885938 0.702500 0.887500 0.700000 0.887500 0.697500 0.889063 0.695000 0.889063 0.690000 0.890625 0.687500 0.890625 0.675000 0.892187 0.672500 0.892187 0.670000 0.893750 0.667500 0.895312 0.667500 0.896875 0.665000 0.900000 0.665000 0.901563 0.662500 0.904688 0.662500 0.906250 0.665000 0.907812 0.665000 0.910937 0.670000 0.912500 0.670000 0.915625 0.675000 0.915625 0.680000 0.917188 0.682500 0.917188 0.697500 0.920313 0.702500 0.921875 0.702500 0.925000 0.707500 0.928125 0.707500 0.932813 0.700000 0.939062 0.700000 0.939062 0.680000 0.934375 0.680000 0.931250 0.675000 0.931250 0.672500 0.929688 0.670000 0.929688 0.665000 0.928125 0.662500 0.928125 0.660000 0.926562 0.657500 0.926562 0.655000 0.925000 0.652500 0.925000 0.647500 0.923437 0.645000 0.923437 0.635000 0.921875 0.632500 0.921875 0.630000 0.934375 0.607500 0.939062 0.607500 0.939062 0.602500 0.934375 0.602500 0.932813 0.605000 0.934375 0.607500
0 0.135937 0.525000 0.135937 0.537500 0.134375 0.540000 0.134375 0.542500 0.132812 0.545000 0.128125 0.545000 0.128125 0.572500 0.157813 0.572500 0.157813 0.550000 0.153125 0.550000 0.148438 0.542500 0.148438 0.540000 0.146875 0.537500 0.146875 0.525000
0 0.920313 0.932500 0.910937 0.917500 0.910937 0.915000 0.909375 0.912500 0.909375 0.907500 0.907812 0.905000 0.907812 0.902500 0.903125 0.902500 0.903125 0.942500 0.920313 0.942500 0.920313 0.932500 0.951563 0.902500 0.951563 0.905000 0.950000 0.907500 0.950000 0.910000 0.920313 0.865000 0.909375 0.855000 0.909375 0.852500 0.931250 0.837500 0.932813 0.837500 0.934375 0.840000 0.935938 0.840000 0.939062 0.845000 0.940625 0.845000 0.942187 0.847500 0.945312 0.847500 0.946875 0.850000 0.948438 0.850000 0.951563 0.855000 0.951563 0.857500 0.951563 0.850000 0.953125 0.847500 0.953125 0.835000 0.951563 0.832500 0.951563 0.822500 0.946875 0.815000 0.946875 0.782500 0.948438 0.780000 0.948438 0.772500 0.950000 0.770000 0.950000 0.767500 0.951563 0.765000 0.951563 0.720000 0.953125 0.717500 0.953125 0.705000 0.951563 0.702500 0.951563 0.695000 0.946875 0.687500 0.946875 0.685000 0.943750 0.680000 0.942187 0.680000 0.940625 0.677500 0.940625 0.675000 0.939062 0.672500 0.940625 0.670000 0.940625 0.662500 0.939062 0.660000 0.939062 0.652500 0.940625 0.650000 0.940625 0.640000 0.942187 0.637500 0.942187 0.635000 0.948438 0.625000 0.950000 0.625000 0.951563 0.622500 0.951563 0.620000 0.953125 0.617500 0.953125 0.615000 0.954687 0.612500 0.954687 0.607500 0.956250 0.605000 0.956250 0.595000 0.959375 0.590000 0.964063 0.590000 0.964063 0.570000 0.957812 0.570000 0.950000 0.557500 0.950000 0.547500 0.948438 0.545000 0.948438 0.540000 0.946875 0.537500 0.946875 0.535000 0.940625 0.525000 0.940625 0.515000 0.925000 0.515000 0.925000 0.522500 0.914062 0.540000 0.912500 0.540000 0.910937 0.542500 0.903125 0.542500 0.903125 0.650000 0.907812 0.650000 0.909375 0.647500 0.909375 0.635000 0.914062 0.627500 0.917188 0.632500 0.917188 0.635000 0.918750 0.637500 0.918750 0.640000 0.921875 0.645000 0.921875 0.655000 0.923437 0.657500 0.923437 0.672500 0.921875 0.675000 0.921875 0.685000 0.925000 0.690000 0.925000 0.692500 0.926562 0.695000 0.926562 0.715000 0.928125 0.717500 0.928125 0.725000 0.929688 0.727500 0.929688 0.730000 0.931250 0.732500 0.931250 0.735000 0.932813 0.737500 0.932813 0.745000 0.934375 0.747500 0.934375 0.755000 0.935938 0.757500 0.935938 0.762500 0.937500 0.765000 0.937500 0.795000 0.939062 0.797500 0.939062 0.802500 0.940625 0.805000 0.940625 0.807500 0.943750 0.812500 0.943750 0.815000 0.939062 0.822500 0.934375 0.822500 0.932813 0.825000 0.932813 0.830000 0.931250 0.832500 0.931250 0.837500 0.909375 0.852500 0.907812 0.850000 0.903125 0.850000 0.903125 0.857500 0.907812 0.857500 0.909375 0.855000 0.920313 0.865000 0.920313 0.865000 0.950000 0.910000 0.948438 0.912500 0.945312 0.912500 0.945312 0.900000 0.946875 0.897500 0.946875 0.895000 0.951563 0.902500
11 0.853125 0.425000 0.853125 0.462500 0.882812 0.462500 0.882812 0.425000
0 0.787500 0.645000 0.787500 0.657500 0.785937 0.660000 0.785937 0.667500 0.784375 0.670000 0.784375 0.707500 0.782812 0.710000 0.782812 0.712500 0.779688 0.717500 0.778125 0.717500 0.775000 0.722500 0.773438 0.722500 0.770312 0.727500 0.765625 0.727500 0.765625 0.762500 0.775000 0.762500 0.775000 0.755000 0.778125 0.750000 0.781250 0.755000 0.781250 0.762500 0.810938 0.762500 0.810938 0.755000 0.815625 0.747500 0.815625 0.745000 0.818750 0.740000 0.818750 0.737500 0.823438 0.730000 0.823438 0.727500 0.825000 0.725000 0.825000 0.720000 0.828125 0.715000 0.832812 0.715000 0.832812 0.695000 0.828125 0.695000 0.821875 0.685000 0.821875 0.682500 0.820312 0.680000 0.820312 0.677500 0.817187 0.672500 0.817187 0.667500 0.815625 0.665000 0.815625 0.660000 0.814062 0.657500 0.814062 0.655000 0.812500 0.652500 0.812500 0.645000
0 0.859375 0.545000 0.859375 0.620000 0.865625 0.620000 0.867188 0.622500 0.867188 0.625000 0.873438 0.635000 0.873438 0.637500 0.875000 0.640000 0.875000 0.642500 0.876562 0.645000 0.876562 0.662500 0.881250 0.662500 0.881250 0.655000 0.884375 0.650000 0.884375 0.647500 0.885938 0.645000 0.885938 0.637500 0.884375 0.635000 0.885938 0.632500 0.885938 0.625000 0.887500 0.622500 0.887500 0.612500 0.889063 0.610000 0.889063 0.585000 0.890625 0.582500 0.895312 0.582500 0.895312 0.557500 0.890625 0.557500 0.889063 0.555000 0.889063 0.545000
0 0.784375 0.635000 0.784375 0.645000 0.787500 0.650000 0.787500 0.655000 0.785937 0.657500 0.785937 0.667500 0.784375 0.670000 0.784375 0.700000 0.785937 0.702500 0.784375 0.705000 0.784375 0.707500 0.782812 0.710000 0.782812 0.712500 0.778125 0.720000 0.776563 0.720000 0.768750 0.732500 0.767187 0.732500 0.767187 0.735000 0.764063 0.740000 0.760938 0.740000 0.759375 0.742500 0.756250 0.742500 0.753125 0.747500 0.751562 0.747500 0.750000 0.750000 0.740625 0.750000 0.740625 0.775000 0.746875 0.775000 0.748438 0.777500 0.753125 0.777500 0.754687 0.775000 0.760938 0.775000 0.764063 0.770000 0.765625 0.770000 0.767187 0.767500 0.768750 0.767500 0.770312 0.765000 0.771875 0.765000 0.775000 0.760000 0.775000 0.757500 0.776563 0.755000 0.784375 0.755000 0.785937 0.757500 0.798437 0.757500 0.800000 0.760000 0.809375 0.760000 0.809375 0.757500 0.815625 0.747500 0.815625 0.745000 0.817187 0.742500 0.817187 0.740000 0.821875 0.732500 0.821875 0.727500 0.823438 0.725000 0.823438 0.722500 0.825000 0.720000 0.825000 0.717500 0.826563 0.715000 0.832812 0.715000 0.832812 0.692500 0.828125 0.692500 0.823438 0.685000 0.823438 0.682500 0.818750 0.675000 0.818750 0.670000 0.817187 0.667500 0.817187 0.665000 0.815625 0.662500 0.815625 0.657500 0.814062 0.655000 0.814062 0.647500 0.815625 0.645000 0.817187 0.645000 0.818750 0.642500 0.820312 0.642500 0.820312 0.635000
0 0.165625 0.515000 0.165625 0.525000 0.164062 0.527500 0.164062 0.530000 0.162500 0.532500 0.162500 0.537500 0.160938 0.540000 0.160938 0.547500 0.157813 0.552500 0.153125 0.552500 0.153125 0.565000 0.157813 0.565000 0.168750 0.582500 0.168750 0.592500 0.182812 0.592500 0.182812 0.515000
9 0.171875 0.435000 0.171875 0.492500 0.195312 0.492500 0.195312 0.435000
0 0.015625 0.575000 0.015625 0.632500 0.028125 0.632500 0.028125 0.622500 0.031250 0.617500 0.032812 0.617500 0.034375 0.615000 0.039062 0.615000 0.039062 0.587500 0.034375 0.587500 0.032812 0.585000 0.032812 0.575000
