2 0.801562 0.195550 0.801562 0.202576 0.796875 0.209602 0.795313 0.209602 0.793750 0.211944 0.790625 0.211944 0.789062 0.214286 0.787500 0.214286 0.785937 0.216628 0.785937 0.218970 0.784375 0.221311 0.784375 0.225995 0.782812 0.228337 0.782812 0.230679 0.781250 0.233021 0.781250 0.235363 0.779688 0.237705 0.779688 0.240047 0.778125 0.242389 0.778125 0.244731 0.773438 0.251756 0.773438 0.254098 0.770312 0.258782 0.770312 0.261124 0.768750 0.263466 0.768750 0.265808 0.767187 0.268150 0.767187 0.272834 0.765625 0.275176 0.765625 0.279859 0.764063 0.282201 0.759375 0.282201 0.759375 0.317330 0.764063 0.317330 0.767187 0.322014 0.767187 0.329040 0.768750 0.331382 0.768750 0.336066 0.770312 0.338407 0.770312 0.340749 0.771875 0.343091 0.773438 0.343091 0.775000 0.345433 0.775000 0.352459 0.778125 0.352459 0.778125 0.345433 0.781250 0.340749 0.793750 0.340749 0.796875 0.345433 0.796875 0.352459 0.807813 0.352459 0.807813 0.345433 0.810938 0.340749 0.814062 0.340749 0.815625 0.338407 0.820312 0.338407 0.821875 0.336066 0.828125 0.336066 0.829687 0.333724 0.854688 0.333724 0.856250 0.331382 0.871875 0.331382 0.873438 0.333724 0.876562 0.333724 0.884375 0.345433 0.884375 0.352459 0.890625 0.352459 0.890625 0.345433 0.893750 0.340749 0.893750 0.338407 0.895312 0.336066 0.895312 0.333724 0.896875 0.331382 0.896875 0.329040 0.898438 0.326698 0.898438 0.322014 0.900000 0.319672 0.900000 0.314988 0.903125 0.310304 0.907812 0.310304 0.907812 0.291569 0.903125 0.291569 0.901563 0.289227 0.901563 0.286885 0.900000 0.284543 0.900000 0.277518 0.898438 0.275176 0.898438 0.265808 0.896875 0.263466 0.896875 0.258782 0.895312 0.256440 0.895312 0.251756 0.892187 0.247073 0.892187 0.244731 0.889063 0.240047 0.889063 0.237705 0.885938 0.233021 0.885938 0.230679 0.884375 0.228337 0.884375 0.225995 0.882812 0.223653 0.882812 0.221311 0.881250 0.218970 0.881250 0.216628 0.879687 0.214286 0.879687 0.211944 0.878125 0.209602 0.878125 0.207260 0.876562 0.204918 0.876562 0.195550
0 0.482812 0.195550 0.482812 0.202576 0.481250 0.204918 0.476562 0.204918 0.475000 0.207260 0.470313 0.207260 0.468750 0.209602 0.465625 0.209602 0.464063 0.211944 0.462500 0.211944 0.460938 0.214286 0.459375 0.214286 0.456250 0.218970 0.454688 0.218970 0.445312 0.233021 0.445312 0.235363 0.443750 0.237705 0.443750 0.240047 0.442187 0.242389 0.442187 0.247073 0.440625 0.249415 0.440625 0.251756 0.439063 0.254098 0.439063 0.261124 0.437500 0.263466 0.437500 0.307963 0.439063 0.310304 0.439063 0.319672 0.440625 0.322014 0.440625 0.326698 0.442187 0.329040 0.442187 0.331382 0.445312 0.336066 0.445312 0.340749 0.446875 0.343091 0.446875 0.350117 0.448438 0.352459 0.446875 0.354801 0.446875 0.364169 0.445312 0.366511 0.445312 0.378220 0.443750 0.380562 0.443750 0.385246 0.442187 0.387588 0.442187 0.389930 0.439063 0.394614 0.439063 0.396955 0.432813 0.406323 0.431250 0.406323 0.426562 0.413349 0.425000 0.413349 0.423438 0.415691 0.421875 0.415691 0.420312 0.418033 0.417188 0.418033 0.415625 0.420375 0.412500 0.420375 0.410937 0.422717 0.409375 0.422717 0.407813 0.425059 0.406250 0.425059 0.404687 0.427400 0.403125 0.427400 0.401563 0.429742 0.400000 0.429742 0.398438 0.432084 0.395312 0.432084 0.393750 0.434426 0.392188 0.434426 0.390625 0.436768 0.389062 0.436768 0.385938 0.441452 0.384375 0.441452 0.381250 0.446136 0.381250 0.448478 0.379687 0.450820 0.379687 0.453162 0.378125 0.455504 0.378125 0.457845 0.379687 0.460187 0.379687 0.467213 0.381250 0.469555 0.381250 0.471897 0.382812 0.474239 0.382812 0.476581 0.384375 0.478923 0.385938 0.478923 0.387500 0.481265 0.389062 0.481265 0.390625 0.483607 0.395312 0.483607 0.396875 0.485948 0.435937 0.485948 0.437500 0.483607 0.440625 0.483607 0.442187 0.485948 0.442187 0.507026 0.443750 0.509368 0.443750 0.514051 0.445312 0.516393 0.445312 0.518735 0.457812 0.537471 0.457812 0.539813 0.459375 0.542155 0.459375 0.546838 0.460938 0.549180 0.460938 0.551522 0.459375 0.553864 0.459375 0.560890 0.457812 0.563232 0.457812 0.565574 0.456250 0.567916 0.456250 0.570258 0.454688 0.572600 0.454688 0.574941 0.453125 0.577283 0.453125 0.579625 0.450000 0.584309 0.450000 0.586651 0.446875 0.591335 0.446875 0.593677 0.443750 0.598361 0.443750 0.600703 0.439063 0.607728 0.439063 0.610070 0.437500 0.612412 0.437500 0.614754 0.434375 0.619438 0.434375 0.621780 0.428125 0.631148 0.426562 0.631148 0.418750 0.642857 0.417188 0.642857 0.415625 0.645199 0.414062 0.645199 0.414062 0.647541 0.412500 0.649883 0.412500 0.652225 0.410937 0.654567 0.410937 0.656909 0.407813 0.661592 0.407813 0.668618 0.406250 0.670960 0.406250 0.713115 0.404687 0.715457 0.404687 0.722482 0.403125 0.724824 0.403125 0.734192 0.401563 0.736534 0.401563 0.741218 0.400000 0.743560 0.396875 0.743560 0.395312 0.745902 0.392188 0.745902 0.389062 0.750585 0.389062 0.752927 0.384375 0.759953 0.384375 0.762295 0.382812 0.764637 0.382812 0.776347 0.384375 0.778689 0.384375 0.781030 0.392188 0.781030 0.393750 0.778689 0.393750 0.774005 0.395312 0.771663 0.395312 0.762295 0.398438 0.757611 0.398438 0.755269 0.400000 0.752927 0.400000 0.745902 0.401563 0.743560 0.403125 0.743560 0.404687 0.745902 0.404687 0.748244 0.406250 0.750585 0.407813 0.750585 0.409375 0.752927 0.409375 0.759953 0.407813 0.762295 0.407813 0.764637 0.404687 0.769321 0.404687 0.774005 0.403125 0.776347 0.403125 0.788056 0.404687 0.790398 0.404687 0.795082 0.406250 0.797424 0.407813 0.797424 0.410937 0.802108 0.410937 0.804450 0.414062 0.809133 0.414062 0.813817 0.415625 0.816159 0.415625 0.825527 0.417188 0.827869 0.417188 0.844262 0.418750 0.846604 0.418750 0.860656 0.417188 0.862998 0.417188 0.867682 0.406250 0.884075 0.404687 0.884075 0.404687 0.886417 0.401563 0.891101 0.400000 0.891101 0.396875 0.895785 0.395312 0.895785 0.393750 0.898126 0.392188 0.898126 0.387500 0.905152 0.387500 0.914520 0.389062 0.916862 0.389062 0.923888 0.454688 0.923888 0.454688 0.914520 0.456250 0.912178 0.457812 0.912178 0.460938 0.907494 0.460938 0.884075 0.459375 0.881733 0.459375 0.877049 0.457812 0.874707 0.457812 0.870023 0.456250 0.867682 0.456250 0.848946 0.454688 0.846604 0.454688 0.797424 0.456250 0.795082 0.456250 0.785714 0.454688 0.783372 0.454688 0.745902 0.456250 0.743560 0.456250 0.734192 0.454688 0.731850 0.454688 0.710773 0.456250 0.708431 0.456250 0.696721 0.457812 0.694379 0.457812 0.689696 0.459375 0.687354 0.459375 0.685012 0.462500 0.680328 0.462500 0.677986 0.475000 0.659251 0.476562 0.659251 0.478125 0.656909 0.479688 0.656909 0.482812 0.652225 0.484375 0.652225 0.487500 0.647541 0.489062 0.647541 0.490625 0.645199 0.492188 0.645199 0.495313 0.640515 0.496875 0.640515 0.498437 0.638173 0.500000 0.638173 0.501562 0.635831 0.503125 0.635831 0.509375 0.626464 0.510938 0.626464 0.518750 0.614754 0.520312 0.614754 0.520312 0.612412 0.521875 0.610070 0.521875 0.607728 0.525000 0.603045 0.525000 0.600703 0.534375 0.586651 0.534375 0.584309 0.539062 0.577283 0.540625 0.577283 0.540625 0.574941 0.546875 0.565574 0.546875 0.560890 0.548437 0.558548 0.548437 0.549180 0.550000 0.546838 0.550000 0.542155 0.551562 0.539813 0.551562 0.537471 0.553125 0.535129 0.553125 0.532787 0.554688 0.530445 0.554688 0.528103 0.557813 0.523419 0.557813 0.521077 0.559375 0.518735 0.559375 0.516393 0.560938 0.514051 0.560938 0.511710 0.562500 0.509368 0.562500 0.504684 0.564062 0.502342 0.564062 0.495316 0.562500 0.492974 0.562500 0.411007 0.560938 0.408665 0.560938 0.394614 0.559375 0.392272 0.559375 0.385246 0.557813 0.382904 0.557813 0.375878 0.556250 0.373536 0.556250 0.364169 0.554688 0.361827 0.554688 0.357143 0.553125 0.354801 0.553125 0.352459 0.551562 0.350117 0.551562 0.347775 0.550000 0.345433 0.550000 0.343091 0.546875 0.338407 0.546875 0.336066 0.531250 0.312646 0.531250 0.310304 0.525000 0.300937 0.525000 0.298595 0.523438 0.296253 0.523438 0.293911 0.521875 0.291569 0.521875 0.284543 0.520312 0.282201 0.520312 0.263466 0.518750 0.261124 0.518750 0.249415 0.517187 0.247073 0.517187 0.242389 0.515625 0.240047 0.515625 0.237705 0.514063 0.235363 0.514063 0.233021 0.512500 0.230679 0.512500 0.228337 0.503125 0.214286 0.501562 0.214286 0.495313 0.204918 0.493750 0.204918 0.492188 0.202576 0.492188 0.195550
2 0.707812 0.195550 0.707812 0.204918 0.706250 0.207260 0.706250 0.209602 0.704687 0.211944 0.704687 0.214286 0.698438 0.223653 0.698438 0.228337 0.696875 0.230679 0.696875 0.244731 0.698438 0.247073 0.698438 0.254098 0.695312 0.258782 0.690625 0.258782 0.690625 0.261124 0.695312 0.261124 0.700000 0.268150 0.700000 0.277518 0.757812 0.277518 0.757812 0.268150 0.759375 0.265808 0.760938 0.265808 0.764063 0.261124 0.765625 0.261124 0.767187 0.258782 0.768750 0.258782 0.768750 0.256440 0.771875 0.251756 0.776563 0.251756 0.776563 0.225995 0.770312 0.225995 0.768750 0.223653 0.767187 0.223653 0.765625 0.221311 0.764063 0.221311 0.760938 0.216628 0.759375 0.216628 0.757812 0.214286 0.757812 0.207260 0.759375 0.204918 0.760938 0.204918 0.762500 0.207260 0.776563 0.207260 0.776563 0.195550
0 0.026563 0.223653 0.026563 0.237705 0.025000 0.240047 0.025000 0.249415 0.026563 0.251756 0.026563 0.270492 0.017188 0.284543 0.015625 0.284543 0.014062 0.286885 0.014062 0.289227 0.012500 0.291569 0.012500 0.298595 0.010937 0.300937 0.010937 0.307963 0.007812 0.312646 0.003125 0.312646 0.003125 0.347775 0.007812 0.347775 0.012500 0.354801 0.012500 0.357143 0.014062 0.359485 0.014062 0.361827 0.015625 0.364169 0.015625 0.378220 0.017188 0.380562 0.017188 0.382904 0.018750 0.385246 0.018750 0.387588 0.020312 0.389930 0.020312 0.392272 0.021875 0.394614 0.021875 0.432084 0.023438 0.434426 0.023438 0.464871 0.021875 0.467213 0.021875 0.469555 0.018750 0.474239 0.018750 0.483607 0.035937 0.483607 0.035937 0.464871 0.037500 0.462529 0.037500 0.460187 0.039062 0.457845 0.039062 0.455504 0.040625 0.453162 0.042188 0.453162 0.043750 0.450820 0.046875 0.450820 0.051562 0.457845 0.051562 0.460187 0.053125 0.462529 0.053125 0.464871 0.054688 0.467213 0.054688 0.469555 0.057813 0.474239 0.057813 0.483607 0.065625 0.483607 0.065625 0.476581 0.062500 0.471897 0.062500 0.462529 0.060938 0.460187 0.060938 0.446136 0.062500 0.443794 0.062500 0.422717 0.060938 0.420375 0.060938 0.418033 0.057813 0.413349 0.057813 0.401639 0.059375 0.399297 0.059375 0.396955 0.060938 0.394614 0.060938 0.380562 0.067188 0.371194 0.067188 0.366511 0.068750 0.364169 0.068750 0.361827 0.071875 0.357143 0.071875 0.307963 0.070312 0.305621 0.070312 0.300937 0.068750 0.298595 0.068750 0.296253 0.067188 0.293911 0.067188 0.291569 0.065625 0.289227 0.065625 0.284543 0.064062 0.282201 0.064062 0.279859 0.057813 0.270492 0.057813 0.268150 0.056250 0.265808 0.056250 0.261124 0.054688 0.258782 0.054688 0.251756 0.053125 0.249415 0.053125 0.244731 0.051562 0.242389 0.051562 0.240047 0.050000 0.237705 0.050000 0.235363 0.048437 0.233021 0.048437 0.223653
3 0.428125 0.626464 0.428125 0.624122 0.434375 0.614754 0.434375 0.612412 0.435937 0.610070 0.435937 0.607728 0.440625 0.600703 0.440625 0.598361 0.445312 0.591335 0.445312 0.588993 0.448438 0.584309 0.448438 0.581967 0.450000 0.579625 0.451562 0.579625 0.451562 0.577283 0.453125 0.574941 0.453125 0.570258 0.454688 0.567916 0.454688 0.563232 0.456250 0.560890 0.456250 0.553864 0.457812 0.551522 0.457812 0.546838 0.456250 0.544496 0.456250 0.539813 0.442187 0.518735 0.442187 0.516393 0.440625 0.514051 0.440625 0.511710 0.439063 0.509368 0.439063 0.507026 0.437500 0.504684 0.437500 0.495316 0.435937 0.492974 0.434375 0.492974 0.432813 0.490632 0.431250 0.490632 0.429688 0.492974 0.420312 0.492974 0.418750 0.490632 0.390625 0.490632 0.389062 0.488290 0.387500 0.488290 0.381250 0.478923 0.381250 0.476581 0.379687 0.474239 0.379687 0.469555 0.378125 0.467213 0.378125 0.448478 0.376563 0.446136 0.376563 0.429742 0.378125 0.427400 0.378125 0.422717 0.379687 0.420375 0.379687 0.415691 0.378125 0.413349 0.378125 0.399297 0.379687 0.396955 0.379687 0.378220 0.378125 0.375878 0.378125 0.368852 0.376563 0.366511 0.376563 0.359485 0.371875 0.352459 0.371875 0.350117 0.370313 0.347775 0.370313 0.345433 0.348437 0.345433 0.346875 0.347775 0.345313 0.347775 0.343750 0.350117 0.342187 0.350117 0.339063 0.354801 0.337500 0.354801 0.335938 0.357143 0.334375 0.357143 0.332812 0.359485 0.331250 0.359485 0.329688 0.361827 0.328125 0.361827 0.325000 0.366511 0.323438 0.366511 0.307813 0.389930 0.307813 0.392272 0.296875 0.408665 0.295312 0.408665 0.282813 0.427400 0.281250 0.427400 0.278125 0.432084 0.276563 0.432084 0.275000 0.434426 0.273438 0.434426 0.268750 0.441452 0.268750 0.443794 0.265625 0.448478 0.264062 0.448478 0.262500 0.450820 0.260938 0.450820 0.259375 0.453162 0.256250 0.453162 0.254687 0.455504 0.246875 0.455504 0.245312 0.457845 0.240625 0.457845 0.239063 0.460187 0.239063 0.464871 0.237500 0.467213 0.237500 0.474239 0.235938 0.476581 0.235938 0.485948 0.234375 0.488290 0.234375 0.507026 0.235938 0.509368 0.235938 0.514051 0.237500 0.516393 0.237500 0.521077 0.242188 0.528103 0.242188 0.530445 0.245312 0.535129 0.245312 0.537471 0.248437 0.542155 0.248437 0.549180 0.250000 0.551522 0.250000 0.563232 0.251563 0.565574 0.251563 0.567916 0.253125 0.570258 0.253125 0.574941 0.254687 0.577283 0.254687 0.581967 0.253125 0.584309 0.253125 0.593677 0.251563 0.596019 0.251563 0.605386 0.250000 0.607728 0.250000 0.610070 0.248437 0.612412 0.248437 0.614754 0.245312 0.619438 0.243750 0.619438 0.229687 0.640515 0.229687 0.642857 0.228125 0.645199 0.228125 0.649883 0.226562 0.652225 0.226562 0.654567 0.225000 0.656909 0.225000 0.661592 0.223438 0.663934 0.223438 0.666276 0.221875 0.668618 0.221875 0.673302 0.220313 0.675644 0.220313 0.677986 0.218750 0.680328 0.218750 0.689696 0.217187 0.692037 0.217187 0.706089 0.215625 0.708431 0.215625 0.729508 0.217187 0.731850 0.217187 0.741218 0.218750 0.743560 0.218750 0.752927 0.220313 0.755269 0.220313 0.759953 0.221875 0.762295 0.221875 0.764637 0.223438 0.766979 0.223438 0.769321 0.225000 0.771663 0.225000 0.776347 0.226562 0.778689 0.226562 0.781030 0.228125 0.783372 0.228125 0.785714 0.229687 0.788056 0.229687 0.790398 0.232812 0.795082 0.232812 0.797424 0.235938 0.802108 0.235938 0.804450 0.250000 0.825527 0.251563 0.825527 0.257812 0.834895 0.259375 0.834895 0.260938 0.837237 0.262500 0.837237 0.264062 0.839578 0.267188 0.839578 0.268750 0.841920 0.276563 0.841920 0.278125 0.844262 0.296875 0.844262 0.298438 0.846604 0.301562 0.846604 0.303125 0.844262 0.309375 0.844262 0.310937 0.841920 0.314063 0.841920 0.315625 0.839578 0.317187 0.839578 0.318750 0.837237 0.320312 0.837237 0.321875 0.834895 0.323438 0.834895 0.325000 0.832553 0.326562 0.832553 0.331250 0.825527 0.332812 0.825527 0.337500 0.818501 0.339063 0.818501 0.342187 0.813817 0.343750 0.813817 0.346875 0.809133 0.348437 0.809133 0.353125 0.802108 0.354688 0.802108 0.356250 0.799766 0.357812 0.799766 0.359375 0.797424 0.360938 0.797424 0.364062 0.792740 0.365625 0.792740 0.368750 0.788056 0.370313 0.788056 0.371875 0.785714 0.375000 0.785714 0.376563 0.783372 0.376563 0.781030 0.378125 0.778689 0.378125 0.774005 0.379687 0.771663 0.379687 0.764637 0.385938 0.755269 0.385938 0.752927 0.400000 0.731850 0.400000 0.727166 0.401563 0.724824 0.401563 0.715457 0.403125 0.713115 0.403125 0.680328 0.404687 0.677986 0.404687 0.668618 0.406250 0.666276 0.406250 0.661592 0.407813 0.659251 0.407813 0.656909 0.409375 0.654567 0.409375 0.652225 0.410937 0.649883 0.410937 0.647541 0.418750 0.635831 0.420312 0.635831 0.426562 0.626464 0.428125 0.626464 0.465625 0.680328 0.464063 0.682670 0.464063 0.685012 0.460938 0.689696 0.460938 0.692037 0.459375 0.694379 0.459375 0.696721 0.457812 0.699063 0.457812 0.713115 0.456250 0.715457 0.456250 0.731850 0.457812 0.734192 0.457812 0.759953 0.456250 0.762295 0.456250 0.766979 0.457812 0.769321 0.457812 0.823185 0.459375 0.825527 0.459375 0.834895 0.460938 0.834895 0.462500 0.837237 0.464063 0.837237 0.465625 0.839578 0.468750 0.839578 0.470313 0.841920 0.479688 0.841920 0.481250 0.844262 0.515625 0.844262 0.517187 0.841920 0.520312 0.841920 0.521875 0.839578 0.528125 0.839578 0.535937 0.851288 0.535937 0.853630 0.542188 0.862998 0.542188 0.865340 0.560938 0.893443 0.562500 0.893443 0.564062 0.895785 0.565625 0.895785 0.568750 0.900468 0.570312 0.900468 0.571875 0.902810 0.575000 0.902810 0.576563 0.905152 0.578125 0.905152 0.579687 0.907494 0.581250 0.907494 0.582812 0.909836 0.587500 0.909836 0.589063 0.912178 0.606250 0.912178 0.607813 0.914520 0.618750 0.914520 0.620313 0.912178 0.625000 0.912178 0.626562 0.909836 0.629687 0.909836 0.631250 0.907494 0.634375 0.907494 0.637500 0.902810 0.639063 0.902810 0.640625 0.900468 0.642187 0.900468 0.643750 0.898126 0.645312 0.898126 0.651563 0.888759 0.653125 0.888759 0.665625 0.870023 0.665625 0.867682 0.668750 0.862998 0.668750 0.860656 0.671875 0.855972 0.671875 0.853630 0.673437 0.851288 0.673437 0.848946 0.675000 0.846604 0.675000 0.839578 0.676562 0.837237 0.676562 0.834895 0.678125 0.832553 0.678125 0.827869 0.679688 0.825527 0.679688 0.818501 0.681250 0.816159 0.681250 0.804450 0.682813 0.802108 0.682813 0.799766 0.684375 0.797424 0.684375 0.795082 0.689062 0.788056 0.696875 0.788056 0.698438 0.790398 0.709375 0.790398 0.710938 0.788056 0.714063 0.788056 0.721875 0.776347 0.721875 0.774005 0.723437 0.771663 0.723437 0.769321 0.726562 0.764637 0.726562 0.759953 0.728125 0.757611 0.728125 0.752927 0.729688 0.750585 0.729688 0.743560 0.731250 0.741218 0.731250 0.731850 0.732813 0.729508 0.732813 0.710773 0.734375 0.708431 0.734375 0.706089 0.735937 0.703747 0.735937 0.701405 0.742188 0.692037 0.743750 0.692037 0.754687 0.675644 0.754687 0.673302 0.756250 0.670960 0.756250 0.668618 0.759375 0.663934 0.764063 0.663934 0.764063 0.647541 0.759375 0.647541 0.757812 0.645199 0.757812 0.642857 0.756250 0.640515 0.756250 0.631148 0.754687 0.628806 0.754687 0.624122 0.753125 0.621780 0.753125 0.619438 0.751562 0.617096 0.751562 0.614754 0.750000 0.612412 0.750000 0.610070 0.748438 0.607728 0.748438 0.605386 0.746875 0.603045 0.746875 0.600703 0.740625 0.591335 0.740625 0.588993 0.739062 0.586651 0.737500 0.586651 0.723437 0.565574 0.723437 0.563232 0.721875 0.560890 0.721875 0.558548 0.717188 0.551522 0.717188 0.539813 0.715625 0.537471 0.715625 0.532787 0.720312 0.525761 0.721875 0.525761 0.723437 0.523419 0.726562 0.523419 0.728125 0.521077 0.729688 0.521077 0.731250 0.523419 0.737500 0.523419 0.739062 0.525761 0.754687 0.525761 0.756250 0.523419 0.764063 0.523419 0.764063 0.415691 0.759375 0.415691 0.754687 0.408665 0.753125 0.408665 0.751562 0.406323 0.746875 0.406323 0.745313 0.403981 0.725000 0.403981 0.723437 0.401639 0.707812 0.401639 0.704687 0.396955 0.704687 0.394614 0.703125 0.392272 0.703125 0.378220 0.707812 0.371194 0.710938 0.371194 0.712500 0.368852 0.715625 0.368852 0.717188 0.366511 0.720312 0.366511 0.721875 0.364169 0.725000 0.364169 0.726562 0.361827 0.728125 0.361827 0.734375 0.352459 0.728125 0.343091 0.725000 0.343091 0.723437 0.340749 0.720312 0.340749 0.718750 0.338407 0.717188 0.338407 0.715625 0.336066 0.712500 0.336066 0.710938 0.333724 0.695312 0.333724 0.695312 0.336066 0.693750 0.338407 0.693750 0.340749 0.692187 0.343091 0.692187 0.345433 0.689062 0.350117 0.687500 0.350117 0.685938 0.352459 0.682813 0.352459 0.681250 0.354801 0.679688 0.354801 0.678125 0.357143 0.678125 0.361827 0.675000 0.366511 0.673437 0.366511 0.668750 0.373536 0.670313 0.375878 0.670313 0.389930 0.664062 0.399297 0.662500 0.399297 0.660937 0.401639 0.657812 0.401639 0.654688 0.406323 0.651563 0.406323 0.650000 0.408665 0.645312 0.408665 0.643750 0.411007 0.642187 0.411007 0.642187 0.413349 0.637500 0.420375 0.635938 0.420375 0.634375 0.422717 0.634375 0.425059 0.632812 0.427400 0.632812 0.429742 0.631250 0.432084 0.631250 0.434426 0.628125 0.439110 0.628125 0.446136 0.626562 0.448478 0.626562 0.455504 0.625000 0.457845 0.625000 0.462529 0.621875 0.467213 0.621875 0.471897 0.620313 0.474239 0.620313 0.481265 0.618750 0.483607 0.618750 0.488290 0.617188 0.490632 0.617188 0.492974 0.614062 0.497658 0.582812 0.497658 0.581250 0.500000 0.576563 0.500000 0.575000 0.502342 0.571875 0.502342 0.570312 0.504684 0.568750 0.504684 0.565625 0.509368 0.565625 0.511710 0.564062 0.514051 0.564062 0.516393 0.562500 0.518735 0.562500 0.521077 0.560938 0.523419 0.560938 0.525761 0.559375 0.528103 0.559375 0.530445 0.556250 0.535129 0.556250 0.537471 0.554688 0.539813 0.554688 0.544496 0.553125 0.546838 0.553125 0.553864 0.551562 0.556206 0.551562 0.563232 0.550000 0.565574 0.550000 0.567916 0.546875 0.572600 0.546875 0.574941 0.543750 0.579625 0.542188 0.579625 0.531250 0.596019 0.531250 0.598361 0.528125 0.603045 0.528125 0.605386 0.525000 0.610070 0.525000 0.612412 0.523438 0.614754 0.523438 0.617096 0.515625 0.628806 0.514063 0.628806 0.510938 0.633489 0.509375 0.633489 0.506250 0.638173 0.504687 0.638173 0.501562 0.642857 0.498437 0.642857 0.496875 0.645199 0.495313 0.645199 0.490625 0.652225 0.489062 0.652225 0.487500 0.654567 0.485938 0.654567 0.481250 0.661592 0.479688 0.661592 0.473437 0.670960 0.471875 0.670960 0.470313 0.673302 0.470313 0.675644 0.467187 0.680328 0.465625 0.680328
9 0.534375 0.026932 0.534375 0.125293 0.539062 0.125293 0.542188 0.129977 0.542188 0.137002 0.568750 0.137002 0.568750 0.127635 0.570312 0.125293 0.576563 0.125293 0.576563 0.026932
2 0.640625 0.204918 0.640625 0.214286 0.639063 0.216628 0.634375 0.216628 0.634375 0.254098 0.639063 0.254098 0.646875 0.265808 0.646875 0.268150 0.648438 0.270492 0.648438 0.277518 0.650000 0.279859 0.650000 0.286885 0.690625 0.286885 0.690625 0.277518 0.692187 0.275176 0.693750 0.275176 0.695312 0.272834 0.701563 0.272834 0.701563 0.240047 0.695312 0.240047 0.690625 0.233021 0.689062 0.233021 0.687500 0.230679 0.685938 0.230679 0.682813 0.225995 0.681250 0.225995 0.679688 0.223653 0.679688 0.221311 0.678125 0.218970 0.678125 0.216628 0.675000 0.211944 0.675000 0.204918
2 0.871875 0.195550 0.871875 0.207260 0.876562 0.207260 0.881250 0.214286 0.881250 0.216628 0.884375 0.221311 0.884375 0.223653 0.887500 0.228337 0.887500 0.230679 0.889063 0.233021 0.889063 0.235363 0.893750 0.242389 0.893750 0.244731 0.895312 0.247073 0.895312 0.249415 0.896875 0.251756 0.896875 0.254098 0.901563 0.254098 0.903125 0.256440 0.906250 0.256440 0.907812 0.258782 0.910937 0.258782 0.912500 0.261124 0.912500 0.268150 0.926562 0.268150 0.926562 0.195550
0 0.085938 0.195550 0.085938 0.204918 0.082813 0.209602 0.082813 0.211944 0.081250 0.214286 0.081250 0.233021 0.079687 0.235363 0.079687 0.237705 0.076563 0.242389 0.071875 0.242389 0.071875 0.357143 0.076563 0.357143 0.078125 0.359485 0.078125 0.371194 0.079687 0.373536 0.079687 0.380562 0.081250 0.382904 0.081250 0.387588 0.082813 0.389930 0.082813 0.392272 0.084375 0.394614 0.084375 0.396955 0.087500 0.401639 0.087500 0.403981 0.089062 0.406323 0.089062 0.408665 0.090625 0.411007 0.090625 0.418033 0.090625 0.411007 0.092188 0.408665 0.093750 0.408665 0.095312 0.406323 0.098438 0.406323 0.100000 0.403981 0.107813 0.403981 0.109375 0.401639 0.114063 0.401639 0.114063 0.340749 0.107813 0.340749 0.104687 0.345433 0.104687 0.347775 0.106250 0.350117 0.106250 0.354801 0.103125 0.359485 0.101562 0.357143 0.101562 0.331382 0.100000 0.329040 0.100000 0.324356 0.101562 0.322014 0.101562 0.296253 0.098438 0.291569 0.098438 0.289227 0.096875 0.286885 0.096875 0.277518 0.101562 0.270492 0.101562 0.268150 0.103125 0.265808 0.103125 0.263466 0.104687 0.261124 0.104687 0.247073 0.103125 0.244731 0.103125 0.235363 0.101562 0.233021 0.101562 0.230679 0.103125 0.228337 0.103125 0.221311 0.104687 0.218970 0.104687 0.216628 0.106250 0.214286 0.107813 0.214286 0.109375 0.211944 0.114063 0.211944 0.114063 0.195550
0 0.942187 0.167447 0.942187 0.183841 0.932813 0.197892 0.928125 0.197892 0.928125 0.263466 0.932813 0.263466 0.934375 0.265808 0.937500 0.265808 0.939062 0.268150 0.939062 0.277518 0.939062 0.268150 0.940625 0.265808 0.940625 0.261124 0.942187 0.258782 0.942187 0.254098 0.945312 0.249415 0.945312 0.242389 0.946875 0.240047 0.946875 0.228337 0.948438 0.225995 0.948438 0.223653 0.951563 0.218970 0.953125 0.218970 0.959375 0.209602 0.964063 0.209602 0.964063 0.202576 0.959375 0.202576 0.954687 0.195550 0.954687 0.193208 0.953125 0.190867 0.953125 0.188525 0.951563 0.186183 0.951563 0.181499 0.953125 0.179157 0.953125 0.167447
2 0.878125 0.176815 0.878125 0.218970 0.882812 0.218970 0.885938 0.223653 0.885938 0.225995 0.889063 0.230679 0.889063 0.233021 0.890625 0.235363 0.890625 0.237705 0.895312 0.244731 0.895312 0.249415 0.896875 0.251756 0.896875 0.258782 0.926562 0.258782 0.926562 0.176815
0 0.989062 0.176815 0.989062 0.186183 0.987500 0.188525 0.987500 0.193208 0.985937 0.195550 0.985937 0.197892 0.982813 0.202576 0.978125 0.202576 0.978125 0.230679 0.982813 0.230679 0.984375 0.233021 0.984375 0.235363 0.985937 0.237705 0.985937 0.242389 0.987500 0.244731 0.989062 0.244731 0.992188 0.249415 0.992188 0.263466 0.993750 0.265808 0.993750 0.277518 0.998438 0.277518 0.998438 0.176815
9 0.965625 0.055035 0.965625 0.127635 0.989062 0.127635 0.989062 0.055035
0 0.968750 0.176815 0.968750 0.186183 0.967188 0.188525 0.967188 0.190867 0.965625 0.193208 0.959375 0.193208 0.959375 0.225995 0.965625 0.225995 0.968750 0.230679 0.968750 0.237705 0.970312 0.240047 0.970312 0.247073 0.971875 0.249415 0.971875 0.251756 0.973437 0.254098 0.973437 0.258782 0.975000 0.261124 0.975000 0.272834 0.973437 0.275176 0.973437 0.286885 0.979688 0.286885 0.979688 0.263466 0.981250 0.261124 0.981250 0.247073 0.982813 0.244731 0.982813 0.230679 0.984375 0.228337 0.984375 0.225995 0.985937 0.223653 0.985937 0.209602 0.984375 0.207260 0.984375 0.195550 0.982813 0.193208 0.982813 0.176815
0 0.151562 0.186183 0.151562 0.214286 0.150000 0.216628 0.150000 0.221311 0.148438 0.223653 0.148438 0.225995 0.146875 0.228337 0.145313 0.228337 0.143750 0.230679 0.142188 0.230679 0.140625 0.233021 0.139062 0.233021 0.132812 0.223653 0.131250 0.223653 0.126563 0.216628 0.126563 0.214286 0.125000 0.211944 0.115625 0.211944 0.115625 0.331382 0.120312 0.331382 0.121875 0.333724 0.121875 0.345433 0.123438 0.347775 0.123438 0.357143 0.125000 0.359485 0.125000 0.368852 0.126563 0.371194 0.126563 0.389930 0.128125 0.392272 0.126563 0.394614 0.126563 0.427400 0.125000 0.429742 0.125000 0.434426 0.123438 0.436768 0.123438 0.474239 0.129688 0.474239 0.129688 0.462529 0.131250 0.460187 0.131250 0.455504 0.132812 0.453162 0.132812 0.450820 0.134375 0.448478 0.134375 0.436768 0.135937 0.434426 0.135937 0.432084 0.137500 0.429742 0.137500 0.427400 0.140625 0.422717 0.140625 0.418033 0.142188 0.415691 0.142188 0.413349 0.145313 0.408665 0.145313 0.401639 0.146875 0.399297 0.146875 0.387588 0.148438 0.385246 0.148438 0.378220 0.150000 0.375878 0.150000 0.373536 0.151562 0.371194 0.151562 0.359485 0.153125 0.357143 0.153125 0.324356 0.151562 0.322014 0.151562 0.310304 0.150000 0.307963 0.150000 0.305621 0.151562 0.303279 0.151562 0.296253 0.154687 0.291569 0.159375 0.291569 0.162500 0.286885 0.162500 0.284543 0.165625 0.279859 0.170312 0.279859 0.165625 0.279859 0.164062 0.277518 0.164062 0.272834 0.162500 0.270492 0.162500 0.256440 0.164062 0.254098 0.164062 0.251756 0.165625 0.249415 0.170312 0.249415 0.170312 0.186183
3 0.957812 0.214286 0.957812 0.216628 0.954687 0.221311 0.954687 0.223653 0.953125 0.225995 0.953125 0.228337 0.951563 0.230679 0.951563 0.240047 0.950000 0.242389 0.950000 0.244731 0.945312 0.251756 0.943750 0.251756 0.939062 0.258782 0.934375 0.258782 0.934375 0.286885 0.976562 0.286885 0.976562 0.277518 0.975000 0.275176 0.975000 0.265808 0.973437 0.263466 0.973437 0.256440 0.971875 0.254098 0.971875 0.247073 0.970312 0.244731 0.970312 0.228337 0.968750 0.225995 0.968750 0.214286 0.970312 0.211944 0.970312 0.209602 0.975000 0.202576 0.975000 0.195550 0.962500 0.195550 0.962500 0.207260 0.957812 0.214286 0.946875 0.202576 0.946875 0.195550 0.934375 0.195550 0.934375 0.209602 0.942187 0.209602 0.946875 0.202576
0 0.978125 0.270492 0.978125 0.277518 0.982813 0.277518 0.982813 0.270492 0.978125 0.270492 0.975000 0.244731 0.975000 0.242389 0.976562 0.240047 0.976562 0.233021 0.978125 0.230679 0.982813 0.230679 0.982813 0.176815 0.967188 0.176815 0.967188 0.186183 0.965625 0.188525 0.959375 0.188525 0.959375 0.225995 0.964063 0.225995 0.965625 0.228337 0.967188 0.228337 0.968750 0.230679 0.968750 0.233021 0.970312 0.235363 0.970312 0.242389 0.971875 0.244731 0.975000 0.244731
3 0.956250 0.214286 0.956250 0.221311 0.953125 0.225995 0.953125 0.228337 0.951563 0.230679 0.951563 0.242389 0.950000 0.244731 0.950000 0.247073 0.945312 0.254098 0.943750 0.254098 0.942187 0.256440 0.942187 0.258782 0.940625 0.261124 0.934375 0.261124 0.934375 0.286885 0.976562 0.286885 0.976562 0.251756 0.971875 0.251756 0.968750 0.247073 0.968750 0.240047 0.967188 0.237705 0.967188 0.230679 0.962500 0.223653 0.962500 0.214286
