5 0.568750 0.411007 0.568750 0.418033 0.565625 0.422717 0.564062 0.422717 0.562500 0.425059 0.557813 0.425059 0.556250 0.427400 0.551562 0.427400 0.550000 0.429742 0.546875 0.429742 0.545313 0.432084 0.542188 0.432084 0.540625 0.434426 0.537500 0.434426 0.535937 0.436768 0.534375 0.436768 0.532812 0.439110 0.531250 0.439110 0.528125 0.443794 0.526563 0.443794 0.518750 0.455504 0.518750 0.460187 0.517187 0.462529 0.517187 0.467213 0.515625 0.469555 0.515625 0.471897 0.514063 0.474239 0.514063 0.476581 0.509375 0.483607 0.509375 0.485948 0.504687 0.492974 0.504687 0.495316 0.501562 0.500000 0.501562 0.502342 0.500000 0.504684 0.500000 0.507026 0.498437 0.509368 0.498437 0.518735 0.496875 0.521077 0.496875 0.537471 0.498437 0.539813 0.498437 0.563232 0.500000 0.565574 0.500000 0.574941 0.501562 0.577283 0.501562 0.586651 0.500000 0.588993 0.500000 0.593677 0.498437 0.596019 0.500000 0.598361 0.501562 0.598361 0.503125 0.600703 0.503125 0.603045 0.504687 0.605386 0.504687 0.631148 0.506250 0.633489 0.506250 0.638173 0.507812 0.640515 0.507812 0.642857 0.510938 0.647541 0.510938 0.652225 0.514063 0.656909 0.514063 0.659251 0.515625 0.661592 0.520312 0.661592 0.521875 0.663934 0.526563 0.663934 0.528125 0.666276 0.529688 0.666276 0.545313 0.689696 0.545313 0.699063 0.592188 0.699063 0.592188 0.692037 0.593750 0.689696 0.596875 0.689696 0.598437 0.687354 0.603125 0.687354 0.604688 0.685012 0.606250 0.685012 0.607813 0.682670 0.612500 0.682670 0.614062 0.680328 0.617188 0.680328 0.618750 0.677986 0.621875 0.677986 0.623438 0.675644 0.643750 0.675644 0.645312 0.677986 0.648438 0.677986 0.650000 0.680328 0.653125 0.680328 0.654688 0.682670 0.657812 0.682670 0.659375 0.685012 0.665625 0.685012 0.667188 0.687354 0.676562 0.687354 0.678125 0.685012 0.678125 0.682670 0.679688 0.680328 0.679688 0.675644 0.681250 0.673302 0.681250 0.670960 0.685938 0.663934 0.685938 0.661592 0.690625 0.654567 0.695312 0.654567 0.695312 0.612412 0.690625 0.612412 0.689062 0.610070 0.689062 0.607728 0.687500 0.605386 0.687500 0.598361 0.685938 0.596019 0.685938 0.497658 0.684375 0.495316 0.684375 0.492974 0.682813 0.490632 0.682813 0.485948 0.681250 0.483607 0.681250 0.478923 0.679688 0.476581 0.679688 0.471897 0.678125 0.469555 0.678125 0.464871 0.676562 0.462529 0.676562 0.457845 0.675000 0.455504 0.675000 0.453162 0.673437 0.450820 0.673437 0.446136 0.670313 0.441452 0.670313 0.439110 0.667188 0.434426 0.667188 0.432084 0.660937 0.422717 0.659375 0.422717 0.657812 0.420375 0.651563 0.420375 0.650000 0.422717 0.646875 0.422717 0.645312 0.425059 0.642187 0.425059 0.640625 0.427400 0.634375 0.427400 0.632812 0.425059 0.629687 0.425059 0.628125 0.422717 0.623438 0.422717 0.621875 0.420375 0.620313 0.420375 0.618750 0.418033 0.618750 0.411007
2 0.693750 0.551522 0.693750 0.560890 0.692187 0.563232 0.692187 0.567916 0.690625 0.570258 0.690625 0.572600 0.689062 0.574941 0.684375 0.574941 0.684375 0.621780 0.689062 0.621780 0.692187 0.626464 0.692187 0.628806 0.701563 0.642857 0.704687 0.642857 0.706250 0.645199 0.706250 0.652225 0.707812 0.652225 0.707812 0.645199 0.709375 0.642857 0.710938 0.642857 0.712500 0.640515 0.715625 0.640515 0.717188 0.642857 0.718750 0.642857 0.720312 0.645199 0.720312 0.652225 0.757812 0.652225 0.757812 0.600703 0.753125 0.600703 0.746875 0.591335 0.746875 0.588993 0.745313 0.586651 0.743750 0.586651 0.734375 0.572600 0.734375 0.570258 0.731250 0.565574 0.731250 0.563232 0.729688 0.560890 0.729688 0.551522
2 0.964063 0.514051 0.964063 0.521077 0.959375 0.528103 0.957812 0.528103 0.950000 0.539813 0.950000 0.542155 0.946875 0.546838 0.946875 0.549180 0.945312 0.551522 0.945312 0.553864 0.943750 0.556206 0.943750 0.558548 0.942187 0.560890 0.942187 0.563232 0.939062 0.567916 0.934375 0.567916 0.934375 0.617096 0.940625 0.617096 0.942187 0.619438 0.945312 0.619438 0.948438 0.624122 0.948438 0.633489 0.962500 0.633489 0.962500 0.626464 0.967188 0.619438 0.968750 0.619438 0.970312 0.617096 0.975000 0.617096 0.976562 0.619438 0.981250 0.619438 0.982813 0.621780 0.984375 0.621780 0.987500 0.626464 0.987500 0.633489 0.998438 0.633489 0.998438 0.514051
2 0.890625 0.532787 0.890625 0.542155 0.887500 0.546838 0.887500 0.549180 0.876562 0.565574 0.871875 0.565574 0.871875 0.624122 0.895312 0.624122 0.895312 0.617096 0.896875 0.614754 0.898438 0.614754 0.900000 0.612412 0.909375 0.612412 0.910937 0.614754 0.910937 0.624122 0.932813 0.624122 0.932813 0.614754 0.934375 0.612412 0.934375 0.610070 0.935938 0.607728 0.935938 0.600703 0.937500 0.598361 0.937500 0.593677 0.939062 0.591335 0.939062 0.567916 0.940625 0.565574 0.940625 0.560890 0.942187 0.558548 0.942187 0.556206 0.943750 0.553864 0.943750 0.551522 0.945312 0.549180 0.943750 0.546838 0.943750 0.532787
0 0.412500 0.532787 0.412500 0.549180 0.410937 0.551522 0.410937 0.553864 0.407813 0.558548 0.403125 0.558548 0.403125 0.603045 0.407813 0.603045 0.409375 0.605386 0.409375 0.607728 0.410937 0.610070 0.410937 0.626464 0.412500 0.628806 0.412500 0.649883 0.414062 0.652225 0.414062 0.668618 0.415625 0.670960 0.415625 0.680328 0.431250 0.680328 0.431250 0.614754 0.432813 0.612412 0.432813 0.610070 0.434375 0.607728 0.439063 0.607728 0.439063 0.567916 0.434375 0.567916 0.432813 0.565574 0.432813 0.563232 0.431250 0.560890 0.431250 0.556206 0.429688 0.553864 0.429688 0.551522 0.428125 0.549180 0.428125 0.546838 0.425000 0.542155 0.425000 0.532787
0 0.373437 0.542155 0.373437 0.551522 0.370313 0.556206 0.365625 0.556206 0.365625 0.621780 0.370313 0.621780 0.373437 0.626464 0.373437 0.633489 0.375000 0.635831 0.375000 0.663934 0.376563 0.666276 0.376563 0.680328 0.401563 0.680328 0.401563 0.659251 0.396875 0.659251 0.393750 0.654567 0.393750 0.621780 0.395312 0.619438 0.395312 0.614754 0.396875 0.612412 0.401563 0.612412 0.401563 0.600703 0.396875 0.600703 0.395312 0.598361 0.395312 0.596019 0.393750 0.593677 0.393750 0.588993 0.392188 0.586651 0.392188 0.579625 0.390625 0.577283 0.390625 0.570258 0.389062 0.567916 0.389062 0.560890 0.387500 0.558548 0.387500 0.542155
0 0.353125 0.574941 0.353125 0.577283 0.351562 0.579625 0.351562 0.581967 0.350000 0.584309 0.350000 0.588993 0.348437 0.591335 0.348437 0.593677 0.346875 0.596019 0.340625 0.596019 0.340625 0.638173 0.346875 0.638173 0.348437 0.640515 0.348437 0.642857 0.350000 0.645199 0.350000 0.647541 0.351562 0.649883 0.351562 0.661592 0.353125 0.663934 0.353125 0.677986 0.354688 0.680328 0.354688 0.685012 0.353125 0.687354 0.353125 0.699063 0.362500 0.699063 0.362500 0.689696 0.360938 0.687354 0.360938 0.659251 0.362500 0.656909 0.362500 0.652225 0.364062 0.649883 0.364062 0.642857 0.365625 0.640515 0.365625 0.631148 0.367188 0.628806 0.367188 0.605386 0.368750 0.603045 0.368750 0.596019 0.367188 0.593677 0.367188 0.588993 0.365625 0.586651 0.365625 0.581967 0.364062 0.579625 0.364062 0.577283 0.362500 0.574941 0.362500 0.572600 0.359375 0.567916 0.359375 0.560890 0.356250 0.560890 0.356250 0.567916 0.354688 0.570258 0.354688 0.572600 0.353125 0.574941 0.348437 0.570258 0.348437 0.560890 0.340625 0.560890 0.340625 0.570258 0.348437 0.570258
2 0.781250 0.532787 0.781250 0.539813 0.778125 0.544496 0.771875 0.544496 0.771875 0.614754 0.785937 0.614754 0.785937 0.607728 0.789062 0.603045 0.796875 0.603045 0.798437 0.605386 0.798437 0.614754 0.821875 0.614754 0.821875 0.605386 0.823438 0.603045 0.823438 0.596019 0.821875 0.593677 0.821875 0.586651 0.820312 0.584309 0.820312 0.581967 0.818750 0.579625 0.818750 0.577283 0.825000 0.567916 0.826563 0.567916 0.831250 0.560890 0.832812 0.560890 0.837500 0.553864 0.839063 0.553864 0.840625 0.551522 0.842188 0.551522 0.837500 0.544496 0.837500 0.542155 0.835938 0.539813 0.835938 0.532787
2 0.290625 0.570258 0.290625 0.593677 0.296875 0.593677 0.298438 0.596019 0.304688 0.596019 0.306250 0.598361 0.310937 0.598361 0.312500 0.600703 0.315625 0.600703 0.317187 0.603045 0.318750 0.603045 0.320312 0.605386 0.323438 0.605386 0.325000 0.607728 0.328125 0.607728 0.329688 0.610070 0.331250 0.610070 0.332812 0.612412 0.332812 0.624122 0.335938 0.624122 0.335938 0.596019 0.334375 0.593677 0.334375 0.581967 0.331250 0.577283 0.331250 0.570258
2 0.834375 0.551522 0.834375 0.610070 0.842188 0.610070 0.843750 0.612412 0.845312 0.612412 0.846875 0.614754 0.846875 0.624122 0.856250 0.624122 0.856250 0.614754 0.865625 0.600703 0.865625 0.598361 0.867188 0.596019 0.867188 0.593677 0.871875 0.586651 0.871875 0.581967 0.873438 0.579625 0.873438 0.574941 0.876562 0.570258 0.882812 0.570258 0.882812 0.551522
2 0.831250 0.551522 0.831250 0.560890 0.828125 0.565574 0.826563 0.565574 0.825000 0.567916 0.820312 0.567916 0.818750 0.565574 0.803125 0.565574 0.803125 0.610070 0.815625 0.610070 0.817187 0.612412 0.821875 0.612412 0.825000 0.617096 0.825000 0.624122 0.831250 0.624122 0.831250 0.617096 0.834375 0.612412 0.835938 0.612412 0.837500 0.610070 0.839063 0.610070 0.840625 0.607728 0.842188 0.610070 0.848437 0.610070 0.850000 0.607728 0.850000 0.603045 0.851562 0.600703 0.851562 0.596019 0.856250 0.588993 0.857813 0.588993 0.860937 0.584309 0.862500 0.584309 0.864062 0.581967 0.865625 0.581967 0.867188 0.579625 0.868750 0.579625 0.871875 0.574941 0.871875 0.572600 0.873438 0.570258 0.873438 0.567916 0.876562 0.563232 0.882812 0.563232 0.882812 0.551522
2 0.440625 0.551522 0.440625 0.605386 0.470313 0.605386 0.470313 0.551522
0 0.334375 0.542155 0.334375 0.624122 0.340625 0.624122 0.340625 0.612412 0.342187 0.610070 0.342187 0.607728 0.345313 0.603045 0.351562 0.603045 0.351562 0.542155
2 0.290625 0.588993 0.290625 0.633489 0.295312 0.633489 0.296875 0.635831 0.296875 0.638173 0.298438 0.640515 0.298438 0.642857 0.300000 0.645199 0.300000 0.647541 0.303125 0.652225 0.303125 0.654567 0.301562 0.656909 0.300000 0.656909 0.300000 0.659251 0.298438 0.661592 0.298438 0.663934 0.295312 0.668618 0.290625 0.668618 0.290625 0.680328 0.329688 0.680328 0.329688 0.673302 0.331250 0.670960 0.331250 0.668618 0.334375 0.663934 0.339063 0.663934 0.339063 0.621780 0.332812 0.621780 0.329688 0.617096 0.329688 0.614754 0.325000 0.607728 0.325000 0.605386 0.326562 0.603045 0.328125 0.603045 0.332812 0.596019 0.332812 0.588993
