2 0.939062 0.695251 0.939062 0.703166 0.935938 0.708443 0.934375 0.708443 0.928125 0.718997 0.926562 0.718997 0.925000 0.721636 0.923437 0.721636 0.921875 0.724274 0.918750 0.724274 0.914062 0.732190 0.909375 0.732190 0.909375 0.750660 0.914062 0.750660 0.915625 0.753298 0.915625 0.758575 0.917188 0.761214 0.917188 0.763852 0.918750 0.766491 0.918750 0.777045 0.970312 0.777045 0.970312 0.769129 0.973437 0.763852 0.995313 0.763852 0.996875 0.761214 0.998438 0.761214 0.998438 0.713720 0.995313 0.713720 0.993750 0.711082 0.992188 0.711082 0.987500 0.703166 0.987500 0.695251
5 0.743750 0.494723 0.743750 0.502639 0.740625 0.507916 0.734375 0.507916 0.732813 0.510554 0.723437 0.510554 0.721875 0.513193 0.717188 0.513193 0.715625 0.515831 0.710938 0.515831 0.709375 0.518470 0.695312 0.518470 0.693750 0.521108 0.689062 0.521108 0.687500 0.523747 0.682813 0.523747 0.681250 0.526385 0.671875 0.526385 0.670313 0.529024 0.651563 0.529024 0.650000 0.531662 0.639063 0.531662 0.637500 0.534301 0.631250 0.534301 0.629687 0.536939 0.623438 0.536939 0.621875 0.539578 0.615625 0.539578 0.614062 0.542216 0.607813 0.542216 0.606250 0.544855 0.603125 0.544855 0.600000 0.550132 0.598437 0.550132 0.595312 0.555409 0.593750 0.555409 0.592188 0.558047 0.590625 0.558047 0.589063 0.560686 0.576563 0.560686 0.575000 0.563325 0.560938 0.563325 0.559375 0.565963 0.553125 0.565963 0.551562 0.568602 0.535937 0.568602 0.534375 0.571240 0.521875 0.571240 0.520312 0.573879 0.512500 0.573879 0.510938 0.576517 0.503125 0.576517 0.501562 0.579156 0.493750 0.579156 0.492188 0.581794 0.476562 0.581794 0.475000 0.584433 0.462500 0.584433 0.460938 0.587071 0.454688 0.587071 0.453125 0.589710 0.445312 0.589710 0.443750 0.592348 0.435937 0.592348 0.434375 0.594987 0.431250 0.594987 0.429688 0.597625 0.426562 0.597625 0.423438 0.602902 0.421875 0.602902 0.417188 0.610818 0.417188 0.613456 0.412500 0.621372 0.412500 0.624011 0.410937 0.626649 0.410937 0.629288 0.409375 0.631926 0.409375 0.679420 0.410937 0.682058 0.410937 0.697889 0.409375 0.700528 0.409375 0.708443 0.407813 0.711082 0.407813 0.721636 0.406250 0.724274 0.406250 0.729551 0.404687 0.732190 0.404687 0.734828 0.401563 0.740106 0.396875 0.740106 0.396875 0.798153 0.401563 0.798153 0.406250 0.806069 0.406250 0.808707 0.407813 0.811346 0.407813 0.813984 0.409375 0.816623 0.409375 0.819261 0.410937 0.821900 0.414062 0.821900 0.415625 0.824538 0.417188 0.824538 0.418750 0.827177 0.421875 0.827177 0.423438 0.829815 0.428125 0.829815 0.429688 0.832454 0.439063 0.832454 0.440625 0.835092 0.448438 0.835092 0.450000 0.837731 0.459375 0.837731 0.460938 0.840369 0.471875 0.840369 0.473437 0.843008 0.478125 0.843008 0.479688 0.845646 0.481250 0.845646 0.484375 0.850923 0.485938 0.850923 0.487500 0.853562 0.490625 0.853562 0.492188 0.856201 0.493750 0.856201 0.495313 0.858839 0.496875 0.858839 0.498437 0.861478 0.501562 0.861478 0.503125 0.864116 0.507812 0.864116 0.509375 0.866755 0.535937 0.866755 0.537500 0.864116 0.542188 0.864116 0.543750 0.861478 0.548437 0.861478 0.550000 0.858839 0.554688 0.858839 0.556250 0.856201 0.575000 0.856201 0.576563 0.858839 0.582812 0.858839 0.584375 0.861478 0.589063 0.861478 0.590625 0.858839 0.593750 0.858839 0.595312 0.856201 0.601562 0.856201 0.603125 0.853562 0.612500 0.853562 0.614062 0.856201 0.628125 0.856201 0.629687 0.853562 0.645312 0.853562 0.646875 0.856201 0.656250 0.856201 0.657812 0.858839 0.664062 0.858839 0.665625 0.861478 0.667188 0.861478 0.673437 0.872032 0.673437 0.882586 0.729688 0.882586 0.729688 0.874670 0.732813 0.869393 0.734375 0.869393 0.735937 0.866755 0.739062 0.866755 0.740625 0.864116 0.767187 0.864116 0.768750 0.861478 0.771875 0.861478 0.773438 0.864116 0.778125 0.864116 0.779688 0.866755 0.782812 0.866755 0.784375 0.869393 0.789062 0.869393 0.790625 0.872032 0.792188 0.869393 0.800000 0.869393 0.801562 0.866755 0.804688 0.866755 0.806250 0.864116 0.809375 0.864116 0.810938 0.861478 0.815625 0.861478 0.817187 0.858839 0.823438 0.858839 0.825000 0.856201 0.828125 0.856201 0.829687 0.853562 0.832812 0.853562 0.834375 0.850923 0.839063 0.850923 0.840625 0.848285 0.848437 0.848285 0.850000 0.845646 0.854688 0.845646 0.856250 0.843008 0.859375 0.843008 0.860937 0.840369 0.864062 0.840369 0.865625 0.837731 0.868750 0.837731 0.870313 0.835092 0.875000 0.835092 0.876562 0.832454 0.882812 0.832454 0.884375 0.829815 0.892187 0.829815 0.893750 0.827177 0.896875 0.827177 0.898438 0.824538 0.903125 0.824538 0.904688 0.821900 0.912500 0.821900 0.914062 0.819261 0.923437 0.819261 0.925000 0.816623 0.929688 0.816623 0.931250 0.813984 0.939062 0.813984 0.939062 0.792876 0.934375 0.792876 0.925000 0.777045 0.925000 0.774406 0.920313 0.766491 0.920313 0.763852 0.918750 0.761214 0.918750 0.745383 0.917188 0.742744 0.917188 0.716359 0.915625 0.713720 0.915625 0.705805 0.914062 0.703166 0.914062 0.700528 0.912500 0.697889 0.912500 0.695251 0.910937 0.692612 0.910937 0.687335 0.909375 0.684697 0.909375 0.668865 0.907812 0.666227 0.907812 0.660950 0.909375 0.658311 0.909375 0.639842 0.910937 0.637203 0.910937 0.629288 0.909375 0.626649 0.909375 0.568602 0.907812 0.565963 0.907812 0.558047 0.906250 0.555409 0.906250 0.550132 0.904688 0.547493 0.904688 0.544855 0.903125 0.542216 0.903125 0.539578 0.901563 0.536939 0.901563 0.534301 0.900000 0.531662 0.898438 0.531662 0.895312 0.526385 0.893750 0.526385 0.892187 0.523747 0.889063 0.523747 0.887500 0.521108 0.884375 0.521108 0.882812 0.518470 0.878125 0.518470 0.876562 0.515831 0.870313 0.515831 0.868750 0.513193 0.865625 0.513193 0.864062 0.510554 0.862500 0.510554 0.860937 0.507916 0.859375 0.507916 0.857813 0.505277 0.857813 0.494723 0.845312 0.494723 0.845312 0.502639 0.843750 0.505277 0.842188 0.505277 0.840625 0.507916 0.809375 0.507916 0.807813 0.505277 0.803125 0.505277 0.801562 0.502639 0.801562 0.494723
2 0.215625 0.695251 0.215625 0.703166 0.214062 0.705805 0.214062 0.708443 0.210938 0.713720 0.210938 0.716359 0.207813 0.721636 0.203125 0.721636 0.203125 0.769129 0.209375 0.769129 0.210938 0.771768 0.212500 0.771768 0.215625 0.777045 0.217187 0.777045 0.218750 0.774406 0.223438 0.774406 0.225000 0.771768 0.229687 0.771768 0.231250 0.769129 0.237500 0.769129 0.239063 0.771768 0.242188 0.771768 0.243750 0.774406 0.245312 0.774406 0.248437 0.779683 0.248437 0.787599 0.260938 0.787599 0.260938 0.779683 0.264062 0.774406 0.281250 0.774406 0.284375 0.779683 0.284375 0.787599 0.284375 0.779683 0.285937 0.777045 0.287500 0.777045 0.290625 0.771768 0.295312 0.771768 0.295312 0.734828 0.290625 0.734828 0.287500 0.729551 0.287500 0.726913 0.282813 0.718997 0.282813 0.716359 0.278125 0.708443 0.278125 0.705805 0.276563 0.703166 0.276563 0.695251
2 0.296875 0.705805 0.296875 0.716359 0.289062 0.729551 0.284375 0.729551 0.284375 0.782322 0.290625 0.782322 0.292188 0.784960 0.293750 0.784960 0.295312 0.787599 0.295312 0.798153 0.301562 0.798153 0.301562 0.790237 0.304688 0.784960 0.323438 0.784960 0.326562 0.790237 0.326562 0.798153 0.345313 0.798153 0.345313 0.790237 0.348437 0.784960 0.356250 0.784960 0.357812 0.782322 0.359375 0.782322 0.360938 0.784960 0.364062 0.784960 0.367188 0.790237 0.367188 0.798153 0.379687 0.798153 0.379687 0.787599 0.381250 0.784960 0.381250 0.782322 0.384375 0.777045 0.389062 0.777045 0.389062 0.758575 0.384375 0.758575 0.382812 0.755937 0.382812 0.753298 0.381250 0.750660 0.381250 0.748021 0.379687 0.745383 0.378125 0.745383 0.376563 0.742744 0.375000 0.742744 0.373437 0.740106 0.371875 0.740106 0.362500 0.724274 0.362500 0.721636 0.359375 0.716359 0.359375 0.705805
2 0.078125 0.705805 0.078125 0.766491 0.085938 0.766491 0.085938 0.758575 0.087500 0.755937 0.090625 0.755937 0.092188 0.758575 0.092188 0.766491 0.132812 0.766491 0.132812 0.726913 0.126563 0.726913 0.118750 0.713720 0.118750 0.705805
2 0.153125 0.695251 0.153125 0.703166 0.145313 0.716359 0.145313 0.718997 0.143750 0.721636 0.143750 0.724274 0.142188 0.726913 0.142188 0.729551 0.137500 0.737467 0.137500 0.742744 0.135937 0.745383 0.135937 0.750660 0.134375 0.753298 0.128125 0.753298 0.128125 0.758575 0.135937 0.758575 0.137500 0.761214 0.139062 0.761214 0.140625 0.763852 0.146875 0.763852 0.148438 0.761214 0.150000 0.761214 0.151562 0.758575 0.165625 0.758575 0.170312 0.766491 0.170312 0.777045 0.182812 0.777045 0.182812 0.766491 0.184375 0.763852 0.185937 0.763852 0.187500 0.761214 0.192188 0.761214 0.193750 0.758575 0.198437 0.758575 0.200000 0.761214 0.203125 0.761214 0.206250 0.755937 0.206250 0.716359 0.201562 0.708443 0.201562 0.705805 0.200000 0.703166 0.200000 0.695251
2 0.029687 0.705805 0.029687 0.713720 0.026563 0.718997 0.021875 0.718997 0.021875 0.745383 0.026563 0.745383 0.028125 0.748021 0.029687 0.748021 0.031250 0.750660 0.032812 0.750660 0.034375 0.753298 0.035937 0.753298 0.037500 0.750660 0.046875 0.750660 0.048437 0.753298 0.057813 0.753298 0.059375 0.750660 0.075000 0.750660 0.076563 0.748021 0.082813 0.748021 0.082813 0.737467 0.078125 0.737467 0.076563 0.734828 0.076563 0.732190 0.075000 0.729551 0.075000 0.726913 0.073437 0.724274 0.073437 0.718997 0.070312 0.713720 0.070312 0.705805
2 0.000000 0.705805 0.000000 0.745383 0.026563 0.745383 0.026563 0.705805
2 0.034375 0.716359 0.034375 0.750660 0.045313 0.750660 0.046875 0.753298 0.059375 0.753298 0.060938 0.750660 0.082813 0.750660 0.082813 0.732190 0.078125 0.732190 0.075000 0.726913 0.075000 0.716359
2 0.353125 0.705805 0.353125 0.718997 0.359375 0.718997 0.370313 0.737467 0.370313 0.745383 0.400000 0.745383 0.400000 0.737467 0.401563 0.734828 0.407813 0.734828 0.407813 0.705805
2 0.153125 0.695251 0.153125 0.758575 0.164062 0.758575 0.170312 0.769129 0.170312 0.777045 0.182812 0.777045 0.182812 0.766491 0.184375 0.763852 0.185937 0.763852 0.187500 0.761214 0.203125 0.761214 0.204688 0.758575 0.204688 0.755937 0.206250 0.753298 0.206250 0.716359 0.203125 0.711082 0.203125 0.708443 0.200000 0.703166 0.200000 0.695251
