0 0.118750 0.270833 0.118750 0.279167 0.114063 0.285417 0.114063 0.287500 0.112500 0.289583 0.112500 0.291667 0.110937 0.293750 0.110937 0.295833 0.109375 0.297917 0.109375 0.302083 0.107813 0.304167 0.107813 0.306250 0.106250 0.308333 0.106250 0.314583 0.104687 0.316667 0.104687 0.331250 0.103125 0.333333 0.103125 0.337500 0.101562 0.339583 0.100000 0.339583 0.096875 0.343750 0.095312 0.343750 0.093750 0.345833 0.092188 0.345833 0.089062 0.350000 0.087500 0.350000 0.084375 0.354167 0.082813 0.354167 0.070312 0.370833 0.070312 0.372917 0.068750 0.375000 0.068750 0.377083 0.067188 0.379167 0.067188 0.381250 0.064062 0.385417 0.059375 0.385417 0.059375 0.562500 0.064062 0.562500 0.065625 0.564583 0.065625 0.566667 0.067188 0.568750 0.067188 0.618750 0.068750 0.620833 0.068750 0.627083 0.070312 0.629167 0.070312 0.637500 0.071875 0.639583 0.071875 0.643750 0.073437 0.645833 0.073437 0.650000 0.075000 0.652083 0.075000 0.656250 0.076563 0.658333 0.076563 0.660417 0.078125 0.662500 0.078125 0.666667 0.079687 0.668750 0.079687 0.672917 0.081250 0.675000 0.081250 0.677083 0.082813 0.679167 0.082813 0.681250 0.084375 0.683333 0.084375 0.685417 0.085938 0.687500 0.085938 0.691667 0.087500 0.693750 0.087500 0.695833 0.089062 0.697917 0.089062 0.700000 0.090625 0.702083 0.090625 0.704167 0.092188 0.706250 0.092188 0.710417 0.093750 0.712500 0.093750 0.714583 0.096875 0.718750 0.096875 0.722917 0.098438 0.725000 0.098438 0.729167 0.100000 0.731250 0.100000 0.737500 0.101562 0.739583 0.101562 0.754167 0.100000 0.756250 0.100000 0.768750 0.098438 0.770833 0.098438 0.825000 0.096875 0.827083 0.096875 0.870833 0.095312 0.872917 0.095312 0.879167 0.093750 0.881250 0.093750 0.883333 0.092188 0.885417 0.092188 0.889583 0.090625 0.891667 0.090625 0.900000 0.089062 0.902083 0.089062 0.929167 0.092188 0.933333 0.118750 0.933333 0.120312 0.935417 0.123438 0.935417 0.125000 0.937500 0.125000 0.943750 0.131250 0.943750 0.131250 0.937500 0.132812 0.935417 0.135937 0.935417 0.137500 0.933333 0.154687 0.933333 0.156250 0.935417 0.162500 0.935417 0.164062 0.937500 0.164062 0.943750 0.165625 0.943750 0.165625 0.937500 0.167187 0.935417 0.170312 0.935417 0.171875 0.933333 0.173438 0.933333 0.175000 0.931250 0.176563 0.931250 0.179688 0.927083 0.179688 0.900000 0.178125 0.897917 0.178125 0.885417 0.176563 0.883333 0.176563 0.877083 0.175000 0.875000 0.175000 0.862500 0.173438 0.860417 0.173438 0.841667 0.171875 0.839583 0.171875 0.825000 0.170312 0.822917 0.170312 0.797917 0.168750 0.795833 0.168750 0.745833 0.167187 0.743750 0.167187 0.706250 0.168750 0.704167 0.168750 0.660417 0.170312 0.658333 0.170312 0.650000 0.168750 0.647917 0.168750 0.645833 0.170312 0.643750 0.170312 0.622917 0.171875 0.620833 0.171875 0.600000 0.170312 0.597917 0.170312 0.591667 0.171875 0.589583 0.171875 0.577083 0.176563 0.570833 0.176563 0.568750 0.179688 0.564583 0.179688 0.562500 0.181250 0.560417 0.181250 0.552083 0.182812 0.550000 0.182812 0.539583 0.184375 0.537500 0.184375 0.497917 0.182812 0.495833 0.182812 0.487500 0.184375 0.485417 0.184375 0.483333 0.189063 0.477083 0.203125 0.477083 0.204688 0.475000 0.206250 0.475000 0.207813 0.472917 0.209375 0.472917 0.209375 0.470833 0.210938 0.468750 0.210938 0.466667 0.212500 0.464583 0.212500 0.460417 0.214062 0.458333 0.214062 0.456250 0.215625 0.454167 0.220313 0.454167 0.220313 0.445833 0.215625 0.445833 0.214062 0.443750 0.214062 0.441667 0.212500 0.439583 0.212500 0.435417 0.210938 0.433333 0.210938 0.427083 0.209375 0.425000 0.209375 0.422917 0.207813 0.420833 0.207813 0.416667 0.206250 0.414583 0.206250 0.408333 0.204688 0.406250 0.204688 0.402083 0.203125 0.400000 0.203125 0.395833 0.200000 0.391667 0.200000 0.389583 0.198437 0.387500 0.198437 0.385417 0.195312 0.381250 0.195312 0.379167 0.192188 0.375000 0.192188 0.372917 0.189063 0.368750 0.189063 0.366667 0.184375 0.360417 0.184375 0.358333 0.182812 0.358333 0.179688 0.354167 0.179688 0.352083 0.178125 0.350000 0.176563 0.350000 0.171875 0.343750 0.171875 0.341667 0.170312 0.339583 0.170312 0.337500 0.168750 0.335417 0.168750 0.333333 0.167187 0.331250 0.167187 0.322917 0.165625 0.320833 0.165625 0.308333 0.164062 0.306250 0.164062 0.304167 0.162500 0.302083 0.162500 0.300000 0.160938 0.297917 0.160938 0.295833 0.159375 0.293750 0.159375 0.291667 0.148438 0.277083 0.148438 0.270833
0 0.917188 0.370833 0.917188 0.379167 0.915625 0.381250 0.915625 0.385417 0.914062 0.387500 0.914062 0.402083 0.912500 0.404167 0.912500 0.408333 0.904688 0.418750 0.903125 0.418750 0.900000 0.422917 0.898438 0.422917 0.896875 0.425000 0.895312 0.425000 0.892187 0.429167 0.890625 0.429167 0.887500 0.433333 0.885938 0.433333 0.884375 0.435417 0.882812 0.435417 0.879687 0.439583 0.879687 0.441667 0.878125 0.443750 0.876562 0.443750 0.875000 0.445833 0.878125 0.450000 0.878125 0.452083 0.879687 0.454167 0.879687 0.456250 0.881250 0.458333 0.881250 0.462500 0.879687 0.464583 0.879687 0.468750 0.876562 0.472917 0.876562 0.475000 0.875000 0.477083 0.875000 0.479167 0.873438 0.481250 0.873438 0.483333 0.870313 0.487500 0.870313 0.489583 0.868750 0.491667 0.868750 0.493750 0.867188 0.495833 0.867188 0.504167 0.864062 0.508333 0.859375 0.508333 0.859375 0.527083 0.868750 0.527083 0.870313 0.529167 0.875000 0.529167 0.878125 0.533333 0.878125 0.535417 0.879687 0.537500 0.879687 0.539583 0.881250 0.541667 0.881250 0.545833 0.882812 0.547917 0.882812 0.552083 0.884375 0.554167 0.884375 0.556250 0.887500 0.560417 0.887500 0.562500 0.889063 0.564583 0.889063 0.566667 0.890625 0.568750 0.890625 0.570833 0.892187 0.572917 0.892187 0.575000 0.893750 0.577083 0.893750 0.602083 0.892187 0.604167 0.892187 0.633333 0.893750 0.635417 0.893750 0.668750 0.912500 0.668750 0.912500 0.658333 0.914062 0.656250 0.914062 0.639583 0.912500 0.637500 0.912500 0.635417 0.910937 0.633333 0.910937 0.622917 0.909375 0.620833 0.909375 0.566667 0.907812 0.564583 0.907812 0.554167 0.909375 0.552083 0.912500 0.552083 0.914062 0.550000 0.917188 0.554167 0.918750 0.554167 0.920313 0.556250 0.926562 0.556250 0.928125 0.558333 0.931250 0.558333 0.932813 0.560417 0.934375 0.558333 0.935938 0.558333 0.935938 0.556250 0.939062 0.552083 0.939062 0.550000 0.940625 0.547917 0.940625 0.535417 0.935938 0.529167 0.935938 0.527083 0.931250 0.520833 0.931250 0.518750 0.928125 0.514583 0.928125 0.512500 0.926562 0.510417 0.926562 0.508333 0.925000 0.506250 0.925000 0.504167 0.923437 0.502083 0.923437 0.495833 0.921875 0.493750 0.921875 0.487500 0.926562 0.481250 0.932813 0.481250 0.934375 0.483333 0.935938 0.483333 0.942187 0.491667 0.942187 0.495833 0.943750 0.497917 0.943750 0.502083 0.946875 0.506250 0.946875 0.508333 0.948438 0.510417 0.948438 0.512500 0.950000 0.514583 0.950000 0.516667 0.953125 0.520833 0.953125 0.522917 0.954687 0.525000 0.954687 0.527083 0.956250 0.529167 0.956250 0.531250 0.962500 0.539583 0.964063 0.539583 0.965625 0.541667 0.970312 0.541667 0.971875 0.543750 0.976562 0.543750 0.978125 0.545833 0.984375 0.545833 0.984375 0.541667 0.982813 0.539583 0.982813 0.537500 0.981250 0.537500 0.979688 0.535417 0.978125 0.535417 0.973437 0.529167 0.973437 0.527083 0.970312 0.522917 0.970312 0.520833 0.968750 0.518750 0.968750 0.516667 0.965625 0.512500 0.965625 0.510417 0.964063 0.508333 0.964063 0.506250 0.962500 0.504167 0.962500 0.497917 0.960938 0.495833 0.960938 0.489583 0.959375 0.487500 0.959375 0.483333 0.957812 0.481250 0.957812 0.477083 0.956250 0.475000 0.956250 0.460417 0.954687 0.458333 0.954687 0.454167 0.953125 0.452083 0.953125 0.447917 0.951563 0.445833 0.951563 0.441667 0.950000 0.439583 0.950000 0.425000 0.951563 0.422917 0.951563 0.416667 0.953125 0.414583 0.953125 0.391667 0.951563 0.389583 0.951563 0.387500 0.950000 0.385417 0.950000 0.383333 0.945312 0.377083 0.945312 0.370833
1 0.739062 0.520833 0.737500 0.522917 0.735937 0.522917 0.732813 0.527083 0.732813 0.531250 0.731250 0.533333 0.731250 0.535417 0.729688 0.537500 0.729688 0.539583 0.728125 0.541667 0.728125 0.543750 0.726562 0.545833 0.726562 0.552083 0.725000 0.554167 0.725000 0.575000 0.726562 0.577083 0.726562 0.595833 0.728125 0.597917 0.728125 0.614583 0.726562 0.616667 0.726562 0.620833 0.725000 0.622917 0.725000 0.627083 0.723437 0.629167 0.723437 0.631250 0.720312 0.635417 0.715625 0.635417 0.715625 0.714583 0.720312 0.714583 0.721875 0.716667 0.721875 0.718750 0.723437 0.720833 0.723437 0.722917 0.725000 0.725000 0.725000 0.729167 0.726562 0.731250 0.726562 0.733333 0.729688 0.737500 0.729688 0.739583 0.737500 0.750000 0.739062 0.750000 0.740625 0.752083 0.742188 0.752083 0.745313 0.756250 0.754687 0.756250 0.756250 0.754167 0.757812 0.754167 0.760938 0.750000 0.762500 0.750000 0.767187 0.743750 0.767187 0.741667 0.773438 0.733333 0.773438 0.731250 0.778125 0.725000 0.778125 0.722917 0.779688 0.720833 0.781250 0.720833 0.781250 0.718750 0.785937 0.712500 0.787500 0.712500 0.789062 0.710417 0.793750 0.710417 0.795313 0.712500 0.796875 0.712500 0.798437 0.714583 0.798437 0.716667 0.800000 0.718750 0.800000 0.720833 0.801562 0.722917 0.801562 0.729167 0.803125 0.731250 0.803125 0.733333 0.804688 0.735417 0.804688 0.737500 0.810938 0.745833 0.812500 0.745833 0.817187 0.752083 0.817187 0.754167 0.818750 0.756250 0.818750 0.760417 0.820312 0.762500 0.820312 0.764583 0.821875 0.766667 0.821875 0.768750 0.842188 0.795833 0.842188 0.802083 0.860937 0.802083 0.860937 0.793750 0.862500 0.791667 0.864062 0.791667 0.867188 0.787500 0.868750 0.787500 0.873438 0.781250 0.873438 0.779167 0.878125 0.772917 0.878125 0.770833 0.879687 0.768750 0.879687 0.766667 0.881250 0.764583 0.881250 0.762500 0.882812 0.760417 0.882812 0.756250 0.884375 0.754167 0.884375 0.750000 0.885938 0.747917 0.885938 0.743750 0.887500 0.741667 0.887500 0.737500 0.889063 0.735417 0.889063 0.733333 0.890625 0.731250 0.895312 0.731250 0.895312 0.685417 0.890625 0.685417 0.889063 0.683333 0.889063 0.681250 0.887500 0.679167 0.887500 0.675000 0.885938 0.672917 0.885938 0.670833 0.884375 0.668750 0.884375 0.664583 0.882812 0.662500 0.882812 0.658333 0.881250 0.656250 0.881250 0.654167 0.879687 0.652083 0.879687 0.650000 0.876562 0.645833 0.876562 0.643750 0.875000 0.641667 0.875000 0.639583 0.867188 0.629167 0.867188 0.627083 0.864062 0.622917 0.862500 0.622917 0.860937 0.620833 0.859375 0.620833 0.857813 0.618750 0.856250 0.618750 0.853125 0.614583 0.851562 0.614583 0.837500 0.595833 0.837500 0.593750 0.835938 0.591667 0.835938 0.575000 0.834375 0.572917 0.834375 0.568750 0.832812 0.566667 0.832812 0.564583 0.831250 0.562500 0.831250 0.560417 0.829687 0.558333 0.829687 0.547917 0.821875 0.537500 0.821875 0.535417 0.823438 0.533333 0.823438 0.531250 0.825000 0.529167 0.820312 0.529167 0.818750 0.527083 0.815625 0.527083 0.814062 0.529167 0.814062 0.533333 0.812500 0.535417 0.812500 0.537500 0.814062 0.539583 0.814062 0.541667 0.815625 0.543750 0.815625 0.545833 0.817187 0.547917 0.817187 0.550000 0.818750 0.552083 0.818750 0.554167 0.820312 0.556250 0.820312 0.575000 0.818750 0.577083 0.818750 0.581250 0.817187 0.583333 0.817187 0.585417 0.815625 0.587500 0.815625 0.589583 0.812500 0.593750 0.812500 0.595833 0.810938 0.597917 0.810938 0.600000 0.809375 0.602083 0.809375 0.608333 0.810938 0.610417 0.810938 0.612500 0.809375 0.614583 0.809375 0.622917 0.807813 0.625000 0.807813 0.629167 0.806250 0.631250 0.806250 0.633333 0.804688 0.635417 0.804688 0.647917 0.803125 0.650000 0.803125 0.654167 0.801562 0.656250 0.801562 0.658333 0.800000 0.660417 0.800000 0.666667 0.798437 0.668750 0.798437 0.670833 0.800000 0.672917 0.800000 0.679167 0.798437 0.681250 0.798437 0.683333 0.795313 0.687500 0.795313 0.691667 0.790625 0.697917 0.784375 0.697917 0.781250 0.693750 0.779688 0.693750 0.776563 0.689583 0.775000 0.689583 0.773438 0.687500 0.771875 0.687500 0.767187 0.681250 0.765625 0.681250 0.762500 0.677083 0.760938 0.677083 0.759375 0.675000 0.756250 0.675000 0.754687 0.672917 0.751562 0.672917 0.748438 0.668750 0.748438 0.660417 0.750000 0.658333 0.750000 0.656250 0.753125 0.652083 0.754687 0.652083 0.757812 0.647917 0.757812 0.645833 0.759375 0.643750 0.759375 0.639583 0.760938 0.637500 0.760938 0.631250 0.759375 0.629167 0.759375 0.620833 0.760938 0.618750 0.760938 0.614583 0.762500 0.612500 0.762500 0.606250 0.764063 0.604167 0.764063 0.593750 0.762500 0.591667 0.762500 0.589583 0.751562 0.575000 0.740625 0.575000 0.739062 0.572917 0.737500 0.572917 0.735937 0.570833 0.735937 0.568750 0.746875 0.554167 0.746875 0.550000 0.745313 0.547917 0.745313 0.537500 0.743750 0.535417 0.745313 0.533333 0.745313 0.529167 0.742188 0.525000 0.742188 0.522917 0.740625 0.520833
0 0.775000 0.587500 0.773438 0.589583 0.773438 0.593750 0.771875 0.595833 0.771875 0.597917 0.770312 0.600000 0.770312 0.602083 0.768750 0.604167 0.768750 0.608333 0.767187 0.610417 0.767187 0.614583 0.765625 0.616667 0.765625 0.627083 0.764063 0.629167 0.764063 0.637500 0.765625 0.639583 0.765625 0.641667 0.768750 0.645833 0.776563 0.645833 0.779688 0.641667 0.779688 0.639583 0.781250 0.637500 0.781250 0.627083 0.782812 0.625000 0.782812 0.622917 0.785937 0.618750 0.785937 0.616667 0.787500 0.614583 0.787500 0.612500 0.789062 0.610417 0.789062 0.608333 0.790625 0.606250 0.790625 0.597917 0.789062 0.595833 0.789062 0.593750 0.787500 0.591667 0.785937 0.591667 0.784375 0.589583 0.779688 0.589583 0.778125 0.587500 0.775000 0.587500 0.771875 0.583333 0.771875 0.581250 0.773438 0.579167 0.790625 0.547917 0.789062 0.545833 0.789062 0.541667 0.790625 0.539583 0.789062 0.535417 0.792188 0.535417 0.793750 0.533333 0.796875 0.533333 0.798437 0.531250 0.803125 0.531250 0.809375 0.522917 0.809375 0.514583 0.807813 0.512500 0.807813 0.508333 0.806250 0.506250 0.806250 0.491667 0.812500 0.483333 0.814062 0.483333 0.817187 0.479167 0.817187 0.475000 0.818750 0.472917 0.818750 0.470833 0.821875 0.466667 0.826563 0.466667 0.829687 0.470833 0.829687 0.472917 0.831250 0.475000 0.831250 0.477083 0.835938 0.483333 0.835938 0.485417 0.840625 0.491667 0.840625 0.493750 0.843750 0.497917 0.843750 0.500000 0.848437 0.506250 0.848437 0.508333 0.851562 0.512500 0.853125 0.512500 0.854688 0.514583 0.856250 0.514583 0.857813 0.516667 0.859375 0.516667 0.860937 0.514583 0.860937 0.510417 0.862500 0.508333 0.862500 0.493750 0.860937 0.491667 0.860937 0.489583 0.857813 0.485417 0.857813 0.483333 0.856250 0.481250 0.856250 0.479167 0.854688 0.477083 0.854688 0.475000 0.853125 0.472917 0.853125 0.470833 0.850000 0.466667 0.850000 0.464583 0.846875 0.460417 0.846875 0.458333 0.843750 0.454167 0.843750 0.452083 0.840625 0.447917 0.840625 0.445833 0.839063 0.443750 0.839063 0.441667 0.837500 0.439583 0.837500 0.437500 0.835938 0.435417 0.835938 0.433333 0.834375 0.431250 0.834375 0.429167 0.832812 0.427083 0.832812 0.425000 0.828125 0.418750 0.828125 0.406250 0.829687 0.404167 0.829687 0.397917 0.831250 0.395833 0.831250 0.368750 0.829687 0.366667 0.829687 0.362500 0.828125 0.360417 0.828125 0.354167 0.796875 0.354167 0.796875 0.362500 0.792188 0.368750 0.792188 0.370833 0.790625 0.372917 0.790625 0.375000 0.785937 0.381250 0.785937 0.385417 0.784375 0.387500 0.784375 0.389583 0.776563 0.400000 0.776563 0.402083 0.771875 0.408333 0.771875 0.410417 0.770312 0.412500 0.770312 0.414583 0.768750 0.416667 0.768750 0.422917 0.767187 0.425000 0.767187 0.431250 0.765625 0.433333 0.765625 0.437500 0.764063 0.439583 0.764063 0.441667 0.762500 0.443750 0.762500 0.452083 0.760938 0.454167 0.760938 0.472917 0.771875 0.487500 0.770312 0.489583 0.770312 0.491667 0.767187 0.495833 0.767187 0.504167 0.765625 0.506250 0.765625 0.508333 0.764063 0.510417 0.764063 0.512500 0.762500 0.514583 0.762500 0.516667 0.760938 0.518750 0.760938 0.522917 0.759375 0.525000 0.759375 0.529167 0.756250 0.533333 0.756250 0.550000 0.757812 0.552083 0.757812 0.556250 0.759375 0.558333 0.760938 0.558333 0.764063 0.562500 0.767187 0.562500 0.770312 0.558333 0.770312 0.556250 0.773438 0.552083 0.773438 0.550000 0.775000 0.547917 0.775000 0.543750 0.776563 0.541667 0.776563 0.537500 0.782812 0.529167 0.784375 0.529167 0.789062 0.535417 0.790625 0.539583 0.790625 0.547917 0.773438 0.579167 0.771875 0.579167 0.771875 0.583333
1 0.446875 0.447917 0.446875 0.450000 0.445312 0.452083 0.445312 0.454167 0.443750 0.456250 0.443750 0.458333 0.442187 0.460417 0.442187 0.464583 0.440625 0.466667 0.440625 0.479167 0.439063 0.481250 0.439063 0.485417 0.437500 0.487500 0.437500 0.489583 0.435937 0.491667 0.435937 0.493750 0.429688 0.502083 0.423438 0.502083 0.421875 0.500000 0.415625 0.500000 0.415625 0.533333 0.420312 0.533333 0.423438 0.537500 0.423438 0.539583 0.425000 0.541667 0.425000 0.543750 0.426562 0.545833 0.432813 0.545833 0.437500 0.539583 0.437500 0.537500 0.439063 0.535417 0.440625 0.535417 0.442187 0.537500 0.442187 0.539583 0.443750 0.541667 0.443750 0.543750 0.450000 0.552083 0.450000 0.560417 0.453125 0.560417 0.453125 0.554167 0.457812 0.547917 0.464063 0.547917 0.464063 0.483333 0.457812 0.483333 0.454688 0.479167 0.454688 0.460417 0.453125 0.458333 0.453125 0.452083 0.451562 0.450000 0.451562 0.447917
1 0.884375 0.712500 0.882812 0.714583 0.882812 0.718750 0.881250 0.720833 0.881250 0.722917 0.879687 0.725000 0.879687 0.727083 0.876562 0.731250 0.875000 0.729167 0.873438 0.729167 0.871875 0.727083 0.870313 0.727083 0.870313 0.743750 0.887500 0.743750 0.887500 0.731250 0.889063 0.729167 0.889063 0.718750 0.884375 0.712500 0.851562 0.610417 0.889063 0.656250 0.889063 0.658333 0.887500 0.660417 0.887500 0.672917 0.889063 0.675000 0.889063 0.683333 0.890625 0.685417 0.892187 0.683333 0.896875 0.683333 0.898438 0.681250 0.912500 0.681250 0.914062 0.679167 0.915625 0.679167 0.917188 0.677083 0.915625 0.675000 0.915625 0.664583 0.917188 0.662500 0.917188 0.660417 0.918750 0.658333 0.920313 0.658333 0.923437 0.662500 0.923437 0.664583 0.925000 0.666667 0.925000 0.668750 0.926562 0.670833 0.926562 0.672917 0.928125 0.675000 0.928125 0.679167 0.929688 0.681250 0.929688 0.685417 0.931250 0.687500 0.931250 0.693750 0.932813 0.695833 0.932813 0.697917 0.934375 0.700000 0.934375 0.702083 0.937500 0.706250 0.937500 0.710417 0.939062 0.712500 0.939062 0.714583 0.942187 0.718750 0.942187 0.720833 0.951563 0.733333 0.953125 0.733333 0.954687 0.735417 0.954687 0.743750 0.975000 0.743750 0.975000 0.735417 0.976562 0.733333 0.978125 0.733333 0.981250 0.729167 0.982813 0.729167 0.982813 0.727083 0.989062 0.718750 0.989062 0.716667 0.990625 0.714583 0.990625 0.712500 0.992188 0.710417 0.992188 0.704167 0.993750 0.702083 0.993750 0.691667 0.995313 0.689583 0.995313 0.668750 0.996875 0.666667 0.998438 0.666667 0.998438 0.658333 0.996875 0.658333 0.995313 0.656250 0.995313 0.652083 0.996875 0.650000 0.998438 0.650000 0.998438 0.614583 0.993750 0.614583 0.992188 0.612500 0.990625 0.612500 0.987500 0.608333 0.987500 0.606250 0.985937 0.604167 0.985937 0.602083 0.976562 0.589583 0.975000 0.589583 0.973437 0.587500 0.970312 0.587500 0.968750 0.585417 0.967188 0.585417 0.965625 0.583333 0.964063 0.583333 0.960938 0.579167 0.959375 0.579167 0.957812 0.577083 0.957812 0.575000 0.956250 0.572917 0.956250 0.562500 0.957812 0.560417 0.957812 0.558333 0.962500 0.552083 0.962500 0.550000 0.965625 0.545833 0.964063 0.543750 0.960938 0.543750 0.959375 0.541667 0.946875 0.541667 0.943750 0.545833 0.943750 0.550000 0.942187 0.552083 0.942187 0.554167 0.940625 0.556250 0.939062 0.556250 0.934375 0.562500 0.932813 0.562500 0.934375 0.564583 0.934375 0.570833 0.931250 0.575000 0.931250 0.577083 0.929688 0.579167 0.929688 0.581250 0.926562 0.585417 0.926562 0.587500 0.923437 0.591667 0.923437 0.593750 0.921875 0.595833 0.921875 0.597917 0.918750 0.602083 0.918750 0.604167 0.917188 0.606250 0.917188 0.608333 0.915625 0.610417 0.915625 0.614583 0.914062 0.616667 0.914062 0.627083 0.912500 0.629167 0.912500 0.637500 0.914062 0.639583 0.914062 0.641667 0.915625 0.643750 0.915625 0.658333 0.914062 0.660417 0.914062 0.664583 0.910937 0.668750 0.906250 0.668750 0.904688 0.666667 0.903125 0.666667 0.901563 0.664583 0.895312 0.664583 0.889063 0.656250 0.851562 0.610417 0.856250 0.604167 0.856250 0.602083 0.857813 0.600000 0.857813 0.597917 0.859375 0.595833 0.851562 0.585417 0.846875 0.585417 0.846875 0.610417 0.851562 0.610417
9 0.156250 0.095833 0.156250 0.102083 0.153125 0.106250 0.153125 0.108333 0.151562 0.110417 0.146875 0.110417 0.146875 0.172917 0.151562 0.172917 0.153125 0.175000 0.153125 0.179167 0.156250 0.183333 0.156250 0.185417 0.157813 0.187500 0.157813 0.189583 0.159375 0.191667 0.159375 0.200000 0.160938 0.202083 0.160938 0.212500 0.162500 0.214583 0.162500 0.216667 0.164062 0.218750 0.164062 0.220833 0.167187 0.225000 0.167187 0.227083 0.168750 0.229167 0.168750 0.235417 0.203125 0.235417 0.203125 0.229167 0.204688 0.227083 0.204688 0.225000 0.209375 0.218750 0.214062 0.218750 0.214062 0.116667 0.207813 0.116667 0.201562 0.108333 0.200000 0.108333 0.198437 0.106250 0.196875 0.106250 0.193750 0.102083 0.193750 0.095833
2 0.379687 0.395833 0.379687 0.404167 0.375000 0.410417 0.375000 0.412500 0.373437 0.414583 0.373437 0.420833 0.370313 0.425000 0.365625 0.425000 0.365625 0.445833 0.378125 0.445833 0.381250 0.450000 0.381250 0.452083 0.382812 0.454167 0.382812 0.468750 0.403125 0.468750 0.403125 0.460417 0.404687 0.458333 0.404687 0.456250 0.412500 0.445833 0.414062 0.445833 0.415625 0.443750 0.417188 0.443750 0.420312 0.439583 0.426562 0.439583 0.426562 0.431250 0.421875 0.431250 0.420312 0.429167 0.421875 0.427083 0.426562 0.427083 0.426562 0.404167 0.421875 0.404167 0.420312 0.402083 0.420312 0.395833
2 0.292188 0.412500 0.292188 0.420833 0.289062 0.425000 0.287500 0.425000 0.285937 0.427083 0.284375 0.427083 0.282813 0.429167 0.278125 0.429167 0.278125 0.445833 0.285937 0.445833 0.287500 0.447917 0.290625 0.447917 0.292188 0.450000 0.298438 0.450000 0.300000 0.447917 0.315625 0.447917 0.317187 0.450000 0.318750 0.450000 0.320312 0.452083 0.320312 0.460417 0.323438 0.460417 0.323438 0.454167 0.326562 0.450000 0.331250 0.450000 0.332812 0.447917 0.334375 0.447917 0.335938 0.450000 0.340625 0.450000 0.343750 0.454167 0.343750 0.460417 0.357812 0.460417 0.357812 0.433333 0.351562 0.433333 0.345313 0.425000 0.342187 0.425000 0.337500 0.418750 0.337500 0.412500
0 0.439063 0.362500 0.439063 0.368750 0.437500 0.370833 0.437500 0.372917 0.435937 0.375000 0.435937 0.377083 0.432813 0.381250 0.432813 0.383333 0.431250 0.385417 0.431250 0.387500 0.429688 0.389583 0.429688 0.391667 0.428125 0.393750 0.428125 0.395833 0.426562 0.397917 0.426562 0.400000 0.425000 0.402083 0.425000 0.408333 0.423438 0.410417 0.423438 0.429167 0.421875 0.431250 0.421875 0.433333 0.420312 0.435417 0.415625 0.435417 0.415625 0.445833 0.420312 0.445833 0.423438 0.450000 0.423438 0.454167 0.425000 0.456250 0.425000 0.485417 0.423438 0.487500 0.423438 0.497917 0.420312 0.502083 0.415625 0.502083 0.415625 0.506250 0.421875 0.506250 0.425000 0.502083 0.426562 0.502083 0.428125 0.500000 0.428125 0.495833 0.431250 0.491667 0.431250 0.489583 0.432813 0.487500 0.432813 0.485417 0.434375 0.483333 0.434375 0.477083 0.435937 0.475000 0.435937 0.470833 0.437500 0.468750 0.437500 0.462500 0.439063 0.460417 0.439063 0.456250 0.442187 0.452083 0.442187 0.450000 0.446875 0.443750 0.446875 0.441667 0.448438 0.439583 0.448438 0.435417 0.450000 0.433333 0.450000 0.431250 0.453125 0.427083 0.454688 0.427083 0.456250 0.425000 0.457812 0.425000 0.457812 0.422917 0.460938 0.418750 0.460938 0.416667 0.462500 0.414583 0.462500 0.412500 0.464063 0.410417 0.464063 0.408333 0.465625 0.406250 0.470313 0.406250 0.470313 0.402083 0.465625 0.402083 0.464063 0.400000 0.464063 0.397917 0.462500 0.395833 0.462500 0.393750 0.460938 0.391667 0.460938 0.389583 0.459375 0.387500 0.459375 0.372917 0.457812 0.370833 0.457812 0.362500
0 0.221875 0.395833 0.221875 0.452083 0.239063 0.452083 0.239063 0.395833
1 0.240625 0.437500 0.240625 0.485417 0.270312 0.485417 0.270312 0.458333 0.264062 0.458333 0.262500 0.456250 0.262500 0.454167 0.260938 0.452083 0.260938 0.447917 0.259375 0.445833 0.259375 0.437500
9 0.371875 0.287500 0.371875 0.335417 0.389062 0.335417 0.389062 0.287500
9 0.128125 0.062500 0.128125 0.145833 0.132812 0.145833 0.135937 0.150000 0.135937 0.156250 0.134375 0.158333 0.134375 0.168750 0.135937 0.170833 0.135937 0.172917 0.139062 0.177083 0.140625 0.177083 0.142188 0.175000 0.142188 0.172917 0.143750 0.170833 0.148438 0.170833 0.153125 0.177083 0.153125 0.179167 0.154687 0.181250 0.154687 0.183333 0.157813 0.187500 0.157813 0.191667 0.159375 0.193750 0.159375 0.204167 0.160938 0.206250 0.160938 0.210417 0.162500 0.212500 0.162500 0.216667 0.164062 0.218750 0.164062 0.220833 0.168750 0.227083 0.168750 0.235417 0.203125 0.235417 0.203125 0.227083 0.209375 0.218750 0.214062 0.218750 0.214062 0.116667 0.209375 0.116667 0.206250 0.112500 0.204688 0.112500 0.201562 0.108333 0.200000 0.108333 0.198437 0.106250 0.196875 0.106250 0.195312 0.104167 0.195312 0.102083 0.193750 0.100000 0.193750 0.097917 0.192188 0.095833 0.192188 0.075000 0.190625 0.072917 0.190625 0.062500
2 0.315625 0.412500 0.315625 0.443750 0.320312 0.443750 0.321875 0.445833 0.323438 0.445833 0.325000 0.447917 0.339063 0.447917 0.343750 0.454167 0.343750 0.460417 0.357812 0.460417 0.357812 0.433333 0.351562 0.433333 0.348437 0.429167 0.348437 0.427083 0.346875 0.427083 0.345313 0.425000 0.343750 0.425000 0.340625 0.420833 0.340625 0.412500
1 0.240625 0.420833 0.240625 0.485417 0.270312 0.485417 0.270312 0.458333 0.264062 0.458333 0.262500 0.456250 0.262500 0.454167 0.260938 0.452083 0.260938 0.447917 0.259375 0.445833 0.259375 0.420833
0 0.751562 0.395833 0.751562 0.420833 0.750000 0.422917 0.750000 0.425000 0.748438 0.427083 0.748438 0.429167 0.740625 0.439583 0.740625 0.441667 0.737500 0.445833 0.737500 0.447917 0.726562 0.462500 0.721875 0.462500 0.721875 0.497917 0.731250 0.497917 0.732813 0.500000 0.735937 0.500000 0.739062 0.504167 0.739062 0.510417 0.740625 0.510417 0.740625 0.502083 0.742188 0.500000 0.743750 0.500000 0.754687 0.485417 0.754687 0.481250 0.756250 0.479167 0.756250 0.472917 0.757812 0.470833 0.757812 0.466667 0.759375 0.464583 0.759375 0.450000 0.760938 0.447917 0.760938 0.437500 0.762500 0.435417 0.762500 0.433333 0.765625 0.429167 0.770312 0.429167 0.770312 0.395833
0 0.431250 0.379167 0.431250 0.387500 0.429688 0.389583 0.429688 0.391667 0.428125 0.393750 0.428125 0.395833 0.426562 0.397917 0.426562 0.400000 0.425000 0.402083 0.425000 0.408333 0.423438 0.410417 0.423438 0.414583 0.420312 0.418750 0.415625 0.418750 0.415625 0.447917 0.420312 0.447917 0.423438 0.452083 0.423438 0.454167 0.425000 0.456250 0.425000 0.485417 0.423438 0.487500 0.423438 0.491667 0.420312 0.495833 0.415625 0.495833 0.415625 0.518750 0.428125 0.518750 0.428125 0.504167 0.429688 0.502083 0.429688 0.497917 0.431250 0.495833 0.431250 0.493750 0.432813 0.491667 0.432813 0.487500 0.434375 0.485417 0.434375 0.479167 0.435937 0.477083 0.435937 0.472917 0.437500 0.470833 0.437500 0.466667 0.439063 0.464583 0.439063 0.460417 0.440625 0.458333 0.440625 0.454167 0.442187 0.452083 0.442187 0.450000 0.443750 0.447917 0.443750 0.443750 0.445312 0.441667 0.445312 0.435417 0.443750 0.433333 0.443750 0.418750 0.446875 0.414583 0.451562 0.414583 0.451562 0.379167
9 0.365625 0.279167 0.365625 0.335417 0.389062 0.335417 0.389062 0.279167
