2 0.985937 0.380562 0.984375 0.382904 0.978125 0.382904 0.976562 0.385246 0.973437 0.385246 0.968750 0.392272 0.967188 0.392272 0.965625 0.394614 0.964063 0.394614 0.962500 0.396955 0.959375 0.396955 0.957812 0.399297 0.954687 0.399297 0.953125 0.401639 0.950000 0.401639 0.948438 0.403981 0.945312 0.403981 0.943750 0.406323 0.942187 0.406323 0.940625 0.408665 0.939062 0.408665 0.937500 0.411007 0.935938 0.411007 0.934375 0.413349 0.932813 0.413349 0.931250 0.415691 0.929688 0.415691 0.928125 0.418033 0.923437 0.418033 0.921875 0.420375 0.918750 0.420375 0.917188 0.422717 0.914062 0.422717 0.912500 0.425059 0.910937 0.425059 0.907812 0.429742 0.906250 0.429742 0.904688 0.432084 0.903125 0.432084 0.901563 0.434426 0.900000 0.434426 0.898438 0.436768 0.896875 0.436768 0.895312 0.439110 0.893750 0.439110 0.892187 0.441452 0.890625 0.441452 0.889063 0.443794 0.887500 0.443794 0.885938 0.446136 0.884375 0.446136 0.882812 0.448478 0.881250 0.448478 0.878125 0.453162 0.876562 0.453162 0.875000 0.455504 0.871875 0.455504 0.870313 0.457845 0.868750 0.457845 0.865625 0.462529 0.864062 0.462529 0.862500 0.464871 0.860937 0.464871 0.857813 0.469555 0.856250 0.469555 0.853125 0.474239 0.851562 0.474239 0.845312 0.483607 0.843750 0.483607 0.832812 0.500000 0.831250 0.500000 0.820312 0.516393 0.820312 0.518735 0.818750 0.521077 0.818750 0.523419 0.817187 0.525761 0.817187 0.528103 0.814062 0.532787 0.814062 0.535129 0.812500 0.537471 0.812500 0.539813 0.810938 0.542155 0.810938 0.546838 0.807813 0.551522 0.807813 0.553864 0.804688 0.558548 0.804688 0.560890 0.803125 0.563232 0.803125 0.565574 0.801562 0.567916 0.801562 0.572600 0.800000 0.574941 0.800000 0.579625 0.798437 0.581967 0.798437 0.586651 0.796875 0.588993 0.796875 0.598361 0.795313 0.600703 0.795313 0.605386 0.793750 0.607728 0.793750 0.610070 0.790625 0.614754 0.790625 0.617096 0.785937 0.624122 0.785937 0.626464 0.784375 0.628806 0.784375 0.631148 0.782812 0.633489 0.782812 0.635831 0.781250 0.638173 0.781250 0.640515 0.779688 0.642857 0.779688 0.645199 0.778125 0.647541 0.778125 0.649883 0.776563 0.652225 0.776563 0.656909 0.775000 0.659251 0.775000 0.677986 0.773438 0.680328 0.773438 0.708431 0.771875 0.710773 0.771875 0.724824 0.770312 0.727166 0.770312 0.745902 0.768750 0.748244 0.768750 0.792740 0.767187 0.795082 0.767187 0.933255 0.765625 0.935597 0.765625 0.942623 0.764063 0.944965 0.759375 0.944965 0.759375 0.998829 0.998438 0.998829 0.998438 0.380562
0 0.439063 0.485948 0.442187 0.481265 0.442187 0.474239 0.443750 0.471897 0.443750 0.467213 0.442187 0.467213 0.437500 0.460187 0.435937 0.460187 0.434375 0.457845 0.432813 0.457845 0.431250 0.455504 0.428125 0.455504 0.426562 0.453162 0.415625 0.453162 0.414062 0.455504 0.407813 0.455504 0.406250 0.457845 0.404687 0.457845 0.403125 0.460187 0.396875 0.460187 0.396875 0.478923 0.404687 0.478923 0.406250 0.481265 0.407813 0.481265 0.409375 0.483607 0.410937 0.483607 0.412500 0.485948 0.414062 0.485948 0.415625 0.488290 0.418750 0.488290 0.420312 0.490632 0.431250 0.490632 0.432813 0.488290 0.435937 0.488290 0.437500 0.485948 0.439063 0.485948 0.460938 0.530445 0.457812 0.535129 0.456250 0.535129 0.454688 0.537471 0.453125 0.537471 0.450000 0.542155 0.448438 0.542155 0.442187 0.551522 0.442187 0.553864 0.440625 0.556206 0.440625 0.558548 0.439063 0.560890 0.439063 0.567916 0.437500 0.570258 0.437500 0.607728 0.439063 0.610070 0.439063 0.621780 0.440625 0.624122 0.440625 0.642857 0.442187 0.645199 0.442187 0.675644 0.443750 0.677986 0.443750 0.694379 0.445312 0.696721 0.445312 0.703747 0.446875 0.706089 0.446875 0.745902 0.442187 0.752927 0.442187 0.755269 0.437500 0.762295 0.437500 0.764637 0.435937 0.766979 0.435937 0.785714 0.437500 0.788056 0.437500 0.797424 0.439063 0.799766 0.439063 0.806792 0.440625 0.809133 0.440625 0.811475 0.442187 0.813817 0.442187 0.818501 0.443750 0.820843 0.443750 0.827869 0.445312 0.830211 0.445312 0.834895 0.446875 0.837237 0.446875 0.841920 0.448438 0.844262 0.448438 0.846604 0.450000 0.848946 0.450000 0.853630 0.451562 0.855972 0.451562 0.858314 0.453125 0.860656 0.453125 0.865340 0.454688 0.867682 0.454688 0.870023 0.453125 0.872365 0.453125 0.886417 0.451562 0.888759 0.451562 0.902810 0.450000 0.905152 0.450000 0.907494 0.451562 0.909836 0.451562 0.914520 0.454688 0.919204 0.456250 0.919204 0.457812 0.921546 0.475000 0.921546 0.476562 0.919204 0.484375 0.919204 0.485938 0.916862 0.492188 0.916862 0.493750 0.914520 0.495313 0.914520 0.496875 0.912178 0.498437 0.912178 0.501562 0.907494 0.503125 0.907494 0.506250 0.902810 0.506250 0.900468 0.510938 0.893443 0.512500 0.893443 0.515625 0.888759 0.517187 0.888759 0.525000 0.877049 0.525000 0.874707 0.526563 0.872365 0.526563 0.870023 0.528125 0.867682 0.528125 0.862998 0.529688 0.860656 0.529688 0.844262 0.528125 0.841920 0.528125 0.837237 0.526563 0.834895 0.526563 0.832553 0.525000 0.830211 0.525000 0.827869 0.523438 0.825527 0.523438 0.823185 0.521875 0.820843 0.521875 0.818501 0.520312 0.816159 0.520312 0.813817 0.518750 0.811475 0.518750 0.797424 0.517187 0.795082 0.517187 0.785714 0.515625 0.783372 0.515625 0.755269 0.514063 0.752927 0.514063 0.745902 0.512500 0.743560 0.512500 0.736534 0.510938 0.734192 0.510938 0.729508 0.509375 0.727166 0.509375 0.715457 0.507812 0.713115 0.507812 0.682670 0.509375 0.680328 0.509375 0.663934 0.510938 0.661592 0.510938 0.647541 0.512500 0.645199 0.512500 0.638173 0.510938 0.635831 0.512500 0.633489 0.512500 0.617096 0.518750 0.607728 0.520312 0.607728 0.521875 0.605386 0.523438 0.605386 0.525000 0.603045 0.532812 0.603045 0.534375 0.600703 0.540625 0.600703 0.542188 0.598361 0.553125 0.598361 0.554688 0.600703 0.562500 0.600703 0.564062 0.603045 0.565625 0.603045 0.567187 0.600703 0.618750 0.600703 0.620313 0.603045 0.621875 0.603045 0.623438 0.605386 0.625000 0.605386 0.634375 0.619438 0.634375 0.621780 0.635938 0.624122 0.635938 0.635831 0.637500 0.638173 0.637500 0.654567 0.635938 0.656909 0.635938 0.699063 0.634375 0.701405 0.634375 0.713115 0.632812 0.715457 0.632812 0.741218 0.631250 0.743560 0.631250 0.764637 0.629687 0.766979 0.629687 0.778689 0.628125 0.781030 0.628125 0.795082 0.626562 0.797424 0.626562 0.823185 0.625000 0.825527 0.625000 0.837237 0.623438 0.839578 0.623438 0.855972 0.621875 0.858314 0.621875 0.860656 0.618750 0.865340 0.617188 0.865340 0.615625 0.867682 0.615625 0.870023 0.618750 0.874707 0.618750 0.877049 0.628125 0.891101 0.628125 0.893443 0.631250 0.898126 0.631250 0.900468 0.635938 0.907494 0.635938 0.909836 0.640625 0.916862 0.642187 0.916862 0.645312 0.921546 0.648438 0.921546 0.651563 0.926230 0.651563 0.933255 0.684375 0.933255 0.684375 0.923888 0.689062 0.916862 0.689062 0.912178 0.690625 0.909836 0.690625 0.893443 0.689062 0.891101 0.689062 0.886417 0.687500 0.884075 0.687500 0.879391 0.685938 0.877049 0.685938 0.872365 0.684375 0.870023 0.684375 0.865340 0.682813 0.862998 0.682813 0.855972 0.681250 0.853630 0.681250 0.841920 0.679688 0.839578 0.679688 0.813817 0.681250 0.811475 0.681250 0.802108 0.682813 0.799766 0.682813 0.797424 0.684375 0.795082 0.684375 0.783372 0.685938 0.781030 0.685938 0.757611 0.687500 0.755269 0.687500 0.743560 0.689062 0.741218 0.689062 0.734192 0.690625 0.731850 0.690625 0.724824 0.692187 0.722482 0.692187 0.710773 0.693750 0.708431 0.693750 0.689696 0.695312 0.687354 0.695312 0.680328 0.696875 0.677986 0.696875 0.670960 0.698438 0.668618 0.698438 0.656909 0.700000 0.654567 0.700000 0.603045 0.698438 0.600703 0.698438 0.579625 0.696875 0.577283 0.696875 0.570258 0.695312 0.567916 0.695312 0.560890 0.693750 0.558548 0.693750 0.549180 0.692187 0.546838 0.692187 0.544496 0.690625 0.542155 0.690625 0.539813 0.689062 0.537471 0.689062 0.535129 0.687500 0.532787 0.687500 0.530445 0.689062 0.528103 0.689062 0.516393 0.690625 0.514051 0.690625 0.511710 0.692187 0.509368 0.692187 0.504684 0.693750 0.502342 0.693750 0.492974 0.695312 0.490632 0.695312 0.481265 0.696875 0.478923 0.696875 0.471897 0.698438 0.469555 0.698438 0.464871 0.700000 0.462529 0.700000 0.434426 0.701563 0.432084 0.701563 0.418033 0.700000 0.415691 0.700000 0.411007 0.698438 0.408665 0.698438 0.403981 0.696875 0.401639 0.696875 0.399297 0.695312 0.396955 0.695312 0.392272 0.693750 0.389930 0.693750 0.368852 0.692187 0.366511 0.692187 0.352459 0.690625 0.350117 0.690625 0.345433 0.689062 0.343091 0.689062 0.340749 0.687500 0.338407 0.687500 0.333724 0.685938 0.331382 0.685938 0.322014 0.684375 0.319672 0.684375 0.312646 0.682813 0.310304 0.682813 0.307963 0.681250 0.305621 0.681250 0.300937 0.679688 0.298595 0.679688 0.296253 0.678125 0.293911 0.678125 0.291569 0.673437 0.284543 0.673437 0.282201 0.670313 0.277518 0.670313 0.275176 0.668750 0.272834 0.668750 0.270492 0.659375 0.256440 0.657812 0.256440 0.656250 0.254098 0.654688 0.254098 0.653125 0.251756 0.651563 0.251756 0.650000 0.249415 0.648438 0.249415 0.646875 0.247073 0.643750 0.247073 0.642187 0.244731 0.639063 0.244731 0.623438 0.221311 0.623438 0.214286 0.625000 0.211944 0.625000 0.209602 0.626562 0.207260 0.626562 0.204918 0.628125 0.202576 0.628125 0.200234 0.629687 0.197892 0.629687 0.195550 0.631250 0.193208 0.631250 0.188525 0.632812 0.186183 0.632812 0.183841 0.634375 0.181499 0.634375 0.179157 0.635938 0.176815 0.635938 0.172131 0.637500 0.169789 0.637500 0.160422 0.639063 0.158080 0.639063 0.151054 0.637500 0.148712 0.637500 0.144028 0.639063 0.141686 0.639063 0.137002 0.640625 0.134660 0.640625 0.132318 0.642187 0.129977 0.643750 0.129977 0.643750 0.127635 0.642187 0.125293 0.642187 0.120609 0.634375 0.108899 0.632812 0.108899 0.631250 0.106557 0.629687 0.106557 0.628125 0.104215 0.626562 0.104215 0.625000 0.101874 0.623438 0.101874 0.621875 0.099532 0.620313 0.099532 0.618750 0.097190 0.617188 0.097190 0.615625 0.094848 0.614062 0.094848 0.610937 0.090164 0.610937 0.083138 0.581250 0.083138 0.581250 0.090164 0.578125 0.094848 0.576563 0.094848 0.562500 0.115925 0.562500 0.118267 0.560938 0.120609 0.560938 0.122951 0.559375 0.125293 0.559375 0.127635 0.557813 0.129977 0.557813 0.144028 0.559375 0.146370 0.559375 0.151054 0.560938 0.153396 0.560938 0.162763 0.562500 0.165105 0.562500 0.181499 0.564062 0.183841 0.564062 0.204918 0.565625 0.207260 0.565625 0.216628 0.567187 0.218970 0.567187 0.230679 0.565625 0.233021 0.565625 0.235363 0.564062 0.237705 0.562500 0.237705 0.559375 0.242389 0.557813 0.242389 0.556250 0.244731 0.553125 0.244731 0.551562 0.247073 0.546875 0.247073 0.545313 0.249415 0.540625 0.249415 0.539062 0.251756 0.537500 0.251756 0.535937 0.254098 0.534375 0.254098 0.532812 0.256440 0.531250 0.256440 0.528125 0.261124 0.526563 0.261124 0.523438 0.265808 0.521875 0.265808 0.520312 0.268150 0.520312 0.270492 0.518750 0.272834 0.518750 0.275176 0.517187 0.277518 0.517187 0.289227 0.515625 0.291569 0.515625 0.352459 0.514063 0.354801 0.514063 0.359485 0.512500 0.361827 0.512500 0.371194 0.510938 0.373536 0.510938 0.389930 0.509375 0.392272 0.509375 0.408665 0.507812 0.411007 0.509375 0.413349 0.509375 0.429742 0.510938 0.432084 0.510938 0.434426 0.512500 0.436768 0.512500 0.457845 0.515625 0.462529 0.515625 0.467213 0.514063 0.469555 0.514063 0.471897 0.512500 0.474239 0.512500 0.478923 0.510938 0.481265 0.510938 0.488290 0.509375 0.490632 0.509375 0.495316 0.501562 0.507026 0.498437 0.507026 0.496875 0.509368 0.493750 0.509368 0.492188 0.511710 0.490625 0.511710 0.489062 0.514051 0.487500 0.514051 0.485938 0.516393 0.484375 0.516393 0.482812 0.518735 0.478125 0.518735 0.476562 0.521077 0.475000 0.521077 0.473437 0.523419 0.471875 0.523419 0.470313 0.525761 0.467187 0.525761 0.465625 0.528103 0.464063 0.528103 0.462500 0.530445 0.460938 0.530445
0 0.765625 0.000000 0.765625 0.008197 0.764063 0.010539 0.764063 0.012881 0.762500 0.015222 0.762500 0.017564 0.760938 0.019906 0.760938 0.029274 0.759375 0.031616 0.759375 0.033958 0.760938 0.036300 0.760938 0.040984 0.762500 0.043326 0.762500 0.048009 0.764063 0.050351 0.764063 0.064403 0.760938 0.069087 0.760938 0.071429 0.756250 0.078454 0.754687 0.078454 0.754687 0.080796 0.748438 0.090164 0.746875 0.090164 0.743750 0.094848 0.742188 0.094848 0.739062 0.099532 0.737500 0.099532 0.732813 0.106557 0.731250 0.106557 0.725000 0.115925 0.725000 0.118267 0.717188 0.129977 0.717188 0.132318 0.707812 0.146370 0.707812 0.148712 0.706250 0.151054 0.706250 0.153396 0.704687 0.155738 0.704687 0.158080 0.703125 0.160422 0.703125 0.162763 0.701563 0.165105 0.701563 0.167447 0.700000 0.169789 0.700000 0.172131 0.698438 0.174473 0.698438 0.176815 0.693750 0.183841 0.692187 0.183841 0.690625 0.186183 0.684375 0.186183 0.684375 0.214286 0.690625 0.214286 0.695312 0.221311 0.696875 0.221311 0.698438 0.223653 0.703125 0.223653 0.704687 0.225995 0.707812 0.225995 0.712500 0.233021 0.712500 0.237705 0.710938 0.240047 0.710938 0.249415 0.709375 0.251756 0.709375 0.261124 0.707812 0.263466 0.707812 0.270492 0.706250 0.272834 0.706250 0.282201 0.704687 0.284543 0.704687 0.293911 0.703125 0.296253 0.703125 0.305621 0.701563 0.307963 0.701563 0.312646 0.700000 0.314988 0.700000 0.322014 0.698438 0.324356 0.698438 0.331382 0.696875 0.333724 0.696875 0.340749 0.695312 0.343091 0.695312 0.368852 0.696875 0.371194 0.696875 0.392272 0.698438 0.394614 0.698438 0.396955 0.700000 0.399297 0.700000 0.401639 0.701563 0.403981 0.701563 0.408665 0.703125 0.411007 0.703125 0.415691 0.706250 0.420375 0.706250 0.425059 0.707812 0.427400 0.707812 0.434426 0.709375 0.436768 0.709375 0.439110 0.707812 0.441452 0.707812 0.450820 0.706250 0.453162 0.706250 0.460187 0.707812 0.462529 0.709375 0.462529 0.710938 0.464871 0.712500 0.464871 0.715625 0.469555 0.718750 0.464871 0.718750 0.460187 0.720312 0.457845 0.720312 0.455504 0.723437 0.450820 0.723437 0.448478 0.725000 0.446136 0.725000 0.443794 0.726562 0.441452 0.726562 0.439110 0.728125 0.436768 0.728125 0.434426 0.729688 0.432084 0.729688 0.429742 0.731250 0.427400 0.731250 0.422717 0.732813 0.420375 0.732813 0.418033 0.734375 0.415691 0.735937 0.415691 0.740625 0.408665 0.743750 0.408665 0.745313 0.406323 0.750000 0.406323 0.751562 0.403981 0.757812 0.403981 0.760938 0.408665 0.760938 0.418033 0.759375 0.420375 0.759375 0.429742 0.757812 0.432084 0.757812 0.439110 0.756250 0.441452 0.756250 0.476581 0.754687 0.478923 0.754687 0.488290 0.756250 0.490632 0.756250 0.497658 0.759375 0.502342 0.759375 0.514051 0.757812 0.516393 0.757812 0.518735 0.756250 0.521077 0.756250 0.528103 0.754687 0.530445 0.754687 0.539813 0.753125 0.542155 0.753125 0.544496 0.750000 0.549180 0.750000 0.551522 0.748438 0.553864 0.748438 0.556206 0.746875 0.558548 0.746875 0.560890 0.742188 0.567916 0.742188 0.588993 0.743750 0.591335 0.743750 0.596019 0.745313 0.598361 0.745313 0.600703 0.748438 0.605386 0.750000 0.605386 0.751562 0.607728 0.753125 0.607728 0.754687 0.610070 0.757812 0.610070 0.759375 0.612412 0.762500 0.612412 0.765625 0.617096 0.765625 0.624122 0.785937 0.624122 0.785937 0.617096 0.789062 0.612412 0.789062 0.610070 0.790625 0.607728 0.790625 0.600703 0.792188 0.598361 0.792188 0.596019 0.790625 0.593677 0.790625 0.588993 0.789062 0.586651 0.789062 0.584309 0.785937 0.579625 0.785937 0.577283 0.784375 0.574941 0.784375 0.572600 0.782812 0.570258 0.782812 0.565574 0.781250 0.563232 0.781250 0.532787 0.782812 0.530445 0.782812 0.525761 0.785937 0.521077 0.785937 0.518735 0.787500 0.516393 0.787500 0.514051 0.792188 0.507026 0.793750 0.507026 0.795313 0.504684 0.814062 0.504684 0.814062 0.413349 0.809375 0.413349 0.807813 0.411007 0.807813 0.389930 0.806250 0.387588 0.806250 0.380562 0.804688 0.378220 0.804688 0.373536 0.803125 0.371194 0.803125 0.368852 0.801562 0.366511 0.801562 0.359485 0.800000 0.357143 0.800000 0.350117 0.798437 0.347775 0.798437 0.336066 0.796875 0.333724 0.796875 0.324356 0.795313 0.322014 0.795313 0.317330 0.793750 0.314988 0.793750 0.310304 0.792188 0.307963 0.792188 0.303279 0.790625 0.300937 0.790625 0.296253 0.789062 0.293911 0.789062 0.289227 0.787500 0.286885 0.787500 0.279859 0.785937 0.277518 0.785937 0.254098 0.787500 0.251756 0.787500 0.235363 0.789062 0.233021 0.789062 0.225995 0.790625 0.223653 0.796875 0.223653 0.798437 0.225995 0.814062 0.225995 0.814062 0.204918 0.809375 0.204918 0.807813 0.202576 0.806250 0.202576 0.804688 0.200234 0.803125 0.200234 0.801562 0.197892 0.800000 0.197892 0.798437 0.195550 0.798437 0.193208 0.796875 0.190867 0.796875 0.183841 0.798437 0.181499 0.798437 0.174473 0.800000 0.172131 0.800000 0.169789 0.801562 0.167447 0.801562 0.144028 0.803125 0.141686 0.803125 0.137002 0.804688 0.134660 0.804688 0.118267 0.803125 0.115925 0.803125 0.113583 0.801562 0.111241 0.801562 0.108899 0.796875 0.101874 0.796875 0.099532 0.798437 0.097190 0.798437 0.094848 0.800000 0.092506 0.800000 0.090164 0.801562 0.087822 0.801562 0.080796 0.803125 0.078454 0.803125 0.073770 0.804688 0.071429 0.804688 0.066745 0.806250 0.064403 0.806250 0.057377 0.807813 0.055035 0.807813 0.052693 0.809375 0.050351 0.814062 0.050351 0.814062 0.017564 0.809375 0.017564 0.806250 0.012881 0.806250 0.010539 0.804688 0.008197 0.804688 0.000000
2 0.067188 0.204918 0.067188 0.211944 0.059375 0.223653 0.057813 0.223653 0.054688 0.228337 0.053125 0.228337 0.050000 0.233021 0.048437 0.233021 0.046875 0.235363 0.042188 0.235363 0.040625 0.237705 0.037500 0.237705 0.035937 0.240047 0.032812 0.240047 0.029687 0.244731 0.029687 0.247073 0.028125 0.249415 0.021875 0.249415 0.021875 0.286885 0.026563 0.286885 0.037500 0.303279 0.037500 0.305621 0.040625 0.310304 0.042188 0.310304 0.046875 0.317330 0.046875 0.324356 0.054688 0.324356 0.054688 0.317330 0.057813 0.312646 0.059375 0.312646 0.060938 0.310304 0.062500 0.310304 0.064062 0.307963 0.079687 0.307963 0.081250 0.310304 0.084375 0.310304 0.085938 0.312646 0.089062 0.312646 0.092188 0.317330 0.092188 0.324356 0.137500 0.324356 0.137500 0.317330 0.140625 0.312646 0.148438 0.312646 0.150000 0.314988 0.151562 0.314988 0.153125 0.317330 0.153125 0.324356 0.171875 0.324356 0.171875 0.312646 0.173438 0.310304 0.173438 0.305621 0.175000 0.303279 0.175000 0.298595 0.176563 0.296253 0.176563 0.291569 0.178125 0.289227 0.182812 0.289227 0.182812 0.284543 0.178125 0.284543 0.176563 0.282201 0.176563 0.279859 0.175000 0.277518 0.175000 0.275176 0.173438 0.272834 0.173438 0.270492 0.171875 0.268150 0.171875 0.265808 0.165625 0.256440 0.165625 0.254098 0.159375 0.244731 0.159375 0.242389 0.156250 0.237705 0.156250 0.235363 0.153125 0.230679 0.153125 0.225995 0.150000 0.221311 0.148438 0.221311 0.145313 0.216628 0.142188 0.216628 0.139062 0.211944 0.139062 0.204918
0 0.950000 0.092506 0.950000 0.099532 0.948438 0.101874 0.948438 0.104215 0.946875 0.106557 0.946875 0.108899 0.945312 0.111241 0.945312 0.115925 0.943750 0.118267 0.943750 0.139344 0.942187 0.141686 0.942187 0.165105 0.940625 0.167447 0.939062 0.167447 0.937500 0.165105 0.937500 0.155738 0.931250 0.146370 0.915625 0.146370 0.915625 0.179157 0.921875 0.179157 0.923437 0.181499 0.923437 0.188525 0.925000 0.190867 0.925000 0.197892 0.926562 0.200234 0.926562 0.225995 0.925000 0.228337 0.925000 0.235363 0.923437 0.237705 0.923437 0.254098 0.925000 0.256440 0.925000 0.258782 0.926562 0.261124 0.928125 0.261124 0.929688 0.263466 0.932813 0.263466 0.934375 0.265808 0.934375 0.268150 0.935938 0.270492 0.934375 0.272834 0.934375 0.286885 0.932813 0.289227 0.932813 0.310304 0.934375 0.312646 0.934375 0.331382 0.932813 0.333724 0.928125 0.333724 0.920313 0.322014 0.915625 0.322014 0.915625 0.418033 0.932813 0.418033 0.932813 0.408665 0.937500 0.401639 0.940625 0.401639 0.942187 0.399297 0.943750 0.399297 0.943750 0.396955 0.945312 0.394614 0.945312 0.375878 0.946875 0.373536 0.946875 0.366511 0.948438 0.364169 0.948438 0.361827 0.950000 0.359485 0.950000 0.357143 0.951563 0.354801 0.954687 0.354801 0.956250 0.357143 0.965625 0.357143 0.967188 0.354801 0.970312 0.354801 0.971875 0.357143 0.971875 0.359485 0.973437 0.361827 0.973437 0.371194 0.975000 0.373536 0.976562 0.373536 0.978125 0.375878 0.987500 0.375878 0.989062 0.373536 0.998438 0.373536 0.998438 0.193208 0.996875 0.193208 0.995313 0.190867 0.995313 0.188525 0.993750 0.186183 0.993750 0.179157 0.992188 0.176815 0.992188 0.167447 0.990625 0.165105 0.990625 0.158080 0.989062 0.155738 0.989062 0.146370 0.987500 0.144028 0.987500 0.132318 0.985937 0.129977 0.985937 0.125293 0.984375 0.122951 0.984375 0.120609 0.982813 0.118267 0.982813 0.115925 0.981250 0.113583 0.981250 0.111241 0.978125 0.106557 0.978125 0.104215 0.975000 0.099532 0.975000 0.092506
2 0.000000 0.214286 0.000000 0.343091 0.017188 0.343091 0.017188 0.333724 0.018750 0.331382 0.018750 0.329040 0.021875 0.324356 0.026563 0.324356 0.026563 0.254098 0.020312 0.254098 0.014062 0.244731 0.012500 0.244731 0.010937 0.242389 0.010937 0.214286
7 0.171875 0.101874 0.171875 0.111241 0.170312 0.113583 0.170312 0.115925 0.168750 0.118267 0.168750 0.120609 0.167187 0.122951 0.167187 0.129977 0.165625 0.132318 0.165625 0.134660 0.164062 0.137002 0.159375 0.137002 0.159375 0.247073 0.164062 0.247073 0.167187 0.251756 0.167187 0.254098 0.170312 0.258782 0.170312 0.261124 0.175000 0.268150 0.175000 0.270492 0.176563 0.272834 0.176563 0.277518 0.178125 0.279859 0.178125 0.284543 0.179688 0.286885 0.179688 0.293911 0.181250 0.296253 0.181250 0.305621 0.226562 0.305621 0.226562 0.293911 0.228125 0.291569 0.228125 0.286885 0.229687 0.284543 0.229687 0.251756 0.231250 0.249415 0.231250 0.240047 0.232812 0.237705 0.232812 0.235363 0.239063 0.225995 0.240625 0.225995 0.245312 0.218970 0.245312 0.214286 0.246875 0.211944 0.246875 0.209602 0.253125 0.200234 0.256250 0.200234 0.257812 0.197892 0.259375 0.197892 0.264062 0.204918 0.264062 0.221311 0.271875 0.233021 0.273438 0.233021 0.275000 0.235363 0.276563 0.235363 0.281250 0.242389 0.281250 0.247073 0.282813 0.249415 0.282813 0.265808 0.281250 0.268150 0.281250 0.272834 0.279687 0.275176 0.279687 0.282201 0.281250 0.284543 0.281250 0.289227 0.282813 0.291569 0.282813 0.305621 0.285937 0.305621 0.285937 0.284543 0.287500 0.282201 0.287500 0.279859 0.292188 0.272834 0.292188 0.270492 0.295312 0.265808 0.296875 0.265808 0.298438 0.263466 0.300000 0.263466 0.301562 0.261124 0.301562 0.254098 0.298438 0.249415 0.290625 0.249415 0.289062 0.247073 0.289062 0.242389 0.290625 0.240047 0.292188 0.240047 0.293750 0.237705 0.315625 0.237705 0.321875 0.228337 0.323438 0.228337 0.325000 0.225995 0.326562 0.225995 0.328125 0.223653 0.337500 0.223653 0.339063 0.225995 0.345313 0.225995 0.345313 0.195550 0.340625 0.195550 0.339063 0.193208 0.334375 0.193208 0.331250 0.188525 0.331250 0.186183 0.329688 0.183841 0.329688 0.179157 0.328125 0.176815 0.328125 0.174473 0.326562 0.172131 0.326562 0.169789 0.323438 0.165105 0.321875 0.165105 0.318750 0.160422 0.317187 0.160422 0.314063 0.155738 0.312500 0.155738 0.310937 0.153396 0.309375 0.153396 0.307813 0.151054 0.304688 0.151054 0.303125 0.148712 0.301562 0.148712 0.300000 0.146370 0.298438 0.146370 0.296875 0.144028 0.295312 0.144028 0.293750 0.141686 0.292188 0.141686 0.290625 0.139344 0.289062 0.139344 0.287500 0.137002 0.284375 0.137002 0.282813 0.134660 0.279687 0.134660 0.278125 0.132318 0.276563 0.132318 0.275000 0.129977 0.273438 0.129977 0.270312 0.125293 0.268750 0.125293 0.267188 0.122951 0.265625 0.122951 0.259375 0.113583 0.259375 0.111241 0.257812 0.108899 0.257812 0.101874
3 0.228125 0.242389 0.228125 0.319672 0.232812 0.319672 0.234375 0.322014 0.234375 0.324356 0.235938 0.326698 0.235938 0.333724 0.237500 0.336066 0.237500 0.352459 0.267188 0.352459 0.267188 0.340749 0.270312 0.336066 0.270312 0.331382 0.271875 0.329040 0.271875 0.326698 0.273438 0.324356 0.273438 0.319672 0.275000 0.317330 0.275000 0.314988 0.276563 0.312646 0.276563 0.310304 0.278125 0.307963 0.282813 0.307963 0.282813 0.296253 0.278125 0.296253 0.275000 0.291569 0.275000 0.286885 0.273438 0.284543 0.273438 0.282201 0.271875 0.279859 0.271875 0.268150 0.270312 0.265808 0.270312 0.263466 0.267188 0.258782 0.267188 0.254098 0.265625 0.251756 0.265625 0.242389
0 0.248437 0.195550 0.248437 0.211944 0.246875 0.214286 0.246875 0.218970 0.245312 0.221311 0.245312 0.223653 0.242188 0.228337 0.240625 0.228337 0.239063 0.230679 0.237500 0.230679 0.234375 0.235363 0.228125 0.235363 0.228125 0.296253 0.232812 0.296253 0.234375 0.293911 0.235938 0.293911 0.239063 0.289227 0.246875 0.289227 0.248437 0.291569 0.256250 0.291569 0.257812 0.289227 0.259375 0.291569 0.260938 0.291569 0.262500 0.293911 0.262500 0.317330 0.259375 0.322014 0.257812 0.322014 0.256250 0.324356 0.246875 0.324356 0.245312 0.322014 0.243750 0.322014 0.242188 0.319672 0.239063 0.319672 0.239063 0.352459 0.265625 0.352459 0.265625 0.338407 0.267188 0.336066 0.267188 0.333724 0.268750 0.331382 0.268750 0.329040 0.270312 0.326698 0.270312 0.322014 0.271875 0.319672 0.271875 0.317330 0.273438 0.314988 0.273438 0.312646 0.276563 0.307963 0.282813 0.307963 0.282813 0.305621 0.278125 0.305621 0.273438 0.298595 0.273438 0.293911 0.271875 0.291569 0.271875 0.270492 0.270312 0.268150 0.270312 0.249415 0.271875 0.247073 0.273438 0.247073 0.276563 0.242389 0.282813 0.242389 0.276563 0.242389 0.275000 0.240047 0.271875 0.240047 0.270312 0.237705 0.270312 0.235363 0.268750 0.233021 0.268750 0.230679 0.264062 0.223653 0.264062 0.195550
2 0.321875 0.214286 0.321875 0.221311 0.318750 0.225995 0.317187 0.225995 0.315625 0.228337 0.314063 0.228337 0.312500 0.230679 0.310937 0.230679 0.307813 0.235363 0.303125 0.235363 0.301562 0.237705 0.296875 0.237705 0.296875 0.268150 0.314063 0.268150 0.314063 0.256440 0.318750 0.249415 0.328125 0.249415 0.329688 0.251756 0.329688 0.254098 0.331250 0.256440 0.332812 0.256440 0.335938 0.261124 0.335938 0.268150 0.370313 0.268150 0.370313 0.261124 0.371875 0.258782 0.373437 0.258782 0.375000 0.256440 0.382812 0.256440 0.382812 0.247073 0.378125 0.247073 0.368750 0.233021 0.368750 0.230679 0.367188 0.228337 0.367188 0.225995 0.365625 0.223653 0.365625 0.214286
3 0.248437 0.204918 0.248437 0.216628 0.246875 0.218970 0.246875 0.221311 0.240625 0.230679 0.239063 0.230679 0.235938 0.235363 0.234375 0.235363 0.232812 0.237705 0.228125 0.237705 0.228125 0.319672 0.232812 0.319672 0.234375 0.322014 0.234375 0.324356 0.235938 0.326698 0.235938 0.333724 0.237500 0.336066 0.237500 0.343091 0.239063 0.345433 0.239063 0.352459 0.267188 0.352459 0.267188 0.340749 0.268750 0.338407 0.268750 0.336066 0.270312 0.333724 0.276563 0.333724 0.276563 0.268150 0.271875 0.268150 0.268750 0.263466 0.268750 0.247073 0.270312 0.244731 0.270312 0.240047 0.268750 0.237705 0.268750 0.235363 0.267188 0.233021 0.267188 0.230679 0.265625 0.230679 0.260938 0.223653 0.260938 0.218970 0.262500 0.216628 0.262500 0.204918
