5 0.340625 0.295014 0.340625 0.303324 0.339063 0.306094 0.335938 0.306094 0.334375 0.308864 0.312500 0.308864 0.310937 0.311634 0.290625 0.311634 0.289062 0.314404 0.287500 0.314404 0.285937 0.317175 0.282813 0.317175 0.281250 0.319945 0.278125 0.319945 0.276563 0.322715 0.275000 0.322715 0.267188 0.336565 0.267188 0.339335 0.262500 0.347645 0.262500 0.355956 0.260938 0.358726 0.260938 0.380886 0.259375 0.383657 0.259375 0.386427 0.248437 0.405817 0.246875 0.405817 0.245312 0.408587 0.240625 0.408587 0.240625 0.475069 0.246875 0.475069 0.250000 0.469529 0.251563 0.469529 0.254687 0.475069 0.254687 0.477839 0.256250 0.480609 0.256250 0.513850 0.254687 0.516621 0.254687 0.519391 0.253125 0.522161 0.250000 0.522161 0.248437 0.524931 0.240625 0.524931 0.240625 0.569252 0.245312 0.569252 0.246875 0.572022 0.248437 0.572022 0.250000 0.574792 0.251563 0.574792 0.253125 0.577562 0.253125 0.580332 0.254687 0.583102 0.254687 0.596953 0.253125 0.599723 0.253125 0.602493 0.251563 0.605263 0.248437 0.599723 0.246875 0.599723 0.245312 0.596953 0.240625 0.596953 0.240625 0.693906 0.246875 0.693906 0.248437 0.696676 0.250000 0.696676 0.251563 0.699446 0.251563 0.702216 0.257812 0.702216 0.262500 0.710526 0.262500 0.718837 0.260938 0.721607 0.260938 0.752078 0.265625 0.760388 0.265625 0.768698 0.267188 0.771468 0.267188 0.793629 0.265625 0.796399 0.265625 0.801939 0.264062 0.804709 0.264062 0.821330 0.265625 0.824100 0.265625 0.843490 0.267188 0.846260 0.267188 0.849030 0.268750 0.851801 0.268750 0.854571 0.271875 0.860111 0.271875 0.862881 0.279687 0.876731 0.282813 0.876731 0.284375 0.879501 0.300000 0.879501 0.301562 0.876731 0.310937 0.876731 0.315625 0.885042 0.315625 0.887812 0.317187 0.890582 0.317187 0.896122 0.318750 0.898892 0.318750 0.912742 0.357812 0.912742 0.357812 0.901662 0.359375 0.898892 0.359375 0.896122 0.362500 0.890582 0.364062 0.890582 0.365625 0.887812 0.368750 0.887812 0.370313 0.885042 0.376563 0.885042 0.378125 0.882271 0.387500 0.882271 0.389062 0.879501 0.390625 0.879501 0.390625 0.873961 0.392188 0.871191 0.392188 0.857341 0.393750 0.854571 0.393750 0.851801 0.396875 0.846260 0.398438 0.846260 0.400000 0.843490 0.415625 0.843490 0.417188 0.840720 0.425000 0.840720 0.426562 0.843490 0.431250 0.843490 0.432813 0.840720 0.434375 0.843490 0.440625 0.843490 0.442187 0.840720 0.443750 0.840720 0.445312 0.837950 0.450000 0.837950 0.451562 0.835180 0.454688 0.835180 0.456250 0.832410 0.457812 0.832410 0.459375 0.829640 0.467187 0.829640 0.468750 0.826870 0.503125 0.826870 0.504687 0.829640 0.529688 0.829640 0.531250 0.832410 0.540625 0.832410 0.542188 0.835180 0.546875 0.835180 0.548437 0.837950 0.554688 0.837950 0.556250 0.840720 0.562500 0.840720 0.564062 0.843490 0.567187 0.843490 0.568750 0.846260 0.571875 0.846260 0.573438 0.849030 0.575000 0.849030 0.582812 0.862881 0.582812 0.865651 0.585938 0.871191 0.585938 0.873961 0.590625 0.882271 0.592188 0.879501 0.593750 0.879501 0.598437 0.871191 0.598437 0.868421 0.600000 0.865651 0.600000 0.860111 0.601562 0.857341 0.601562 0.854571 0.603125 0.851801 0.603125 0.849030 0.606250 0.843490 0.607813 0.843490 0.609375 0.840720 0.620313 0.840720 0.621875 0.843490 0.623438 0.843490 0.625000 0.846260 0.626562 0.846260 0.628125 0.849030 0.631250 0.849030 0.632812 0.851801 0.642187 0.851801 0.643750 0.854571 0.645312 0.854571 0.646875 0.857341 0.653125 0.857341 0.657812 0.849030 0.657812 0.837950 0.659375 0.835180 0.659375 0.821330 0.660937 0.818560 0.660937 0.810249 0.662500 0.807479 0.662500 0.801939 0.665625 0.796399 0.670313 0.796399 0.670313 0.563712 0.665625 0.563712 0.664062 0.560942 0.664062 0.533241 0.662500 0.530471 0.662500 0.477839 0.660937 0.475069 0.660937 0.463989 0.659375 0.461219 0.659375 0.458449 0.657812 0.455679 0.657812 0.452909 0.650000 0.439058 0.648438 0.439058 0.643750 0.430748 0.642187 0.430748 0.640625 0.427978 0.639063 0.427978 0.635938 0.422438 0.634375 0.422438 0.629687 0.414127 0.628125 0.414127 0.625000 0.408587 0.623438 0.408587 0.620313 0.403047 0.618750 0.403047 0.614062 0.394737 0.612500 0.394737 0.609375 0.389197 0.607813 0.389197 0.604688 0.383657 0.603125 0.383657 0.598437 0.375346 0.596875 0.375346 0.590625 0.364266 0.589063 0.364266 0.584375 0.355956 0.582812 0.355956 0.578125 0.347645 0.576563 0.347645 0.573438 0.342105 0.571875 0.342105 0.567187 0.333795 0.565625 0.333795 0.562500 0.328255 0.560938 0.328255 0.557813 0.322715 0.556250 0.322715 0.553125 0.317175 0.551562 0.317175 0.546875 0.308864 0.545313 0.308864 0.542188 0.303324 0.542188 0.295014
10 0.234375 0.693906 0.234375 0.702216 0.229687 0.710526 0.228125 0.710526 0.226562 0.713296 0.221875 0.713296 0.221875 0.824100 0.226562 0.824100 0.229687 0.829640 0.229687 0.846260 0.248437 0.846260 0.248437 0.835180 0.250000 0.832410 0.250000 0.799169 0.248437 0.796399 0.248437 0.779778 0.250000 0.777008 0.250000 0.760388 0.251563 0.757618 0.251563 0.754848 0.253125 0.752078 0.257812 0.752078 0.257812 0.735457 0.253125 0.735457 0.250000 0.729917 0.250000 0.724377 0.248437 0.721607 0.248437 0.718837 0.246875 0.716066 0.246875 0.713296 0.245312 0.710526 0.245312 0.704986 0.243750 0.702216 0.243750 0.693906
2 0.889063 0.649584 0.889063 0.660665 0.887500 0.663435 0.887500 0.668975 0.885938 0.671745 0.885938 0.674515 0.884375 0.677285 0.884375 0.680055 0.879687 0.688366 0.879687 0.691136 0.876562 0.696676 0.871875 0.696676 0.871875 0.779778 0.893750 0.779778 0.893750 0.771468 0.896875 0.765928 0.940625 0.765928 0.942187 0.768698 0.943750 0.768698 0.945312 0.771468 0.945312 0.779778 0.964063 0.779778 0.964063 0.716066 0.959375 0.716066 0.956250 0.710526 0.956250 0.704986 0.954687 0.702216 0.954687 0.693906 0.953125 0.691136 0.953125 0.685596 0.951563 0.682826 0.951563 0.680055 0.950000 0.677285 0.950000 0.674515 0.948438 0.671745 0.948438 0.668975 0.946875 0.666205 0.946875 0.663435 0.943750 0.657895 0.943750 0.649584
2 0.665625 0.638504 0.665625 0.646814 0.664062 0.649584 0.659375 0.649584 0.659375 0.702216 0.664062 0.702216 0.665625 0.704986 0.664062 0.707756 0.659375 0.707756 0.659375 0.749307 0.664062 0.749307 0.665625 0.752078 0.665625 0.782548 0.664062 0.785319 0.659375 0.785319 0.659375 0.799169 0.667188 0.799169 0.668750 0.801939 0.681250 0.801939 0.682813 0.804709 0.687500 0.804709 0.689062 0.807479 0.690625 0.807479 0.695312 0.815789 0.695312 0.824100 0.728125 0.824100 0.728125 0.813019 0.729688 0.810249 0.729688 0.807479 0.731250 0.804709 0.731250 0.801939 0.732813 0.799169 0.739062 0.799169 0.739062 0.718837 0.734375 0.718837 0.729688 0.710526 0.729688 0.707756 0.728125 0.704986 0.728125 0.702216 0.725000 0.696676 0.725000 0.693906 0.723437 0.691136 0.723437 0.682826 0.721875 0.680055 0.721875 0.660665 0.720312 0.657895 0.720312 0.655125 0.718750 0.652355 0.718750 0.638504
7 0.765625 0.583102 0.765625 0.641274 0.770312 0.641274 0.776563 0.652355 0.778125 0.652355 0.781250 0.657895 0.781250 0.660665 0.784375 0.666205 0.784375 0.668975 0.785937 0.671745 0.787500 0.671745 0.789062 0.674515 0.789062 0.677285 0.793750 0.685596 0.793750 0.688366 0.795313 0.691136 0.795313 0.693906 0.796875 0.696676 0.796875 0.699446 0.800000 0.704986 0.800000 0.707756 0.801562 0.710526 0.803125 0.710526 0.806250 0.716066 0.806250 0.724377 0.851562 0.724377 0.851562 0.638504 0.846875 0.638504 0.843750 0.632964 0.843750 0.630194 0.842188 0.627424 0.842188 0.605263 0.840625 0.602493 0.840625 0.583102
2 0.734375 0.638504 0.734375 0.671745 0.740625 0.671745 0.742188 0.668975 0.746875 0.668975 0.748438 0.671745 0.748438 0.674515 0.751562 0.680055 0.751562 0.682826 0.754687 0.688366 0.754687 0.691136 0.756250 0.693906 0.756250 0.699446 0.757812 0.702216 0.757812 0.713296 0.759375 0.716066 0.759375 0.721607 0.760938 0.724377 0.760938 0.727147 0.762500 0.729917 0.762500 0.735457 0.764063 0.738227 0.764063 0.752078 0.765625 0.754848 0.765625 0.760388 0.767187 0.763158 0.767187 0.765928 0.770312 0.771468 0.770312 0.779778 0.781250 0.779778 0.781250 0.771468 0.784375 0.765928 0.787500 0.765928 0.789062 0.763158 0.790625 0.763158 0.796875 0.752078 0.801562 0.752078 0.801562 0.707756 0.796875 0.707756 0.795313 0.704986 0.795313 0.702216 0.792188 0.696676 0.792188 0.693906 0.790625 0.691136 0.790625 0.688366 0.789062 0.685596 0.787500 0.685596 0.785937 0.682826 0.784375 0.682826 0.782812 0.680055 0.782812 0.677285 0.779688 0.671745 0.779688 0.668975 0.778125 0.666205 0.778125 0.663435 0.776563 0.660665 0.776563 0.657895 0.773438 0.652355 0.773438 0.649584 0.771875 0.646814 0.771875 0.638504
2 0.709375 0.638504 0.709375 0.646814 0.714063 0.646814 0.717188 0.652355 0.717188 0.655125 0.720312 0.660665 0.720312 0.663435 0.721875 0.663435 0.723437 0.666205 0.723437 0.668975 0.728125 0.677285 0.728125 0.680055 0.729688 0.682826 0.729688 0.688366 0.731250 0.691136 0.731250 0.699446 0.732813 0.702216 0.732813 0.707756 0.734375 0.710526 0.734375 0.716066 0.735937 0.718837 0.735937 0.724377 0.737500 0.727147 0.737500 0.735457 0.739062 0.738227 0.739062 0.752078 0.740625 0.754848 0.740625 0.768698 0.742188 0.771468 0.742188 0.774238 0.743750 0.777008 0.745313 0.777008 0.746875 0.779778 0.746875 0.790859 0.770312 0.790859 0.770312 0.763158 0.765625 0.763158 0.762500 0.757618 0.762500 0.746537 0.760938 0.743767 0.760938 0.727147 0.759375 0.724377 0.759375 0.718837 0.757812 0.716066 0.757812 0.699446 0.756250 0.696676 0.756250 0.691136 0.754687 0.688366 0.754687 0.682826 0.753125 0.680055 0.753125 0.677285 0.750000 0.671745 0.750000 0.668975 0.748438 0.666205 0.748438 0.663435 0.746875 0.660665 0.746875 0.655125 0.745313 0.652355 0.745313 0.649584 0.743750 0.646814 0.743750 0.638504
2 0.853125 0.605263 0.853125 0.646814 0.882812 0.646814 0.882812 0.605263
0 0.123438 0.682826 0.123438 0.691136 0.121875 0.693906 0.115625 0.693906 0.115625 0.768698 0.120312 0.768698 0.121875 0.771468 0.121875 0.774238 0.123438 0.777008 0.123438 0.785319 0.121875 0.788089 0.121875 0.793629 0.120312 0.796399 0.115625 0.796399 0.115625 0.868421 0.134375 0.868421 0.134375 0.857341 0.135937 0.854571 0.135937 0.801939 0.139062 0.796399 0.145313 0.796399 0.145313 0.740997 0.140625 0.740997 0.137500 0.735457 0.137500 0.732687 0.135937 0.729917 0.135937 0.721607 0.134375 0.718837 0.134375 0.707756 0.132812 0.704986 0.132812 0.699446 0.129688 0.693906 0.129688 0.682826
26 0.109375 0.704986 0.109375 0.713296 0.107813 0.716066 0.103125 0.716066 0.103125 0.790859 0.126563 0.790859 0.126563 0.704986
