5 0.553125 0.535000 0.553125 0.707500 0.560938 0.707500 0.562500 0.710000 0.565625 0.710000 0.567187 0.712500 0.570312 0.712500 0.571875 0.715000 0.573438 0.715000 0.576563 0.720000 0.578125 0.720000 0.579687 0.722500 0.581250 0.722500 0.582812 0.725000 0.584375 0.725000 0.585938 0.727500 0.587500 0.727500 0.589063 0.730000 0.592188 0.730000 0.593750 0.732500 0.596875 0.732500 0.598437 0.735000 0.600000 0.735000 0.601562 0.737500 0.604688 0.737500 0.607813 0.742500 0.610937 0.742500 0.612500 0.745000 0.614062 0.745000 0.615625 0.747500 0.617188 0.747500 0.620313 0.752500 0.621875 0.752500 0.625000 0.757500 0.626562 0.757500 0.628125 0.760000 0.629687 0.760000 0.631250 0.762500 0.634375 0.762500 0.635938 0.765000 0.639063 0.765000 0.640625 0.767500 0.643750 0.767500 0.645312 0.770000 0.651563 0.770000 0.653125 0.772500 0.660937 0.772500 0.662500 0.770000 0.673437 0.770000 0.675000 0.767500 0.701563 0.767500 0.703125 0.770000 0.707812 0.770000 0.709375 0.767500 0.710938 0.767500 0.714063 0.762500 0.714063 0.760000 0.715625 0.757500 0.720312 0.757500 0.720312 0.592500 0.715625 0.592500 0.709375 0.582500 0.706250 0.582500 0.704687 0.585000 0.703125 0.585000 0.701563 0.587500 0.687500 0.587500 0.685938 0.585000 0.682813 0.585000 0.681250 0.582500 0.678125 0.582500 0.676562 0.580000 0.673437 0.580000 0.671875 0.577500 0.670313 0.577500 0.668750 0.575000 0.665625 0.575000 0.664062 0.572500 0.660937 0.572500 0.659375 0.570000 0.656250 0.570000 0.654688 0.567500 0.651563 0.567500 0.650000 0.565000 0.646875 0.565000 0.645312 0.562500 0.643750 0.562500 0.642187 0.560000 0.637500 0.560000 0.635938 0.557500 0.632812 0.557500 0.629687 0.552500 0.628125 0.552500 0.621875 0.542500 0.621875 0.535000
2 0.942187 0.455000 0.942187 0.462500 0.939062 0.467500 0.934375 0.467500 0.934375 0.512500 0.973437 0.512500 0.973437 0.502500 0.975000 0.500000 0.976562 0.500000 0.978125 0.497500 0.982813 0.497500 0.982813 0.455000
0 0.465625 0.555000 0.465625 0.632500 0.475000 0.632500 0.475000 0.622500 0.478125 0.617500 0.489062 0.617500 0.489062 0.572500 0.482812 0.572500 0.479688 0.567500 0.479688 0.555000
2 0.885938 0.465000 0.885938 0.475000 0.884375 0.477500 0.878125 0.477500 0.878125 0.512500 0.923437 0.512500 0.923437 0.502500 0.925000 0.500000 0.925000 0.497500 0.926562 0.495000 0.932813 0.495000 0.932813 0.485000 0.926562 0.485000 0.918750 0.472500 0.918750 0.465000
0 0.465625 0.565000 0.465625 0.632500 0.473437 0.632500 0.473437 0.625000 0.475000 0.622500 0.475000 0.620000 0.476562 0.617500 0.482812 0.617500 0.482812 0.602500 0.478125 0.602500 0.476562 0.600000 0.476562 0.590000 0.478125 0.587500 0.482812 0.587500 0.482812 0.565000
2 0.834375 0.465000 0.834375 0.522500 0.867188 0.522500 0.867188 0.515000 0.871875 0.507500 0.875000 0.507500 0.876562 0.505000 0.882812 0.505000 0.882812 0.465000
0 0.503125 0.555000 0.503125 0.612500 0.518750 0.612500 0.518750 0.600000 0.521875 0.595000 0.526563 0.595000 0.526563 0.575000 0.520312 0.575000 0.517187 0.570000 0.517187 0.567500 0.515625 0.565000 0.515625 0.555000
2 0.956250 0.515000 0.956250 0.525000 0.954687 0.527500 0.953125 0.527500 0.951563 0.530000 0.946875 0.530000 0.945312 0.532500 0.940625 0.532500 0.940625 0.552500 0.946875 0.552500 0.948438 0.555000 0.948438 0.557500 0.950000 0.560000 0.950000 0.562500 0.951563 0.565000 0.951563 0.572500 0.998438 0.572500 0.998438 0.515000
0 0.496875 0.555000 0.496875 0.612500 0.503125 0.612500 0.503125 0.605000 0.504687 0.602500 0.504687 0.595000 0.506250 0.592500 0.506250 0.585000 0.507812 0.582500 0.507812 0.580000 0.509375 0.577500 0.514063 0.577500 0.514063 0.555000
2 0.628125 0.475000 0.628125 0.482500 0.626562 0.485000 0.625000 0.485000 0.623438 0.487500 0.620313 0.487500 0.618750 0.490000 0.617188 0.490000 0.617188 0.492500 0.615625 0.495000 0.609375 0.495000 0.609375 0.532500 0.659375 0.532500 0.659375 0.525000 0.660937 0.522500 0.662500 0.522500 0.664062 0.520000 0.665625 0.520000 0.668750 0.525000 0.668750 0.532500 0.695312 0.532500 0.695312 0.520000 0.696875 0.517500 0.707812 0.517500 0.707812 0.475000 0.698438 0.475000 0.698438 0.485000 0.700000 0.487500 0.700000 0.495000 0.698438 0.497500 0.698438 0.500000 0.696875 0.502500 0.695312 0.502500 0.693750 0.500000 0.690625 0.500000 0.689062 0.497500 0.687500 0.497500 0.685938 0.495000 0.684375 0.495000 0.682813 0.492500 0.676562 0.492500 0.675000 0.490000 0.664062 0.490000 0.662500 0.487500 0.660937 0.487500 0.659375 0.485000 0.659375 0.475000
2 0.984375 0.455000 0.984375 0.502500 0.998438 0.502500 0.998438 0.455000
