5 0.817187 0.236434 0.817187 0.244186 0.814062 0.249354 0.810938 0.249354 0.809375 0.251938 0.807813 0.251938 0.798437 0.267442 0.798437 0.270026 0.796875 0.272610 0.796875 0.275194 0.795313 0.277778 0.795313 0.282946 0.793750 0.285530 0.793750 0.290698 0.792188 0.293282 0.792188 0.295866 0.790625 0.298450 0.790625 0.306202 0.789062 0.308786 0.789062 0.324289 0.787500 0.326873 0.787500 0.339793 0.785937 0.342377 0.785937 0.350129 0.784375 0.352713 0.784375 0.357881 0.781250 0.363049 0.781250 0.365633 0.779688 0.368217 0.779688 0.388889 0.778125 0.391473 0.778125 0.401809 0.776563 0.404393 0.771875 0.404393 0.771875 0.554264 0.776563 0.554264 0.778125 0.556848 0.778125 0.572351 0.779688 0.574935 0.779688 0.593023 0.781250 0.595607 0.781250 0.605943 0.782812 0.608527 0.782812 0.629199 0.784375 0.631783 0.784375 0.642119 0.785937 0.644703 0.785937 0.649871 0.789062 0.655039 0.789062 0.657623 0.790625 0.657623 0.792188 0.655039 0.798437 0.655039 0.800000 0.657623 0.806250 0.657623 0.807813 0.655039 0.812500 0.655039 0.814062 0.652455 0.821875 0.652455 0.823438 0.649871 0.828125 0.649871 0.834375 0.639535 0.835938 0.639535 0.837500 0.636951 0.840625 0.636951 0.842188 0.634367 0.862500 0.634367 0.864062 0.636951 0.865625 0.636951 0.867188 0.639535 0.868750 0.639535 0.870313 0.642119 0.871875 0.642119 0.873438 0.644703 0.879687 0.644703 0.881250 0.642119 0.884375 0.642119 0.885938 0.639535 0.887500 0.639535 0.889063 0.636951 0.892187 0.636951 0.893750 0.634367 0.921875 0.634367 0.923437 0.636951 0.923437 0.639535 0.926562 0.644703 0.926562 0.647287 0.934375 0.660207 0.937500 0.660207 0.939062 0.662791 0.940625 0.662791 0.942187 0.665375 0.946875 0.665375 0.950000 0.670543 0.950000 0.678295 0.970312 0.678295 0.970312 0.670543 0.971875 0.667959 0.971875 0.665375 0.975000 0.660207 0.975000 0.657623 0.976562 0.655039 0.976562 0.652455 0.978125 0.649871 0.978125 0.636951 0.979688 0.634367 0.979688 0.626615 0.981250 0.624031 0.981250 0.618863 0.982813 0.616279 0.982813 0.613695 0.984375 0.611111 0.984375 0.608527 0.987500 0.603359 0.987500 0.600775 0.990625 0.595607 0.995313 0.595607 0.995313 0.334625 0.990625 0.334625 0.989062 0.332041 0.989062 0.326873 0.987500 0.324289 0.987500 0.313953 0.985937 0.311370 0.985937 0.293282 0.984375 0.290698 0.984375 0.282946 0.982813 0.280362 0.982813 0.277778 0.979688 0.272610 0.979688 0.270026 0.978125 0.267442 0.978125 0.264858 0.971875 0.254522 0.970312 0.254522 0.968750 0.251938 0.967188 0.251938 0.965625 0.249354 0.964063 0.249354 0.962500 0.246770 0.960938 0.246770 0.959375 0.244186 0.959375 0.236434
17 0.018750 0.546512 0.018750 0.556848 0.017188 0.559432 0.015625 0.559432 0.010937 0.567183 0.010937 0.569767 0.007812 0.574935 0.003125 0.574935 0.003125 0.660207 0.007812 0.660207 0.009375 0.662791 0.009375 0.670543 0.010937 0.673127 0.010937 0.701550 0.012500 0.704134 0.012500 0.724806 0.014062 0.727390 0.014062 0.745478 0.015625 0.748062 0.015625 0.758398 0.014062 0.760982 0.014062 0.812661 0.034375 0.812661 0.034375 0.797158 0.035937 0.794574 0.035937 0.786822 0.037500 0.784238 0.037500 0.781654 0.039062 0.779070 0.039062 0.776486 0.040625 0.773902 0.040625 0.768734 0.042188 0.766150 0.042188 0.760982 0.043750 0.758398 0.043750 0.753230 0.045313 0.750646 0.045313 0.748062 0.046875 0.745478 0.046875 0.740310 0.048437 0.737726 0.048437 0.727390 0.050000 0.724806 0.050000 0.717054 0.051562 0.714470 0.051562 0.711886 0.053125 0.709302 0.053125 0.706718 0.054688 0.704134 0.054688 0.701550 0.056250 0.698966 0.056250 0.693798 0.059375 0.688630 0.064062 0.688630 0.065625 0.691214 0.065625 0.693798 0.067188 0.696382 0.067188 0.766150 0.065625 0.768734 0.065625 0.794574 0.067188 0.797158 0.067188 0.802326 0.068750 0.804910 0.068750 0.812661 0.076563 0.812661 0.076563 0.802326 0.079687 0.797158 0.079687 0.794574 0.081250 0.791990 0.081250 0.789406 0.082813 0.786822 0.084375 0.786822 0.087500 0.791990 0.095312 0.791990 0.098438 0.786822 0.098438 0.781654 0.100000 0.779070 0.100000 0.768734 0.103125 0.763566 0.107813 0.763566 0.107813 0.686047 0.103125 0.686047 0.101562 0.683463 0.101562 0.675711 0.100000 0.673127 0.100000 0.657623 0.098438 0.655039 0.098438 0.644703 0.096875 0.642119 0.096875 0.634367 0.095312 0.631783 0.095312 0.629199 0.093750 0.626615 0.093750 0.618863 0.092188 0.616279 0.092188 0.608527 0.090625 0.605943 0.090625 0.603359 0.089062 0.600775 0.089062 0.598191 0.087500 0.595607 0.087500 0.590439 0.085938 0.587855 0.085938 0.585271 0.084375 0.582687 0.084375 0.580103 0.081250 0.574935 0.081250 0.572351 0.079687 0.569767 0.079687 0.567183 0.078125 0.564599 0.078125 0.562016 0.073437 0.554264 0.073437 0.546512
0 0.164062 0.463824 0.164062 0.479328 0.162500 0.481912 0.162500 0.484496 0.160938 0.487080 0.160938 0.489664 0.146875 0.512920 0.140625 0.512920 0.140625 0.551680 0.146875 0.551680 0.150000 0.556848 0.150000 0.559432 0.151562 0.562016 0.151562 0.567183 0.153125 0.569767 0.153125 0.577519 0.154687 0.580103 0.154687 0.655039 0.156250 0.657623 0.156250 0.667959 0.162500 0.667959 0.162500 0.657623 0.165625 0.652455 0.167187 0.655039 0.170312 0.655039 0.171875 0.657623 0.171875 0.667959 0.179688 0.667959 0.179688 0.652455 0.181250 0.649871 0.181250 0.634367 0.179688 0.631783 0.179688 0.629199 0.178125 0.626615 0.178125 0.613695 0.176563 0.611111 0.176563 0.605943 0.175000 0.603359 0.175000 0.595607 0.173438 0.593023 0.173438 0.580103 0.175000 0.577519 0.175000 0.572351 0.176563 0.569767 0.176563 0.564599 0.178125 0.562016 0.178125 0.551680 0.179688 0.549096 0.179688 0.546512 0.181250 0.543928 0.181250 0.541344 0.184375 0.536176 0.189063 0.536176 0.189063 0.505168 0.184375 0.505168 0.179688 0.497416 0.179688 0.489664 0.178125 0.487080 0.178125 0.481912 0.179688 0.479328 0.179688 0.463824
0 0.440625 0.484496 0.440625 0.657623 0.454688 0.657623 0.454688 0.616279 0.456250 0.613695 0.456250 0.605943 0.457812 0.603359 0.457812 0.598191 0.459375 0.595607 0.459375 0.590439 0.460938 0.587855 0.460938 0.574935 0.462500 0.572351 0.462500 0.567183 0.465625 0.562016 0.470313 0.562016 0.470313 0.533592 0.465625 0.533592 0.462500 0.528424 0.462500 0.525840 0.460938 0.523256 0.460938 0.520672 0.459375 0.518088 0.459375 0.502584 0.457812 0.500000 0.457812 0.484496
0 0.325000 0.494832 0.325000 0.518088 0.320312 0.525840 0.315625 0.525840 0.315625 0.567183 0.320312 0.567183 0.321875 0.569767 0.321875 0.577519 0.323438 0.580103 0.323438 0.593023 0.325000 0.595607 0.325000 0.649871 0.326562 0.652455 0.326562 0.655039 0.329688 0.660207 0.329688 0.667959 0.339063 0.667959 0.339063 0.657623 0.340625 0.655039 0.340625 0.642119 0.342187 0.639535 0.342187 0.613695 0.343750 0.611111 0.343750 0.580103 0.345313 0.577519 0.345313 0.567183 0.346875 0.564599 0.351562 0.564599 0.351562 0.538760 0.346875 0.538760 0.343750 0.533592 0.343750 0.531008 0.342187 0.528424 0.342187 0.520672 0.340625 0.518088 0.340625 0.512920 0.339063 0.510336 0.339063 0.507752 0.337500 0.505168 0.337500 0.494832
0 0.604688 0.484496 0.604688 0.505168 0.601562 0.510336 0.601562 0.512920 0.598437 0.518088 0.598437 0.520672 0.596875 0.523256 0.590625 0.523256 0.590625 0.531008 0.595312 0.531008 0.596875 0.533592 0.596875 0.543928 0.598437 0.546512 0.598437 0.611111 0.595312 0.616279 0.590625 0.616279 0.590625 0.647287 0.604688 0.647287 0.604688 0.634367 0.606250 0.631783 0.606250 0.626615 0.609375 0.621447 0.610937 0.624031 0.610937 0.629199 0.612500 0.631783 0.612500 0.647287 0.617188 0.647287 0.617188 0.600775 0.618750 0.598191 0.618750 0.569767 0.620313 0.567183 0.620313 0.564599 0.621875 0.562016 0.626562 0.562016 0.626562 0.533592 0.621875 0.533592 0.620313 0.531008 0.620313 0.528424 0.618750 0.525840 0.618750 0.500000 0.620313 0.497416 0.620313 0.494832 0.621875 0.492248 0.626562 0.492248 0.626562 0.484496
5 0.453125 0.308786 0.453125 0.321705 0.446875 0.332041 0.440625 0.332041 0.440625 0.489664 0.446875 0.489664 0.448438 0.487080 0.453125 0.487080 0.462500 0.502584 0.462500 0.507752 0.464063 0.510336 0.464063 0.523256 0.487500 0.523256 0.487500 0.515504 0.490625 0.510336 0.490625 0.505168 0.493750 0.500000 0.493750 0.497416 0.496875 0.492248 0.496875 0.489664 0.498437 0.487080 0.500000 0.487080 0.501562 0.484496 0.503125 0.484496 0.504687 0.481912 0.506250 0.481912 0.507812 0.479328 0.518750 0.479328 0.520312 0.481912 0.523438 0.481912 0.525000 0.484496 0.526563 0.484496 0.531250 0.476744 0.532812 0.476744 0.534375 0.474160 0.540625 0.474160 0.542188 0.471576 0.543750 0.471576 0.543750 0.468992 0.545313 0.466408 0.545313 0.458656 0.546875 0.456072 0.546875 0.453488 0.551562 0.445736 0.559375 0.445736 0.560938 0.448320 0.562500 0.448320 0.564062 0.450904 0.564062 0.456072 0.565625 0.458656 0.565625 0.468992 0.567187 0.471576 0.567187 0.474160 0.568750 0.474160 0.570312 0.476744 0.573438 0.476744 0.575000 0.474160 0.585938 0.474160 0.587500 0.476744 0.589063 0.476744 0.593750 0.484496 0.593750 0.505168 0.596875 0.505168 0.598437 0.502584 0.598437 0.494832 0.601562 0.489664 0.603125 0.489664 0.604688 0.487080 0.609375 0.487080 0.610937 0.484496 0.617188 0.484496 0.618750 0.481912 0.620313 0.481912 0.621875 0.479328 0.621875 0.476744 0.623438 0.474160 0.623438 0.471576 0.625000 0.468992 0.625000 0.466408 0.626562 0.463824 0.626562 0.458656 0.628125 0.456072 0.628125 0.450904 0.629687 0.448320 0.629687 0.445736 0.635938 0.435401 0.642187 0.435401 0.648438 0.445736 0.648438 0.448320 0.650000 0.450904 0.650000 0.456072 0.651563 0.458656 0.651563 0.466408 0.653125 0.468992 0.653125 0.471576 0.654688 0.474160 0.654688 0.476744 0.657812 0.481912 0.660937 0.481912 0.662500 0.479328 0.664062 0.479328 0.665625 0.476744 0.667188 0.476744 0.668750 0.474160 0.670313 0.474160 0.671875 0.471576 0.673437 0.474160 0.676562 0.474160 0.678125 0.476744 0.679688 0.476744 0.681250 0.479328 0.681250 0.481912 0.684375 0.487080 0.685938 0.484496 0.687500 0.484496 0.692187 0.476744 0.692187 0.474160 0.695312 0.468992 0.695312 0.463824 0.696875 0.461240 0.696875 0.453488 0.698438 0.450904 0.698438 0.448320 0.700000 0.445736 0.700000 0.443152 0.701563 0.440568 0.701563 0.437984 0.710938 0.422481 0.712500 0.422481 0.714063 0.419897 0.720312 0.419897 0.725000 0.427649 0.725000 0.430233 0.726562 0.430233 0.728125 0.432817 0.735937 0.432817 0.737500 0.435401 0.740625 0.435401 0.742188 0.437984 0.745313 0.437984 0.746875 0.440568 0.748438 0.440568 0.751562 0.445736 0.771875 0.445736 0.773438 0.443152 0.775000 0.443152 0.776563 0.440568 0.776563 0.435401 0.778125 0.432817 0.778125 0.401809 0.776563 0.399225 0.776563 0.396641 0.773438 0.391473 0.773438 0.386305 0.775000 0.383721 0.775000 0.381137 0.776563 0.378553 0.776563 0.375969 0.778125 0.373385 0.778125 0.370801 0.779688 0.368217 0.779688 0.365633 0.781250 0.363049 0.781250 0.360465 0.784375 0.355297 0.789062 0.355297 0.789062 0.347545 0.782812 0.347545 0.781250 0.344961 0.779688 0.344961 0.778125 0.342377 0.776563 0.342377 0.775000 0.339793 0.773438 0.339793 0.771875 0.337209 0.765625 0.337209 0.764063 0.334625 0.745313 0.334625 0.743750 0.332041 0.735937 0.332041 0.734375 0.329457 0.731250 0.329457 0.729688 0.326873 0.718750 0.326873 0.717188 0.324289 0.700000 0.324289 0.698438 0.321705 0.668750 0.321705 0.667188 0.319121 0.648438 0.319121 0.646875 0.316537 0.646875 0.308786
0 0.704687 0.432817 0.704687 0.443152 0.703125 0.445736 0.703125 0.458656 0.706250 0.463824 0.706250 0.474160 0.700000 0.484496 0.696875 0.484496 0.692187 0.492248 0.684375 0.492248 0.684375 0.649871 0.690625 0.649871 0.690625 0.631783 0.692187 0.629199 0.692187 0.608527 0.693750 0.605943 0.693750 0.595607 0.695312 0.593023 0.695312 0.587855 0.696875 0.585271 0.696875 0.572351 0.698438 0.569767 0.698438 0.564599 0.700000 0.562016 0.700000 0.559432 0.703125 0.554264 0.706250 0.554264 0.707812 0.551680 0.709375 0.554264 0.709375 0.577519 0.710938 0.580103 0.710938 0.585271 0.712500 0.587855 0.712500 0.593023 0.714063 0.595607 0.714063 0.616279 0.712500 0.618863 0.712500 0.639535 0.710938 0.642119 0.710938 0.644703 0.709375 0.647287 0.715625 0.657623 0.715625 0.667959 0.728125 0.667959 0.728125 0.624031 0.729688 0.621447 0.729688 0.608527 0.731250 0.605943 0.731250 0.600775 0.732813 0.598191 0.732813 0.590439 0.734375 0.587855 0.734375 0.569767 0.735937 0.567183 0.735937 0.549096 0.737500 0.546512 0.737500 0.531008 0.740625 0.525840 0.745313 0.525840 0.745313 0.497416 0.740625 0.497416 0.735937 0.489664 0.735937 0.487080 0.734375 0.484496 0.734375 0.481912 0.728125 0.471576 0.728125 0.468992 0.726562 0.466408 0.726562 0.461240 0.725000 0.458656 0.725000 0.450904 0.723437 0.448320 0.723437 0.445736 0.721875 0.443152 0.721875 0.432817
0 0.396875 0.494832 0.396875 0.657623 0.410937 0.657623 0.410937 0.636951 0.412500 0.634367 0.412500 0.618863 0.414062 0.616279 0.414062 0.613695 0.415625 0.611111 0.415625 0.608527 0.417188 0.605943 0.417188 0.600775 0.418750 0.598191 0.418750 0.593023 0.421875 0.587855 0.426562 0.587855 0.426562 0.564599 0.421875 0.564599 0.420312 0.562016 0.420312 0.559432 0.418750 0.556848 0.418750 0.543928 0.417188 0.541344 0.417188 0.533592 0.415625 0.531008 0.415625 0.528424 0.414062 0.525840 0.414062 0.520672 0.412500 0.518088 0.412500 0.494832
0 0.559375 0.484496 0.559375 0.492248 0.564062 0.492248 0.567187 0.497416 0.567187 0.500000 0.568750 0.502584 0.568750 0.507752 0.567187 0.510336 0.567187 0.520672 0.564062 0.525840 0.559375 0.525840 0.559375 0.554264 0.564062 0.554264 0.565625 0.556848 0.565625 0.564599 0.567187 0.567183 0.567187 0.585271 0.568750 0.587855 0.568750 0.593023 0.570312 0.595607 0.570312 0.598191 0.571875 0.600775 0.571875 0.603359 0.573438 0.605943 0.573438 0.608527 0.571875 0.611111 0.571875 0.613695 0.570312 0.616279 0.570312 0.618863 0.568750 0.621447 0.568750 0.624031 0.567187 0.626615 0.567187 0.642119 0.570312 0.647287 0.571875 0.647287 0.573438 0.649871 0.573438 0.657623 0.579687 0.657623 0.579687 0.647287 0.581250 0.644703 0.581250 0.636951 0.579687 0.634367 0.579687 0.629199 0.581250 0.626615 0.581250 0.621447 0.582812 0.618863 0.582812 0.616279 0.585938 0.611111 0.585938 0.608527 0.587500 0.605943 0.587500 0.574935 0.585938 0.572351 0.585938 0.546512 0.587500 0.543928 0.587500 0.528424 0.585938 0.525840 0.585938 0.518088 0.584375 0.515504 0.584375 0.505168 0.582812 0.502584 0.584375 0.500000 0.584375 0.484496
0 0.496875 0.484496 0.496875 0.497416 0.495313 0.500000 0.495313 0.515504 0.493750 0.518088 0.493750 0.520672 0.490625 0.525840 0.490625 0.528424 0.489062 0.531008 0.489062 0.538760 0.487500 0.541344 0.487500 0.564599 0.489062 0.567183 0.487500 0.569767 0.487500 0.593023 0.485938 0.595607 0.485938 0.603359 0.487500 0.605943 0.485938 0.608527 0.485938 0.618863 0.481250 0.626615 0.481250 0.629199 0.479688 0.631783 0.479688 0.634367 0.478125 0.636951 0.471875 0.636951 0.471875 0.639535 0.478125 0.639535 0.479688 0.642119 0.481250 0.642119 0.485938 0.649871 0.485938 0.657623 0.496875 0.657623 0.496875 0.649871 0.498437 0.647287 0.498437 0.626615 0.500000 0.624031 0.500000 0.611111 0.503125 0.605943 0.506250 0.611111 0.507812 0.611111 0.510938 0.616279 0.510938 0.626615 0.512500 0.629199 0.512500 0.634367 0.514063 0.636951 0.514063 0.639535 0.515625 0.639535 0.517187 0.636951 0.517187 0.631783 0.518750 0.629199 0.518750 0.621447 0.517187 0.618863 0.518750 0.616279 0.518750 0.559432 0.520312 0.556848 0.520312 0.551680 0.521875 0.549096 0.521875 0.546512 0.523438 0.543928 0.523438 0.536176 0.521875 0.533592 0.521875 0.531008 0.520312 0.528424 0.520312 0.525840 0.518750 0.523256 0.518750 0.520672 0.517187 0.518088 0.517187 0.515504 0.515625 0.512920 0.515625 0.484496
0 0.746875 0.443152 0.746875 0.647287 0.762500 0.647287 0.762500 0.639535 0.765625 0.634367 0.765625 0.629199 0.767187 0.626615 0.767187 0.608527 0.768750 0.605943 0.768750 0.600775 0.770312 0.598191 0.770312 0.595607 0.771875 0.593023 0.771875 0.587855 0.773438 0.585271 0.773438 0.580103 0.775000 0.577519 0.775000 0.574935 0.776563 0.572351 0.776563 0.569767 0.778125 0.567183 0.782812 0.567183 0.782812 0.559432 0.778125 0.559432 0.776563 0.556848 0.776563 0.549096 0.775000 0.546512 0.776563 0.543928 0.776563 0.541344 0.778125 0.538760 0.782812 0.538760 0.782812 0.505168 0.778125 0.505168 0.775000 0.500000 0.775000 0.494832 0.773438 0.492248 0.773438 0.489664 0.770312 0.484496 0.770312 0.471576 0.768750 0.468992 0.768750 0.456072 0.767187 0.453488 0.767187 0.443152
0 0.632812 0.432817 0.632812 0.445736 0.631250 0.448320 0.631250 0.450904 0.629687 0.453488 0.629687 0.463824 0.628125 0.466408 0.628125 0.468992 0.626562 0.471576 0.626562 0.474160 0.625000 0.476744 0.625000 0.479328 0.621875 0.484496 0.621875 0.487080 0.620313 0.489664 0.615625 0.489664 0.615625 0.587855 0.621875 0.587855 0.623438 0.590439 0.623438 0.593023 0.625000 0.595607 0.625000 0.598191 0.626562 0.600775 0.626562 0.611111 0.628125 0.613695 0.628125 0.621447 0.626562 0.624031 0.626562 0.631783 0.628125 0.634367 0.628125 0.642119 0.629687 0.644703 0.629687 0.649871 0.631250 0.652455 0.631250 0.667959 0.637500 0.667959 0.637500 0.647287 0.639063 0.644703 0.640625 0.644703 0.642187 0.647287 0.642187 0.655039 0.643750 0.657623 0.643750 0.667959 0.656250 0.667959 0.656250 0.657623 0.659375 0.652455 0.664062 0.652455 0.664062 0.639535 0.659375 0.639535 0.657812 0.636951 0.657812 0.634367 0.656250 0.631783 0.656250 0.624031 0.654688 0.621447 0.654688 0.603359 0.656250 0.600775 0.656250 0.595607 0.654688 0.593023 0.654688 0.580103 0.653125 0.577519 0.653125 0.562016 0.651563 0.559432 0.651563 0.546512 0.653125 0.543928 0.653125 0.518088 0.651563 0.515504 0.651563 0.505168 0.656250 0.497416 0.664062 0.497416 0.664062 0.492248 0.656250 0.492248 0.651563 0.484496 0.651563 0.481912 0.650000 0.479328 0.650000 0.474160 0.648438 0.471576 0.648438 0.458656 0.646875 0.456072 0.646875 0.448320 0.645312 0.445736 0.645312 0.432817
0 0.304688 0.494832 0.304688 0.502584 0.303125 0.505168 0.303125 0.507752 0.301562 0.510336 0.301562 0.512920 0.300000 0.515504 0.300000 0.518088 0.298438 0.520672 0.298438 0.523256 0.295312 0.528424 0.290625 0.528424 0.290625 0.556848 0.295312 0.556848 0.296875 0.559432 0.296875 0.572351 0.295312 0.574935 0.290625 0.574935 0.290625 0.582687 0.295312 0.582687 0.296875 0.585271 0.295312 0.587855 0.290625 0.587855 0.290625 0.667959 0.312500 0.667959 0.312500 0.629199 0.314063 0.626615 0.314063 0.621447 0.315625 0.618863 0.315625 0.605943 0.317187 0.603359 0.317187 0.580103 0.318750 0.577519 0.318750 0.559432 0.320312 0.556848 0.320312 0.554264 0.321875 0.551680 0.326562 0.551680 0.326562 0.533592 0.321875 0.533592 0.318750 0.528424 0.318750 0.525840 0.317187 0.523256 0.317187 0.520672 0.314063 0.515504 0.314063 0.510336 0.312500 0.507752 0.312500 0.494832
0 0.260938 0.494832 0.260938 0.515504 0.257812 0.520672 0.253125 0.520672 0.253125 0.655039 0.268750 0.655039 0.270312 0.652455 0.273438 0.652455 0.275000 0.649871 0.275000 0.634367 0.273438 0.631783 0.273438 0.616279 0.271875 0.613695 0.271875 0.603359 0.273438 0.600775 0.273438 0.587855 0.275000 0.585271 0.275000 0.554264 0.278125 0.549096 0.282813 0.549096 0.282813 0.525840 0.278125 0.525840 0.275000 0.520672 0.275000 0.518088 0.273438 0.515504 0.273438 0.507752 0.271875 0.505168 0.271875 0.494832
0 0.700000 0.463824 0.700000 0.474160 0.696875 0.479328 0.695312 0.479328 0.695312 0.481912 0.693750 0.484496 0.693750 0.489664 0.689062 0.497416 0.689062 0.500000 0.687500 0.502584 0.687500 0.525840 0.685938 0.528424 0.685938 0.531008 0.684375 0.533592 0.684375 0.536176 0.682813 0.538760 0.678125 0.538760 0.678125 0.657623 0.704687 0.657623 0.704687 0.649871 0.707812 0.644703 0.714063 0.644703 0.714063 0.585271 0.709375 0.585271 0.707812 0.582687 0.707812 0.564599 0.709375 0.562016 0.714063 0.562016 0.714063 0.543928 0.707812 0.543928 0.706250 0.541344 0.706250 0.536176 0.703125 0.531008 0.703125 0.528424 0.701563 0.528424 0.698438 0.523256 0.698438 0.510336 0.700000 0.507752 0.700000 0.494832 0.703125 0.489664 0.703125 0.487080 0.704687 0.484496 0.704687 0.481912 0.706250 0.479328 0.706250 0.463824
0 0.537500 0.484496 0.535937 0.481912 0.528125 0.481912 0.528125 0.497416 0.534375 0.497416 0.537500 0.492248 0.537500 0.484496 0.542188 0.484496 0.542188 0.497416 0.543750 0.500000 0.543750 0.515504 0.542188 0.518088 0.542188 0.523256 0.539062 0.528424 0.535937 0.528424 0.532812 0.533592 0.528125 0.533592 0.528125 0.551680 0.532812 0.551680 0.534375 0.554264 0.534375 0.556848 0.535937 0.559432 0.535937 0.577519 0.537500 0.580103 0.537500 0.590439 0.539062 0.593023 0.539062 0.608527 0.537500 0.611111 0.537500 0.657623 0.548437 0.657623 0.548437 0.647287 0.550000 0.644703 0.550000 0.634367 0.551562 0.631783 0.553125 0.631783 0.554688 0.634367 0.554688 0.657623 0.560938 0.657623 0.560938 0.611111 0.559375 0.608527 0.559375 0.598191 0.560938 0.595607 0.560938 0.585271 0.562500 0.582687 0.562500 0.577519 0.564062 0.574935 0.564062 0.572351 0.565625 0.569767 0.570312 0.569767 0.570312 0.492248 0.565625 0.492248 0.562500 0.487080 0.562500 0.443152 0.548437 0.443152 0.548437 0.456072 0.546875 0.458656 0.546875 0.476744 0.542188 0.484496
0 0.665625 0.474160 0.665625 0.487080 0.664062 0.489664 0.664062 0.500000 0.659375 0.507752 0.653125 0.507752 0.653125 0.657623 0.665625 0.657623 0.665625 0.647287 0.670313 0.639535 0.670313 0.629199 0.671875 0.626615 0.671875 0.624031 0.673437 0.621447 0.673437 0.616279 0.675000 0.613695 0.675000 0.603359 0.676562 0.600775 0.676562 0.598191 0.681250 0.590439 0.681250 0.582687 0.682813 0.580103 0.682813 0.577519 0.684375 0.574935 0.689062 0.574935 0.689062 0.502584 0.684375 0.502584 0.682813 0.500000 0.682813 0.497416 0.681250 0.494832 0.681250 0.487080 0.679688 0.484496 0.679688 0.474160
0 0.384375 0.494832 0.384375 0.507752 0.382812 0.510336 0.378125 0.510336 0.378125 0.613695 0.382812 0.613695 0.384375 0.616279 0.384375 0.629199 0.382812 0.631783 0.378125 0.631783 0.378125 0.657623 0.393750 0.657623 0.393750 0.644703 0.395312 0.642119 0.395312 0.636951 0.396875 0.634367 0.396875 0.631783 0.398438 0.629199 0.398438 0.624031 0.400000 0.621447 0.400000 0.564599 0.398438 0.562016 0.398438 0.533592 0.396875 0.531008 0.396875 0.518088 0.395312 0.515504 0.395312 0.510336 0.396875 0.507752 0.396875 0.494832
0 0.359375 0.484496 0.359375 0.600775 0.364062 0.600775 0.365625 0.603359 0.365625 0.605943 0.367188 0.608527 0.367188 0.621447 0.365625 0.624031 0.365625 0.626615 0.364062 0.629199 0.359375 0.629199 0.359375 0.657623 0.381250 0.657623 0.381250 0.631783 0.379687 0.629199 0.379687 0.626615 0.381250 0.624031 0.381250 0.608527 0.382812 0.605943 0.382812 0.603359 0.384375 0.600775 0.389062 0.600775 0.389062 0.585271 0.384375 0.585271 0.382812 0.582687 0.382812 0.580103 0.381250 0.577519 0.381250 0.562016 0.379687 0.559432 0.379687 0.523256 0.378125 0.520672 0.378125 0.497416 0.379687 0.494832 0.379687 0.484496
0 0.281250 0.505168 0.281250 0.518088 0.279687 0.520672 0.279687 0.538760 0.278125 0.541344 0.278125 0.543928 0.276563 0.546512 0.271875 0.546512 0.271875 0.667959 0.290625 0.667959 0.290625 0.660207 0.292188 0.657623 0.292188 0.647287 0.293750 0.644703 0.293750 0.605943 0.296875 0.600775 0.301562 0.600775 0.301562 0.525840 0.296875 0.525840 0.295312 0.523256 0.295312 0.520672 0.293750 0.518088 0.293750 0.505168
0 0.204688 0.494832 0.204688 0.520672 0.203125 0.523256 0.203125 0.525840 0.200000 0.531008 0.198437 0.531008 0.196875 0.533592 0.190625 0.533592 0.190625 0.618863 0.195312 0.618863 0.198437 0.624031 0.198437 0.644703 0.200000 0.647287 0.200000 0.657623 0.210938 0.657623 0.210938 0.626615 0.212500 0.624031 0.212500 0.618863 0.214062 0.616279 0.215625 0.616279 0.218750 0.621447 0.218750 0.631783 0.220313 0.634367 0.220313 0.644703 0.226562 0.644703 0.226562 0.531008 0.221875 0.531008 0.220313 0.528424 0.220313 0.520672 0.218750 0.518088 0.218750 0.494832
0 0.257812 0.639535 0.259375 0.642119 0.259375 0.647287 0.264062 0.647287 0.264062 0.634367 0.259375 0.634367 0.259375 0.636951 0.257812 0.639535 0.254687 0.510336 0.254687 0.518088 0.256250 0.520672 0.256250 0.523256 0.259375 0.528424 0.264062 0.528424 0.264062 0.564599 0.259375 0.564599 0.257812 0.567183 0.257812 0.569767 0.256250 0.572351 0.256250 0.595607 0.254687 0.598191 0.254687 0.603359 0.250000 0.611111 0.250000 0.618863 0.248437 0.621447 0.234375 0.505168 0.234375 0.494832 0.228125 0.494832 0.228125 0.505168 0.234375 0.505168 0.248437 0.621447 0.248437 0.634367 0.246875 0.636951 0.246875 0.667959 0.235938 0.667959 0.235938 0.636951 0.237500 0.634367 0.237500 0.626615 0.235938 0.624031 0.235938 0.616279 0.234375 0.613695 0.228125 0.613695 0.228125 0.518088 0.234375 0.518088 0.235938 0.515504 0.237500 0.515504 0.240625 0.510336 0.240625 0.505168 0.242188 0.502584 0.242188 0.494832 0.253125 0.494832 0.253125 0.507752 0.254687 0.510336
0 0.893750 0.319121 0.893750 0.344961 0.895312 0.347545 0.895312 0.350129 0.893750 0.352713 0.893750 0.357881 0.892187 0.360465 0.884375 0.360465 0.884375 0.399225 0.920313 0.399225 0.920313 0.360465 0.915625 0.360465 0.912500 0.355297 0.912500 0.350129 0.910937 0.347545 0.910937 0.339793 0.909375 0.337209 0.909375 0.319121
0 0.728125 0.432817 0.728125 0.479328 0.732813 0.479328 0.737500 0.487080 0.737500 0.489664 0.739062 0.492248 0.739062 0.500000 0.740625 0.502584 0.740625 0.525840 0.739062 0.528424 0.739062 0.556848 0.737500 0.559432 0.737500 0.572351 0.735937 0.574935 0.735937 0.585271 0.732813 0.590439 0.728125 0.590439 0.728125 0.629199 0.734375 0.629199 0.735937 0.631783 0.735937 0.634367 0.737500 0.636951 0.742188 0.636951 0.742188 0.624031 0.743750 0.621447 0.743750 0.618863 0.746875 0.613695 0.746875 0.608527 0.748438 0.605943 0.748438 0.582687 0.750000 0.580103 0.750000 0.556848 0.751562 0.554264 0.751562 0.549096 0.753125 0.546512 0.757812 0.546512 0.757812 0.481912 0.753125 0.481912 0.750000 0.476744 0.750000 0.471576 0.748438 0.468992 0.748438 0.461240 0.746875 0.458656 0.746875 0.456072 0.743750 0.450904 0.743750 0.445736 0.742188 0.443152 0.742188 0.432817
0 0.496875 0.484496 0.496875 0.587855 0.501562 0.587855 0.503125 0.590439 0.503125 0.600775 0.504687 0.603359 0.504687 0.616279 0.509375 0.624031 0.509375 0.629199 0.510938 0.631783 0.510938 0.636951 0.514063 0.642119 0.517187 0.642119 0.518750 0.639535 0.518750 0.631783 0.520312 0.629199 0.520312 0.618863 0.521875 0.616279 0.525000 0.621447 0.525000 0.624031 0.526563 0.626615 0.526563 0.639535 0.532812 0.639535 0.532812 0.616279 0.526563 0.616279 0.523438 0.611111 0.523438 0.600775 0.525000 0.598191 0.525000 0.595607 0.523438 0.593023 0.523438 0.580103 0.521875 0.577519 0.521875 0.567183 0.520312 0.564599 0.521875 0.562016 0.521875 0.554264 0.523438 0.551680 0.523438 0.533592 0.521875 0.531008 0.521875 0.525840 0.517187 0.518088 0.517187 0.512920 0.515625 0.510336 0.515625 0.494832 0.517187 0.492248 0.517187 0.484496
0 0.185937 0.494832 0.185937 0.505168 0.187500 0.507752 0.187500 0.528424 0.185937 0.531008 0.185937 0.536176 0.182812 0.541344 0.178125 0.541344 0.178125 0.657623 0.189063 0.657623 0.189063 0.647287 0.190625 0.644703 0.190625 0.642119 0.192188 0.639535 0.192188 0.624031 0.195312 0.618863 0.196875 0.618863 0.198437 0.621447 0.198437 0.624031 0.200000 0.626615 0.200000 0.634367 0.198437 0.636951 0.198437 0.639535 0.200000 0.642119 0.200000 0.644703 0.201562 0.647287 0.201562 0.657623 0.214062 0.657623 0.214062 0.595607 0.207813 0.595607 0.206250 0.593023 0.204688 0.593023 0.201562 0.587855 0.201562 0.585271 0.204688 0.580103 0.204688 0.577519 0.206250 0.574935 0.206250 0.564599 0.209375 0.559432 0.214062 0.559432 0.214062 0.523256 0.206250 0.523256 0.204688 0.525840 0.203125 0.525840 0.200000 0.520672 0.200000 0.515504 0.198437 0.512920 0.198437 0.510336 0.196875 0.507752 0.196875 0.505168 0.195312 0.502584 0.195312 0.494832
0 0.350000 0.494832 0.350000 0.507752 0.348437 0.510336 0.348437 0.518088 0.345313 0.523256 0.340625 0.523256 0.340625 0.551680 0.345313 0.551680 0.346875 0.554264 0.346875 0.556848 0.345313 0.559432 0.340625 0.559432 0.340625 0.657623 0.354688 0.657623 0.354688 0.636951 0.356250 0.634367 0.356250 0.616279 0.357812 0.613695 0.357812 0.611111 0.359375 0.608527 0.360938 0.608527 0.360938 0.605943 0.362500 0.603359 0.362500 0.600775 0.365625 0.595607 0.370313 0.595607 0.365625 0.595607 0.364062 0.593023 0.364062 0.582687 0.365625 0.580103 0.370313 0.580103 0.370313 0.538760 0.365625 0.538760 0.362500 0.533592 0.362500 0.515504 0.364062 0.512920 0.364062 0.494832
0 0.696875 0.443152 0.696875 0.453488 0.706250 0.453488 0.707812 0.450904 0.712500 0.458656 0.712500 0.461240 0.714063 0.463824 0.712500 0.466408 0.712500 0.474160 0.707812 0.481912 0.706250 0.481912 0.703125 0.487080 0.696875 0.487080 0.696875 0.512920 0.703125 0.512920 0.704687 0.515504 0.704687 0.523256 0.706250 0.525840 0.706250 0.531008 0.707812 0.533592 0.707812 0.541344 0.709375 0.543928 0.709375 0.569767 0.707812 0.572351 0.707812 0.577519 0.709375 0.580103 0.709375 0.585271 0.710938 0.587855 0.710938 0.593023 0.712500 0.595607 0.712500 0.616279 0.710938 0.618863 0.710938 0.629199 0.709375 0.631783 0.709375 0.636951 0.707812 0.639535 0.707812 0.644703 0.706250 0.647287 0.706250 0.649871 0.707812 0.649871 0.709375 0.652455 0.710938 0.652455 0.714063 0.657623 0.714063 0.667959 0.728125 0.667959 0.728125 0.652455 0.726562 0.649871 0.726562 0.647287 0.728125 0.644703 0.728125 0.634367 0.729688 0.631783 0.729688 0.621447 0.731250 0.618863 0.731250 0.611111 0.732813 0.608527 0.732813 0.600775 0.734375 0.598191 0.734375 0.585271 0.735937 0.582687 0.735937 0.528424 0.732813 0.523256 0.737500 0.515504 0.745313 0.515504 0.745313 0.500000 0.739062 0.500000 0.734375 0.492248 0.734375 0.484496 0.732813 0.481912 0.731250 0.481912 0.728125 0.476744 0.728125 0.466408 0.726562 0.463824 0.726562 0.443152
0 0.545313 0.481912 0.543750 0.479328 0.542188 0.479328 0.540625 0.476744 0.528125 0.476744 0.528125 0.598191 0.532812 0.598191 0.535937 0.603359 0.535937 0.613695 0.537500 0.616279 0.537500 0.618863 0.535937 0.621447 0.535937 0.631783 0.537500 0.634367 0.537500 0.657623 0.546875 0.657623 0.546875 0.649871 0.548437 0.647287 0.548437 0.636951 0.550000 0.634367 0.550000 0.616279 0.553125 0.611111 0.556250 0.616279 0.556250 0.657623 0.564062 0.657623 0.564062 0.608527 0.557813 0.608527 0.556250 0.605943 0.559375 0.600775 0.564062 0.600775 0.564062 0.595607 0.559375 0.595607 0.557813 0.593023 0.557813 0.590439 0.556250 0.587855 0.556250 0.580103 0.557813 0.577519 0.556250 0.574935 0.556250 0.533592 0.554688 0.531008 0.554688 0.512920 0.553125 0.510336 0.553125 0.507752 0.551562 0.505168 0.550000 0.507752 0.548437 0.507752 0.546875 0.510336 0.545313 0.507752 0.545313 0.481912 0.548437 0.481912 0.548437 0.489664 0.550000 0.489664 0.551562 0.492248 0.553125 0.489664 0.554688 0.489664 0.557813 0.484496 0.564062 0.484496 0.564062 0.463824 0.550000 0.463824 0.550000 0.479328 0.548437 0.481912
