2 0.639063 0.587500 0.639063 0.593750 0.635938 0.597917 0.632812 0.597917 0.629687 0.602083 0.628125 0.602083 0.628125 0.604167 0.621875 0.612500 0.621875 0.614583 0.620313 0.616667 0.620313 0.618750 0.617188 0.622917 0.617188 0.625000 0.614062 0.629167 0.610937 0.629167 0.607813 0.633333 0.606250 0.633333 0.604688 0.635417 0.603125 0.635417 0.601562 0.637500 0.601562 0.639583 0.596875 0.645833 0.596875 0.647917 0.587500 0.660417 0.585938 0.660417 0.584375 0.662500 0.582812 0.662500 0.579687 0.666667 0.578125 0.666667 0.575000 0.670833 0.573438 0.670833 0.571875 0.672917 0.570312 0.672917 0.568750 0.675000 0.567187 0.675000 0.564062 0.679167 0.562500 0.679167 0.559375 0.683333 0.559375 0.685417 0.557813 0.687500 0.557813 0.689583 0.556250 0.691667 0.556250 0.695833 0.554688 0.697917 0.554688 0.704167 0.553125 0.706250 0.553125 0.710417 0.551562 0.712500 0.546875 0.712500 0.546875 0.722917 0.551562 0.722917 0.553125 0.725000 0.553125 0.737500 0.554688 0.739583 0.554688 0.760417 0.556250 0.762500 0.556250 0.770833 0.557813 0.772917 0.557813 0.775000 0.559375 0.777083 0.559375 0.779167 0.562500 0.783333 0.564062 0.783333 0.565625 0.785417 0.578125 0.785417 0.579687 0.787500 0.584375 0.787500 0.585938 0.789583 0.606250 0.789583 0.607813 0.791667 0.609375 0.791667 0.615625 0.800000 0.615625 0.802083 0.617188 0.804167 0.617188 0.808333 0.618750 0.810417 0.618750 0.814583 0.620313 0.816667 0.620313 0.818750 0.621875 0.820833 0.621875 0.825000 0.623438 0.827083 0.623438 0.829167 0.625000 0.831250 0.625000 0.833333 0.626562 0.835417 0.626562 0.837500 0.632812 0.845833 0.635938 0.845833 0.637500 0.847917 0.640625 0.847917 0.642187 0.850000 0.643750 0.850000 0.646875 0.854167 0.646875 0.860417 0.665625 0.860417 0.665625 0.854167 0.667188 0.852083 0.668750 0.852083 0.670313 0.850000 0.671875 0.850000 0.675000 0.845833 0.675000 0.843750 0.676562 0.841667 0.676562 0.839583 0.682813 0.831250 0.685938 0.831250 0.687500 0.829167 0.701563 0.829167 0.703125 0.831250 0.704687 0.829167 0.715625 0.829167 0.717188 0.827083 0.720312 0.827083 0.721875 0.825000 0.728125 0.825000 0.729688 0.822917 0.731250 0.822917 0.732813 0.820833 0.735937 0.820833 0.737500 0.818750 0.743750 0.818750 0.745313 0.816667 0.765625 0.816667 0.767187 0.814583 0.779688 0.814583 0.781250 0.816667 0.790625 0.816667 0.793750 0.820833 0.795313 0.820833 0.798437 0.825000 0.798437 0.827083 0.800000 0.829167 0.800000 0.831250 0.801562 0.833333 0.801562 0.835417 0.804688 0.839583 0.804688 0.841667 0.806250 0.841667 0.807813 0.843750 0.810938 0.843750 0.812500 0.845833 0.823438 0.845833 0.825000 0.843750 0.828125 0.843750 0.831250 0.839583 0.832812 0.839583 0.834375 0.837500 0.834375 0.835417 0.839063 0.829167 0.839063 0.827083 0.840625 0.825000 0.840625 0.820833 0.842188 0.818750 0.842188 0.810417 0.843750 0.808333 0.843750 0.802083 0.845312 0.800000 0.845312 0.795833 0.846875 0.793750 0.846875 0.789583 0.848437 0.787500 0.848437 0.785417 0.850000 0.783333 0.850000 0.777083 0.851562 0.775000 0.851562 0.770833 0.853125 0.768750 0.857813 0.768750 0.857813 0.741667 0.853125 0.741667 0.851562 0.739583 0.851562 0.725000 0.853125 0.722917 0.857813 0.722917 0.857813 0.693750 0.853125 0.693750 0.850000 0.689583 0.848437 0.689583 0.843750 0.683333 0.842188 0.683333 0.840625 0.681250 0.839063 0.681250 0.829687 0.668750 0.829687 0.666667 0.828125 0.664583 0.828125 0.662500 0.825000 0.658333 0.825000 0.656250 0.821875 0.652083 0.821875 0.650000 0.820312 0.647917 0.820312 0.645833 0.817187 0.641667 0.817187 0.639583 0.815625 0.637500 0.815625 0.635417 0.812500 0.631250 0.812500 0.629167 0.810938 0.627083 0.810938 0.610417 0.809375 0.608333 0.807813 0.608333 0.806250 0.606250 0.804688 0.606250 0.803125 0.604167 0.798437 0.604167 0.796875 0.602083 0.779688 0.602083 0.778125 0.600000 0.764063 0.600000 0.762500 0.597917 0.756250 0.597917 0.754687 0.600000 0.739062 0.600000 0.734375 0.593750 0.734375 0.587500 0.662500 0.587500 0.662500 0.593750 0.660937 0.595833 0.659375 0.595833 0.657812 0.597917 0.650000 0.597917 0.648438 0.595833 0.643750 0.595833 0.642187 0.593750 0.642187 0.587500
2 0.901563 0.562500 0.901563 0.568750 0.890625 0.583333 0.889063 0.583333 0.887500 0.585417 0.885938 0.585417 0.882812 0.589583 0.881250 0.589583 0.878125 0.593750 0.871875 0.593750 0.871875 0.610417 0.878125 0.610417 0.879687 0.612500 0.881250 0.612500 0.882812 0.614583 0.884375 0.614583 0.885938 0.616667 0.887500 0.616667 0.892187 0.622917 0.892187 0.625000 0.893750 0.627083 0.893750 0.631250 0.895312 0.633333 0.895312 0.637500 0.896875 0.639583 0.896875 0.645833 0.898438 0.647917 0.898438 0.656250 0.900000 0.658333 0.900000 0.660417 0.901563 0.662500 0.901563 0.664583 0.903125 0.664583 0.904688 0.666667 0.906250 0.666667 0.907812 0.668750 0.912500 0.668750 0.914062 0.670833 0.934375 0.670833 0.935938 0.672917 0.939062 0.672917 0.940625 0.675000 0.942187 0.675000 0.945312 0.679167 0.946875 0.679167 0.950000 0.683333 0.951563 0.683333 0.954687 0.687500 0.954687 0.693750 0.962500 0.693750 0.962500 0.687500 0.965625 0.683333 0.971875 0.683333 0.973437 0.681250 0.985937 0.681250 0.987500 0.683333 0.990625 0.683333 0.993750 0.687500 0.993750 0.693750 0.998438 0.693750 0.998438 0.572917 0.995313 0.572917 0.993750 0.570833 0.992188 0.570833 0.990625 0.568750 0.990625 0.562500
2 0.290625 0.537500 0.290625 0.545833 0.281250 0.558333 0.279687 0.558333 0.278125 0.560417 0.271875 0.560417 0.271875 0.618750 0.329688 0.618750 0.329688 0.610417 0.334375 0.604167 0.334375 0.602083 0.335938 0.600000 0.335938 0.597917 0.339063 0.593750 0.339063 0.591667 0.340625 0.589583 0.340625 0.587500 0.342187 0.585417 0.342187 0.581250 0.343750 0.579167 0.343750 0.575000 0.345313 0.572917 0.345313 0.566667 0.346875 0.564583 0.351562 0.564583 0.351562 0.562500 0.346875 0.562500 0.345313 0.560417 0.345313 0.558333 0.343750 0.556250 0.343750 0.554167 0.339063 0.547917 0.337500 0.547917 0.335938 0.545833 0.335938 0.537500
3 0.426562 0.600000 0.420312 0.608333 0.420312 0.610417 0.418750 0.612500 0.418750 0.614583 0.415625 0.618750 0.415625 0.620833 0.414062 0.622917 0.414062 0.629167 0.412500 0.631250 0.412500 0.639583 0.410937 0.641667 0.410937 0.645833 0.409375 0.647917 0.409375 0.650000 0.407813 0.652083 0.406250 0.652083 0.403125 0.656250 0.401563 0.654167 0.400000 0.654167 0.398438 0.652083 0.396875 0.652083 0.393750 0.647917 0.393750 0.645833 0.392188 0.643750 0.392188 0.641667 0.390625 0.639583 0.390625 0.637500 0.382812 0.637500 0.381250 0.639583 0.376563 0.639583 0.373437 0.635417 0.373437 0.629167 0.371875 0.627083 0.371875 0.625000 0.370313 0.622917 0.364062 0.622917 0.362500 0.620833 0.346875 0.620833 0.346875 0.658333 0.351562 0.658333 0.353125 0.660417 0.353125 0.662500 0.354688 0.664583 0.354688 0.668750 0.356250 0.670833 0.356250 0.672917 0.357812 0.675000 0.357812 0.677083 0.359375 0.679167 0.359375 0.681250 0.360938 0.681250 0.367188 0.689583 0.370313 0.689583 0.371875 0.691667 0.381250 0.691667 0.382812 0.689583 0.393750 0.689583 0.395312 0.691667 0.403125 0.681250 0.404687 0.681250 0.406250 0.679167 0.415625 0.679167 0.417188 0.677083 0.420312 0.677083 0.421875 0.675000 0.423438 0.675000 0.425000 0.677083 0.439063 0.677083 0.440625 0.679167 0.443750 0.679167 0.453125 0.691667 0.454688 0.691667 0.457812 0.695833 0.457812 0.702083 0.478125 0.702083 0.478125 0.693750 0.482812 0.687500 0.489062 0.687500 0.489062 0.637500 0.482812 0.637500 0.481250 0.635417 0.481250 0.633333 0.479688 0.631250 0.479688 0.629167 0.478125 0.627083 0.478125 0.625000 0.471875 0.616667 0.470313 0.616667 0.467187 0.612500 0.465625 0.612500 0.460938 0.606250 0.456250 0.606250 0.454688 0.604167 0.443750 0.604167 0.442187 0.602083 0.440625 0.602083 0.439063 0.600000
0 0.012500 0.495833 0.012500 0.504167 0.010937 0.506250 0.009375 0.506250 0.007812 0.508333 0.007812 0.510417 0.006250 0.512500 0.006250 0.514583 0.004688 0.516667 0.004688 0.518750 0.001563 0.522917 0.000000 0.522917 0.000000 0.768750 0.021875 0.768750 0.021875 0.760417 0.020312 0.758333 0.020312 0.756250 0.017188 0.752083 0.017188 0.745833 0.015625 0.743750 0.015625 0.741667 0.017188 0.739583 0.017188 0.725000 0.018750 0.722917 0.018750 0.716667 0.020312 0.714583 0.020312 0.712500 0.021875 0.710417 0.021875 0.706250 0.023438 0.704167 0.023438 0.697917 0.025000 0.695833 0.025000 0.689583 0.026563 0.687500 0.026563 0.683333 0.028125 0.681250 0.028125 0.672917 0.029687 0.670833 0.029687 0.666667 0.031250 0.664583 0.031250 0.662500 0.034375 0.658333 0.035937 0.658333 0.037500 0.656250 0.045313 0.656250 0.045313 0.562500 0.040625 0.562500 0.035937 0.556250 0.035937 0.554167 0.034375 0.552083 0.034375 0.550000 0.032812 0.547917 0.032812 0.545833 0.029687 0.541667 0.029687 0.539583 0.028125 0.537500 0.028125 0.535417 0.025000 0.531250 0.025000 0.510417 0.029687 0.504167 0.029687 0.495833
2 0.768750 0.529167 0.768750 0.541667 0.767187 0.543750 0.767187 0.547917 0.765625 0.550000 0.765625 0.552083 0.764063 0.554167 0.764063 0.556250 0.762500 0.558333 0.762500 0.560417 0.759375 0.564583 0.759375 0.566667 0.754687 0.572917 0.754687 0.575000 0.753125 0.577083 0.751562 0.577083 0.750000 0.579167 0.750000 0.581250 0.746875 0.585417 0.740625 0.585417 0.740625 0.602083 0.765625 0.602083 0.767187 0.604167 0.785937 0.604167 0.787500 0.606250 0.795313 0.606250 0.796875 0.608333 0.800000 0.608333 0.801562 0.610417 0.803125 0.610417 0.806250 0.614583 0.806250 0.616667 0.807813 0.618750 0.807813 0.620833 0.809375 0.622917 0.809375 0.625000 0.810938 0.627083 0.810938 0.629167 0.814062 0.633333 0.814062 0.635417 0.820312 0.643750 0.820312 0.645833 0.821875 0.647917 0.821875 0.650000 0.826563 0.656250 0.826563 0.660417 0.828125 0.662500 0.829687 0.662500 0.834375 0.668750 0.837500 0.668750 0.839063 0.670833 0.846875 0.670833 0.848437 0.672917 0.856250 0.672917 0.857813 0.670833 0.865625 0.670833 0.867188 0.672917 0.870313 0.672917 0.871875 0.675000 0.890625 0.675000 0.892187 0.672917 0.893750 0.672917 0.895312 0.670833 0.901563 0.670833 0.901563 0.627083 0.895312 0.627083 0.892187 0.622917 0.892187 0.620833 0.890625 0.618750 0.890625 0.616667 0.889063 0.616667 0.884375 0.610417 0.882812 0.610417 0.881250 0.608333 0.879687 0.608333 0.875000 0.602083 0.875000 0.595833 0.873438 0.593750 0.873438 0.589583 0.871875 0.587500 0.871875 0.585417 0.865625 0.577083 0.865625 0.575000 0.862500 0.570833 0.862500 0.568750 0.860937 0.566667 0.860937 0.564583 0.859375 0.562500 0.859375 0.560417 0.856250 0.556250 0.856250 0.554167 0.851562 0.547917 0.850000 0.547917 0.846875 0.543750 0.843750 0.543750 0.842188 0.541667 0.837500 0.541667 0.835938 0.539583 0.831250 0.539583 0.828125 0.535417 0.828125 0.529167
9 0.146875 0.120833 0.146875 0.133333 0.145313 0.135417 0.145313 0.141667 0.143750 0.143750 0.143750 0.156250 0.142188 0.158333 0.142188 0.177083 0.140625 0.179167 0.140625 0.181250 0.139062 0.183333 0.134375 0.183333 0.134375 0.325000 0.142188 0.325000 0.143750 0.327083 0.145313 0.327083 0.146875 0.329167 0.146875 0.335417 0.201562 0.335417 0.201562 0.133333 0.196875 0.133333 0.193750 0.129167 0.193750 0.120833
2 0.667188 0.545833 0.667188 0.552083 0.664062 0.556250 0.659375 0.556250 0.659375 0.602083 0.748438 0.602083 0.748438 0.589583 0.750000 0.587500 0.750000 0.583333 0.753125 0.579167 0.757812 0.579167 0.757812 0.572917 0.753125 0.572917 0.751562 0.570833 0.751562 0.568750 0.748438 0.564583 0.748438 0.562500 0.745313 0.558333 0.743750 0.558333 0.739062 0.552083 0.739062 0.545833
0 0.407813 0.545833 0.407813 0.554167 0.406250 0.556250 0.406250 0.558333 0.401563 0.564583 0.401563 0.566667 0.400000 0.568750 0.400000 0.570833 0.395312 0.577083 0.395312 0.579167 0.393750 0.581250 0.393750 0.583333 0.392188 0.585417 0.392188 0.587500 0.389062 0.591667 0.389062 0.593750 0.387500 0.595833 0.387500 0.606250 0.385938 0.608333 0.385938 0.610417 0.379687 0.618750 0.378125 0.618750 0.376563 0.620833 0.371875 0.620833 0.371875 0.629167 0.381250 0.629167 0.382812 0.631250 0.384375 0.631250 0.385938 0.629167 0.390625 0.629167 0.393750 0.633333 0.393750 0.635417 0.395312 0.637500 0.395312 0.639583 0.396875 0.641667 0.396875 0.645833 0.401563 0.652083 0.403125 0.652083 0.404687 0.650000 0.406250 0.650000 0.409375 0.645833 0.409375 0.633333 0.410937 0.631250 0.410937 0.622917 0.412500 0.620833 0.412500 0.618750 0.415625 0.614583 0.415625 0.612500 0.417188 0.610417 0.417188 0.608333 0.418750 0.606250 0.418750 0.604167 0.428125 0.591667 0.432813 0.591667 0.432813 0.568750 0.428125 0.568750 0.425000 0.564583 0.425000 0.562500 0.421875 0.558333 0.421875 0.556250 0.420312 0.556250 0.417188 0.552083 0.417188 0.545833
0 0.376563 0.537500 0.376563 0.545833 0.375000 0.547917 0.373437 0.547917 0.371875 0.550000 0.370313 0.550000 0.368750 0.552083 0.368750 0.556250 0.367188 0.558333 0.367188 0.564583 0.365625 0.566667 0.365625 0.570833 0.364062 0.572917 0.364062 0.575000 0.362500 0.577083 0.362500 0.581250 0.360938 0.583333 0.360938 0.587500 0.356250 0.593750 0.356250 0.595833 0.346875 0.608333 0.340625 0.608333 0.340625 0.629167 0.345313 0.629167 0.346875 0.627083 0.346875 0.625000 0.348437 0.622917 0.348437 0.620833 0.351562 0.616667 0.353125 0.616667 0.356250 0.612500 0.357812 0.612500 0.359375 0.610417 0.360938 0.610417 0.364062 0.606250 0.365625 0.606250 0.365625 0.604167 0.373437 0.593750 0.373437 0.591667 0.375000 0.589583 0.375000 0.587500 0.376563 0.585417 0.376563 0.583333 0.378125 0.581250 0.379687 0.581250 0.384375 0.587500 0.384375 0.595833 0.385938 0.597917 0.385938 0.600000 0.387500 0.602083 0.387500 0.618750 0.389062 0.618750 0.390625 0.620833 0.392188 0.620833 0.398438 0.629167 0.398438 0.637500 0.400000 0.639583 0.400000 0.641667 0.403125 0.645833 0.404687 0.645833 0.406250 0.643750 0.407813 0.643750 0.407813 0.629167 0.409375 0.627083 0.409375 0.618750 0.415625 0.610417 0.415625 0.608333 0.418750 0.604167 0.418750 0.602083 0.428125 0.589583 0.432813 0.589583 0.432813 0.568750 0.428125 0.568750 0.425000 0.564583 0.425000 0.562500 0.421875 0.558333 0.421875 0.556250 0.420312 0.556250 0.417188 0.552083 0.417188 0.550000 0.415625 0.547917 0.415625 0.545833 0.404687 0.545833 0.403125 0.547917 0.401563 0.545833 0.401563 0.537500
2 0.504687 0.537500 0.504687 0.543750 0.503125 0.545833 0.496875 0.545833 0.496875 0.591667 0.518750 0.591667 0.520312 0.593750 0.521875 0.591667 0.525000 0.591667 0.526563 0.589583 0.531250 0.589583 0.532812 0.587500 0.535937 0.587500 0.537500 0.585417 0.539062 0.585417 0.540625 0.583333 0.542188 0.583333 0.553125 0.568750 0.557813 0.568750 0.557813 0.550000 0.553125 0.550000 0.550000 0.545833 0.550000 0.537500
3 0.587500 0.604167 0.589063 0.606250 0.589063 0.608333 0.590625 0.610417 0.590625 0.612500 0.596875 0.620833 0.601562 0.620833 0.601562 0.587500 0.593750 0.587500 0.593750 0.593750 0.587500 0.602083 0.587500 0.604167 0.579687 0.604167 0.576563 0.600000 0.573438 0.600000 0.571875 0.597917 0.570312 0.597917 0.567187 0.593750 0.567187 0.587500 0.560938 0.587500 0.560938 0.593750 0.556250 0.600000 0.556250 0.604167 0.554688 0.606250 0.554688 0.608333 0.553125 0.610417 0.550000 0.610417 0.548437 0.608333 0.548437 0.606250 0.546875 0.604167 0.546875 0.602083 0.534375 0.602083 0.534375 0.645833 0.539062 0.645833 0.540625 0.647917 0.540625 0.650000 0.542188 0.652083 0.542188 0.658333 0.543750 0.660417 0.543750 0.664583 0.545313 0.666667 0.545313 0.670833 0.546875 0.670833 0.548437 0.672917 0.551562 0.672917 0.553125 0.675000 0.559375 0.675000 0.560938 0.672917 0.562500 0.672917 0.564062 0.670833 0.565625 0.670833 0.567187 0.668750 0.567187 0.666667 0.570312 0.662500 0.570312 0.660417 0.571875 0.658333 0.571875 0.656250 0.573438 0.654167 0.573438 0.643750 0.575000 0.641667 0.575000 0.639583 0.576563 0.637500 0.575000 0.635417 0.571875 0.635417 0.570312 0.633333 0.570312 0.631250 0.568750 0.629167 0.568750 0.625000 0.567187 0.622917 0.567187 0.620833 0.570312 0.616667 0.575000 0.616667 0.576563 0.618750 0.578125 0.616667 0.578125 0.612500 0.579687 0.610417 0.579687 0.604167
0 0.087500 0.512500 0.087500 0.522917 0.085938 0.525000 0.085938 0.527083 0.082813 0.531250 0.082813 0.535417 0.081250 0.537500 0.081250 0.541667 0.079687 0.543750 0.079687 0.545833 0.078125 0.547917 0.078125 0.550000 0.076563 0.552083 0.071875 0.552083 0.071875 0.627083 0.096875 0.627083 0.096875 0.604167 0.098438 0.602083 0.098438 0.572917 0.096875 0.570833 0.096875 0.564583 0.098438 0.562500 0.098438 0.560417 0.096875 0.558333 0.096875 0.543750 0.098438 0.541667 0.098438 0.537500 0.100000 0.535417 0.100000 0.533333 0.101562 0.531250 0.101562 0.529167 0.103125 0.527083 0.107813 0.527083 0.107813 0.512500
3 0.554688 0.587500 0.554688 0.593750 0.553125 0.595833 0.553125 0.602083 0.551562 0.604167 0.550000 0.602083 0.550000 0.600000 0.548437 0.597917 0.546875 0.597917 0.545313 0.600000 0.534375 0.600000 0.534375 0.645833 0.539062 0.645833 0.540625 0.647917 0.540625 0.650000 0.542188 0.652083 0.542188 0.660417 0.543750 0.662500 0.543750 0.664583 0.545313 0.666667 0.545313 0.677083 0.565625 0.677083 0.565625 0.668750 0.567187 0.666667 0.567187 0.664583 0.568750 0.662500 0.568750 0.660417 0.570312 0.658333 0.570312 0.645833 0.568750 0.643750 0.568750 0.639583 0.567187 0.637500 0.567187 0.618750 0.568750 0.616667 0.570312 0.616667 0.571875 0.614583 0.575000 0.614583 0.576563 0.616667 0.576563 0.614583 0.578125 0.612500 0.578125 0.602083 0.576563 0.602083 0.575000 0.600000 0.573438 0.600000 0.571875 0.597917 0.570312 0.597917 0.567187 0.593750 0.567187 0.587500
2 0.575000 0.529167 0.575000 0.541667 0.573438 0.543750 0.573438 0.550000 0.570312 0.554167 0.565625 0.554167 0.578125 0.554167 0.579687 0.556250 0.581250 0.556250 0.582812 0.558333 0.584375 0.558333 0.587500 0.562500 0.589063 0.562500 0.593750 0.568750 0.595312 0.568750 0.600000 0.575000 0.601562 0.575000 0.603125 0.577083 0.614062 0.577083 0.615625 0.579167 0.617188 0.579167 0.618750 0.581250 0.618750 0.583333 0.620313 0.585417 0.620313 0.593750 0.637500 0.593750 0.637500 0.585417 0.640625 0.581250 0.645312 0.581250 0.645312 0.537500 0.639063 0.537500 0.637500 0.535417 0.637500 0.529167
2 0.426562 0.570833 0.426562 0.579167 0.428125 0.581250 0.428125 0.583333 0.432813 0.583333 0.432813 0.568750 0.428125 0.568750 0.426562 0.570833 0.420312 0.562500 0.420312 0.558333 0.418750 0.556250 0.418750 0.552083 0.420312 0.550000 0.420312 0.547917 0.421875 0.545833 0.421875 0.537500 0.373437 0.537500 0.373437 0.543750 0.368750 0.550000 0.367188 0.550000 0.367188 0.552083 0.365625 0.554167 0.365625 0.558333 0.364062 0.560417 0.364062 0.562500 0.362500 0.564583 0.362500 0.570833 0.360938 0.572917 0.360938 0.577083 0.357812 0.581250 0.356250 0.581250 0.354688 0.583333 0.353125 0.583333 0.351562 0.585417 0.334375 0.585417 0.334375 0.631250 0.339063 0.631250 0.340625 0.629167 0.345313 0.629167 0.353125 0.618750 0.354688 0.618750 0.357812 0.614583 0.370313 0.614583 0.373437 0.610417 0.373437 0.608333 0.371875 0.606250 0.371875 0.604167 0.373437 0.602083 0.379687 0.602083 0.381250 0.600000 0.384375 0.600000 0.390625 0.591667 0.390625 0.589583 0.392188 0.587500 0.392188 0.585417 0.393750 0.583333 0.393750 0.581250 0.396875 0.577083 0.396875 0.575000 0.398438 0.572917 0.398438 0.570833 0.403125 0.564583 0.404687 0.564583 0.407813 0.560417 0.409375 0.560417 0.410937 0.558333 0.417188 0.558333 0.420312 0.562500
3 0.589063 0.579167 0.589063 0.589583 0.587500 0.591667 0.587500 0.595833 0.585938 0.597917 0.584375 0.597917 0.579687 0.604167 0.579687 0.606250 0.578125 0.608333 0.578125 0.612500 0.576563 0.614583 0.576563 0.618750 0.570312 0.627083 0.567187 0.627083 0.565625 0.629167 0.564062 0.629167 0.560938 0.625000 0.560938 0.620833 0.559375 0.618750 0.560938 0.616667 0.560938 0.610417 0.562500 0.608333 0.565625 0.608333 0.567187 0.606250 0.568750 0.606250 0.570312 0.604167 0.571875 0.604167 0.571875 0.602083 0.570312 0.602083 0.567187 0.597917 0.567187 0.595833 0.565625 0.593750 0.564062 0.593750 0.564062 0.597917 0.562500 0.600000 0.562500 0.602083 0.560938 0.604167 0.560938 0.606250 0.557813 0.610417 0.557813 0.614583 0.550000 0.625000 0.548437 0.625000 0.546875 0.627083 0.540625 0.627083 0.540625 0.670833 0.548437 0.670833 0.550000 0.672917 0.553125 0.672917 0.554688 0.675000 0.556250 0.675000 0.557813 0.677083 0.559375 0.677083 0.560938 0.675000 0.564062 0.675000 0.565625 0.672917 0.567187 0.672917 0.570312 0.668750 0.571875 0.668750 0.573438 0.666667 0.575000 0.666667 0.582812 0.656250 0.582812 0.654167 0.584375 0.652083 0.584375 0.650000 0.585938 0.647917 0.585938 0.645833 0.589063 0.641667 0.589063 0.637500 0.590625 0.635417 0.590625 0.633333 0.606250 0.612500 0.609375 0.612500 0.610937 0.610417 0.612500 0.610417 0.614062 0.608333 0.620313 0.608333 0.620313 0.579167
2 0.471875 0.529167 0.471875 0.583333 0.476562 0.583333 0.479688 0.587500 0.479688 0.593750 0.501562 0.593750 0.501562 0.585417 0.503125 0.583333 0.503125 0.581250 0.504687 0.579167 0.504687 0.564583 0.503125 0.562500 0.506250 0.558333 0.506250 0.556250 0.507812 0.554167 0.514063 0.554167 0.514063 0.529167
2 0.478125 0.529167 0.478125 0.539583 0.476562 0.541667 0.471875 0.541667 0.471875 0.545833 0.476562 0.545833 0.481250 0.552083 0.481250 0.554167 0.479688 0.556250 0.479688 0.566667 0.478125 0.568750 0.478125 0.579167 0.482812 0.585417 0.484375 0.585417 0.485938 0.587500 0.490625 0.587500 0.492188 0.589583 0.496875 0.589583 0.498437 0.591667 0.509375 0.591667 0.510938 0.589583 0.515625 0.589583 0.517187 0.591667 0.518750 0.591667 0.520312 0.593750 0.521875 0.593750 0.523438 0.591667 0.526563 0.591667 0.528125 0.589583 0.532812 0.589583 0.534375 0.587500 0.535937 0.587500 0.537500 0.585417 0.539062 0.585417 0.540625 0.583333 0.542188 0.583333 0.553125 0.568750 0.557813 0.568750 0.557813 0.550000 0.553125 0.550000 0.545313 0.539583 0.543750 0.539583 0.542188 0.537500 0.542188 0.529167
2 0.770312 0.529167 0.770312 0.543750 0.768750 0.545833 0.768750 0.547917 0.767187 0.550000 0.767187 0.552083 0.765625 0.554167 0.765625 0.556250 0.762500 0.560417 0.762500 0.564583 0.756250 0.572917 0.753125 0.572917 0.751562 0.575000 0.746875 0.575000 0.746875 0.593750 0.753125 0.593750 0.754687 0.591667 0.759375 0.591667 0.760938 0.593750 0.762500 0.593750 0.764063 0.595833 0.767187 0.595833 0.768750 0.597917 0.776563 0.597917 0.778125 0.600000 0.815625 0.600000 0.817187 0.597917 0.820312 0.597917 0.821875 0.595833 0.825000 0.595833 0.826563 0.593750 0.828125 0.593750 0.829687 0.595833 0.832812 0.595833 0.834375 0.597917 0.840625 0.597917 0.845312 0.604167 0.845312 0.610417 0.846875 0.610417 0.846875 0.604167 0.851562 0.597917 0.870313 0.597917 0.870313 0.577083 0.865625 0.577083 0.862500 0.572917 0.862500 0.570833 0.860937 0.568750 0.860937 0.566667 0.859375 0.564583 0.859375 0.562500 0.857813 0.560417 0.857813 0.558333 0.854688 0.554167 0.854688 0.550000 0.851562 0.545833 0.850000 0.545833 0.848437 0.543750 0.846875 0.543750 0.845312 0.541667 0.840625 0.541667 0.839063 0.539583 0.834375 0.539583 0.832812 0.537500 0.831250 0.537500 0.829687 0.535417 0.829687 0.529167
2 0.796875 0.587500 0.796875 0.620833 0.801562 0.620833 0.815625 0.639583 0.815625 0.641667 0.820312 0.647917 0.820312 0.650000 0.821875 0.652083 0.821875 0.654167 0.826563 0.660417 0.826563 0.662500 0.828125 0.664583 0.829687 0.664583 0.834375 0.670833 0.845312 0.670833 0.846875 0.672917 0.856250 0.672917 0.857813 0.670833 0.867188 0.670833 0.868750 0.672917 0.873438 0.672917 0.875000 0.675000 0.890625 0.675000 0.893750 0.670833 0.895312 0.670833 0.896875 0.668750 0.901563 0.668750 0.901563 0.622917 0.895312 0.622917 0.893750 0.620833 0.893750 0.618750 0.890625 0.614583 0.890625 0.612500 0.889063 0.610417 0.887500 0.610417 0.884375 0.606250 0.882812 0.606250 0.881250 0.604167 0.879687 0.604167 0.873438 0.595833 0.873438 0.587500
2 0.475000 0.529167 0.475000 0.539583 0.470313 0.545833 0.465625 0.545833 0.465625 0.579167 0.470313 0.579167 0.471875 0.581250 0.473437 0.581250 0.475000 0.583333 0.476562 0.583333 0.478125 0.585417 0.478125 0.593750 0.509375 0.593750 0.509375 0.585417 0.510938 0.583333 0.510938 0.575000 0.512500 0.572917 0.512500 0.566667 0.510938 0.564583 0.510938 0.562500 0.517187 0.554167 0.517187 0.552083 0.518750 0.550000 0.518750 0.547917 0.520312 0.545833 0.521875 0.545833 0.523438 0.547917 0.523438 0.550000 0.525000 0.552083 0.525000 0.554167 0.526563 0.556250 0.526563 0.558333 0.528125 0.560417 0.528125 0.564583 0.526563 0.566667 0.526563 0.575000 0.528125 0.577083 0.532812 0.577083 0.532812 0.529167
