5 0.689062 0.652582 0.687500 0.654930 0.685938 0.654930 0.684375 0.657277 0.679688 0.657277 0.676562 0.661972 0.676562 0.687793 0.678125 0.690141 0.678125 0.687793 0.681250 0.683099 0.682813 0.683099 0.684375 0.680751 0.689062 0.680751 0.690625 0.678404 0.692187 0.678404 0.693750 0.676056 0.693750 0.669014 0.692187 0.666667 0.692187 0.661972 0.690625 0.659624 0.690625 0.654930 0.689062 0.652582 0.678125 0.612676 0.681250 0.607981 0.681250 0.605634 0.682813 0.603286 0.682813 0.593897 0.684375 0.591549 0.684375 0.584507 0.685938 0.582160 0.685938 0.579812 0.687500 0.577465 0.687500 0.575117 0.689062 0.572770 0.689062 0.570423 0.692187 0.565728 0.693750 0.565728 0.695312 0.563380 0.703125 0.563380 0.704687 0.565728 0.706250 0.565728 0.714063 0.577465 0.714063 0.579812 0.715625 0.582160 0.715625 0.584507 0.720312 0.591549 0.720312 0.593897 0.725000 0.600939 0.725000 0.603286 0.726562 0.605634 0.726562 0.607981 0.728125 0.610329 0.728125 0.615023 0.729688 0.617371 0.729688 0.619718 0.731250 0.622066 0.731250 0.624413 0.732813 0.626761 0.732813 0.629108 0.734375 0.631455 0.735937 0.629108 0.737500 0.629108 0.739062 0.626761 0.743750 0.626761 0.745313 0.624413 0.756250 0.624413 0.757812 0.622066 0.759375 0.624413 0.764063 0.624413 0.767187 0.629108 0.768750 0.629108 0.776563 0.640845 0.776563 0.645540 0.779688 0.650235 0.779688 0.652582 0.784375 0.659624 0.784375 0.661972 0.785937 0.664319 0.785937 0.666667 0.787500 0.669014 0.787500 0.671362 0.789062 0.673709 0.789062 0.676056 0.790625 0.678404 0.790625 0.680751 0.792188 0.683099 0.792188 0.692488 0.793750 0.694836 0.793750 0.704225 0.795313 0.706573 0.795313 0.711268 0.796875 0.713615 0.807813 0.713615 0.809375 0.711268 0.814062 0.711268 0.815625 0.708920 0.817187 0.708920 0.817187 0.706573 0.818750 0.704225 0.820312 0.704225 0.820312 0.701878 0.823438 0.697183 0.823438 0.694836 0.825000 0.692488 0.825000 0.690141 0.826563 0.687793 0.826563 0.685446 0.832812 0.676056 0.843750 0.676056 0.845312 0.678404 0.848437 0.678404 0.850000 0.676056 0.853125 0.676056 0.859375 0.666667 0.860937 0.666667 0.862500 0.664319 0.865625 0.664319 0.867188 0.661972 0.868750 0.661972 0.870313 0.659624 0.882812 0.659624 0.882812 0.483568 0.876562 0.483568 0.875000 0.481221 0.875000 0.478873 0.873438 0.476526 0.873438 0.474178 0.871875 0.471831 0.871875 0.469484 0.870313 0.467136 0.870313 0.462441 0.868750 0.460094 0.868750 0.448357 0.867188 0.446009 0.867188 0.438967 0.865625 0.436620 0.865625 0.431925 0.864062 0.429577 0.864062 0.424883 0.862500 0.422535 0.862500 0.417840 0.860937 0.415493 0.860937 0.410798 0.859375 0.408451 0.859375 0.403756 0.857813 0.401408 0.857813 0.399061 0.848437 0.384977 0.846875 0.384977 0.845312 0.382629 0.843750 0.382629 0.842188 0.380282 0.840625 0.380282 0.839063 0.377934 0.837500 0.377934 0.835938 0.375587 0.832812 0.375587 0.831250 0.373239 0.829687 0.373239 0.826563 0.368545 0.823438 0.368545 0.821875 0.366197 0.818750 0.366197 0.817187 0.363850 0.810938 0.363850 0.809375 0.361502 0.803125 0.361502 0.801562 0.359155 0.792188 0.359155 0.790625 0.356808 0.782812 0.356808 0.781250 0.354460 0.779688 0.354460 0.778125 0.352113 0.776563 0.352113 0.775000 0.349765 0.773438 0.349765 0.771875 0.347418 0.762500 0.347418 0.760938 0.345070 0.754687 0.345070 0.753125 0.342723 0.748438 0.342723 0.746875 0.340376 0.745313 0.340376 0.743750 0.338028 0.740625 0.338028 0.739062 0.335681 0.732813 0.335681 0.731250 0.333333 0.725000 0.333333 0.723437 0.330986 0.714063 0.330986 0.712500 0.328638 0.701563 0.328638 0.700000 0.326291 0.690625 0.326291 0.689062 0.323944 0.684375 0.323944 0.682813 0.321596 0.679688 0.321596 0.678125 0.319249 0.670313 0.319249 0.668750 0.316901 0.665625 0.316901 0.664062 0.314554 0.660937 0.314554 0.659375 0.312207 0.654688 0.312207 0.653125 0.309859 0.646875 0.309859 0.645312 0.307512 0.639063 0.307512 0.637500 0.305164 0.632812 0.305164 0.631250 0.302817 0.625000 0.302817 0.623438 0.300469 0.617188 0.300469 0.615625 0.298122 0.610937 0.298122 0.609375 0.295775 0.606250 0.295775 0.604688 0.293427 0.596875 0.293427 0.595312 0.291080 0.589063 0.291080 0.587500 0.288732 0.581250 0.288732 0.579687 0.286385 0.575000 0.286385 0.573438 0.284038 0.568750 0.284038 0.567187 0.281690 0.564062 0.281690 0.562500 0.279343 0.557813 0.279343 0.556250 0.276995 0.554688 0.276995 0.553125 0.274648 0.543750 0.274648 0.542188 0.272300 0.534375 0.272300 0.532812 0.269953 0.528125 0.269953 0.526563 0.267606 0.520312 0.267606 0.518750 0.265258 0.512500 0.265258 0.510938 0.262911 0.506250 0.262911 0.504687 0.260563 0.500000 0.260563 0.498437 0.258216 0.487500 0.258216 0.485938 0.255869 0.473437 0.255869 0.471875 0.253521 0.465625 0.253521 0.464063 0.251174 0.457812 0.251174 0.456250 0.248826 0.450000 0.248826 0.448438 0.246479 0.443750 0.246479 0.442187 0.244131 0.435937 0.244131 0.434375 0.241784 0.429688 0.241784 0.428125 0.239437 0.425000 0.239437 0.423438 0.237089 0.420312 0.237089 0.418750 0.234742 0.414062 0.234742 0.412500 0.232394 0.409375 0.232394 0.407813 0.230047 0.401563 0.230047 0.400000 0.227700 0.393750 0.227700 0.392188 0.225352 0.387500 0.225352 0.385938 0.223005 0.382812 0.223005 0.381250 0.220657 0.378125 0.220657 0.376563 0.218310 0.367188 0.218310 0.365625 0.215962 0.359375 0.215962 0.357812 0.213615 0.353125 0.213615 0.351562 0.211268 0.348437 0.211268 0.346875 0.208920 0.340625 0.208920 0.339063 0.206573 0.332812 0.206573 0.331250 0.204225 0.326562 0.204225 0.325000 0.201878 0.321875 0.201878 0.320312 0.199531 0.314063 0.199531 0.312500 0.197183 0.307813 0.197183 0.306250 0.194836 0.301562 0.194836 0.300000 0.192488 0.295312 0.192488 0.293750 0.190141 0.289062 0.190141 0.287500 0.187793 0.282813 0.187793 0.281250 0.185446 0.276563 0.185446 0.275000 0.183099 0.271875 0.183099 0.270312 0.180751 0.267188 0.180751 0.265625 0.178404 0.262500 0.178404 0.260938 0.176056 0.257812 0.176056 0.256250 0.173709 0.253125 0.173709 0.251563 0.171362 0.246875 0.171362 0.245312 0.169014 0.240625 0.169014 0.239063 0.166667 0.237500 0.166667 0.235938 0.164319 0.235938 0.157277 0.179688 0.157277 0.179688 0.164319 0.170312 0.178404 0.168750 0.178404 0.167187 0.180751 0.167187 0.183099 0.157813 0.197183 0.156250 0.197183 0.139062 0.223005 0.139062 0.225352 0.134375 0.232394 0.134375 0.234742 0.131250 0.239437 0.131250 0.241784 0.129688 0.244131 0.129688 0.246479 0.128125 0.248826 0.128125 0.251174 0.126563 0.253521 0.126563 0.258216 0.125000 0.260563 0.125000 0.267606 0.123438 0.269953 0.123438 0.281690 0.121875 0.284038 0.121875 0.295775 0.120312 0.298122 0.120312 0.309859 0.118750 0.312207 0.118750 0.338028 0.117188 0.340376 0.117188 0.396714 0.115625 0.399061 0.115625 0.408451 0.114063 0.410798 0.114063 0.427230 0.112500 0.429577 0.112500 0.438967 0.110937 0.441315 0.110937 0.448357 0.109375 0.450704 0.109375 0.502347 0.110937 0.504695 0.110937 0.605634 0.112500 0.607981 0.112500 0.612676 0.114063 0.615023 0.114063 0.622066 0.115625 0.624413 0.115625 0.631455 0.117188 0.633803 0.117188 0.659624 0.118750 0.661972 0.118750 0.673709 0.120312 0.676056 0.120312 0.683099 0.121875 0.685446 0.121875 0.687793 0.123438 0.690141 0.123438 0.692488 0.131250 0.704225 0.132812 0.704225 0.135937 0.708920 0.137500 0.708920 0.139062 0.711268 0.142188 0.711268 0.143750 0.713615 0.151562 0.713615 0.153125 0.715962 0.179688 0.715962 0.181250 0.718310 0.190625 0.718310 0.192188 0.720657 0.214062 0.720657 0.215625 0.723005 0.246875 0.723005 0.248437 0.725352 0.260938 0.725352 0.262500 0.727700 0.276563 0.727700 0.278125 0.725352 0.281250 0.725352 0.282813 0.723005 0.287500 0.723005 0.289062 0.720657 0.323438 0.720657 0.325000 0.723005 0.364062 0.723005 0.371875 0.734742 0.371875 0.737089 0.373437 0.737089 0.375000 0.739437 0.376563 0.739437 0.378125 0.741784 0.379687 0.741784 0.381250 0.744131 0.382812 0.744131 0.384375 0.746479 0.390625 0.746479 0.393750 0.741784 0.393750 0.739437 0.396875 0.734742 0.398438 0.734742 0.400000 0.732394 0.406250 0.732394 0.407813 0.734742 0.410937 0.734742 0.412500 0.737089 0.414062 0.737089 0.417188 0.741784 0.418750 0.741784 0.420312 0.744131 0.423438 0.744131 0.425000 0.746479 0.429688 0.746479 0.431250 0.748826 0.451562 0.748826 0.453125 0.746479 0.454688 0.746479 0.456250 0.744131 0.465625 0.744131 0.467187 0.746479 0.468750 0.746479 0.471875 0.751174 0.473437 0.751174 0.482812 0.765258 0.485938 0.760563 0.492188 0.760563 0.495313 0.765258 0.498437 0.765258 0.500000 0.767606 0.504687 0.767606 0.506250 0.769953 0.509375 0.769953 0.510938 0.772300 0.514063 0.772300 0.515625 0.774648 0.518750 0.774648 0.520312 0.776995 0.525000 0.776995 0.526563 0.779343 0.545313 0.779343 0.546875 0.776995 0.553125 0.776995 0.554688 0.774648 0.559375 0.774648 0.562500 0.769953 0.564062 0.769953 0.570312 0.760563 0.570312 0.758216 0.571875 0.755869 0.571875 0.753521 0.573438 0.751174 0.573438 0.748826 0.575000 0.746479 0.575000 0.744131 0.576563 0.741784 0.576563 0.737089 0.579687 0.732394 0.579687 0.730047 0.581250 0.727700 0.581250 0.725352 0.582812 0.723005 0.585938 0.723005 0.587500 0.720657 0.592188 0.720657 0.593750 0.723005 0.604688 0.723005 0.606250 0.720657 0.623438 0.720657 0.625000 0.718310 0.626562 0.718310 0.629687 0.713615 0.629687 0.711268 0.631250 0.708920 0.629687 0.706573 0.629687 0.669014 0.628125 0.666667 0.628125 0.659624 0.626562 0.657277 0.626562 0.654930 0.625000 0.652582 0.625000 0.647887 0.623438 0.645540 0.623438 0.629108 0.625000 0.626761 0.625000 0.624413 0.626562 0.622066 0.626562 0.617371 0.628125 0.615023 0.628125 0.612676 0.637500 0.598592 0.639063 0.598592 0.640625 0.596244 0.640625 0.591549 0.642187 0.589202 0.642187 0.582160 0.643750 0.579812 0.643750 0.577465 0.646875 0.572770 0.648438 0.572770 0.650000 0.570423 0.651563 0.570423 0.653125 0.568075 0.654688 0.570423 0.659375 0.570423 0.662500 0.575117 0.662500 0.577465 0.664062 0.579812 0.664062 0.582160 0.665625 0.584507 0.665625 0.589202 0.667188 0.591549 0.667188 0.596244 0.671875 0.603286 0.673437 0.603286 0.676562 0.607981 0.676562 0.610329 0.678125 0.612676
0 0.643750 0.570423 0.643750 0.596244 0.632812 0.612676 0.628125 0.612676 0.628125 0.669014 0.632812 0.669014 0.634375 0.671362 0.632812 0.673709 0.628125 0.673709 0.628125 0.697183 0.632812 0.697183 0.634375 0.699531 0.634375 0.706573 0.635938 0.708920 0.635938 0.755869 0.634375 0.758216 0.634375 0.760563 0.632812 0.762911 0.628125 0.762911 0.628125 0.774648 0.665625 0.774648 0.665625 0.762911 0.664062 0.760563 0.664062 0.744131 0.665625 0.741784 0.665625 0.732394 0.667188 0.730047 0.667188 0.708920 0.668750 0.706573 0.668750 0.683099 0.670313 0.680751 0.670313 0.673709 0.671875 0.671362 0.676562 0.671362 0.676562 0.612676 0.671875 0.612676 0.662500 0.598592 0.662500 0.591549 0.660937 0.589202 0.660937 0.586854 0.662500 0.584507 0.662500 0.570423
0 0.914062 0.551643 0.914062 0.563380 0.915625 0.565728 0.915625 0.575117 0.914062 0.577465 0.914062 0.579812 0.912500 0.582160 0.912500 0.584507 0.910937 0.586854 0.910937 0.589202 0.909375 0.591549 0.909375 0.593897 0.904688 0.600939 0.903125 0.600939 0.901563 0.603286 0.896875 0.603286 0.896875 0.626761 0.901563 0.626761 0.904688 0.631455 0.904688 0.654930 0.906250 0.657277 0.906250 0.666667 0.904688 0.669014 0.904688 0.683099 0.906250 0.685446 0.906250 0.701878 0.907812 0.704225 0.907812 0.706573 0.909375 0.708920 0.909375 0.715962 0.907812 0.718310 0.906250 0.715962 0.904688 0.715962 0.903125 0.713615 0.903125 0.711268 0.896875 0.711268 0.896875 0.727700 0.935938 0.727700 0.935938 0.708920 0.934375 0.706573 0.934375 0.680751 0.932813 0.678404 0.932813 0.647887 0.934375 0.645540 0.934375 0.631455 0.935938 0.629108 0.935938 0.619718 0.937500 0.617371 0.937500 0.605634 0.935938 0.603286 0.935938 0.593897 0.934375 0.591549 0.934375 0.586854 0.931250 0.582160 0.931250 0.579812 0.929688 0.577465 0.929688 0.575117 0.928125 0.572770 0.928125 0.565728 0.926562 0.563380 0.926562 0.551643
0 0.993750 0.551643 0.993750 0.563380 0.992188 0.565728 0.992188 0.570423 0.990625 0.572770 0.990625 0.575117 0.989062 0.577465 0.989062 0.586854 0.987500 0.589202 0.989062 0.591549 0.989062 0.598592 0.990625 0.600939 0.990625 0.605634 0.992188 0.607981 0.992188 0.610329 0.993750 0.612676 0.993750 0.629108 0.992188 0.631455 0.992188 0.645540 0.989062 0.650235 0.984375 0.650235 0.981250 0.645540 0.979688 0.645540 0.978125 0.643192 0.971875 0.643192 0.971875 0.654930 0.979688 0.654930 0.981250 0.657277 0.981250 0.751174 0.982813 0.753521 0.982813 0.779343 0.985937 0.784038 0.985937 0.793427 0.998438 0.793427 0.998438 0.551643
0 0.995313 0.551643 0.995313 0.565728 0.993750 0.568075 0.993750 0.570423 0.992188 0.572770 0.992188 0.575117 0.990625 0.577465 0.990625 0.579812 0.989062 0.582160 0.989062 0.584507 0.987500 0.586854 0.987500 0.598592 0.989062 0.600939 0.989062 0.605634 0.992188 0.610329 0.992188 0.612676 0.993750 0.615023 0.993750 0.647887 0.990625 0.652582 0.989062 0.652582 0.987500 0.650235 0.985937 0.650235 0.981250 0.643192 0.978125 0.643192 0.976562 0.640845 0.975000 0.640845 0.973437 0.638498 0.973437 0.636150 0.971875 0.633803 0.971875 0.612676 0.973437 0.610329 0.973437 0.607981 0.975000 0.605634 0.975000 0.603286 0.976562 0.600939 0.978125 0.600939 0.979688 0.598592 0.978125 0.596244 0.971875 0.596244 0.970312 0.598592 0.970312 0.603286 0.968750 0.605634 0.968750 0.629108 0.967188 0.631455 0.967188 0.636150 0.968750 0.638498 0.968750 0.645540 0.970312 0.647887 0.970312 0.652582 0.971875 0.654930 0.973437 0.654930 0.975000 0.657277 0.978125 0.657277 0.981250 0.661972 0.981250 0.725352 0.982813 0.727700 0.982813 0.732394 0.981250 0.734742 0.981250 0.751174 0.982813 0.753521 0.982813 0.779343 0.984375 0.781690 0.984375 0.784038 0.985937 0.786385 0.985937 0.793427 0.998438 0.793427 0.998438 0.551643
0 0.692187 0.690141 0.689062 0.685446 0.684375 0.685446 0.684375 0.699531 0.692187 0.699531 0.692187 0.690141 0.704687 0.678404 0.706250 0.680751 0.706250 0.683099 0.710938 0.683099 0.714063 0.678404 0.715625 0.678404 0.717188 0.676056 0.717188 0.673709 0.726562 0.659624 0.732813 0.659624 0.732813 0.629108 0.726562 0.629108 0.725000 0.626761 0.725000 0.622066 0.723437 0.619718 0.723437 0.612676 0.721875 0.610329 0.721875 0.605634 0.720312 0.603286 0.720312 0.600939 0.712500 0.589202 0.712500 0.586854 0.709375 0.582160 0.709375 0.570423 0.684375 0.570423 0.684375 0.600939 0.692187 0.600939 0.693750 0.603286 0.695312 0.603286 0.700000 0.610329 0.700000 0.633803 0.701563 0.636150 0.701563 0.657277 0.703125 0.659624 0.703125 0.666667 0.704687 0.669014 0.704687 0.678404
0 0.389062 0.438967 0.389062 0.450704 0.387500 0.453052 0.387500 0.467136 0.385938 0.469484 0.385938 0.476526 0.382812 0.481221 0.378125 0.481221 0.378125 0.615023 0.387500 0.615023 0.387500 0.607981 0.389062 0.605634 0.401563 0.605634 0.403125 0.607981 0.403125 0.615023 0.429688 0.615023 0.429688 0.605634 0.434375 0.598592 0.439063 0.598592 0.439063 0.577465 0.432813 0.577465 0.428125 0.570423 0.428125 0.565728 0.426562 0.563380 0.426562 0.558685 0.428125 0.556338 0.428125 0.528169 0.429688 0.525822 0.429688 0.514085 0.428125 0.511737 0.428125 0.509390 0.426562 0.507042 0.426562 0.504695 0.425000 0.502347 0.425000 0.500000 0.423438 0.497653 0.423438 0.492958 0.418750 0.485915 0.418750 0.483568 0.412500 0.474178 0.412500 0.471831 0.410937 0.469484 0.410937 0.438967
0 0.878125 0.551643 0.878125 0.680751 0.882812 0.680751 0.882812 0.671362 0.885938 0.666667 0.892187 0.666667 0.893750 0.669014 0.901563 0.669014 0.901563 0.586854 0.895312 0.586854 0.893750 0.584507 0.893750 0.582160 0.892187 0.579812 0.892187 0.572770 0.890625 0.570423 0.890625 0.551643
0 0.946875 0.570423 0.946875 0.699531 0.953125 0.699531 0.954687 0.701878 0.954687 0.706573 0.956250 0.708920 0.956250 0.727700 0.962500 0.727700 0.962500 0.715962 0.964063 0.713615 0.964063 0.711268 0.965625 0.708920 0.970312 0.708920 0.970312 0.640845 0.964063 0.640845 0.960938 0.636150 0.960938 0.633803 0.959375 0.631455 0.959375 0.622066 0.957812 0.619718 0.957812 0.610329 0.959375 0.607981 0.959375 0.589202 0.954687 0.582160 0.954687 0.570423
28 0.704687 0.701878 0.704687 0.720657 0.703125 0.723005 0.703125 0.725352 0.701563 0.727700 0.696875 0.727700 0.696875 0.767606 0.703125 0.767606 0.704687 0.769953 0.707812 0.769953 0.709375 0.772300 0.712500 0.772300 0.715625 0.776995 0.715625 0.784038 0.739062 0.784038 0.739062 0.776995 0.743750 0.769953 0.743750 0.767606 0.746875 0.762911 0.751562 0.762911 0.751562 0.734742 0.746875 0.734742 0.745313 0.732394 0.745313 0.730047 0.743750 0.727700 0.743750 0.725352 0.745313 0.723005 0.745313 0.720657 0.746875 0.718310 0.751562 0.718310 0.751562 0.701878
26 0.665625 0.692488 0.665625 0.765258 0.701563 0.765258 0.701563 0.723005 0.696875 0.723005 0.693750 0.718310 0.693750 0.713615 0.692187 0.711268 0.692187 0.708920 0.689062 0.704225 0.689062 0.701878 0.687500 0.699531 0.687500 0.692488
0 0.978125 0.671362 0.982813 0.671362 0.978125 0.671362 0.982813 0.654930 0.982813 0.657277 0.968750 0.654930 0.967188 0.652582 0.967188 0.645540 0.965625 0.643192 0.965625 0.640845 0.960938 0.633803 0.960938 0.629108 0.959375 0.626761 0.959375 0.619718 0.957812 0.617371 0.957812 0.612676 0.959375 0.610329 0.959375 0.607981 0.960938 0.605634 0.975000 0.600939 0.973437 0.598592 0.957812 0.589202 0.957812 0.579812 0.957812 0.589202 0.973437 0.598592 0.973437 0.596244 0.975000 0.596244 0.976562 0.593897 0.976562 0.591549 0.978125 0.589202 0.982813 0.589202 0.982813 0.605634 0.976562 0.605634 0.975000 0.603286 0.975000 0.600939 0.960938 0.605634 0.959375 0.603286 0.957812 0.603286 0.956250 0.605634 0.953125 0.605634 0.951563 0.607981 0.946875 0.607981 0.946875 0.699531 0.951563 0.699531 0.954687 0.704225 0.954687 0.715962 0.956250 0.718310 0.956250 0.727700 0.964063 0.727700 0.964063 0.711268 0.965625 0.708920 0.965625 0.706573 0.967188 0.704225 0.967188 0.697183 0.968750 0.694836 0.968750 0.678404 0.967188 0.676056 0.967188 0.666667 0.968750 0.664319 0.968750 0.654930 0.982813 0.657277 0.978125 0.657277 0.978125 0.654930 0.982813 0.654930
