5 0.481250 0.295833 0.481250 0.302083 0.478125 0.306250 0.475000 0.306250 0.473437 0.308333 0.468750 0.308333 0.467187 0.310417 0.464063 0.310417 0.462500 0.312500 0.460938 0.312500 0.459375 0.314583 0.456250 0.314583 0.454688 0.316667 0.450000 0.316667 0.448438 0.318750 0.446875 0.318750 0.445312 0.320833 0.442187 0.320833 0.440625 0.322917 0.437500 0.322917 0.435937 0.325000 0.432813 0.325000 0.431250 0.327083 0.426562 0.327083 0.425000 0.329167 0.423438 0.329167 0.421875 0.331250 0.417188 0.331250 0.415625 0.333333 0.412500 0.333333 0.410937 0.335417 0.407813 0.335417 0.406250 0.337500 0.404687 0.337500 0.403125 0.339583 0.401563 0.339583 0.398438 0.343750 0.396875 0.343750 0.396875 0.345833 0.393750 0.350000 0.393750 0.358333 0.392188 0.360417 0.392188 0.402083 0.390625 0.404167 0.390625 0.416667 0.389062 0.418750 0.384375 0.418750 0.384375 0.512500 0.389062 0.512500 0.392188 0.516667 0.392188 0.518750 0.393750 0.520833 0.393750 0.522917 0.395312 0.525000 0.395312 0.527083 0.396875 0.529167 0.396875 0.531250 0.398438 0.533333 0.398438 0.535417 0.404687 0.543750 0.404687 0.545833 0.406250 0.547917 0.407813 0.547917 0.410937 0.552083 0.415625 0.552083 0.417188 0.554167 0.420312 0.554167 0.421875 0.556250 0.423438 0.556250 0.426562 0.560417 0.428125 0.560417 0.429688 0.562500 0.431250 0.562500 0.432813 0.564583 0.434375 0.564583 0.435937 0.566667 0.437500 0.566667 0.439063 0.568750 0.440625 0.568750 0.442187 0.570833 0.443750 0.570833 0.445312 0.572917 0.446875 0.572917 0.450000 0.577083 0.451562 0.577083 0.454688 0.581250 0.454688 0.583333 0.457812 0.587500 0.457812 0.589583 0.460938 0.593750 0.460938 0.595833 0.462500 0.597917 0.464063 0.597917 0.465625 0.600000 0.467187 0.600000 0.468750 0.602083 0.475000 0.602083 0.476562 0.604167 0.481250 0.604167 0.482812 0.606250 0.484375 0.606250 0.485938 0.608333 0.489062 0.608333 0.492188 0.612500 0.492188 0.618750 0.557813 0.618750 0.557813 0.612500 0.559375 0.610417 0.564062 0.610417 0.565625 0.608333 0.623438 0.608333 0.625000 0.606250 0.632812 0.606250 0.634375 0.604167 0.635938 0.604167 0.639063 0.600000 0.645312 0.600000 0.645312 0.343750 0.640625 0.343750 0.639063 0.341667 0.639063 0.337500 0.637500 0.335417 0.637500 0.329167 0.635938 0.327083 0.635938 0.322917 0.634375 0.320833 0.634375 0.318750 0.631250 0.314583 0.631250 0.312500 0.623438 0.302083 0.623438 0.295833
5 0.142188 0.329167 0.142188 0.335417 0.140625 0.337500 0.139062 0.337500 0.137500 0.339583 0.132812 0.339583 0.131250 0.341667 0.129688 0.341667 0.128125 0.343750 0.121875 0.343750 0.121875 0.514583 0.126563 0.514583 0.131250 0.520833 0.131250 0.527083 0.210938 0.527083 0.210938 0.520833 0.212500 0.518750 0.220313 0.518750 0.220313 0.375000 0.215625 0.375000 0.214062 0.372917 0.214062 0.362500 0.212500 0.360417 0.212500 0.354167 0.210938 0.352083 0.210938 0.350000 0.203125 0.339583 0.203125 0.337500 0.201562 0.335417 0.201562 0.329167
0 0.296875 0.429167 0.296875 0.510417 0.312500 0.510417 0.312500 0.495833 0.310937 0.493750 0.312500 0.491667 0.312500 0.483333 0.314063 0.481250 0.320312 0.481250 0.320312 0.460417 0.315625 0.460417 0.314063 0.458333 0.314063 0.447917 0.315625 0.445833 0.320312 0.445833 0.320312 0.443750 0.315625 0.443750 0.314063 0.441667 0.314063 0.437500 0.312500 0.435417 0.312500 0.429167
0 0.014062 0.445833 0.014062 0.462500 0.012500 0.464583 0.012500 0.468750 0.007812 0.475000 0.003125 0.475000 0.003125 0.506250 0.009375 0.506250 0.010937 0.508333 0.010937 0.510417 0.012500 0.512500 0.012500 0.514583 0.015625 0.518750 0.015625 0.535417 0.023438 0.535417 0.023438 0.514583 0.025000 0.512500 0.025000 0.500000 0.028125 0.495833 0.032812 0.495833 0.032812 0.468750 0.028125 0.468750 0.025000 0.464583 0.025000 0.445833
0 0.896875 0.495833 0.896875 0.518750 0.890625 0.527083 0.884375 0.527083 0.884375 0.668750 0.910937 0.668750 0.910937 0.662500 0.909375 0.660417 0.909375 0.658333 0.907812 0.656250 0.907812 0.652083 0.909375 0.650000 0.909375 0.647917 0.910937 0.645833 0.910937 0.643750 0.915625 0.637500 0.915625 0.635417 0.917188 0.633333 0.917188 0.631250 0.921875 0.625000 0.926562 0.625000 0.926562 0.531250 0.921875 0.531250 0.920313 0.529167 0.920313 0.522917 0.918750 0.520833 0.918750 0.495833
0 0.709375 0.445833 0.709375 0.543750 0.720312 0.543750 0.720312 0.535417 0.721875 0.533333 0.723437 0.535417 0.723437 0.543750 0.732813 0.543750 0.732813 0.468750 0.728125 0.468750 0.725000 0.464583 0.725000 0.445833
2 0.235938 0.420833 0.235938 0.427083 0.226562 0.439583 0.221875 0.439583 0.221875 0.445833 0.226562 0.445833 0.228125 0.447917 0.229687 0.447917 0.231250 0.450000 0.235938 0.450000 0.239063 0.454167 0.239063 0.460417 0.251563 0.460417 0.251563 0.454167 0.253125 0.452083 0.256250 0.452083 0.257812 0.450000 0.273438 0.450000 0.275000 0.447917 0.289062 0.447917 0.289062 0.435417 0.281250 0.435417 0.279687 0.433333 0.276563 0.433333 0.273438 0.429167 0.273438 0.420833
0 0.992188 0.487500 0.992188 0.497917 0.990625 0.500000 0.990625 0.502083 0.989062 0.504167 0.989062 0.506250 0.987500 0.508333 0.987500 0.510417 0.985937 0.512500 0.985937 0.514583 0.982813 0.518750 0.982813 0.531250 0.981250 0.533333 0.981250 0.541667 0.979688 0.543750 0.979688 0.547917 0.978125 0.550000 0.978125 0.556250 0.976562 0.558333 0.976562 0.560417 0.975000 0.562500 0.975000 0.566667 0.973437 0.568750 0.973437 0.570833 0.971875 0.572917 0.965625 0.572917 0.965625 0.602083 0.970312 0.602083 0.971875 0.604167 0.971875 0.608333 0.973437 0.610417 0.973437 0.620833 0.975000 0.622917 0.975000 0.625000 0.976562 0.627083 0.979688 0.627083 0.981250 0.629167 0.981250 0.635417 0.982813 0.635417 0.982813 0.629167 0.985937 0.625000 0.985937 0.620833 0.987500 0.618750 0.987500 0.608333 0.992188 0.602083 0.992188 0.600000 0.993750 0.597917 0.995313 0.597917 0.996875 0.595833 0.998438 0.595833 0.998438 0.487500
0 0.946875 0.487500 0.946875 0.500000 0.945312 0.502083 0.945312 0.504167 0.943750 0.506250 0.943750 0.508333 0.942187 0.510417 0.942187 0.512500 0.940625 0.514583 0.939062 0.514583 0.937500 0.516667 0.934375 0.516667 0.932813 0.518750 0.931250 0.518750 0.928125 0.522917 0.921875 0.522917 0.921875 0.552083 0.928125 0.552083 0.929688 0.554167 0.934375 0.554167 0.939062 0.560417 0.939062 0.562500 0.940625 0.564583 0.940625 0.579167 0.942187 0.581250 0.942187 0.614583 0.943750 0.616667 0.943750 0.618750 0.945312 0.620833 0.945312 0.627083 0.964063 0.627083 0.964063 0.606250 0.959375 0.606250 0.957812 0.604167 0.957812 0.575000 0.956250 0.572917 0.956250 0.560417 0.957812 0.558333 0.957812 0.556250 0.959375 0.554167 0.964063 0.554167 0.964063 0.487500
0 0.810938 0.454167 0.810938 0.460417 0.807813 0.464583 0.806250 0.464583 0.806250 0.466667 0.804688 0.468750 0.804688 0.470833 0.803125 0.472917 0.803125 0.475000 0.801562 0.477083 0.801562 0.479167 0.800000 0.481250 0.800000 0.485417 0.798437 0.487500 0.798437 0.489583 0.795313 0.493750 0.790625 0.493750 0.790625 0.518750 0.795313 0.518750 0.798437 0.522917 0.798437 0.529167 0.800000 0.531250 0.800000 0.552083 0.801562 0.554167 0.801562 0.558333 0.803125 0.560417 0.803125 0.568750 0.817187 0.568750 0.817187 0.550000 0.815625 0.547917 0.815625 0.533333 0.817187 0.531250 0.817187 0.527083 0.818750 0.525000 0.818750 0.518750 0.820312 0.516667 0.820312 0.502083 0.821875 0.500000 0.826563 0.500000 0.826563 0.491667 0.821875 0.491667 0.820312 0.489583 0.820312 0.485417 0.818750 0.483333 0.818750 0.479167 0.817187 0.477083 0.817187 0.454167
0 0.765625 0.454167 0.765625 0.468750 0.764063 0.470833 0.764063 0.475000 0.762500 0.477083 0.762500 0.483333 0.760938 0.485417 0.760938 0.493750 0.759375 0.495833 0.759375 0.500000 0.757812 0.502083 0.753125 0.502083 0.753125 0.539583 0.757812 0.539583 0.760938 0.543750 0.760938 0.550000 0.762500 0.552083 0.762500 0.556250 0.764063 0.558333 0.764063 0.568750 0.775000 0.568750 0.775000 0.558333 0.779688 0.552083 0.781250 0.552083 0.781250 0.518750 0.782812 0.516667 0.782812 0.514583 0.784375 0.512500 0.789062 0.512500 0.789062 0.487500 0.784375 0.487500 0.781250 0.483333 0.781250 0.481250 0.779688 0.479167 0.779688 0.475000 0.778125 0.472917 0.778125 0.468750 0.776563 0.466667 0.776563 0.464583 0.775000 0.462500 0.775000 0.454167
0 0.739062 0.462500 0.739062 0.470833 0.732813 0.479167 0.728125 0.479167 0.728125 0.531250 0.732813 0.531250 0.734375 0.533333 0.734375 0.541667 0.732813 0.543750 0.728125 0.543750 0.728125 0.577083 0.737500 0.577083 0.737500 0.568750 0.739062 0.566667 0.740625 0.566667 0.742188 0.564583 0.743750 0.564583 0.745313 0.562500 0.746875 0.562500 0.748438 0.564583 0.748438 0.566667 0.750000 0.568750 0.750000 0.577083 0.757812 0.577083 0.757812 0.497917 0.753125 0.497917 0.751562 0.495833 0.751562 0.493750 0.750000 0.491667 0.750000 0.475000 0.746875 0.470833 0.746875 0.462500
0 0.671875 0.454167 0.671875 0.535417 0.676562 0.535417 0.678125 0.537500 0.678125 0.543750 0.685938 0.543750 0.685938 0.533333 0.687500 0.531250 0.687500 0.520833 0.689062 0.518750 0.689062 0.516667 0.690625 0.514583 0.695312 0.514583 0.695312 0.475000 0.690625 0.475000 0.687500 0.470833 0.687500 0.468750 0.685938 0.466667 0.685938 0.454167
0 0.071875 0.437500 0.071875 0.485417 0.095312 0.485417 0.095312 0.464583 0.090625 0.464583 0.085938 0.458333 0.085938 0.456250 0.084375 0.454167 0.084375 0.450000 0.082813 0.447917 0.082813 0.445833 0.081250 0.443750 0.081250 0.437500
2 0.240625 0.429167 0.240625 0.452083 0.289062 0.452083 0.289062 0.429167
0 0.053125 0.454167 0.053125 0.506250 0.057813 0.506250 0.059375 0.508333 0.060938 0.508333 0.064062 0.512500 0.064062 0.535417 0.070312 0.535417 0.070312 0.522917 0.067188 0.518750 0.067188 0.502083 0.078125 0.487500 0.082813 0.487500 0.082813 0.485417 0.076563 0.485417 0.073437 0.481250 0.073437 0.475000 0.071875 0.472917 0.071875 0.454167
5 0.287500 0.362500 0.287500 0.368750 0.284375 0.372917 0.278125 0.372917 0.278125 0.445833 0.285937 0.445833 0.287500 0.447917 0.289062 0.447917 0.290625 0.450000 0.292188 0.447917 0.295312 0.447917 0.295312 0.445833 0.296875 0.443750 0.296875 0.441667 0.298438 0.439583 0.298438 0.437500 0.301562 0.433333 0.301562 0.431250 0.307813 0.422917 0.309375 0.422917 0.312500 0.427083 0.312500 0.429167 0.314063 0.431250 0.314063 0.433333 0.315625 0.435417 0.315625 0.437500 0.317187 0.439583 0.317187 0.441667 0.318750 0.443750 0.318750 0.454167 0.321875 0.458333 0.325000 0.458333 0.326562 0.460417 0.329688 0.460417 0.332812 0.464583 0.332812 0.466667 0.334375 0.468750 0.334375 0.477083 0.339063 0.477083 0.339063 0.470833 0.340625 0.468750 0.340625 0.464583 0.343750 0.460417 0.345313 0.460417 0.346875 0.458333 0.350000 0.458333 0.351562 0.460417 0.354688 0.456250 0.356250 0.456250 0.357812 0.454167 0.364062 0.454167 0.364062 0.400000 0.359375 0.400000 0.357812 0.397917 0.357812 0.395833 0.356250 0.393750 0.356250 0.389583 0.354688 0.387500 0.354688 0.385417 0.353125 0.383333 0.353125 0.381250 0.351562 0.379167 0.351562 0.375000 0.350000 0.372917 0.350000 0.362500
