5 0.523438 0.420375 0.523438 0.427400 0.521875 0.429742 0.518750 0.429742 0.517187 0.432084 0.504687 0.432084 0.503125 0.434426 0.501562 0.434426 0.498437 0.439110 0.496875 0.439110 0.492188 0.446136 0.492188 0.450820 0.490625 0.453162 0.490625 0.462529 0.492188 0.464871 0.492188 0.497658 0.490625 0.500000 0.490625 0.504684 0.492188 0.507026 0.492188 0.521077 0.490625 0.523419 0.490625 0.530445 0.489062 0.532787 0.484375 0.532787 0.484375 0.633489 0.489062 0.633489 0.490625 0.635831 0.490625 0.652225 0.489062 0.654567 0.484375 0.654567 0.484375 0.675644 0.489062 0.675644 0.492188 0.680328 0.492188 0.687354 0.493750 0.689696 0.493750 0.696721 0.492188 0.699063 0.492188 0.715457 0.490625 0.717799 0.490625 0.720141 0.489062 0.722482 0.484375 0.722482 0.484375 0.764637 0.489062 0.764637 0.490625 0.766979 0.490625 0.771663 0.492188 0.774005 0.492188 0.792740 0.493750 0.795082 0.493750 0.804450 0.496875 0.809133 0.498437 0.809133 0.501562 0.813817 0.501562 0.820843 0.537500 0.820843 0.537500 0.813817 0.539062 0.811475 0.567187 0.811475 0.568750 0.809133 0.589063 0.809133 0.590625 0.811475 0.609375 0.811475 0.610937 0.813817 0.610937 0.820843 0.660937 0.820843 0.660937 0.813817 0.664062 0.809133 0.664062 0.806792 0.673437 0.792740 0.673437 0.790398 0.675000 0.788056 0.676562 0.788056 0.685938 0.774005 0.685938 0.771663 0.687500 0.769321 0.687500 0.766979 0.689062 0.764637 0.689062 0.762295 0.690625 0.759953 0.695312 0.759953 0.695312 0.546838 0.690625 0.546838 0.689062 0.544496 0.689062 0.537471 0.687500 0.535129 0.687500 0.521077 0.685938 0.518735 0.685938 0.509368 0.684375 0.507026 0.684375 0.502342 0.678125 0.492974 0.678125 0.490632 0.667188 0.474239 0.667188 0.471897 0.662500 0.464871 0.662500 0.462529 0.656250 0.453162 0.656250 0.450820 0.643750 0.432084 0.643750 0.429742 0.642187 0.427400 0.642187 0.420375
0 0.845312 0.645199 0.845312 0.654567 0.843750 0.656909 0.843750 0.663934 0.839063 0.670960 0.839063 0.673302 0.837500 0.675644 0.837500 0.677986 0.835938 0.680328 0.835938 0.687354 0.834375 0.689696 0.834375 0.692037 0.832812 0.694379 0.828125 0.694379 0.828125 0.734192 0.832812 0.734192 0.835938 0.738876 0.835938 0.741218 0.837500 0.743560 0.837500 0.748244 0.839063 0.750585 0.839063 0.755269 0.840625 0.757611 0.840625 0.764637 0.842188 0.766979 0.842188 0.771663 0.843750 0.774005 0.843750 0.776347 0.845312 0.778689 0.845312 0.820843 0.860937 0.820843 0.860937 0.802108 0.859375 0.799766 0.859375 0.750585 0.860937 0.748244 0.860937 0.741218 0.862500 0.738876 0.862500 0.734192 0.865625 0.729508 0.870313 0.729508 0.870313 0.675644 0.864062 0.675644 0.862500 0.673302 0.862500 0.670960 0.859375 0.666276 0.859375 0.661592 0.857813 0.659251 0.857813 0.645199
0 0.793750 0.645199 0.793750 0.652225 0.792188 0.654567 0.792188 0.656909 0.789062 0.661592 0.784375 0.661592 0.784375 0.717799 0.790625 0.717799 0.792188 0.720141 0.792188 0.722482 0.793750 0.724824 0.793750 0.727166 0.795313 0.729508 0.795313 0.736534 0.804688 0.736534 0.804688 0.715457 0.806250 0.713115 0.806250 0.694379 0.807813 0.692037 0.807813 0.689696 0.809375 0.687354 0.814062 0.687354 0.814062 0.661592 0.807813 0.661592 0.806250 0.659251 0.806250 0.656909 0.804688 0.654567 0.804688 0.645199
1 0.345313 0.736534 0.334375 0.736534 0.332812 0.734192 0.320312 0.734192 0.318750 0.736534 0.318750 0.738876 0.314063 0.745902 0.314063 0.748244 0.309375 0.755269 0.307813 0.755269 0.306250 0.757611 0.303125 0.757611 0.301562 0.759953 0.300000 0.757611 0.296875 0.757611 0.293750 0.762295 0.284375 0.762295 0.284375 0.818501 0.292188 0.818501 0.295312 0.823185 0.295312 0.830211 0.325000 0.830211 0.325000 0.823185 0.328125 0.818501 0.329688 0.818501 0.331250 0.816159 0.334375 0.816159 0.335938 0.813817 0.339063 0.813817 0.340625 0.811475 0.354688 0.811475 0.356250 0.813817 0.357812 0.813817 0.359375 0.816159 0.362500 0.816159 0.367188 0.823185 0.367188 0.830211 0.393750 0.830211 0.393750 0.823185 0.398438 0.816159 0.400000 0.816159 0.401563 0.813817 0.407813 0.813817 0.409375 0.811475 0.410937 0.811475 0.412500 0.809133 0.414062 0.809133 0.415625 0.806792 0.420312 0.806792 0.420312 0.764637 0.412500 0.764637 0.410937 0.762295 0.406250 0.762295 0.404687 0.764637 0.403125 0.764637 0.401563 0.766979 0.390625 0.766979 0.384375 0.757611 0.384375 0.755269 0.382812 0.755269 0.381250 0.752927 0.379687 0.752927 0.378125 0.750585 0.376563 0.750585 0.375000 0.748244 0.373437 0.748244 0.371875 0.745902 0.365625 0.745902 0.364062 0.743560 0.357812 0.743560 0.356250 0.745902 0.354688 0.745902 0.353125 0.748244 0.351562 0.748244 0.346875 0.741218 0.346875 0.738876 0.345313 0.736534 0.353125 0.722482 0.354688 0.720141 0.354688 0.710773 0.353125 0.710773 0.353125 0.722482
7 0.914062 0.560890 0.914062 0.570258 0.912500 0.572600 0.910937 0.572600 0.907812 0.577283 0.904688 0.577283 0.903125 0.579625 0.900000 0.579625 0.898438 0.581967 0.887500 0.581967 0.885938 0.584309 0.876562 0.584309 0.875000 0.586651 0.870313 0.586651 0.868750 0.588993 0.860937 0.588993 0.859375 0.591335 0.848437 0.591335 0.846875 0.593677 0.835938 0.593677 0.834375 0.596019 0.829687 0.596019 0.828125 0.598361 0.825000 0.598361 0.823438 0.600703 0.815625 0.600703 0.815625 0.652225 0.820312 0.652225 0.821875 0.654567 0.821875 0.656909 0.823438 0.659251 0.823438 0.663934 0.825000 0.666276 0.825000 0.673302 0.826563 0.675644 0.826563 0.677986 0.828125 0.680328 0.828125 0.699063 0.826563 0.701405 0.826563 0.706089 0.825000 0.708431 0.825000 0.715457 0.826563 0.717799 0.826563 0.722482 0.828125 0.724824 0.831250 0.724824 0.832812 0.722482 0.832812 0.708431 0.834375 0.706089 0.834375 0.696721 0.832812 0.694379 0.832812 0.675644 0.834375 0.673302 0.834375 0.670960 0.839063 0.663934 0.839063 0.661592 0.840625 0.659251 0.840625 0.656909 0.842188 0.654567 0.842188 0.652225 0.845312 0.647541 0.846875 0.647541 0.848437 0.645199 0.853125 0.645199 0.859375 0.654567 0.859375 0.656909 0.860937 0.659251 0.860937 0.661592 0.862500 0.663934 0.862500 0.666276 0.865625 0.670960 0.865625 0.673302 0.867188 0.675644 0.867188 0.677986 0.868750 0.680328 0.868750 0.685012 0.870313 0.687354 0.870313 0.692037 0.871875 0.694379 0.871875 0.710773 0.870313 0.713115 0.870313 0.720141 0.868750 0.722482 0.868750 0.734192 0.867188 0.736534 0.867188 0.745902 0.871875 0.752927 0.875000 0.752927 0.876562 0.755269 0.878125 0.755269 0.879687 0.757611 0.881250 0.757611 0.882812 0.759953 0.884375 0.759953 0.885938 0.762295 0.887500 0.762295 0.889063 0.764637 0.892187 0.764637 0.893750 0.766979 0.898438 0.766979 0.900000 0.769321 0.904688 0.769321 0.906250 0.771663 0.910937 0.771663 0.912500 0.774005 0.915625 0.774005 0.917188 0.776347 0.920313 0.776347 0.921875 0.778689 0.925000 0.778689 0.926562 0.781030 0.929688 0.781030 0.931250 0.783372 0.934375 0.783372 0.935938 0.785714 0.939062 0.785714 0.940625 0.788056 0.943750 0.788056 0.945312 0.790398 0.951563 0.790398 0.953125 0.792740 0.954687 0.792740 0.956250 0.795082 0.959375 0.795082 0.960938 0.797424 0.964063 0.797424 0.965625 0.799766 0.968750 0.799766 0.970312 0.802108 0.971875 0.802108 0.973437 0.804450 0.973437 0.811475 0.998438 0.811475 0.998438 0.560890
1 0.384375 0.701405 0.384375 0.736534 0.389062 0.736534 0.390625 0.734192 0.393750 0.734192 0.395312 0.731850 0.398438 0.731850 0.400000 0.729508 0.410937 0.729508 0.418750 0.741218 0.418750 0.743560 0.420312 0.745902 0.420312 0.752927 0.421875 0.755269 0.421875 0.757611 0.426562 0.764637 0.426562 0.766979 0.428125 0.769321 0.428125 0.774005 0.429688 0.776347 0.429688 0.783372 0.431250 0.785714 0.431250 0.788056 0.434375 0.792740 0.434375 0.802108 0.457812 0.802108 0.457812 0.757611 0.451562 0.757611 0.448438 0.752927 0.448438 0.750585 0.446875 0.748244 0.446875 0.738876 0.437500 0.724824 0.435937 0.724824 0.434375 0.722482 0.431250 0.722482 0.429688 0.724824 0.418750 0.724824 0.417188 0.722482 0.417188 0.720141 0.415625 0.717799 0.415625 0.713115 0.414062 0.710773 0.414062 0.701405
1 0.420312 0.776347 0.420312 0.785714 0.421875 0.785714 0.421875 0.776347 0.420312 0.776347 0.390625 0.731850 0.392188 0.729508 0.392188 0.727166 0.390625 0.724824 0.390625 0.717799 0.389062 0.715457 0.389062 0.701405 0.357812 0.701405 0.357812 0.710773 0.353125 0.717799 0.351562 0.717799 0.351562 0.722482 0.346875 0.729508 0.346875 0.731850 0.343750 0.736534 0.335938 0.736534 0.334375 0.738876 0.328125 0.738876 0.328125 0.757611 0.337500 0.757611 0.339063 0.759953 0.340625 0.759953 0.342187 0.757611 0.350000 0.757611 0.351562 0.755269 0.353125 0.755269 0.354688 0.752927 0.357812 0.752927 0.359375 0.750585 0.367188 0.750585 0.368750 0.752927 0.370313 0.752927 0.371875 0.755269 0.373437 0.755269 0.375000 0.757611 0.378125 0.757611 0.379687 0.755269 0.379687 0.743560 0.378125 0.741218 0.378125 0.738876 0.381250 0.734192 0.385938 0.734192 0.387500 0.731850 0.390625 0.731850
1 0.420312 0.755269 0.420312 0.757611 0.421875 0.759953 0.421875 0.762295 0.423438 0.764637 0.423438 0.766979 0.426562 0.771663 0.426562 0.774005 0.432813 0.774005 0.432813 0.757611 0.426562 0.757611 0.425000 0.755269 0.420312 0.755269 0.398438 0.729508 0.398438 0.727166 0.396875 0.724824 0.396875 0.717799 0.395312 0.715457 0.395312 0.713115 0.393750 0.710773 0.393750 0.701405 0.371875 0.701405 0.371875 0.734192 0.379687 0.734192 0.381250 0.731850 0.385938 0.731850 0.387500 0.734192 0.392188 0.734192 0.393750 0.731850 0.396875 0.731850 0.398438 0.729508
2 0.457812 0.745902 0.457812 0.755269 0.459375 0.755269 0.459375 0.745902 0.457812 0.745902 0.307813 0.738876 0.307813 0.731850 0.312500 0.713115 0.314063 0.713115 0.318750 0.720141 0.329688 0.720141 0.331250 0.722482 0.339063 0.722482 0.342187 0.717799 0.339063 0.713115 0.332812 0.713115 0.325000 0.701405 0.328125 0.696721 0.345313 0.696721 0.346875 0.699063 0.356250 0.699063 0.357812 0.696721 0.365625 0.696721 0.367188 0.694379 0.373437 0.694379 0.375000 0.696721 0.379687 0.696721 0.381250 0.699063 0.390625 0.699063 0.392188 0.696721 0.392188 0.692037 0.393750 0.689696 0.403125 0.689696 0.404687 0.692037 0.409375 0.692037 0.410937 0.694379 0.414062 0.694379 0.415625 0.696721 0.417188 0.696721 0.418750 0.699063 0.420312 0.699063 0.421875 0.701405 0.423438 0.701405 0.425000 0.703747 0.434375 0.703747 0.435937 0.706089 0.440625 0.706089 0.442187 0.708431 0.453125 0.708431 0.454688 0.710773 0.456250 0.710773 0.457812 0.713115 0.460938 0.713115 0.462500 0.715457 0.465625 0.715457 0.468750 0.710773 0.473437 0.710773 0.475000 0.713115 0.478125 0.713115 0.489062 0.729508 0.489062 0.734192 0.495313 0.734192 0.495313 0.689696 0.489062 0.689696 0.485938 0.685012 0.485938 0.682670 0.482812 0.677986 0.476562 0.677986 0.473437 0.673302 0.471875 0.673302 0.457812 0.652225 0.456250 0.652225 0.454688 0.649883 0.446875 0.649883 0.445312 0.647541 0.437500 0.647541 0.435937 0.645199 0.434375 0.645199 0.432813 0.642857 0.432813 0.635831 0.345313 0.635831 0.345313 0.642857 0.340625 0.649883 0.340625 0.652225 0.334375 0.661592 0.332812 0.661592 0.329688 0.666276 0.326562 0.666276 0.325000 0.668618 0.323438 0.668618 0.321875 0.670960 0.320312 0.670960 0.315625 0.677986 0.314063 0.677986 0.310937 0.682670 0.310937 0.685012 0.309375 0.687354 0.303125 0.687354 0.303125 0.710773 0.310937 0.710773 0.312500 0.713115 0.307813 0.731850 0.303125 0.731850 0.303125 0.738876 0.307813 0.738876
1 0.489062 0.710773 0.495313 0.710773 0.495313 0.701405 0.489062 0.701405 0.489062 0.710773 0.479688 0.731850 0.473437 0.722482 0.471875 0.722482 0.470313 0.720141 0.468750 0.720141 0.467187 0.717799 0.464063 0.717799 0.462500 0.715457 0.459375 0.715457 0.456250 0.710773 0.456250 0.701405 0.421875 0.701405 0.421875 0.752927 0.428125 0.752927 0.429688 0.750585 0.429688 0.736534 0.432813 0.731850 0.440625 0.731850 0.442187 0.734192 0.443750 0.734192 0.445312 0.736534 0.446875 0.736534 0.450000 0.741218 0.450000 0.743560 0.451562 0.745902 0.451562 0.750585 0.453125 0.752927 0.453125 0.759953 0.454688 0.762295 0.454688 0.766979 0.456250 0.769321 0.456250 0.771663 0.457812 0.774005 0.457812 0.783372 0.465625 0.783372 0.465625 0.774005 0.467187 0.771663 0.468750 0.771663 0.470313 0.769321 0.475000 0.769321 0.476562 0.771663 0.484375 0.771663 0.487500 0.766979 0.487500 0.762295 0.489062 0.759953 0.489062 0.757611 0.490625 0.755269 0.495313 0.755269 0.495313 0.743560 0.490625 0.743560 0.489062 0.741218 0.487500 0.741218 0.485938 0.738876 0.484375 0.738876 0.482812 0.736534 0.481250 0.736534 0.479688 0.734192 0.479688 0.731850
1 0.425000 0.764637 0.426562 0.766979 0.426562 0.769321 0.432813 0.769321 0.432813 0.762295 0.426562 0.762295 0.425000 0.764637 0.396875 0.729508 0.396875 0.701405 0.353125 0.701405 0.353125 0.743560 0.359375 0.743560 0.360938 0.741218 0.367188 0.741218 0.368750 0.738876 0.379687 0.738876 0.381250 0.736534 0.390625 0.736534 0.392188 0.734192 0.393750 0.734192 0.396875 0.729508
