5 0.848437 0.504819 0.848437 0.512048 0.846875 0.514458 0.840625 0.514458 0.839063 0.516867 0.820312 0.516867 0.818750 0.514458 0.810938 0.514458 0.809375 0.516867 0.803125 0.516867 0.801562 0.519277 0.796875 0.519277 0.795313 0.521687 0.790625 0.521687 0.789062 0.524096 0.785937 0.524096 0.784375 0.526506 0.782812 0.526506 0.781250 0.528916 0.779688 0.528916 0.770312 0.543373 0.768750 0.543373 0.767187 0.545783 0.765625 0.545783 0.764063 0.548193 0.762500 0.548193 0.760938 0.550602 0.759375 0.550602 0.756250 0.555422 0.756250 0.557831 0.754687 0.560241 0.754687 0.565060 0.753125 0.567470 0.753125 0.569880 0.750000 0.574699 0.750000 0.577108 0.748438 0.579518 0.748438 0.581928 0.746875 0.584337 0.746875 0.601205 0.745313 0.603614 0.740625 0.603614 0.740625 0.803614 0.746875 0.803614 0.748438 0.806024 0.751562 0.806024 0.753125 0.808434 0.759375 0.808434 0.760938 0.810843 0.768750 0.810843 0.770312 0.813253 0.776563 0.813253 0.778125 0.815663 0.796875 0.815663 0.798437 0.818072 0.807813 0.818072 0.809375 0.820482 0.815625 0.820482 0.817187 0.822892 0.821875 0.822892 0.823438 0.825301 0.831250 0.825301 0.832812 0.827711 0.842188 0.827711 0.843750 0.830121 0.848437 0.830121 0.850000 0.832530 0.853125 0.832530 0.854688 0.834940 0.856250 0.834940 0.857813 0.837349 0.859375 0.837349 0.860937 0.839759 0.862500 0.839759 0.865625 0.844578 0.867188 0.844578 0.870313 0.849398 0.871875 0.849398 0.873438 0.851807 0.876562 0.851807 0.878125 0.854217 0.882812 0.854217 0.884375 0.856627 0.900000 0.856627 0.901563 0.854217 0.906250 0.854217 0.907812 0.851807 0.909375 0.851807 0.910937 0.849398 0.912500 0.849398 0.914062 0.846988 0.915625 0.846988 0.917188 0.844578 0.928125 0.844578 0.929688 0.846988 0.931250 0.846988 0.932813 0.849398 0.934375 0.849398 0.935938 0.851807 0.937500 0.851807 0.939062 0.854217 0.940625 0.854217 0.942187 0.856627 0.943750 0.856627 0.946875 0.861446 0.946875 0.868675 0.998438 0.868675 0.998438 0.504819 0.957812 0.504819 0.957812 0.512048 0.956250 0.514458 0.951563 0.514458 0.950000 0.516867 0.928125 0.516867 0.926562 0.519277 0.906250 0.519277 0.904688 0.516867 0.893750 0.516867 0.892187 0.514458 0.890625 0.514458 0.889063 0.512048 0.889063 0.504819
5 0.462500 0.639759 0.462500 0.649398 0.460938 0.651807 0.460938 0.654217 0.459375 0.656627 0.459375 0.661446 0.457812 0.663855 0.457812 0.668675 0.456250 0.671084 0.456250 0.685542 0.454688 0.687952 0.454688 0.695181 0.453125 0.697590 0.453125 0.702410 0.451562 0.704819 0.446875 0.704819 0.446875 0.777108 0.451562 0.777108 0.453125 0.779518 0.456250 0.779518 0.457812 0.781928 0.464063 0.781928 0.465625 0.784337 0.468750 0.784337 0.470313 0.786747 0.475000 0.786747 0.476562 0.789157 0.482812 0.789157 0.484375 0.791566 0.489062 0.791566 0.490625 0.793976 0.492188 0.793976 0.498437 0.803614 0.500000 0.803614 0.501562 0.806024 0.503125 0.806024 0.504687 0.808434 0.506250 0.808434 0.507812 0.810843 0.517187 0.810843 0.518750 0.808434 0.521875 0.808434 0.523438 0.806024 0.526563 0.806024 0.528125 0.803614 0.545313 0.803614 0.546875 0.806024 0.578125 0.806024 0.579687 0.808434 0.590625 0.808434 0.592188 0.810843 0.601562 0.810843 0.603125 0.813253 0.612500 0.813253 0.614062 0.815663 0.640625 0.815663 0.642187 0.818072 0.646875 0.818072 0.650000 0.822892 0.650000 0.830121 0.728125 0.830121 0.728125 0.820482 0.732813 0.813253 0.734375 0.813253 0.735937 0.810843 0.737500 0.810843 0.740625 0.806024 0.742188 0.806024 0.743750 0.803614 0.745313 0.803614 0.746875 0.801205 0.751562 0.801205 0.751562 0.726506 0.746875 0.726506 0.745313 0.724096 0.745313 0.721687 0.743750 0.719277 0.743750 0.709639 0.742188 0.707229 0.742188 0.697590 0.740625 0.695181 0.740625 0.687952 0.739062 0.685542 0.739062 0.683133 0.737500 0.680723 0.737500 0.675904 0.735937 0.673494 0.735937 0.671084 0.726562 0.656627 0.725000 0.656627 0.723437 0.654217 0.720312 0.654217 0.718750 0.651807 0.714063 0.651807 0.710938 0.646988 0.710938 0.639759
2 0.240625 0.697590 0.240625 0.704819 0.235938 0.712048 0.234375 0.712048 0.228125 0.721687 0.221875 0.721687 0.221875 0.786747 0.226562 0.786747 0.228125 0.789157 0.248437 0.789157 0.250000 0.791566 0.251563 0.791566 0.253125 0.793976 0.253125 0.801205 0.325000 0.801205 0.325000 0.791566 0.326562 0.789157 0.332812 0.789157 0.332812 0.753012 0.328125 0.753012 0.325000 0.748193 0.325000 0.745783 0.317187 0.733735 0.315625 0.733735 0.306250 0.719277 0.306250 0.716867 0.301562 0.709639 0.296875 0.709639 0.293750 0.704819 0.293750 0.697590
7 0.371875 0.697590 0.371875 0.704819 0.370313 0.707229 0.365625 0.707229 0.365625 0.774699 0.371875 0.774699 0.375000 0.779518 0.376563 0.779518 0.378125 0.781928 0.378125 0.784337 0.381250 0.789157 0.381250 0.791566 0.382812 0.793976 0.382812 0.801205 0.398438 0.801205 0.398438 0.793976 0.401563 0.789157 0.404687 0.789157 0.406250 0.786747 0.417188 0.786747 0.418750 0.789157 0.420312 0.789157 0.423438 0.793976 0.423438 0.801205 0.439063 0.801205 0.439063 0.793976 0.440625 0.791566 0.440625 0.789157 0.442187 0.786747 0.442187 0.784337 0.445312 0.779518 0.446875 0.779518 0.448438 0.777108 0.451562 0.777108 0.453125 0.774699 0.457812 0.774699 0.457812 0.709639 0.453125 0.709639 0.450000 0.704819 0.450000 0.697590
2 0.059375 0.707229 0.059375 0.731325 0.065625 0.731325 0.067188 0.733735 0.068750 0.733735 0.070312 0.736145 0.070312 0.743374 0.101562 0.743374 0.101562 0.707229
2 0.084375 0.707229 0.084375 0.743374 0.120312 0.743374 0.120312 0.707229
2 0.028125 0.707229 0.028125 0.733735 0.057813 0.733735 0.057813 0.707229
2 0.059375 0.707229 0.059375 0.731325 0.065625 0.731325 0.068750 0.736145 0.068750 0.743374 0.107813 0.743374 0.107813 0.707229
2 0.000000 0.707229 0.000000 0.733735 0.006250 0.733735 0.007812 0.736145 0.007812 0.743374 0.015625 0.743374 0.015625 0.733735 0.017188 0.731325 0.018750 0.731325 0.020312 0.728916 0.021875 0.728916 0.023438 0.726506 0.032812 0.726506 0.032812 0.707229
33 0.134375 0.039759 0.139062 0.039759 0.139062 0.022892 0.132812 0.022892 0.128125 0.015663 0.128125 0.013253 0.126563 0.010843 0.125000 0.010843 0.121875 0.006024 0.121875 0.003614 0.120312 0.001205 0.120312 0.000000 0.112500 0.000000 0.112500 0.001205 0.114063 0.003614 0.115625 0.003614 0.118750 0.008434 0.118750 0.010843 0.123438 0.018072 0.123438 0.020482 0.126563 0.025301 0.128125 0.025301 0.131250 0.030120 0.131250 0.032530 0.132812 0.034940 0.132812 0.037349 0.134375 0.039759 0.125000 0.075904 0.120312 0.075904 0.118750 0.073494 0.117188 0.073494 0.114063 0.068675 0.112500 0.068675 0.110937 0.066265 0.107813 0.066265 0.106250 0.063855 0.104687 0.063855 0.101562 0.059036 0.100000 0.059036 0.096875 0.054217 0.095312 0.054217 0.092188 0.049398 0.090625 0.049398 0.089062 0.046988 0.087500 0.046988 0.085938 0.044578 0.084375 0.044578 0.079687 0.037349 0.078125 0.037349 0.076563 0.034940 0.075000 0.034940 0.073437 0.032530 0.071875 0.032530 0.070312 0.030120 0.068750 0.030120 0.067188 0.027711 0.064062 0.027711 0.062500 0.025301 0.059375 0.025301 0.056250 0.020482 0.054688 0.020482 0.053125 0.018072 0.051562 0.018072 0.050000 0.015663 0.048437 0.015663 0.046875 0.013253 0.046875 0.010843 0.040625 0.001205 0.040625 0.000000 0.021875 0.000000 0.021875 0.006024 0.029687 0.006024 0.032812 0.010843 0.034375 0.010843 0.037500 0.015663 0.039062 0.015663 0.045313 0.025301 0.048437 0.025301 0.051562 0.030120 0.053125 0.030120 0.056250 0.034940 0.057813 0.034940 0.059375 0.037349 0.060938 0.037349 0.062500 0.039759 0.064062 0.039759 0.065625 0.042169 0.067188 0.042169 0.068750 0.044578 0.071875 0.044578 0.073437 0.046988 0.075000 0.046988 0.076563 0.049398 0.078125 0.049398 0.081250 0.054217 0.082813 0.054217 0.087500 0.061446 0.089062 0.061446 0.090625 0.063855 0.093750 0.063855 0.095312 0.066265 0.096875 0.066265 0.101562 0.073494 0.104687 0.073494 0.109375 0.080723 0.110937 0.080723 0.112500 0.083133 0.118750 0.083133 0.120312 0.085542 0.128125 0.085542 0.128125 0.083133 0.129688 0.080723 0.128125 0.078313 0.126563 0.078313 0.125000 0.075904
2 0.000000 0.697590 0.000000 0.733735 0.020312 0.733735 0.020312 0.697590
