0 0.915625 0.404167 0.915625 0.410417 0.914062 0.412500 0.912500 0.412500 0.910937 0.414583 0.906250 0.414583 0.904688 0.416667 0.901563 0.416667 0.900000 0.418750 0.898438 0.418750 0.896875 0.420833 0.893750 0.420833 0.892187 0.422917 0.890625 0.422917 0.889063 0.425000 0.887500 0.425000 0.885938 0.427083 0.884375 0.427083 0.879687 0.433333 0.879687 0.435417 0.878125 0.437500 0.878125 0.439583 0.876562 0.441667 0.876562 0.456250 0.878125 0.458333 0.878125 0.468750 0.879687 0.470833 0.878125 0.472917 0.878125 0.487500 0.879687 0.489583 0.879687 0.491667 0.881250 0.493750 0.881250 0.500000 0.882812 0.502083 0.882812 0.508333 0.884375 0.510417 0.884375 0.518750 0.885938 0.520833 0.885938 0.537500 0.887500 0.539583 0.887500 0.547917 0.889063 0.550000 0.889063 0.564583 0.890625 0.566667 0.890625 0.587500 0.889063 0.589583 0.889063 0.597917 0.887500 0.600000 0.887500 0.604167 0.885938 0.606250 0.885938 0.610417 0.884375 0.612500 0.884375 0.614583 0.882812 0.616667 0.882812 0.620833 0.881250 0.622917 0.881250 0.629167 0.879687 0.631250 0.879687 0.687500 0.881250 0.689583 0.881250 0.714583 0.882812 0.716667 0.882812 0.737500 0.881250 0.739583 0.881250 0.837500 0.879687 0.839583 0.879687 0.850000 0.878125 0.852083 0.878125 0.860417 0.876562 0.862500 0.876562 0.870833 0.870313 0.879167 0.865625 0.879167 0.865625 0.895833 0.870313 0.895833 0.875000 0.902083 0.875000 0.906250 0.876562 0.908333 0.876562 0.918750 0.875000 0.920833 0.875000 0.956250 0.873438 0.958333 0.873438 0.968750 0.871875 0.970833 0.871875 0.975000 0.870313 0.977083 0.865625 0.977083 0.865625 0.997917 0.939062 0.997917 0.939062 0.995833 0.940625 0.993750 0.940625 0.989583 0.942187 0.987500 0.942187 0.983333 0.943750 0.981250 0.943750 0.977083 0.945312 0.975000 0.945312 0.972917 0.946875 0.970833 0.946875 0.968750 0.948438 0.966667 0.948438 0.964583 0.950000 0.962500 0.950000 0.960417 0.951563 0.958333 0.953125 0.958333 0.954687 0.960417 0.954687 0.962500 0.956250 0.964583 0.956250 0.966667 0.959375 0.970833 0.959375 0.972917 0.960938 0.975000 0.960938 0.977083 0.962500 0.979167 0.962500 0.983333 0.964063 0.985417 0.964063 0.987500 0.965625 0.989583 0.965625 0.993750 0.967188 0.995833 0.967188 0.997917 0.998438 0.997917 0.998438 0.535417 0.996875 0.535417 0.993750 0.531250 0.993750 0.527083 0.992188 0.525000 0.992188 0.520833 0.990625 0.518750 0.990625 0.516667 0.989062 0.514583 0.989062 0.512500 0.987500 0.510417 0.987500 0.508333 0.985937 0.506250 0.985937 0.504167 0.984375 0.502083 0.984375 0.500000 0.982813 0.497917 0.982813 0.495833 0.981250 0.493750 0.981250 0.491667 0.979688 0.489583 0.979688 0.487500 0.978125 0.485417 0.978125 0.477083 0.976562 0.475000 0.976562 0.470833 0.975000 0.468750 0.975000 0.464583 0.973437 0.462500 0.973437 0.460417 0.971875 0.458333 0.971875 0.454167 0.967188 0.447917 0.967188 0.445833 0.959375 0.435417 0.959375 0.433333 0.946875 0.416667 0.943750 0.416667 0.942187 0.414583 0.940625 0.414583 0.939062 0.412500 0.932813 0.412500 0.931250 0.410417 0.931250 0.404167
28 0.703125 0.729167 0.703125 0.737500 0.692187 0.752083 0.692187 0.754167 0.690625 0.756250 0.690625 0.758333 0.689062 0.760417 0.689062 0.762500 0.685938 0.766667 0.685938 0.768750 0.682813 0.772917 0.678125 0.772917 0.678125 0.889583 0.682813 0.889583 0.684375 0.891667 0.684375 0.893750 0.685938 0.895833 0.685938 0.900000 0.687500 0.902083 0.687500 0.904167 0.689062 0.906250 0.689062 0.908333 0.690625 0.910417 0.690625 0.912500 0.696875 0.920833 0.698438 0.920833 0.700000 0.922917 0.703125 0.922917 0.704687 0.925000 0.707812 0.925000 0.709375 0.927083 0.710938 0.927083 0.712500 0.929167 0.712500 0.935417 0.757812 0.935417 0.757812 0.927083 0.756250 0.925000 0.756250 0.918750 0.754687 0.916667 0.754687 0.904167 0.756250 0.902083 0.756250 0.893750 0.757812 0.891667 0.757812 0.889583 0.759375 0.887500 0.764063 0.887500 0.764063 0.779167 0.759375 0.779167 0.757812 0.777083 0.757812 0.772917 0.756250 0.770833 0.756250 0.760417 0.754687 0.758333 0.754687 0.747917 0.753125 0.745833 0.753125 0.743750 0.750000 0.739583 0.748438 0.739583 0.746875 0.737500 0.746875 0.729167 0.731250 0.729167 0.731250 0.735417 0.729688 0.737500 0.720312 0.737500 0.718750 0.735417 0.718750 0.729167
0 0.321875 0.420833 0.321875 0.427083 0.318750 0.431250 0.315625 0.431250 0.310937 0.437500 0.309375 0.437500 0.301562 0.447917 0.301562 0.450000 0.300000 0.452083 0.300000 0.454167 0.298438 0.456250 0.298438 0.460417 0.296875 0.462500 0.296875 0.466667 0.295312 0.468750 0.295312 0.475000 0.293750 0.477083 0.293750 0.487500 0.292188 0.489583 0.292188 0.495833 0.290625 0.497917 0.290625 0.500000 0.289062 0.502083 0.289062 0.504167 0.287500 0.506250 0.287500 0.508333 0.285937 0.510417 0.285937 0.514583 0.278125 0.525000 0.275000 0.525000 0.273438 0.527083 0.270312 0.527083 0.268750 0.529167 0.264062 0.529167 0.262500 0.531250 0.260938 0.531250 0.259375 0.533333 0.257812 0.533333 0.256250 0.535417 0.254687 0.535417 0.253125 0.537500 0.251563 0.537500 0.250000 0.539583 0.248437 0.539583 0.245312 0.543750 0.243750 0.543750 0.229687 0.562500 0.229687 0.564583 0.226562 0.568750 0.226562 0.570833 0.223438 0.575000 0.223438 0.577083 0.221875 0.579167 0.221875 0.581250 0.220313 0.583333 0.220313 0.587500 0.218750 0.589583 0.218750 0.591667 0.217187 0.593750 0.217187 0.595833 0.215625 0.597917 0.215625 0.600000 0.214062 0.602083 0.214062 0.606250 0.212500 0.608333 0.212500 0.616667 0.210938 0.618750 0.210938 0.627083 0.209375 0.629167 0.209375 0.631250 0.207813 0.633333 0.207813 0.635417 0.206250 0.637500 0.206250 0.643750 0.204688 0.645833 0.204688 0.647917 0.203125 0.650000 0.203125 0.654167 0.201562 0.656250 0.201562 0.658333 0.200000 0.660417 0.200000 0.664583 0.198437 0.666667 0.198437 0.668750 0.196875 0.670833 0.196875 0.679167 0.195312 0.681250 0.195312 0.691667 0.196875 0.693750 0.196875 0.700000 0.195312 0.702083 0.196875 0.704167 0.196875 0.708333 0.198437 0.710417 0.198437 0.712500 0.200000 0.714583 0.200000 0.718750 0.203125 0.722917 0.204688 0.722917 0.206250 0.720833 0.209375 0.720833 0.210938 0.718750 0.210938 0.716667 0.217187 0.708333 0.218750 0.708333 0.225000 0.700000 0.225000 0.697917 0.226562 0.695833 0.228125 0.695833 0.229687 0.697917 0.229687 0.700000 0.231250 0.702083 0.231250 0.704167 0.237500 0.712500 0.237500 0.714583 0.243750 0.722917 0.245312 0.722917 0.246875 0.725000 0.248437 0.725000 0.251563 0.729167 0.251563 0.733333 0.253125 0.735417 0.253125 0.739583 0.254687 0.741667 0.254687 0.743750 0.256250 0.745833 0.256250 0.750000 0.262500 0.758333 0.264062 0.758333 0.265625 0.760417 0.265625 0.762500 0.267188 0.764583 0.267188 0.787500 0.265625 0.789583 0.265625 0.793750 0.264062 0.795833 0.264062 0.802083 0.257812 0.810417 0.256250 0.810417 0.254687 0.812500 0.250000 0.812500 0.248437 0.810417 0.240625 0.810417 0.239063 0.812500 0.239063 0.820833 0.240625 0.822917 0.240625 0.837500 0.242188 0.839583 0.242188 0.860417 0.243750 0.862500 0.243750 0.877083 0.245312 0.879167 0.245312 0.893750 0.246875 0.895833 0.246875 0.906250 0.248437 0.908333 0.248437 0.931250 0.250000 0.933333 0.250000 0.945833 0.251563 0.947917 0.251563 0.958333 0.253125 0.960417 0.253125 0.966667 0.254687 0.968750 0.254687 0.972917 0.256250 0.975000 0.256250 0.979167 0.257812 0.981250 0.257812 0.983333 0.259375 0.985417 0.259375 0.989583 0.260938 0.991667 0.260938 0.993750 0.262500 0.995833 0.262500 0.997917 0.365625 0.997917 0.365625 0.987500 0.367188 0.985417 0.367188 0.977083 0.368750 0.975000 0.368750 0.956250 0.370313 0.954167 0.370313 0.939583 0.371875 0.937500 0.371875 0.929167 0.373437 0.927083 0.373437 0.914583 0.375000 0.912500 0.375000 0.908333 0.376563 0.906250 0.376563 0.897917 0.378125 0.895833 0.378125 0.889583 0.379687 0.887500 0.379687 0.872917 0.378125 0.870833 0.378125 0.860417 0.376563 0.858333 0.376563 0.814583 0.379687 0.810417 0.381250 0.810417 0.382812 0.808333 0.385938 0.812500 0.385938 0.816667 0.387500 0.818750 0.387500 0.822917 0.389062 0.825000 0.389062 0.833333 0.390625 0.835417 0.390625 0.837500 0.395312 0.843750 0.395312 0.847917 0.396875 0.850000 0.396875 0.852083 0.404687 0.862500 0.404687 0.866667 0.407813 0.870833 0.409375 0.870833 0.412500 0.866667 0.412500 0.850000 0.414062 0.847917 0.414062 0.835417 0.415625 0.833333 0.415625 0.816667 0.417188 0.814583 0.417188 0.810417 0.418750 0.808333 0.418750 0.806250 0.421875 0.802083 0.426562 0.802083 0.426562 0.783333 0.421875 0.783333 0.420312 0.781250 0.420312 0.779167 0.418750 0.777083 0.418750 0.754167 0.417188 0.752083 0.417188 0.654167 0.418750 0.652083 0.418750 0.643750 0.417188 0.641667 0.417188 0.637500 0.414062 0.633333 0.414062 0.629167 0.412500 0.627083 0.412500 0.622917 0.410937 0.620833 0.410937 0.614583 0.409375 0.612500 0.409375 0.606250 0.407813 0.604167 0.407813 0.597917 0.406250 0.595833 0.406250 0.593750 0.404687 0.591667 0.404687 0.589583 0.401563 0.585417 0.401563 0.583333 0.398438 0.579167 0.398438 0.577083 0.390625 0.566667 0.390625 0.564583 0.389062 0.562500 0.389062 0.560417 0.387500 0.558333 0.387500 0.556250 0.385938 0.554167 0.385938 0.552083 0.382812 0.547917 0.382812 0.545833 0.381250 0.543750 0.381250 0.533333 0.379687 0.531250 0.379687 0.527083 0.378125 0.525000 0.378125 0.520833 0.376563 0.518750 0.376563 0.510417 0.375000 0.508333 0.375000 0.495833 0.373437 0.493750 0.373437 0.485417 0.371875 0.483333 0.371875 0.479167 0.370313 0.477083 0.370313 0.472917 0.368750 0.470833 0.368750 0.464583 0.367188 0.462500 0.367188 0.458333 0.365625 0.456250 0.365625 0.452083 0.364062 0.450000 0.364062 0.445833 0.356250 0.435417 0.354688 0.435417 0.353125 0.433333 0.351562 0.433333 0.350000 0.431250 0.346875 0.431250 0.345313 0.429167 0.342187 0.429167 0.340625 0.427083 0.340625 0.420833
0 0.117188 0.545833 0.117188 0.558333 0.115625 0.560417 0.115625 0.570833 0.114063 0.572917 0.114063 0.579167 0.110937 0.583333 0.110937 0.585417 0.107813 0.589583 0.106250 0.589583 0.095312 0.604167 0.090625 0.604167 0.090625 0.697917 0.095312 0.697917 0.098438 0.702083 0.098438 0.712500 0.100000 0.714583 0.100000 0.762500 0.098438 0.764583 0.098438 0.808333 0.096875 0.810417 0.096875 0.812500 0.095312 0.814583 0.090625 0.814583 0.090625 0.827083 0.115625 0.827083 0.115625 0.820833 0.117188 0.818750 0.117188 0.812500 0.118750 0.810417 0.118750 0.800000 0.120312 0.797917 0.120312 0.793750 0.121875 0.791667 0.121875 0.785417 0.123438 0.783333 0.123438 0.739583 0.125000 0.737500 0.125000 0.727083 0.126563 0.725000 0.129688 0.729167 0.129688 0.741667 0.131250 0.743750 0.131250 0.750000 0.132812 0.752083 0.132812 0.754167 0.134375 0.756250 0.134375 0.760417 0.135937 0.762500 0.135937 0.785417 0.137500 0.787500 0.137500 0.793750 0.139062 0.795833 0.139062 0.797917 0.140625 0.800000 0.140625 0.802083 0.142188 0.804167 0.142188 0.806250 0.143750 0.808333 0.143750 0.810417 0.146875 0.814583 0.148438 0.814583 0.150000 0.816667 0.157813 0.816667 0.159375 0.814583 0.164062 0.814583 0.164062 0.795833 0.159375 0.795833 0.157813 0.793750 0.157813 0.775000 0.156250 0.772917 0.156250 0.735417 0.154687 0.733333 0.154687 0.710417 0.153125 0.708333 0.153125 0.697917 0.151562 0.695833 0.151562 0.687500 0.153125 0.685417 0.153125 0.654167 0.151562 0.652083 0.153125 0.650000 0.153125 0.643750 0.154687 0.641667 0.154687 0.639583 0.156250 0.637500 0.156250 0.635417 0.157813 0.633333 0.157813 0.631250 0.159375 0.629167 0.164062 0.629167 0.164062 0.620833 0.159375 0.620833 0.156250 0.616667 0.156250 0.612500 0.154687 0.610417 0.154687 0.608333 0.151562 0.604167 0.151562 0.602083 0.146875 0.595833 0.146875 0.593750 0.145313 0.593750 0.139062 0.585417 0.139062 0.566667 0.137500 0.564583 0.137500 0.560417 0.135937 0.558333 0.135937 0.556250 0.132812 0.552083 0.132812 0.545833
0 0.768750 0.629167 0.768750 0.635417 0.765625 0.639583 0.764063 0.639583 0.762500 0.641667 0.762500 0.643750 0.760938 0.645833 0.760938 0.647917 0.759375 0.650000 0.759375 0.652083 0.757812 0.654167 0.757812 0.656250 0.759375 0.658333 0.759375 0.668750 0.760938 0.670833 0.760938 0.675000 0.762500 0.677083 0.762500 0.685417 0.764063 0.687500 0.764063 0.693750 0.765625 0.695833 0.764063 0.697917 0.764063 0.704167 0.762500 0.706250 0.762500 0.708333 0.751562 0.722917 0.746875 0.722917 0.746875 0.737500 0.751562 0.737500 0.757812 0.745833 0.757812 0.754167 0.759375 0.756250 0.759375 0.760417 0.760938 0.762500 0.760938 0.764583 0.762500 0.766667 0.762500 0.770833 0.764063 0.772917 0.764063 0.783333 0.765625 0.785417 0.765625 0.789583 0.773438 0.800000 0.773438 0.804167 0.771875 0.806250 0.771875 0.812500 0.770312 0.814583 0.770312 0.829167 0.771875 0.831250 0.771875 0.833333 0.773438 0.835417 0.773438 0.837500 0.775000 0.839583 0.775000 0.841667 0.776563 0.843750 0.776563 0.845833 0.778125 0.847917 0.778125 0.852083 0.779688 0.854167 0.779688 0.856250 0.781250 0.858333 0.781250 0.862500 0.782812 0.864583 0.782812 0.868750 0.784375 0.870833 0.784375 0.872917 0.785937 0.875000 0.785937 0.877083 0.787500 0.879167 0.787500 0.883333 0.789062 0.885417 0.789062 0.895833 0.790625 0.897917 0.790625 0.904167 0.789062 0.906250 0.789062 0.910417 0.787500 0.912500 0.787500 0.914583 0.785937 0.916667 0.785937 0.918750 0.784375 0.920833 0.784375 0.927083 0.806250 0.927083 0.806250 0.918750 0.809375 0.914583 0.810938 0.914583 0.812500 0.912500 0.817187 0.912500 0.818750 0.910417 0.821875 0.910417 0.823438 0.912500 0.829687 0.912500 0.831250 0.914583 0.840625 0.914583 0.842188 0.912500 0.845312 0.912500 0.846875 0.910417 0.851562 0.910417 0.851562 0.864583 0.846875 0.864583 0.845312 0.862500 0.845312 0.860417 0.843750 0.858333 0.843750 0.847917 0.842188 0.845833 0.842188 0.822917 0.840625 0.820833 0.840625 0.806250 0.839063 0.804167 0.840625 0.802083 0.840625 0.800000 0.842188 0.797917 0.842188 0.793750 0.843750 0.791667 0.843750 0.779167 0.842188 0.777083 0.842188 0.772917 0.840625 0.770833 0.840625 0.766667 0.839063 0.764583 0.839063 0.760417 0.837500 0.758333 0.837500 0.754167 0.835938 0.752083 0.835938 0.747917 0.834375 0.745833 0.834375 0.741667 0.832812 0.739583 0.832812 0.737500 0.831250 0.735417 0.831250 0.729167 0.829687 0.727083 0.829687 0.720833 0.828125 0.718750 0.828125 0.712500 0.826563 0.710417 0.826563 0.704167 0.825000 0.702083 0.825000 0.700000 0.823438 0.697917 0.823438 0.693750 0.821875 0.691667 0.821875 0.689583 0.814062 0.679167 0.814062 0.677083 0.810938 0.672917 0.810938 0.670833 0.809375 0.668750 0.809375 0.666667 0.804688 0.660417 0.803125 0.660417 0.800000 0.656250 0.800000 0.654167 0.789062 0.639583 0.785937 0.639583 0.782812 0.635417 0.782812 0.629167
0 0.679688 0.554167 0.679688 0.570833 0.678125 0.572917 0.678125 0.579167 0.676562 0.581250 0.676562 0.583333 0.670313 0.591667 0.670313 0.593750 0.668750 0.595833 0.668750 0.597917 0.665625 0.602083 0.665625 0.604167 0.664062 0.606250 0.664062 0.608333 0.662500 0.610417 0.662500 0.622917 0.664062 0.625000 0.664062 0.637500 0.665625 0.639583 0.665625 0.647917 0.664062 0.650000 0.664062 0.654167 0.665625 0.656250 0.665625 0.660417 0.667188 0.662500 0.667188 0.677083 0.668750 0.679167 0.668750 0.685417 0.670313 0.687500 0.670313 0.689583 0.673437 0.693750 0.673437 0.695833 0.675000 0.697917 0.675000 0.704167 0.676562 0.706250 0.676562 0.716667 0.678125 0.718750 0.678125 0.729167 0.679688 0.731250 0.679688 0.743750 0.681250 0.745833 0.681250 0.756250 0.682813 0.758333 0.682813 0.766667 0.684375 0.764583 0.684375 0.760417 0.687500 0.756250 0.689062 0.756250 0.689062 0.754167 0.690625 0.752083 0.690625 0.750000 0.693750 0.745833 0.693750 0.743750 0.700000 0.735417 0.700000 0.733333 0.701563 0.731250 0.701563 0.729167 0.703125 0.727083 0.703125 0.702083 0.704687 0.700000 0.704687 0.691667 0.706250 0.689583 0.706250 0.677083 0.707812 0.675000 0.707812 0.668750 0.709375 0.666667 0.710938 0.666667 0.718750 0.656250 0.718750 0.654167 0.720312 0.652083 0.726562 0.652083 0.726562 0.618750 0.721875 0.618750 0.720312 0.616667 0.720312 0.614583 0.718750 0.612500 0.718750 0.606250 0.717188 0.604167 0.717188 0.602083 0.715625 0.600000 0.715625 0.597917 0.714063 0.595833 0.714063 0.593750 0.704687 0.581250 0.703125 0.581250 0.701563 0.579167 0.701563 0.575000 0.700000 0.572917 0.700000 0.554167
0 0.834375 0.570833 0.834375 0.581250 0.832812 0.583333 0.832812 0.585417 0.831250 0.587500 0.831250 0.597917 0.829687 0.600000 0.829687 0.620833 0.828125 0.622917 0.828125 0.625000 0.826563 0.627083 0.821875 0.627083 0.821875 0.652083 0.826563 0.652083 0.828125 0.654167 0.828125 0.656250 0.829687 0.658333 0.829687 0.679167 0.828125 0.681250 0.828125 0.683333 0.826563 0.685417 0.821875 0.685417 0.821875 0.687500 0.826563 0.687500 0.829687 0.691667 0.831250 0.691667 0.835938 0.697917 0.835938 0.702083 0.837500 0.704167 0.837500 0.708333 0.839063 0.710417 0.839063 0.712500 0.840625 0.714583 0.840625 0.716667 0.842188 0.718750 0.842188 0.725000 0.843750 0.727083 0.843750 0.741667 0.845312 0.743750 0.845312 0.754167 0.846875 0.756250 0.846875 0.777083 0.867188 0.777083 0.867188 0.689583 0.868750 0.687500 0.868750 0.683333 0.871875 0.679167 0.876562 0.679167 0.876562 0.627083 0.871875 0.627083 0.870313 0.625000 0.868750 0.625000 0.865625 0.620833 0.865625 0.618750 0.860937 0.612500 0.860937 0.610417 0.857813 0.606250 0.857813 0.604167 0.856250 0.602083 0.856250 0.597917 0.854688 0.595833 0.854688 0.589583 0.853125 0.587500 0.853125 0.583333 0.851562 0.581250 0.851562 0.570833
0 0.620313 0.562500 0.620313 0.572917 0.618750 0.575000 0.618750 0.581250 0.610937 0.591667 0.610937 0.593750 0.607813 0.597917 0.603125 0.597917 0.603125 0.637500 0.607813 0.637500 0.609375 0.639583 0.609375 0.641667 0.610937 0.643750 0.610937 0.689583 0.609375 0.691667 0.609375 0.700000 0.607813 0.702083 0.603125 0.702083 0.603125 0.752083 0.639063 0.752083 0.639063 0.729167 0.634375 0.729167 0.631250 0.725000 0.631250 0.716667 0.632812 0.714583 0.632812 0.712500 0.634375 0.710417 0.639063 0.710417 0.639063 0.562500
5 0.000000 0.504167 0.000000 0.725000 0.003125 0.725000 0.004688 0.722917 0.006250 0.722917 0.007812 0.720833 0.009375 0.720833 0.010937 0.718750 0.031250 0.718750 0.032812 0.720833 0.034375 0.720833 0.037500 0.725000 0.039062 0.725000 0.040625 0.727083 0.043750 0.727083 0.045313 0.729167 0.045313 0.735417 0.046875 0.735417 0.046875 0.729167 0.050000 0.725000 0.051562 0.725000 0.059375 0.714583 0.059375 0.712500 0.062500 0.708333 0.064062 0.708333 0.067188 0.704167 0.075000 0.704167 0.076563 0.702083 0.078125 0.702083 0.079687 0.704167 0.085938 0.704167 0.087500 0.702083 0.089062 0.702083 0.089062 0.700000 0.090625 0.697917 0.090625 0.656250 0.092188 0.654167 0.092188 0.633333 0.090625 0.631250 0.090625 0.618750 0.092188 0.616667 0.092188 0.608333 0.093750 0.606250 0.093750 0.604167 0.095312 0.602083 0.095312 0.600000 0.096875 0.597917 0.096875 0.595833 0.098438 0.593750 0.100000 0.593750 0.109375 0.581250 0.109375 0.579167 0.112500 0.575000 0.112500 0.572917 0.115625 0.568750 0.120312 0.568750 0.120312 0.543750 0.115625 0.543750 0.114063 0.541667 0.112500 0.541667 0.109375 0.537500 0.106250 0.537500 0.104687 0.535417 0.100000 0.535417 0.098438 0.533333 0.093750 0.533333 0.092188 0.531250 0.087500 0.531250 0.085938 0.529167 0.081250 0.529167 0.079687 0.527083 0.075000 0.527083 0.073437 0.525000 0.067188 0.525000 0.065625 0.522917 0.057813 0.522917 0.056250 0.520833 0.051562 0.520833 0.050000 0.518750 0.048437 0.518750 0.046875 0.516667 0.043750 0.516667 0.042188 0.514583 0.039062 0.514583 0.035937 0.510417 0.035937 0.504167
0 0.764063 0.562500 0.764063 0.570833 0.765625 0.572917 0.765625 0.575000 0.767187 0.577083 0.767187 0.587500 0.768750 0.589583 0.768750 0.595833 0.767187 0.597917 0.767187 0.600000 0.765625 0.602083 0.765625 0.604167 0.762500 0.608333 0.760938 0.608333 0.759375 0.610417 0.753125 0.610417 0.753125 0.650000 0.757812 0.650000 0.757812 0.647917 0.762500 0.641667 0.764063 0.641667 0.765625 0.639583 0.767187 0.639583 0.768750 0.637500 0.771875 0.637500 0.773438 0.635417 0.775000 0.635417 0.776563 0.633333 0.782812 0.633333 0.784375 0.635417 0.785937 0.635417 0.787500 0.637500 0.789062 0.637500 0.798437 0.650000 0.800000 0.650000 0.801562 0.652083 0.804688 0.652083 0.806250 0.650000 0.806250 0.647917 0.807813 0.645833 0.807813 0.637500 0.806250 0.635417 0.806250 0.627083 0.804688 0.625000 0.804688 0.616667 0.803125 0.614583 0.803125 0.610417 0.801562 0.608333 0.801562 0.606250 0.800000 0.604167 0.800000 0.602083 0.798437 0.600000 0.798437 0.597917 0.796875 0.595833 0.796875 0.593750 0.792188 0.587500 0.792188 0.583333 0.790625 0.581250 0.790625 0.575000 0.789062 0.572917 0.789062 0.562500
0 0.185937 0.579167 0.185937 0.589583 0.184375 0.591667 0.184375 0.595833 0.182812 0.597917 0.182812 0.612500 0.181250 0.614583 0.181250 0.616667 0.175000 0.625000 0.175000 0.627083 0.173438 0.629167 0.173438 0.631250 0.171875 0.633333 0.165625 0.633333 0.165625 0.675000 0.171875 0.675000 0.176563 0.681250 0.176563 0.685417 0.178125 0.687500 0.178125 0.691667 0.179688 0.693750 0.179688 0.706250 0.181250 0.708333 0.181250 0.725000 0.182812 0.727083 0.182812 0.729167 0.181250 0.731250 0.181250 0.760417 0.182812 0.762500 0.182812 0.775000 0.184375 0.777083 0.184375 0.781250 0.185937 0.783333 0.185937 0.802083 0.187500 0.804167 0.187500 0.808333 0.189063 0.810417 0.189063 0.818750 0.196875 0.818750 0.196875 0.810417 0.198437 0.808333 0.198437 0.787500 0.196875 0.785417 0.196875 0.781250 0.195312 0.779167 0.195312 0.777083 0.193750 0.775000 0.193750 0.772917 0.192188 0.770833 0.192188 0.762500 0.190625 0.760417 0.190625 0.758333 0.189063 0.756250 0.189063 0.747917 0.187500 0.745833 0.187500 0.731250 0.185937 0.729167 0.185937 0.716667 0.187500 0.714583 0.187500 0.695833 0.189063 0.693750 0.189063 0.679167 0.190625 0.677083 0.190625 0.668750 0.192188 0.666667 0.192188 0.660417 0.193750 0.658333 0.193750 0.656250 0.195312 0.654167 0.195312 0.652083 0.196875 0.650000 0.196875 0.647917 0.198437 0.645833 0.198437 0.643750 0.203125 0.637500 0.203125 0.635417 0.209375 0.627083 0.214062 0.627083 0.214062 0.593750 0.209375 0.593750 0.204688 0.587500 0.204688 0.579167
2 0.434375 0.579167 0.434375 0.585417 0.431250 0.589583 0.429688 0.589583 0.428125 0.591667 0.426562 0.591667 0.423438 0.595833 0.421875 0.595833 0.420312 0.597917 0.409375 0.597917 0.409375 0.629167 0.415625 0.629167 0.417188 0.631250 0.417188 0.633333 0.418750 0.633333 0.423438 0.639583 0.423438 0.645833 0.420312 0.650000 0.420312 0.654167 0.418750 0.656250 0.418750 0.666667 0.417188 0.668750 0.417188 0.741667 0.418750 0.743750 0.418750 0.756250 0.420312 0.758333 0.420312 0.777083 0.453125 0.777083 0.453125 0.770833 0.454688 0.768750 0.470313 0.768750 0.471875 0.766667 0.473437 0.768750 0.478125 0.768750 0.479688 0.766667 0.489062 0.766667 0.490625 0.768750 0.504687 0.768750 0.506250 0.770833 0.506250 0.777083 0.548437 0.777083 0.548437 0.770833 0.551562 0.766667 0.556250 0.766667 0.557813 0.764583 0.575000 0.764583 0.576563 0.762500 0.581250 0.762500 0.582812 0.764583 0.584375 0.762500 0.596875 0.762500 0.598437 0.760417 0.601562 0.760417 0.604688 0.756250 0.604688 0.735417 0.606250 0.733333 0.606250 0.727083 0.607813 0.725000 0.607813 0.712500 0.609375 0.710417 0.609375 0.643750 0.595312 0.625000 0.595312 0.622917 0.592188 0.618750 0.592188 0.616667 0.590625 0.614583 0.590625 0.612500 0.589063 0.610417 0.589063 0.608333 0.587500 0.606250 0.585938 0.606250 0.582812 0.602083 0.579687 0.602083 0.578125 0.600000 0.575000 0.600000 0.573438 0.597917 0.568750 0.597917 0.567187 0.595833 0.564062 0.595833 0.557813 0.587500 0.557813 0.579167
28 0.651563 0.679167 0.651563 0.689583 0.650000 0.691667 0.650000 0.697917 0.648438 0.700000 0.648438 0.702083 0.645312 0.706250 0.640625 0.706250 0.640625 0.777083 0.675000 0.777083 0.675000 0.768750 0.676562 0.766667 0.676562 0.760417 0.678125 0.758333 0.682813 0.758333 0.682813 0.747917 0.678125 0.747917 0.676562 0.745833 0.676562 0.741667 0.678125 0.739583 0.682813 0.739583 0.682813 0.735417 0.678125 0.735417 0.676562 0.733333 0.676562 0.722917 0.675000 0.720833 0.675000 0.716667 0.673437 0.714583 0.673437 0.704167 0.671875 0.702083 0.671875 0.693750 0.670313 0.691667 0.670313 0.689583 0.668750 0.687500 0.668750 0.679167
0 0.729688 0.595833 0.729688 0.614583 0.726562 0.618750 0.721875 0.618750 0.721875 0.718750 0.757812 0.718750 0.757812 0.614583 0.753125 0.614583 0.750000 0.610417 0.750000 0.608333 0.746875 0.604167 0.746875 0.595833
0 0.803125 0.579167 0.803125 0.641667 0.807813 0.641667 0.809375 0.643750 0.809375 0.645833 0.810938 0.647917 0.810938 0.652083 0.812500 0.654167 0.812500 0.662500 0.814062 0.664583 0.814062 0.670833 0.815625 0.672917 0.815625 0.675000 0.817187 0.677083 0.817187 0.679167 0.820312 0.683333 0.821875 0.683333 0.825000 0.687500 0.825000 0.693750 0.832812 0.693750 0.832812 0.664583 0.828125 0.664583 0.826563 0.662500 0.826563 0.658333 0.825000 0.656250 0.825000 0.616667 0.823438 0.614583 0.823438 0.579167
5 0.601562 0.708333 0.600000 0.708333 0.598437 0.710417 0.598437 0.712500 0.600000 0.712500 0.601562 0.714583 0.601562 0.708333 0.601562 0.339583 0.515625 0.341667 0.517187 0.343750 0.518750 0.343750 0.520312 0.345833 0.521875 0.345833 0.528125 0.337500 0.528125 0.335417 0.529688 0.333333 0.529688 0.327083 0.532812 0.322917 0.532812 0.320833 0.534375 0.318750 0.534375 0.312500 0.539062 0.312500 0.539062 0.318750 0.542188 0.322917 0.542188 0.325000 0.543750 0.327083 0.543750 0.329167 0.546875 0.333333 0.546875 0.335417 0.548437 0.337500 0.548437 0.339583 0.550000 0.341667 0.550000 0.343750 0.553125 0.347917 0.554688 0.347917 0.557813 0.352083 0.559375 0.352083 0.560938 0.354167 0.562500 0.354167 0.564062 0.356250 0.582812 0.356250 0.584375 0.358333 0.587500 0.358333 0.589063 0.360417 0.589063 0.362500 0.590625 0.364583 0.590625 0.370833 0.592188 0.372917 0.592188 0.379167 0.593750 0.381250 0.593750 0.387500 0.595312 0.389583 0.595312 0.393750 0.596875 0.395833 0.596875 0.400000 0.598437 0.402083 0.598437 0.406250 0.600000 0.408333 0.600000 0.410417 0.601562 0.412500 0.601562 0.416667 0.603125 0.418750 0.603125 0.425000 0.604688 0.427083 0.604688 0.437500 0.606250 0.439583 0.606250 0.447917 0.607813 0.450000 0.607813 0.456250 0.609375 0.458333 0.609375 0.460417 0.614062 0.466667 0.615625 0.466667 0.620313 0.472917 0.621875 0.472917 0.634375 0.489583 0.639063 0.489583 0.639063 0.566667 0.631250 0.566667 0.629687 0.564583 0.625000 0.564583 0.623438 0.566667 0.621875 0.566667 0.614062 0.577083 0.614062 0.581250 0.612500 0.583333 0.612500 0.585417 0.609375 0.589583 0.609375 0.591667 0.607813 0.593750 0.607813 0.595833 0.604688 0.600000 0.604688 0.604167 0.603125 0.606250 0.603125 0.610417 0.601562 0.612500 0.601562 0.629167 0.603125 0.631250 0.603125 0.635417 0.604688 0.637500 0.604688 0.639583 0.607813 0.643750 0.607813 0.652083 0.609375 0.654167 0.609375 0.675000 0.607813 0.677083 0.607813 0.681250 0.606250 0.683333 0.606250 0.685417 0.601562 0.691667 0.596875 0.691667 0.593750 0.695833 0.593750 0.704167 0.595312 0.706250 0.595312 0.716667 0.593750 0.718750 0.595312 0.720833 0.595312 0.722917 0.598437 0.727083 0.600000 0.727083 0.601562 0.729167 0.601562 0.731250 0.603125 0.733333 0.603125 0.739583 0.601562 0.741667 0.601562 0.747917 0.600000 0.750000 0.600000 0.754167 0.596875 0.758333 0.596875 0.760417 0.593750 0.760417 0.592188 0.762500 0.578125 0.762500 0.576563 0.764583 0.559375 0.764583 0.557813 0.766667 0.546875 0.766667 0.545313 0.768750 0.543750 0.766667 0.540625 0.766667 0.539062 0.764583 0.537500 0.764583 0.535937 0.762500 0.535937 0.760417 0.534375 0.758333 0.531250 0.762500 0.531250 0.772917 0.529688 0.775000 0.529688 0.785417 0.525000 0.785417 0.525000 0.779167 0.523438 0.777083 0.521875 0.777083 0.520312 0.775000 0.518750 0.775000 0.517187 0.772917 0.515625 0.772917 0.514063 0.770833 0.506250 0.770833 0.504687 0.768750 0.445312 0.768750 0.443750 0.770833 0.442187 0.770833 0.440625 0.772917 0.428125 0.772917 0.428125 0.770833 0.426562 0.768750 0.426562 0.762500 0.425000 0.760417 0.425000 0.756250 0.423438 0.754167 0.423438 0.750000 0.421875 0.747917 0.421875 0.677083 0.423438 0.675000 0.423438 0.670833 0.426562 0.666667 0.426562 0.662500 0.428125 0.660417 0.429688 0.660417 0.431250 0.658333 0.431250 0.656250 0.432813 0.654167 0.432813 0.650000 0.434375 0.647917 0.434375 0.643750 0.437500 0.643750 0.439063 0.641667 0.440625 0.641667 0.442187 0.639583 0.443750 0.639583 0.445312 0.637500 0.445312 0.629167 0.443750 0.627083 0.443750 0.625000 0.440625 0.620833 0.439063 0.620833 0.437500 0.622917 0.435937 0.622917 0.434375 0.625000 0.432813 0.625000 0.431250 0.627083 0.421875 0.627083 0.415625 0.618750 0.415625 0.614583 0.414062 0.612500 0.414062 0.602083 0.412500 0.600000 0.412500 0.593750 0.410937 0.591667 0.410937 0.589583 0.409375 0.587500 0.409375 0.585417 0.407813 0.583333 0.407813 0.579167 0.406250 0.577083 0.406250 0.575000 0.404687 0.572917 0.404687 0.570833 0.401563 0.566667 0.401563 0.564583 0.395312 0.556250 0.393750 0.556250 0.392188 0.554167 0.392188 0.552083 0.389062 0.547917 0.389062 0.545833 0.387500 0.543750 0.364062 0.320833 0.365625 0.318750 0.365625 0.312500 0.359375 0.312500 0.359375 0.320833 0.364062 0.320833 0.387500 0.543750 0.387500 0.529167 0.385938 0.527083 0.385938 0.525000 0.384375 0.522917 0.384375 0.520833 0.382812 0.518750 0.382812 0.514583 0.381250 0.512500 0.381250 0.506250 0.379687 0.504167 0.379687 0.495833 0.378125 0.493750 0.378125 0.489583 0.376563 0.487500 0.376563 0.483333 0.375000 0.481250 0.375000 0.477083 0.373437 0.475000 0.373437 0.472917 0.371875 0.470833 0.371875 0.468750 0.370313 0.466667 0.370313 0.458333 0.368750 0.456250 0.368750 0.452083 0.367188 0.450000 0.367188 0.445833 0.364062 0.441667 0.359375 0.441667 0.359375 0.333333 0.364062 0.333333 0.365625 0.331250 0.367188 0.331250 0.368750 0.329167 0.370313 0.329167 0.371875 0.327083 0.373437 0.327083 0.375000 0.325000 0.379687 0.325000 0.381250 0.322917 0.387500 0.322917 0.390625 0.318750 0.390625 0.312500 0.510938 0.312500 0.510938 0.318750 0.509375 0.320833 0.509375 0.322917 0.504687 0.329167 0.504687 0.335417 0.507812 0.339583 0.509375 0.339583 0.510938 0.341667 0.515625 0.341667 0.601562 0.339583 0.603125 0.339583 0.604688 0.337500 0.607813 0.337500 0.609375 0.335417 0.609375 0.333333 0.610937 0.331250 0.610937 0.325000 0.609375 0.322917 0.609375 0.320833 0.607813 0.318750 0.607813 0.312500 0.584375 0.312500 0.584375 0.318750 0.585938 0.320833 0.589063 0.320833 0.590625 0.322917 0.592188 0.322917 0.593750 0.325000 0.595312 0.325000 0.596875 0.327083 0.596875 0.329167 0.598437 0.331250 0.598437 0.335417 0.601562 0.339583
