5 0.000000 0.000000 0.000000 0.979224 0.460938 0.979224 0.460938 0.968144 0.462500 0.965374 0.464063 0.965374 0.465625 0.962604 0.465625 0.959834 0.467187 0.957064 0.467187 0.951524 0.468750 0.948753 0.468750 0.934903 0.470313 0.932133 0.470313 0.912742 0.471875 0.909972 0.476562 0.909972 0.476562 0.103878 0.471875 0.103878 0.470313 0.101108 0.470313 0.098338 0.468750 0.095568 0.468750 0.084488 0.467187 0.081717 0.467187 0.067867 0.465625 0.065097 0.465625 0.051247 0.464063 0.048476 0.464063 0.042936 0.462500 0.040166 0.462500 0.034626 0.460938 0.031856 0.460938 0.023546 0.459375 0.020776 0.459375 0.012465 0.457812 0.009695 0.457812 0.006925 0.453125 0.000000 0.450000 0.000000 0.448438 0.000000 0.443750 0.000000 0.442187 0.000000 0.442187 0.000000
0 0.942187 0.416898 0.942187 0.425208 0.939062 0.430748 0.939062 0.433518 0.937500 0.436288 0.937500 0.439058 0.935938 0.441828 0.935938 0.444598 0.934375 0.447368 0.934375 0.450139 0.932813 0.452909 0.932813 0.455679 0.931250 0.458449 0.931250 0.461219 0.929688 0.463989 0.929688 0.488920 0.931250 0.491690 0.931250 0.494460 0.932813 0.497230 0.932813 0.500000 0.935938 0.505540 0.935938 0.511080 0.939062 0.516621 0.939062 0.530471 0.937500 0.533241 0.937500 0.549861 0.935938 0.552632 0.935938 0.558172 0.934375 0.560942 0.934375 0.566482 0.932813 0.569252 0.932813 0.574792 0.931250 0.577562 0.931250 0.585873 0.932813 0.588643 0.932813 0.591413 0.934375 0.594183 0.934375 0.605263 0.935938 0.608033 0.935938 0.621884 0.937500 0.624654 0.937500 0.627424 0.935938 0.630194 0.935938 0.641274 0.934375 0.644044 0.934375 0.649584 0.932813 0.652355 0.932813 0.657895 0.931250 0.660665 0.931250 0.663435 0.926562 0.671745 0.926562 0.674515 0.925000 0.677285 0.925000 0.680055 0.923437 0.682826 0.923437 0.696676 0.925000 0.699446 0.925000 0.710526 0.926562 0.713296 0.926562 0.721607 0.928125 0.724377 0.928125 0.760388 0.926562 0.763158 0.926562 0.765928 0.923437 0.771468 0.923437 0.774238 0.920313 0.779778 0.920313 0.782548 0.918750 0.785319 0.918750 0.788089 0.917188 0.790859 0.917188 0.796399 0.915625 0.799169 0.915625 0.807479 0.914062 0.810249 0.914062 0.815789 0.912500 0.818560 0.912500 0.824100 0.910937 0.826870 0.910937 0.837950 0.909375 0.840720 0.909375 0.849030 0.907812 0.851801 0.903125 0.851801 0.903125 0.865651 0.907812 0.865651 0.909375 0.868421 0.909375 0.871191 0.910937 0.873961 0.910937 0.882271 0.912500 0.885042 0.912500 0.893352 0.914062 0.896122 0.914062 0.904432 0.915625 0.907202 0.915625 0.909972 0.917188 0.909972 0.918750 0.912742 0.920313 0.912742 0.929688 0.929363 0.929688 0.932133 0.931250 0.934903 0.931250 0.937673 0.932813 0.940443 0.932813 0.945983 0.934375 0.948753 0.934375 0.951524 0.935938 0.954294 0.935938 0.957064 0.939062 0.962604 0.939062 0.965374 0.942187 0.970914 0.943750 0.970914 0.946875 0.976454 0.948438 0.976454 0.950000 0.979224 0.951563 0.979224 0.953125 0.981994 0.953125 0.990305 0.998438 0.990305 0.998438 0.527701 0.995313 0.527701 0.993750 0.524931 0.992188 0.524931 0.990625 0.522161 0.989062 0.522161 0.987500 0.519391 0.985937 0.519391 0.978125 0.505540 0.978125 0.488920 0.979688 0.486150 0.979688 0.480609 0.981250 0.477839 0.981250 0.447368 0.979688 0.444598 0.979688 0.441828 0.978125 0.439058 0.978125 0.436288 0.971875 0.425208 0.971875 0.416898
0 0.881250 0.427978 0.881250 0.439058 0.879687 0.441828 0.879687 0.447368 0.878125 0.450139 0.878125 0.452909 0.876562 0.455679 0.876562 0.458449 0.875000 0.461219 0.875000 0.466759 0.873438 0.469529 0.873438 0.494460 0.875000 0.497230 0.875000 0.513850 0.868750 0.524931 0.868750 0.527701 0.864062 0.536011 0.864062 0.544321 0.859375 0.552632 0.859375 0.555402 0.857813 0.558172 0.857813 0.563712 0.856250 0.566482 0.856250 0.569252 0.853125 0.574792 0.851562 0.574792 0.845312 0.563712 0.840625 0.563712 0.840625 0.704986 0.846875 0.704986 0.846875 0.702216 0.850000 0.696676 0.850000 0.693906 0.851562 0.691136 0.854688 0.691136 0.856250 0.693906 0.857813 0.693906 0.862500 0.702216 0.862500 0.727147 0.860937 0.729917 0.860937 0.735457 0.859375 0.738227 0.859375 0.752078 0.857813 0.754848 0.857813 0.777008 0.859375 0.779778 0.859375 0.796399 0.860937 0.799169 0.860937 0.801939 0.862500 0.804709 0.862500 0.829640 0.864062 0.832410 0.864062 0.851801 0.865625 0.854571 0.865625 0.862881 0.867188 0.865651 0.867188 0.873961 0.868750 0.876731 0.868750 0.898892 0.870313 0.901662 0.870313 0.918283 0.868750 0.921053 0.868750 0.943213 0.867188 0.945983 0.867188 0.951524 0.857813 0.968144 0.856250 0.968144 0.854688 0.970914 0.853125 0.970914 0.851562 0.973684 0.850000 0.973684 0.848437 0.976454 0.840625 0.976454 0.840625 1.000000 0.857813 1.000000 0.857813 0.993075 0.860937 0.987535 0.873438 0.987535 0.876562 0.993075 0.876562 1.000000 0.912500 1.000000 0.912500 0.993075 0.915625 0.987535 0.915625 0.984765 0.917188 0.981994 0.917188 0.959834 0.915625 0.957064 0.915625 0.943213 0.917188 0.940443 0.917188 0.921053 0.915625 0.918283 0.915625 0.904432 0.914062 0.901662 0.914062 0.887812 0.912500 0.885042 0.912500 0.868421 0.910937 0.865651 0.910937 0.829640 0.912500 0.826870 0.912500 0.810249 0.914062 0.807479 0.914062 0.799169 0.915625 0.796399 0.915625 0.785319 0.917188 0.782548 0.917188 0.777008 0.918750 0.774238 0.918750 0.771468 0.920313 0.768698 0.920313 0.765928 0.921875 0.763158 0.921875 0.760388 0.923437 0.757618 0.923437 0.754848 0.925000 0.752078 0.925000 0.727147 0.923437 0.724377 0.923437 0.671745 0.921875 0.668975 0.917188 0.668975 0.915625 0.666205 0.914062 0.666205 0.912500 0.663435 0.910937 0.663435 0.904688 0.652355 0.903125 0.652355 0.901563 0.649584 0.901563 0.646814 0.900000 0.644044 0.900000 0.635734 0.901563 0.632964 0.901563 0.630194 0.906250 0.621884 0.906250 0.619114 0.907812 0.616343 0.907812 0.613573 0.910937 0.608033 0.910937 0.602493 0.912500 0.599723 0.912500 0.596953 0.914062 0.594183 0.914062 0.591413 0.915625 0.588643 0.925000 0.588643 0.926562 0.585873 0.928125 0.585873 0.932813 0.577562 0.932813 0.572022 0.934375 0.569252 0.934375 0.560942 0.935938 0.558172 0.935938 0.544321 0.934375 0.541551 0.934375 0.538781 0.923437 0.519391 0.921875 0.519391 0.912500 0.502770 0.912500 0.488920 0.914062 0.486150 0.914062 0.477839 0.915625 0.475069 0.915625 0.450139 0.914062 0.447368 0.914062 0.441828 0.912500 0.439058 0.912500 0.427978
0 0.698438 0.516621 0.698438 0.530471 0.696875 0.533241 0.696875 0.552632 0.695312 0.555402 0.695312 0.572022 0.693750 0.574792 0.693750 0.580332 0.692187 0.583102 0.692187 0.585873 0.690625 0.588643 0.690625 0.591413 0.687500 0.596953 0.687500 0.599723 0.684375 0.605263 0.684375 0.608033 0.682813 0.610803 0.678125 0.610803 0.678125 0.638504 0.682813 0.638504 0.684375 0.641274 0.684375 0.646814 0.685938 0.649584 0.685938 0.688366 0.687500 0.691136 0.687500 0.716066 0.689062 0.718837 0.689062 0.727147 0.692187 0.732687 0.692187 0.735457 0.693750 0.738227 0.693750 0.743767 0.695312 0.746537 0.695312 0.765928 0.696875 0.768698 0.696875 0.782548 0.698438 0.785319 0.698438 0.807479 0.696875 0.810249 0.696875 0.818560 0.701563 0.826870 0.701563 0.835180 0.715625 0.835180 0.715625 0.826870 0.717188 0.824100 0.717188 0.813019 0.715625 0.810249 0.715625 0.796399 0.714063 0.793629 0.714063 0.785319 0.712500 0.782548 0.712500 0.774238 0.710938 0.771468 0.710938 0.757618 0.709375 0.754848 0.709375 0.743767 0.707812 0.740997 0.707812 0.713296 0.709375 0.710526 0.709375 0.702216 0.710938 0.699446 0.710938 0.693906 0.712500 0.691136 0.712500 0.685596 0.714063 0.682826 0.714063 0.680055 0.715625 0.677285 0.715625 0.663435 0.717188 0.660665 0.717188 0.657895 0.715625 0.655125 0.715625 0.641274 0.714063 0.638504 0.714063 0.621884 0.715625 0.619114 0.715625 0.616343 0.717188 0.613573 0.717188 0.610803 0.718750 0.608033 0.718750 0.605263 0.721875 0.599723 0.726562 0.599723 0.726562 0.544321 0.721875 0.544321 0.720312 0.541551 0.720312 0.536011 0.718750 0.533241 0.718750 0.530471 0.717188 0.527701 0.717188 0.516621
0 0.809375 0.472299 0.809375 0.480609 0.806250 0.486150 0.804688 0.486150 0.804688 0.488920 0.803125 0.491690 0.803125 0.494460 0.801562 0.497230 0.801562 0.502770 0.800000 0.505540 0.800000 0.530471 0.801562 0.533241 0.801562 0.544321 0.803125 0.547091 0.803125 0.560942 0.801562 0.563712 0.801562 0.569252 0.800000 0.572022 0.800000 0.580332 0.798437 0.583102 0.798437 0.596953 0.796875 0.599723 0.796875 0.605263 0.795313 0.608033 0.790625 0.608033 0.790625 0.619114 0.795313 0.619114 0.796875 0.621884 0.796875 0.624654 0.798437 0.627424 0.798437 0.652355 0.796875 0.655125 0.796875 0.668975 0.798437 0.671745 0.798437 0.682826 0.796875 0.685596 0.796875 0.693906 0.795313 0.696676 0.790625 0.696676 0.790625 0.729917 0.795313 0.729917 0.796875 0.732687 0.796875 0.735457 0.798437 0.738227 0.798437 0.746537 0.800000 0.749307 0.800000 0.782548 0.801562 0.785319 0.801562 0.793629 0.803125 0.796399 0.803125 0.801939 0.804688 0.804709 0.804688 0.813019 0.806250 0.815789 0.806250 0.829640 0.807813 0.832410 0.807813 0.860111 0.806250 0.862881 0.806250 0.879501 0.804688 0.882271 0.804688 0.885042 0.803125 0.887812 0.800000 0.887812 0.798437 0.890582 0.790625 0.890582 0.790625 0.909972 0.796875 0.909972 0.798437 0.912742 0.800000 0.912742 0.801562 0.915512 0.803125 0.915512 0.804688 0.918283 0.806250 0.918283 0.807813 0.921053 0.809375 0.921053 0.814062 0.929363 0.815625 0.929363 0.817187 0.932133 0.826563 0.932133 0.831250 0.923823 0.832812 0.923823 0.839063 0.912742 0.839063 0.909972 0.842188 0.904432 0.842188 0.896122 0.843750 0.893352 0.843750 0.860111 0.842188 0.857341 0.842188 0.826870 0.840625 0.824100 0.840625 0.807479 0.842188 0.804709 0.842188 0.768698 0.843750 0.765928 0.843750 0.718837 0.845312 0.716066 0.845312 0.704986 0.846875 0.702216 0.846875 0.693906 0.848437 0.691136 0.848437 0.657895 0.850000 0.655125 0.850000 0.644044 0.851562 0.641274 0.851562 0.621884 0.853125 0.619114 0.857813 0.619114 0.857813 0.577562 0.853125 0.577562 0.851562 0.574792 0.851562 0.572022 0.848437 0.566482 0.848437 0.563712 0.846875 0.560942 0.846875 0.558172 0.837500 0.541551 0.835938 0.541551 0.832812 0.536011 0.832812 0.530471 0.831250 0.527701 0.831250 0.522161 0.832812 0.519391 0.832812 0.513850 0.831250 0.511080 0.831250 0.505540 0.829687 0.502770 0.829687 0.491690 0.831250 0.488920 0.831250 0.486150 0.834375 0.480609 0.834375 0.472299
0 0.596875 0.538781 0.596875 0.649584 0.601562 0.649584 0.603125 0.652355 0.603125 0.657895 0.604688 0.660665 0.604688 0.668975 0.606250 0.671745 0.606250 0.702216 0.607813 0.704986 0.607813 0.724377 0.626562 0.724377 0.626562 0.668975 0.621875 0.668975 0.620313 0.666205 0.620313 0.655125 0.621875 0.652355 0.626562 0.652355 0.626562 0.624654 0.621875 0.624654 0.620313 0.621884 0.620313 0.613573 0.621875 0.610803 0.626562 0.610803 0.626562 0.569252 0.621875 0.569252 0.617188 0.560942 0.617188 0.555402 0.615625 0.552632 0.615625 0.538781
0 0.767187 0.560942 0.767187 0.580332 0.765625 0.583102 0.765625 0.588643 0.764063 0.591413 0.764063 0.608033 0.762500 0.610803 0.762500 0.646814 0.760938 0.649584 0.760938 0.716066 0.762500 0.718837 0.762500 0.749307 0.760938 0.752078 0.760938 0.796399 0.762500 0.799169 0.762500 0.801939 0.765625 0.807479 0.765625 0.810249 0.767187 0.813019 0.767187 0.821330 0.768750 0.824100 0.768750 0.840720 0.767187 0.843490 0.767187 0.851801 0.762500 0.860111 0.762500 0.862881 0.759375 0.868421 0.753125 0.868421 0.753125 0.879501 0.796875 0.879501 0.796875 0.871191 0.800000 0.865651 0.800000 0.862881 0.801562 0.860111 0.800000 0.857341 0.800000 0.854571 0.798437 0.851801 0.798437 0.849030 0.795313 0.843490 0.795313 0.840720 0.793750 0.837950 0.793750 0.835180 0.792188 0.832410 0.792188 0.826870 0.790625 0.824100 0.790625 0.818560 0.789062 0.815789 0.789062 0.810249 0.787500 0.807479 0.787500 0.799169 0.785937 0.796399 0.785937 0.746537 0.787500 0.743767 0.787500 0.740997 0.792188 0.732687 0.792188 0.729917 0.793750 0.727147 0.793750 0.718837 0.795313 0.716066 0.795313 0.702216 0.796875 0.699446 0.796875 0.688366 0.798437 0.685596 0.798437 0.646814 0.800000 0.644044 0.800000 0.630194 0.798437 0.627424 0.798437 0.621884 0.792188 0.610803 0.792188 0.608033 0.790625 0.605263 0.790625 0.585873 0.792188 0.583102 0.792188 0.580332 0.790625 0.577562 0.790625 0.560942
0 0.731250 0.538781 0.731250 0.552632 0.729688 0.555402 0.729688 0.574792 0.731250 0.577562 0.731250 0.585873 0.729688 0.588643 0.729688 0.591413 0.723437 0.602493 0.721875 0.602493 0.721875 0.605263 0.718750 0.610803 0.718750 0.613573 0.717188 0.616343 0.717188 0.621884 0.715625 0.624654 0.715625 0.638504 0.717188 0.641274 0.717188 0.646814 0.718750 0.649584 0.718750 0.668975 0.717188 0.671745 0.717188 0.677285 0.715625 0.680055 0.715625 0.682826 0.714063 0.685596 0.714063 0.691136 0.712500 0.693906 0.712500 0.702216 0.710938 0.704986 0.710938 0.727147 0.709375 0.729917 0.709375 0.735457 0.710938 0.738227 0.710938 0.749307 0.712500 0.752078 0.712500 0.765928 0.714063 0.768698 0.714063 0.785319 0.715625 0.788089 0.715625 0.796399 0.717188 0.799169 0.717188 0.810249 0.718750 0.813019 0.718750 0.826870 0.720312 0.829640 0.720312 0.832410 0.723437 0.837950 0.723437 0.846260 0.746875 0.846260 0.746875 0.835180 0.748438 0.832410 0.750000 0.832410 0.753125 0.826870 0.753125 0.818560 0.754687 0.815789 0.754687 0.768698 0.753125 0.765928 0.753125 0.754848 0.754687 0.752078 0.754687 0.746537 0.757812 0.740997 0.764063 0.740997 0.764063 0.682826 0.759375 0.682826 0.757812 0.680055 0.757812 0.671745 0.756250 0.668975 0.756250 0.666205 0.754687 0.663435 0.754687 0.649584 0.756250 0.646814 0.756250 0.644044 0.759375 0.638504 0.764063 0.638504 0.764063 0.594183 0.759375 0.594183 0.753125 0.583102 0.753125 0.577562 0.751562 0.574792 0.751562 0.569252 0.750000 0.566482 0.750000 0.558172 0.748438 0.555402 0.748438 0.538781
0 0.643750 0.538781 0.643750 0.555402 0.639063 0.563712 0.634375 0.563712 0.634375 0.580332 0.639063 0.580332 0.642187 0.585873 0.642187 0.588643 0.643750 0.591413 0.643750 0.616343 0.645312 0.619114 0.645312 0.635734 0.643750 0.638504 0.643750 0.704986 0.645312 0.707756 0.645312 0.710526 0.646875 0.713296 0.646875 0.718837 0.648438 0.721607 0.648438 0.746537 0.646875 0.749307 0.646875 0.754848 0.645312 0.757618 0.645312 0.768698 0.659375 0.768698 0.659375 0.757618 0.660937 0.754848 0.660937 0.749307 0.662500 0.746537 0.660937 0.743767 0.660937 0.716066 0.659375 0.713296 0.659375 0.688366 0.660937 0.685596 0.660937 0.677285 0.662500 0.674515 0.662500 0.671745 0.664062 0.668975 0.664062 0.666205 0.665625 0.663435 0.670313 0.663435 0.670313 0.563712 0.662500 0.563712 0.660937 0.560942 0.657812 0.560942 0.653125 0.552632 0.653125 0.538781
0 0.571875 0.538781 0.571875 0.713296 0.592188 0.713296 0.592188 0.702216 0.593750 0.699446 0.595312 0.699446 0.596875 0.696676 0.601562 0.696676 0.601562 0.588643 0.596875 0.588643 0.595312 0.585873 0.595312 0.583102 0.593750 0.580332 0.593750 0.574792 0.592188 0.572022 0.592188 0.566482 0.590625 0.563712 0.590625 0.560942 0.589063 0.558172 0.589063 0.552632 0.587500 0.549861 0.587500 0.538781
0 0.496875 0.560942 0.496875 0.572022 0.495313 0.574792 0.490625 0.574792 0.490625 0.657895 0.503125 0.657895 0.503125 0.649584 0.504687 0.646814 0.504687 0.641274 0.506250 0.638504 0.506250 0.624654 0.507812 0.621884 0.514063 0.621884 0.514063 0.588643 0.509375 0.588643 0.507812 0.585873 0.507812 0.583102 0.506250 0.580332 0.506250 0.560942
0 0.553125 0.549861 0.553125 0.671745 0.557813 0.671745 0.564062 0.682826 0.564062 0.691136 0.570312 0.691136 0.570312 0.682826 0.571875 0.680055 0.571875 0.674515 0.573438 0.671745 0.573438 0.591413 0.571875 0.588643 0.571875 0.574792 0.570312 0.572022 0.570312 0.569252 0.568750 0.566482 0.568750 0.560942 0.567187 0.558172 0.567187 0.549861
0 0.528125 0.560942 0.528125 0.649584 0.534375 0.649584 0.535937 0.652355 0.537500 0.652355 0.539062 0.655125 0.542188 0.655125 0.543750 0.652355 0.543750 0.635734 0.545313 0.632964 0.545313 0.630194 0.546875 0.627424 0.551562 0.627424 0.551562 0.560942
0 0.546875 0.549861 0.546875 0.663435 0.556250 0.663435 0.557813 0.660665 0.560938 0.666205 0.560938 0.680055 0.576563 0.680055 0.576563 0.577562 0.570312 0.577562 0.568750 0.574792 0.568750 0.572022 0.567187 0.569252 0.567187 0.549861
