0 0.000000 0.879391 0.000000 0.998829 0.057813 0.998829 0.057813 0.987119 0.059375 0.984778 0.059375 0.980094 0.060938 0.977752 0.060938 0.968384 0.062500 0.966042 0.062500 0.959016 0.065625 0.954333 0.070312 0.954333 0.070312 0.923888 0.065625 0.923888 0.062500 0.919204 0.062500 0.916862 0.059375 0.912178 0.059375 0.909836 0.053125 0.900468 0.051562 0.900468 0.046875 0.893443 0.045313 0.893443 0.040625 0.886417 0.040625 0.879391
11 0.001563 0.530445 0.000000 0.530445 0.000000 0.577283 0.007812 0.577283 0.007812 0.570258 0.003125 0.563232 0.003125 0.560890 0.001563 0.558548 0.003125 0.556206 0.003125 0.535129 0.001563 0.532787 0.001563 0.530445 0.064062 0.460187 0.070312 0.469555 0.070312 0.471897 0.075000 0.478923 0.075000 0.481265 0.078125 0.485948 0.078125 0.488290 0.079687 0.490632 0.079687 0.492974 0.081250 0.495316 0.081250 0.497658 0.082813 0.500000 0.082813 0.502342 0.085938 0.507026 0.085938 0.509368 0.089062 0.514051 0.089062 0.516393 0.090625 0.518735 0.090625 0.521077 0.093750 0.525761 0.093750 0.528103 0.096875 0.532787 0.096875 0.535129 0.100000 0.539813 0.100000 0.542155 0.101562 0.544496 0.101562 0.546838 0.106250 0.553864 0.106250 0.556206 0.110937 0.563232 0.112500 0.563232 0.114063 0.565574 0.114063 0.567916 0.115625 0.567916 0.115625 0.565574 0.117188 0.563232 0.117188 0.558548 0.118750 0.556206 0.118750 0.537471 0.120312 0.535129 0.120312 0.516393 0.121875 0.514051 0.121875 0.492974 0.123438 0.490632 0.123438 0.485948 0.125000 0.483607 0.125000 0.467213 0.126563 0.464871 0.126563 0.450820 0.128125 0.448478 0.128125 0.436768 0.129688 0.434426 0.129688 0.418033 0.131250 0.415691 0.131250 0.406323 0.132812 0.403981 0.132812 0.394614 0.134375 0.392272 0.139062 0.392272 0.139062 0.286885 0.134375 0.286885 0.131250 0.282201 0.131250 0.277518 0.129688 0.275176 0.129688 0.270492 0.128125 0.268150 0.128125 0.265808 0.126563 0.263466 0.126563 0.261124 0.125000 0.258782 0.125000 0.254098 0.123438 0.251756 0.123438 0.247073 0.121875 0.244731 0.121875 0.242389 0.120312 0.240047 0.120312 0.235363 0.118750 0.233021 0.118750 0.228337 0.117188 0.225995 0.117188 0.221311 0.115625 0.218970 0.115625 0.216628 0.114063 0.214286 0.114063 0.211944 0.112500 0.209602 0.112500 0.204918 0.110937 0.202576 0.110937 0.200234 0.109375 0.197892 0.109375 0.195550 0.107813 0.193208 0.107813 0.188525 0.106250 0.186183 0.106250 0.181499 0.104687 0.179157 0.104687 0.176815 0.103125 0.174473 0.103125 0.169789 0.101562 0.167447 0.101562 0.165105 0.100000 0.162763 0.100000 0.158080 0.098438 0.155738 0.098438 0.153396 0.096875 0.151054 0.096875 0.148712 0.095312 0.146370 0.095312 0.144028 0.093750 0.141686 0.093750 0.139344 0.092188 0.137002 0.092188 0.134660 0.090625 0.132318 0.090625 0.129977 0.089062 0.127635 0.089062 0.125293 0.087500 0.122951 0.087500 0.120609 0.085938 0.118267 0.085938 0.115925 0.084375 0.113583 0.084375 0.111241 0.082813 0.108899 0.082813 0.104215 0.081250 0.101874 0.081250 0.097190 0.079687 0.094848 0.079687 0.092506 0.078125 0.090164 0.078125 0.087822 0.076563 0.085480 0.076563 0.083138 0.075000 0.080796 0.075000 0.076112 0.073437 0.073770 0.073437 0.071429 0.071875 0.069087 0.071875 0.066745 0.070312 0.064403 0.070312 0.059719 0.068750 0.057377 0.068750 0.052693 0.067188 0.050351 0.067188 0.045667 0.065625 0.043326 0.065625 0.040984 0.064062 0.038642 0.064062 0.036300 0.062500 0.033958 0.062500 0.026932 0.060938 0.024590 0.060938 0.019906 0.062500 0.017564 0.062500 0.008197 0.064062 0.005855 0.064062 0.000000 0.000000 0.000000 0.000000 0.329040 0.001563 0.329040 0.004688 0.333724 0.006250 0.333724 0.014062 0.345433 0.014062 0.347775 0.017188 0.352459 0.017188 0.354801 0.020312 0.359485 0.020312 0.361827 0.025000 0.368852 0.025000 0.371194 0.028125 0.375878 0.028125 0.378220 0.031250 0.382904 0.031250 0.385246 0.034375 0.389930 0.034375 0.392272 0.040625 0.401639 0.040625 0.403981 0.043750 0.408665 0.043750 0.411007 0.046875 0.415691 0.046875 0.418033 0.050000 0.422717 0.050000 0.425059 0.051562 0.427400 0.051562 0.429742 0.054688 0.434426 0.054688 0.436768 0.056250 0.439110 0.056250 0.441452 0.059375 0.446136 0.059375 0.448478 0.060938 0.450820 0.060938 0.453162 0.064062 0.457845 0.064062 0.460187
0 0.096875 0.935597 0.096875 0.942623 0.095312 0.944965 0.090625 0.944965 0.090625 0.998829 0.125000 0.998829 0.125000 0.949649 0.123438 0.947307 0.123438 0.935597
0 0.781250 0.944965 0.781250 0.961358 0.773438 0.973068 0.773438 0.975410 0.771875 0.977752 0.765625 0.977752 0.765625 0.998829 0.807813 0.998829 0.807813 0.977752 0.803125 0.977752 0.795313 0.966042 0.795313 0.963700 0.793750 0.961358 0.793750 0.944965
74 0.754687 0.373536 0.754687 0.382904 0.751562 0.387588 0.751562 0.389930 0.743750 0.401639 0.743750 0.406323 0.742188 0.408665 0.742188 0.413349 0.740625 0.415691 0.740625 0.418033 0.739062 0.420375 0.739062 0.427400 0.737500 0.429742 0.737500 0.436768 0.735937 0.439110 0.735937 0.441452 0.734375 0.443794 0.734375 0.446136 0.732813 0.448478 0.728125 0.448478 0.728125 0.544496 0.732813 0.544496 0.735937 0.549180 0.735937 0.553864 0.737500 0.556206 0.737500 0.560890 0.739062 0.563232 0.739062 0.577283 0.762500 0.577283 0.762500 0.563232 0.764063 0.560890 0.764063 0.558548 0.765625 0.556206 0.765625 0.553864 0.768750 0.549180 0.768750 0.546838 0.776563 0.535129 0.779688 0.535129 0.781250 0.532787 0.789062 0.532787 0.789062 0.436768 0.784375 0.436768 0.782812 0.434426 0.782812 0.432084 0.781250 0.429742 0.781250 0.411007 0.779688 0.408665 0.779688 0.394614 0.778125 0.392272 0.778125 0.373536
0 0.653125 0.954333 0.653125 0.998829 0.676562 0.998829 0.676562 0.966042 0.671875 0.966042 0.668750 0.961358 0.668750 0.954333
2 0.543750 0.935597 0.543750 0.942623 0.540625 0.947307 0.531250 0.947307 0.529688 0.949649 0.528125 0.949649 0.526563 0.951991 0.521875 0.951991 0.517187 0.959016 0.515625 0.959016 0.514063 0.961358 0.509375 0.961358 0.509375 0.998829 0.632812 0.998829 0.632812 0.987119 0.628125 0.987119 0.626562 0.984778 0.626562 0.982436 0.625000 0.980094 0.625000 0.975410 0.623438 0.973068 0.623438 0.970726 0.621875 0.968384 0.621875 0.966042 0.618750 0.961358 0.618750 0.956674 0.617188 0.954333 0.617188 0.951991 0.615625 0.949649 0.615625 0.947307 0.612500 0.942623 0.612500 0.935597
0 0.628125 0.954333 0.628125 0.998829 0.651563 0.998829 0.651563 0.966042 0.646875 0.966042 0.643750 0.961358 0.643750 0.954333
0 0.684375 0.963700 0.684375 0.970726 0.682813 0.973068 0.681250 0.973068 0.679688 0.975410 0.671875 0.975410 0.671875 0.998829 0.707812 0.998829 0.707812 0.977752 0.703125 0.977752 0.700000 0.973068 0.700000 0.963700
2 0.404687 0.944965 0.404687 0.951991 0.401563 0.956674 0.400000 0.956674 0.395312 0.963700 0.390625 0.963700 0.390625 0.998829 0.439063 0.998829 0.439063 0.944965
2 0.395312 0.954333 0.395312 0.961358 0.392188 0.966042 0.389062 0.966042 0.387500 0.968384 0.385938 0.968384 0.384375 0.970726 0.378125 0.970726 0.378125 0.998829 0.439063 0.998829 0.439063 0.954333
0 0.243750 0.963700 0.243750 0.980094 0.239063 0.987119 0.234375 0.987119 0.234375 0.998829 0.264062 0.998829 0.264062 0.987119 0.259375 0.987119 0.256250 0.982436 0.256250 0.973068 0.254687 0.970726 0.254687 0.963700
