5 0.242188 0.655294 0.240625 0.652941 0.239063 0.652941 0.237500 0.655294 0.235938 0.655294 0.234375 0.657647 0.231250 0.657647 0.228125 0.662353 0.226562 0.662353 0.225000 0.664706 0.225000 0.669412 0.223438 0.671765 0.223438 0.678824 0.221875 0.681176 0.221875 0.690588 0.220313 0.692941 0.220313 0.697647 0.218750 0.700000 0.218750 0.723529 0.217187 0.725882 0.217187 0.789412 0.215625 0.791765 0.215625 0.805882 0.214062 0.808235 0.209375 0.808235 0.209375 0.871765 0.220313 0.871765 0.221875 0.874118 0.225000 0.874118 0.226562 0.876471 0.228125 0.876471 0.229687 0.878824 0.232812 0.878824 0.234375 0.881176 0.237500 0.881176 0.239063 0.883529 0.243750 0.883529 0.245312 0.885882 0.251563 0.885882 0.253125 0.888235 0.256250 0.888235 0.257812 0.890588 0.260938 0.890588 0.262500 0.892941 0.265625 0.892941 0.267188 0.895294 0.271875 0.895294 0.273438 0.897647 0.278125 0.897647 0.279687 0.900000 0.284375 0.900000 0.285937 0.902353 0.290625 0.902353 0.292188 0.904706 0.295312 0.904706 0.296875 0.907059 0.310937 0.907059 0.312500 0.909412 0.317187 0.909412 0.318750 0.911765 0.321875 0.911765 0.323438 0.914118 0.325000 0.914118 0.326562 0.916471 0.328125 0.916471 0.329688 0.918824 0.329688 0.925882 0.339063 0.925882 0.339063 0.918824 0.340625 0.916471 0.342187 0.916471 0.343750 0.914118 0.357812 0.914118 0.359375 0.911765 0.368750 0.911765 0.370313 0.909412 0.375000 0.909412 0.376563 0.907059 0.379687 0.907059 0.381250 0.904706 0.385938 0.904706 0.387500 0.902353 0.393750 0.902353 0.395312 0.900000 0.401563 0.900000 0.403125 0.897647 0.406250 0.897647 0.407813 0.895294 0.414062 0.895294 0.415625 0.892941 0.421875 0.892941 0.423438 0.890588 0.434375 0.890588 0.435937 0.892941 0.446875 0.892941 0.448438 0.890588 0.451562 0.890588 0.453125 0.888235 0.456250 0.888235 0.457812 0.885882 0.459375 0.885882 0.460938 0.883529 0.462500 0.883529 0.465625 0.878824 0.467187 0.878824 0.468750 0.876471 0.470313 0.876471 0.476562 0.867059 0.478125 0.867059 0.479688 0.864706 0.484375 0.864706 0.485938 0.862353 0.487500 0.862353 0.490625 0.857647 0.493750 0.857647 0.495313 0.855294 0.496875 0.855294 0.498437 0.852941 0.501562 0.852941 0.503125 0.850588 0.506250 0.850588 0.507812 0.848235 0.509375 0.848235 0.510938 0.845882 0.512500 0.845882 0.514063 0.843529 0.515625 0.843529 0.520312 0.836471 0.521875 0.836471 0.523438 0.834118 0.525000 0.834118 0.526563 0.831765 0.534375 0.831765 0.537500 0.827059 0.539062 0.827059 0.542188 0.822353 0.542188 0.820000 0.545313 0.815294 0.545313 0.812941 0.546875 0.810588 0.546875 0.808235 0.548437 0.805882 0.548437 0.803529 0.554688 0.794118 0.556250 0.794118 0.557813 0.791765 0.560938 0.791765 0.562500 0.789412 0.564062 0.789412 0.564062 0.787059 0.565625 0.784706 0.565625 0.780000 0.567187 0.777647 0.567187 0.775294 0.570312 0.770588 0.570312 0.768235 0.571875 0.765882 0.571875 0.763529 0.573438 0.761176 0.573438 0.758824 0.576563 0.754118 0.576563 0.751765 0.578125 0.749412 0.579687 0.749412 0.581250 0.747059 0.587500 0.747059 0.589063 0.749412 0.600000 0.749412 0.601562 0.747059 0.604688 0.747059 0.606250 0.744706 0.607813 0.744706 0.610937 0.740000 0.612500 0.740000 0.615625 0.735294 0.615625 0.730588 0.617188 0.728235 0.617188 0.723529 0.618750 0.721176 0.618750 0.718824 0.621875 0.714118 0.637500 0.714118 0.639063 0.716471 0.640625 0.714118 0.640625 0.711765 0.642187 0.709412 0.642187 0.700000 0.646875 0.692941 0.651563 0.692941 0.651563 0.652941 0.646875 0.652941 0.643750 0.648235 0.643750 0.645882 0.642187 0.643529 0.642187 0.641176 0.640625 0.638824 0.639063 0.638824 0.635938 0.634118 0.634375 0.634118 0.632812 0.631765 0.628125 0.631765 0.626562 0.629412 0.621875 0.629412 0.620313 0.627059 0.615625 0.627059 0.614062 0.624706 0.614062 0.617647 0.439063 0.617647 0.439063 0.624706 0.435937 0.629412 0.434375 0.629412 0.431250 0.634118 0.429688 0.634118 0.426562 0.638824 0.423438 0.638824 0.421875 0.641176 0.414062 0.641176 0.412500 0.638824 0.403125 0.638824 0.401563 0.636471 0.398438 0.636471 0.396875 0.634118 0.395312 0.634118 0.393750 0.631765 0.392188 0.631765 0.390625 0.629412 0.384375 0.629412 0.382812 0.631765 0.378125 0.631765 0.376563 0.634118 0.373437 0.634118 0.371875 0.636471 0.362500 0.636471 0.360938 0.638824 0.342187 0.638824 0.340625 0.641176 0.332812 0.641176 0.331250 0.643529 0.328125 0.643529 0.326562 0.645882 0.320312 0.645882 0.318750 0.648235 0.300000 0.648235 0.298438 0.650588 0.292188 0.650588 0.290625 0.652941 0.285937 0.652941 0.284375 0.655294 0.242188 0.655294 0.259375 0.627059 0.262500 0.627059 0.264062 0.629412 0.267188 0.624706 0.267188 0.617647 0.257812 0.617647 0.257812 0.624706 0.259375 0.627059
5 0.021875 0.598824 0.021875 0.605882 0.020312 0.608235 0.018750 0.608235 0.017188 0.610588 0.000000 0.610588 0.000000 0.756471 0.009375 0.756471 0.009375 0.749412 0.010937 0.747059 0.012500 0.747059 0.014062 0.744706 0.017188 0.744706 0.018750 0.742353 0.021875 0.742353 0.023438 0.740000 0.028125 0.740000 0.029687 0.737647 0.034375 0.737647 0.035937 0.735294 0.045313 0.735294 0.046875 0.732941 0.060938 0.732941 0.062500 0.730588 0.073437 0.730588 0.075000 0.728235 0.089062 0.728235 0.090625 0.725882 0.103125 0.725882 0.104687 0.723529 0.117188 0.723529 0.118750 0.721176 0.128125 0.721176 0.129688 0.718824 0.165625 0.718824 0.167187 0.716471 0.170312 0.716471 0.171875 0.714118 0.189063 0.714118 0.190625 0.711765 0.210938 0.711765 0.212500 0.709412 0.220313 0.709412 0.220313 0.615294 0.215625 0.615294 0.209375 0.605882 0.209375 0.598824
2 0.943750 0.655294 0.943750 0.662353 0.940625 0.667059 0.937500 0.667059 0.935938 0.669412 0.932813 0.669412 0.931250 0.671765 0.929688 0.671765 0.928125 0.674118 0.926562 0.674118 0.925000 0.676471 0.921875 0.676471 0.920313 0.678824 0.915625 0.678824 0.914062 0.681176 0.900000 0.681176 0.898438 0.683529 0.895312 0.683529 0.893750 0.685882 0.890625 0.685882 0.889063 0.688235 0.885938 0.688235 0.884375 0.690588 0.878125 0.690588 0.878125 0.725882 0.890625 0.725882 0.892187 0.728235 0.896875 0.728235 0.898438 0.730588 0.898438 0.737647 0.923437 0.737647 0.923437 0.730588 0.925000 0.728235 0.953125 0.728235 0.954687 0.730588 0.954687 0.737647 0.998438 0.737647 0.998438 0.669412 0.995313 0.669412 0.993750 0.667059 0.992188 0.667059 0.989062 0.662353 0.989062 0.655294
0 0.710938 0.721176 0.710938 0.740000 0.707812 0.744706 0.703125 0.744706 0.703125 0.777647 0.707812 0.777647 0.709375 0.780000 0.709375 0.796471 0.710938 0.798824 0.710938 0.836471 0.709375 0.838824 0.709375 0.850588 0.729688 0.850588 0.729688 0.810588 0.731250 0.808235 0.731250 0.794118 0.732813 0.791765 0.732813 0.784706 0.734375 0.782353 0.739062 0.782353 0.739062 0.751765 0.734375 0.751765 0.729688 0.744706 0.729688 0.742353 0.728125 0.740000 0.728125 0.737647 0.725000 0.732941 0.725000 0.721176
0 0.639063 0.758824 0.639063 0.770588 0.637500 0.772941 0.637500 0.780000 0.635938 0.782353 0.635938 0.784706 0.634375 0.787059 0.634375 0.789412 0.632812 0.791765 0.628125 0.791765 0.628125 0.916471 0.640625 0.916471 0.640625 0.892941 0.642187 0.890588 0.642187 0.878824 0.643750 0.876471 0.643750 0.871765 0.646875 0.867059 0.650000 0.871765 0.650000 0.897647 0.651563 0.900000 0.651563 0.902353 0.653125 0.904706 0.654688 0.904706 0.656250 0.902353 0.664062 0.902353 0.664062 0.782353 0.659375 0.782353 0.654688 0.775294 0.654688 0.772941 0.653125 0.770588 0.653125 0.768235 0.651563 0.765882 0.651563 0.758824
0 0.639063 0.857647 0.639063 0.869412 0.645312 0.869412 0.645312 0.855294 0.640625 0.855294 0.639063 0.857647 0.629687 0.848235 0.629687 0.810588 0.631250 0.808235 0.631250 0.801176 0.632812 0.798824 0.632812 0.794118 0.634375 0.791765 0.634375 0.784706 0.635938 0.782353 0.635938 0.777647 0.637500 0.775294 0.637500 0.770588 0.639063 0.768235 0.645312 0.768235 0.645312 0.756471 0.640625 0.756471 0.637500 0.751765 0.637500 0.749412 0.635938 0.747059 0.635938 0.744706 0.632812 0.740000 0.632812 0.737647 0.634375 0.735294 0.634375 0.711765 0.618750 0.711765 0.618750 0.730588 0.617188 0.732941 0.617188 0.737647 0.614062 0.742353 0.610937 0.742353 0.609375 0.744706 0.603125 0.744706 0.603125 0.775294 0.607813 0.775294 0.609375 0.777647 0.609375 0.780000 0.610937 0.782353 0.610937 0.796471 0.612500 0.798824 0.612500 0.801176 0.614062 0.803529 0.614062 0.812941 0.615625 0.815294 0.615625 0.820000 0.617188 0.822353 0.617188 0.829412 0.618750 0.831765 0.618750 0.843529 0.617188 0.845882 0.617188 0.855294 0.620313 0.860000 0.621875 0.860000 0.629687 0.848235
0 0.679688 0.758824 0.679688 0.768235 0.676562 0.772941 0.676562 0.777647 0.675000 0.780000 0.675000 0.782353 0.670313 0.789412 0.665625 0.789412 0.665625 0.829412 0.670313 0.829412 0.671875 0.831765 0.671875 0.852941 0.670313 0.855294 0.665625 0.855294 0.665625 0.907059 0.676562 0.907059 0.676562 0.897647 0.678125 0.895294 0.678125 0.890588 0.679688 0.888235 0.679688 0.881176 0.681250 0.878824 0.681250 0.871765 0.682813 0.869412 0.684375 0.869412 0.685938 0.871765 0.685938 0.874118 0.687500 0.876471 0.687500 0.892941 0.692187 0.892941 0.693750 0.890588 0.701563 0.890588 0.701563 0.787059 0.696875 0.787059 0.692187 0.780000 0.692187 0.777647 0.690625 0.775294 0.690625 0.772941 0.689062 0.770588 0.689062 0.758824
0 0.575000 0.740000 0.575000 0.754118 0.573438 0.756471 0.573438 0.761176 0.571875 0.763529 0.565625 0.763529 0.565625 0.860000 0.579687 0.860000 0.579687 0.850588 0.575000 0.843529 0.575000 0.841176 0.576563 0.838824 0.578125 0.838824 0.582812 0.831765 0.584375 0.831765 0.587500 0.836471 0.587500 0.841176 0.589063 0.843529 0.589063 0.848235 0.590625 0.850588 0.595312 0.850588 0.595312 0.758824 0.590625 0.758824 0.589063 0.756471 0.589063 0.754118 0.587500 0.751765 0.587500 0.740000
0 0.665625 0.692941 0.665625 0.702353 0.664062 0.704706 0.664062 0.716471 0.662500 0.718824 0.662500 0.723529 0.657812 0.730588 0.653125 0.730588 0.653125 0.777647 0.659375 0.777647 0.665625 0.787059 0.665625 0.794118 0.670313 0.794118 0.670313 0.780000 0.671875 0.777647 0.671875 0.772941 0.673437 0.770588 0.673437 0.768235 0.675000 0.765882 0.675000 0.749412 0.676562 0.747059 0.676562 0.742353 0.678125 0.740000 0.682813 0.740000 0.682813 0.692941
2 0.615625 0.617647 0.615625 0.629412 0.628125 0.629412 0.629687 0.631765 0.632812 0.631765 0.634375 0.634118 0.635938 0.634118 0.642187 0.643529 0.642187 0.645882 0.643750 0.648235 0.643750 0.657647 0.645312 0.660000 0.645312 0.669412 0.643750 0.671765 0.643750 0.674118 0.645312 0.676471 0.645312 0.690588 0.646875 0.692941 0.646875 0.709412 0.654688 0.709412 0.654688 0.702353 0.656250 0.700000 0.662500 0.700000 0.664062 0.702353 0.664062 0.709412 0.664062 0.702353 0.667188 0.697647 0.671875 0.697647 0.673437 0.695294 0.678125 0.695294 0.679688 0.697647 0.685938 0.697647 0.687500 0.695294 0.692187 0.695294 0.696875 0.702353 0.696875 0.709412 0.701563 0.709412 0.701563 0.664706 0.696875 0.664706 0.695312 0.662353 0.695312 0.660000 0.693750 0.657647 0.693750 0.652941 0.690625 0.648235 0.690625 0.645882 0.689062 0.643529 0.687500 0.643529 0.676562 0.627059 0.676562 0.617647
0 0.578125 0.730588 0.578125 0.737647 0.576563 0.740000 0.576563 0.744706 0.575000 0.747059 0.575000 0.754118 0.573438 0.756471 0.573438 0.761176 0.570312 0.765882 0.565625 0.765882 0.565625 0.883529 0.570312 0.883529 0.575000 0.890588 0.575000 0.897647 0.582812 0.897647 0.582812 0.888235 0.585938 0.883529 0.585938 0.881176 0.587500 0.878824 0.587500 0.871765 0.589063 0.869412 0.589063 0.864706 0.590625 0.862353 0.595312 0.862353 0.595312 0.756471 0.590625 0.756471 0.587500 0.751765 0.587500 0.747059 0.585938 0.744706 0.585938 0.742353 0.584375 0.740000 0.584375 0.730588
