7 0.903125 0.885417 0.907812 0.885417 0.903125 0.885417 0.228125 0.635417 0.228125 0.637500 0.221875 0.637500 0.221875 0.341667 0.228125 0.341667 0.229687 0.339583 0.229687 0.337500 0.231250 0.335417 0.231250 0.327083 0.234375 0.322917 0.235938 0.322917 0.237500 0.320833 0.239063 0.320833 0.240625 0.318750 0.243750 0.318750 0.260938 0.335417 0.260938 0.337500 0.259375 0.339583 0.259375 0.341667 0.257812 0.343750 0.257812 0.347917 0.256250 0.350000 0.256250 0.381250 0.254687 0.383333 0.254687 0.393750 0.253125 0.395833 0.253125 0.402083 0.251563 0.404167 0.251563 0.408333 0.250000 0.410417 0.250000 0.425000 0.248437 0.427083 0.248437 0.431250 0.246875 0.433333 0.246875 0.460417 0.245312 0.462500 0.245312 0.485417 0.243750 0.487500 0.245312 0.489583 0.245312 0.520833 0.243750 0.522917 0.243750 0.533333 0.242188 0.535417 0.242188 0.539583 0.240625 0.541667 0.240625 0.545833 0.239063 0.547917 0.239063 0.554167 0.234375 0.560417 0.234375 0.564583 0.232812 0.566667 0.232812 0.575000 0.231250 0.577083 0.231250 0.581250 0.232812 0.583333 0.232812 0.589583 0.234375 0.591667 0.234375 0.597917 0.235938 0.600000 0.235938 0.633333 0.234375 0.635417 0.234375 0.637500 0.235938 0.639583 0.235938 0.656250 0.237500 0.658333 0.237500 0.662500 0.235938 0.664583 0.235938 0.672917 0.234375 0.675000 0.234375 0.677083 0.231250 0.681250 0.231250 0.685417 0.229687 0.687500 0.229687 0.689583 0.226562 0.693750 0.221875 0.693750 0.221875 0.827083 0.228125 0.827083 0.240625 0.843750 0.242188 0.843750 0.243750 0.845833 0.245312 0.845833 0.246875 0.847917 0.260938 0.847917 0.262500 0.850000 0.264062 0.850000 0.265625 0.852083 0.265625 0.854167 0.267188 0.856250 0.267188 0.858333 0.268750 0.860417 0.268750 0.864583 0.270312 0.866667 0.270312 0.868750 0.273438 0.872917 0.273438 0.875000 0.275000 0.877083 0.275000 0.879167 0.276563 0.881250 0.276563 0.883333 0.279687 0.887500 0.279687 0.889583 0.290625 0.904167 0.293750 0.904167 0.295312 0.906250 0.296875 0.906250 0.298438 0.908333 0.303125 0.908333 0.304688 0.910417 0.307813 0.910417 0.309375 0.912500 0.309375 0.918750 0.342187 0.918750 0.342187 0.912500 0.343750 0.910417 0.345313 0.910417 0.346875 0.908333 0.348437 0.908333 0.359375 0.893750 0.359375 0.891667 0.362500 0.887500 0.362500 0.885417 0.364062 0.883333 0.364062 0.881250 0.367188 0.877083 0.367188 0.875000 0.370313 0.870833 0.371875 0.870833 0.373437 0.868750 0.378125 0.868750 0.379687 0.866667 0.404687 0.866667 0.406250 0.864583 0.478125 0.864583 0.479688 0.862500 0.487500 0.862500 0.489062 0.860417 0.493750 0.860417 0.495313 0.858333 0.545313 0.858333 0.546875 0.860417 0.560938 0.860417 0.562500 0.862500 0.568750 0.862500 0.570312 0.864583 0.576563 0.864583 0.578125 0.866667 0.584375 0.866667 0.585938 0.868750 0.589063 0.868750 0.590625 0.870833 0.593750 0.870833 0.595312 0.872917 0.601562 0.872917 0.603125 0.875000 0.604688 0.875000 0.606250 0.877083 0.607813 0.877083 0.609375 0.879167 0.610937 0.879167 0.612500 0.881250 0.614062 0.881250 0.617188 0.885417 0.617188 0.887500 0.618750 0.889583 0.618750 0.891667 0.620313 0.893750 0.620313 0.895833 0.626562 0.904167 0.628125 0.904167 0.634375 0.912500 0.634375 0.918750 0.664062 0.918750 0.664062 0.912500 0.668750 0.906250 0.670313 0.906250 0.670313 0.904167 0.673437 0.900000 0.673437 0.897917 0.676562 0.893750 0.676562 0.891667 0.678125 0.889583 0.678125 0.887500 0.679688 0.885417 0.679688 0.883333 0.682813 0.879167 0.682813 0.877083 0.684375 0.875000 0.684375 0.872917 0.687500 0.868750 0.687500 0.866667 0.689062 0.864583 0.689062 0.862500 0.690625 0.860417 0.690625 0.858333 0.692187 0.856250 0.692187 0.854167 0.693750 0.852083 0.693750 0.850000 0.695312 0.847917 0.695312 0.845833 0.700000 0.839583 0.701563 0.839583 0.703125 0.837500 0.703125 0.835417 0.710938 0.825000 0.712500 0.825000 0.714063 0.822917 0.717188 0.822917 0.718750 0.820833 0.720312 0.820833 0.721875 0.818750 0.725000 0.818750 0.726562 0.816667 0.728125 0.816667 0.729688 0.818750 0.731250 0.818750 0.735937 0.825000 0.735937 0.827083 0.739062 0.831250 0.739062 0.833333 0.742188 0.837500 0.742188 0.839583 0.750000 0.850000 0.751562 0.850000 0.756250 0.856250 0.757812 0.856250 0.759375 0.858333 0.767187 0.858333 0.768750 0.860417 0.778125 0.860417 0.779688 0.862500 0.796875 0.862500 0.798437 0.860417 0.803125 0.860417 0.806250 0.856250 0.807813 0.856250 0.809375 0.854167 0.810938 0.854167 0.814062 0.850000 0.817187 0.850000 0.818750 0.847917 0.821875 0.847917 0.823438 0.845833 0.828125 0.845833 0.829687 0.843750 0.832812 0.843750 0.835938 0.839583 0.837500 0.839583 0.840625 0.835417 0.840625 0.833333 0.842188 0.831250 0.842188 0.829167 0.843750 0.827083 0.843750 0.822917 0.845312 0.820833 0.845312 0.816667 0.846875 0.814583 0.846875 0.808333 0.848437 0.806250 0.848437 0.800000 0.850000 0.797917 0.850000 0.793750 0.854688 0.787500 0.856250 0.787500 0.857813 0.785417 0.859375 0.785417 0.860937 0.783333 0.862500 0.783333 0.865625 0.779167 0.867188 0.779167 0.867188 0.777083 0.868750 0.775000 0.868750 0.772917 0.870313 0.770833 0.870313 0.766667 0.871875 0.764583 0.871875 0.762500 0.873438 0.760417 0.873438 0.758333 0.876562 0.754167 0.878125 0.754167 0.889063 0.739583 0.890625 0.739583 0.892187 0.737500 0.892187 0.735417 0.893750 0.733333 0.893750 0.731250 0.895312 0.729167 0.895312 0.727083 0.896875 0.725000 0.898438 0.725000 0.900000 0.722917 0.900000 0.720833 0.903125 0.716667 0.907812 0.716667 0.907812 0.410417 0.903125 0.410417 0.901563 0.412500 0.900000 0.412500 0.900000 0.414583 0.898438 0.416667 0.898438 0.418750 0.896875 0.420833 0.895312 0.420833 0.893750 0.418750 0.893750 0.414583 0.892187 0.412500 0.892187 0.406250 0.890625 0.404167 0.892187 0.402083 0.892187 0.397917 0.893750 0.395833 0.893750 0.385417 0.892187 0.383333 0.892187 0.372917 0.895312 0.368750 0.896875 0.368750 0.898438 0.370833 0.900000 0.370833 0.903125 0.375000 0.907812 0.375000 0.907812 0.368750 0.896875 0.368750 0.895312 0.366667 0.895312 0.360417 0.893750 0.358333 0.893750 0.356250 0.892187 0.354167 0.892187 0.350000 0.893750 0.347917 0.893750 0.337500 0.895312 0.335417 0.895312 0.327083 0.893750 0.325000 0.893750 0.318750 0.889063 0.312500 0.889063 0.310417 0.887500 0.308333 0.887500 0.306250 0.885938 0.304167 0.885938 0.297917 0.884375 0.295833 0.884375 0.289583 0.882812 0.287500 0.882812 0.281250 0.881250 0.279167 0.881250 0.262500 0.879687 0.260417 0.879687 0.258333 0.875000 0.252083 0.873438 0.252083 0.871875 0.250000 0.865625 0.250000 0.864062 0.247917 0.857813 0.247917 0.856250 0.245833 0.853125 0.245833 0.851562 0.243750 0.850000 0.243750 0.848437 0.241667 0.846875 0.241667 0.843750 0.237500 0.843750 0.235417 0.840625 0.231250 0.840625 0.229167 0.837500 0.225000 0.835938 0.225000 0.834375 0.222917 0.832812 0.222917 0.831250 0.220833 0.826563 0.220833 0.825000 0.218750 0.820312 0.218750 0.818750 0.216667 0.814062 0.216667 0.812500 0.214583 0.804688 0.214583 0.803125 0.212500 0.796875 0.212500 0.795313 0.210417 0.790625 0.210417 0.789062 0.208333 0.784375 0.208333 0.782812 0.206250 0.776563 0.206250 0.775000 0.204167 0.770312 0.204167 0.768750 0.202083 0.765625 0.202083 0.764063 0.200000 0.760938 0.200000 0.759375 0.197917 0.754687 0.197917 0.753125 0.195833 0.750000 0.195833 0.748438 0.193750 0.745313 0.193750 0.743750 0.191667 0.740625 0.191667 0.739062 0.189583 0.735937 0.189583 0.734375 0.187500 0.731250 0.187500 0.729688 0.185417 0.728125 0.185417 0.726562 0.183333 0.721875 0.183333 0.720312 0.181250 0.718750 0.181250 0.715625 0.177083 0.715625 0.170833 0.635938 0.170833 0.635938 0.177083 0.632812 0.181250 0.631250 0.181250 0.629687 0.183333 0.628125 0.183333 0.626562 0.185417 0.625000 0.185417 0.623438 0.187500 0.621875 0.187500 0.620313 0.189583 0.617188 0.189583 0.615625 0.191667 0.521875 0.191667 0.520312 0.189583 0.490625 0.189583 0.489062 0.191667 0.454688 0.191667 0.453125 0.193750 0.448438 0.193750 0.446875 0.191667 0.443750 0.191667 0.442187 0.193750 0.437500 0.193750 0.435937 0.191667 0.428125 0.191667 0.426562 0.189583 0.417188 0.189583 0.415625 0.187500 0.414062 0.187500 0.412500 0.185417 0.410937 0.185417 0.407813 0.181250 0.407813 0.179167 0.406250 0.177083 0.406250 0.170833 0.382812 0.170833 0.382812 0.177083 0.381250 0.179167 0.379687 0.179167 0.378125 0.181250 0.370313 0.181250 0.368750 0.179167 0.367188 0.179167 0.365625 0.177083 0.365625 0.170833 0.342187 0.170833 0.342187 0.177083 0.340625 0.179167 0.340625 0.181250 0.335938 0.187500 0.335938 0.189583 0.331250 0.195833 0.331250 0.197917 0.329688 0.200000 0.329688 0.204167 0.326562 0.208333 0.326562 0.214583 0.325000 0.216667 0.325000 0.233333 0.326562 0.235417 0.325000 0.237500 0.325000 0.243750 0.323438 0.245833 0.323438 0.258333 0.321875 0.260417 0.321875 0.266667 0.312500 0.279167 0.312500 0.283333 0.310937 0.285417 0.310937 0.289583 0.309375 0.291667 0.309375 0.293750 0.303125 0.302083 0.301562 0.302083 0.300000 0.304167 0.296875 0.304167 0.295312 0.306250 0.290625 0.306250 0.289062 0.308333 0.284375 0.308333 0.282813 0.310417 0.278125 0.310417 0.276563 0.312500 0.275000 0.312500 0.268750 0.320833 0.268750 0.322917 0.265625 0.327083 0.265625 0.329167 0.260938 0.335417 0.243750 0.318750 0.242188 0.316667 0.242188 0.312500 0.240625 0.310417 0.239063 0.310417 0.237500 0.308333 0.235938 0.308333 0.234375 0.306250 0.231250 0.306250 0.229687 0.304167 0.228125 0.304167 0.226562 0.302083 0.221875 0.302083 0.221875 0.341667 0.221875 0.637500 0.221875 0.635417 0.228125 0.635417
0 0.045313 0.487500 0.045313 0.495833 0.043750 0.497917 0.043750 0.500000 0.042188 0.502083 0.042188 0.504167 0.040625 0.506250 0.040625 0.510417 0.039062 0.512500 0.039062 0.531250 0.037500 0.533333 0.037500 0.535417 0.031250 0.543750 0.031250 0.545833 0.026563 0.552083 0.021875 0.552083 0.021875 0.572917 0.026563 0.572917 0.028125 0.575000 0.028125 0.577083 0.029687 0.579167 0.029687 0.591667 0.031250 0.593750 0.031250 0.600000 0.032812 0.602083 0.032812 0.608333 0.034375 0.610417 0.034375 0.614583 0.035937 0.616667 0.035937 0.633333 0.037500 0.635417 0.037500 0.643750 0.035937 0.645833 0.035937 0.650000 0.034375 0.652083 0.034375 0.660417 0.035937 0.662500 0.035937 0.666667 0.037500 0.668750 0.037500 0.691667 0.035937 0.693750 0.035937 0.702083 0.045313 0.702083 0.045313 0.693750 0.043750 0.691667 0.043750 0.679167 0.045313 0.677083 0.045313 0.672917 0.046875 0.670833 0.046875 0.664583 0.048437 0.662500 0.048437 0.643750 0.050000 0.641667 0.050000 0.637500 0.051562 0.635417 0.053125 0.635417 0.054688 0.637500 0.054688 0.639583 0.059375 0.645833 0.059375 0.647917 0.060938 0.650000 0.060938 0.654167 0.062500 0.656250 0.062500 0.662500 0.064062 0.664583 0.064062 0.666667 0.065625 0.668750 0.065625 0.670833 0.067188 0.672917 0.067188 0.679167 0.068750 0.681250 0.068750 0.683333 0.071875 0.687500 0.071875 0.691667 0.073437 0.693750 0.073437 0.702083 0.101562 0.702083 0.101562 0.679167 0.096875 0.679167 0.095312 0.677083 0.093750 0.677083 0.090625 0.672917 0.089062 0.672917 0.084375 0.666667 0.084375 0.664583 0.081250 0.660417 0.081250 0.654167 0.079687 0.652083 0.079687 0.647917 0.078125 0.645833 0.078125 0.643750 0.076563 0.641667 0.076563 0.639583 0.075000 0.637500 0.075000 0.631250 0.073437 0.629167 0.073437 0.622917 0.071875 0.620833 0.071875 0.587500 0.070312 0.585417 0.070312 0.579167 0.068750 0.577083 0.068750 0.570833 0.067188 0.568750 0.067188 0.560417 0.065625 0.558333 0.065625 0.552083 0.064062 0.550000 0.064062 0.547917 0.062500 0.545833 0.062500 0.541667 0.060938 0.539583 0.060938 0.531250 0.059375 0.529167 0.059375 0.520833 0.057813 0.518750 0.057813 0.510417 0.056250 0.508333 0.056250 0.504167 0.054688 0.502083 0.054688 0.500000 0.053125 0.497917 0.053125 0.487500
5 0.918750 0.000000 0.918750 0.027083 0.917188 0.029167 0.917188 0.037500 0.915625 0.039583 0.915625 0.043750 0.914062 0.045833 0.914062 0.072917 0.912500 0.075000 0.912500 0.083333 0.910937 0.085417 0.910937 0.102083 0.909375 0.104167 0.909375 0.122917 0.907812 0.125000 0.907812 0.135417 0.906250 0.137500 0.906250 0.143750 0.904688 0.145833 0.904688 0.158333 0.903125 0.160417 0.903125 0.172917 0.901563 0.175000 0.896875 0.175000 0.896875 0.889583 0.903125 0.889583 0.904688 0.891667 0.906250 0.891667 0.907812 0.893750 0.910937 0.893750 0.912500 0.895833 0.942187 0.895833 0.943750 0.897917 0.950000 0.897917 0.951563 0.900000 0.965625 0.900000 0.967188 0.902083 0.968750 0.902083 0.971875 0.906250 0.971875 0.908333 0.973437 0.910417 0.973437 0.914583 0.970312 0.918750 0.970312 0.927083 0.998438 0.927083 0.998438 0.000000
5 0.179688 0.287500 0.179688 0.318750 0.181250 0.320833 0.181250 0.322917 0.185937 0.329167 0.189063 0.329167 0.193750 0.335417 0.192188 0.337500 0.192188 0.339583 0.190625 0.341667 0.190625 0.343750 0.189063 0.345833 0.187500 0.345833 0.182812 0.352083 0.182812 0.354167 0.181250 0.356250 0.181250 0.358333 0.176563 0.364583 0.175000 0.364583 0.173438 0.366667 0.167187 0.366667 0.165625 0.368750 0.134375 0.368750 0.134375 0.377083 0.139062 0.377083 0.140625 0.379167 0.140625 0.385417 0.139062 0.387500 0.134375 0.387500 0.134375 0.456250 0.139062 0.456250 0.142188 0.460417 0.142188 0.470833 0.143750 0.472917 0.143750 0.481250 0.142188 0.483333 0.142188 0.495833 0.143750 0.497917 0.143750 0.504167 0.142188 0.506250 0.142188 0.516667 0.143750 0.518750 0.143750 0.520833 0.142188 0.522917 0.142188 0.552083 0.143750 0.554167 0.143750 0.556250 0.145313 0.558333 0.145313 0.560417 0.148438 0.564583 0.148438 0.566667 0.150000 0.568750 0.150000 0.577083 0.234375 0.577083 0.234375 0.566667 0.235938 0.564583 0.235938 0.556250 0.239063 0.552083 0.239063 0.547917 0.240625 0.545833 0.240625 0.535417 0.242188 0.533333 0.242188 0.529167 0.243750 0.527083 0.243750 0.522917 0.245312 0.520833 0.245312 0.512500 0.246875 0.510417 0.246875 0.485417 0.248437 0.483333 0.248437 0.470833 0.250000 0.468750 0.250000 0.450000 0.251563 0.447917 0.251563 0.439583 0.253125 0.437500 0.253125 0.427083 0.254687 0.425000 0.254687 0.400000 0.256250 0.397917 0.256250 0.389583 0.257812 0.387500 0.257812 0.383333 0.259375 0.381250 0.264062 0.381250 0.264062 0.297917 0.257812 0.297917 0.254687 0.293750 0.254687 0.287500
0 0.000000 0.504167 0.000000 0.710417 0.007812 0.710417 0.007812 0.704167 0.009375 0.702083 0.009375 0.687500 0.010937 0.685417 0.010937 0.660417 0.012500 0.658333 0.012500 0.656250 0.014062 0.654167 0.015625 0.654167 0.017188 0.656250 0.017188 0.658333 0.018750 0.660417 0.018750 0.666667 0.020312 0.668750 0.020312 0.675000 0.021875 0.677083 0.021875 0.679167 0.023438 0.681250 0.023438 0.687500 0.025000 0.689583 0.025000 0.695833 0.026563 0.697917 0.026563 0.702083 0.028125 0.704167 0.028125 0.710417 0.045313 0.710417 0.045313 0.679167 0.040625 0.679167 0.035937 0.672917 0.035937 0.668750 0.034375 0.666667 0.034375 0.660417 0.032812 0.658333 0.032812 0.616667 0.031250 0.614583 0.031250 0.606250 0.029687 0.604167 0.029687 0.600000 0.028125 0.597917 0.028125 0.585417 0.026563 0.583333 0.026563 0.575000 0.025000 0.572917 0.025000 0.570833 0.023438 0.568750 0.023438 0.566667 0.021875 0.564583 0.021875 0.560417 0.020312 0.558333 0.020312 0.556250 0.017188 0.552083 0.017188 0.550000 0.015625 0.547917 0.015625 0.545833 0.012500 0.541667 0.012500 0.539583 0.010937 0.537500 0.010937 0.531250 0.009375 0.529167 0.009375 0.522917 0.007812 0.520833 0.007812 0.518750 0.009375 0.516667 0.009375 0.504167
2 0.031250 0.454167 0.031250 0.460417 0.029687 0.462500 0.029687 0.466667 0.028125 0.468750 0.021875 0.468750 0.021875 0.470833 0.028125 0.470833 0.029687 0.472917 0.032812 0.472917 0.034375 0.475000 0.035937 0.475000 0.040625 0.481250 0.042188 0.481250 0.045313 0.485417 0.046875 0.485417 0.048437 0.487500 0.051562 0.487500 0.053125 0.489583 0.054688 0.489583 0.057813 0.493750 0.057813 0.497917 0.059375 0.500000 0.059375 0.502083 0.060938 0.504167 0.060938 0.508333 0.062500 0.510417 0.062500 0.514583 0.064062 0.516667 0.064062 0.518750 0.067188 0.518750 0.068750 0.516667 0.075000 0.516667 0.076563 0.518750 0.081250 0.518750 0.082813 0.516667 0.084375 0.518750 0.084375 0.520833 0.085938 0.522917 0.085938 0.531250 0.087500 0.533333 0.087500 0.539583 0.089062 0.541667 0.089062 0.543750 0.090625 0.545833 0.090625 0.547917 0.093750 0.552083 0.093750 0.554167 0.096875 0.558333 0.098438 0.558333 0.101562 0.562500 0.101562 0.568750 0.115625 0.568750 0.115625 0.562500 0.120312 0.556250 0.126563 0.556250 0.126563 0.454167
2 0.071875 0.454167 0.071875 0.514583 0.079687 0.514583 0.079687 0.512500 0.081250 0.510417 0.081250 0.508333 0.082813 0.506250 0.085938 0.510417 0.085938 0.525000 0.087500 0.527083 0.087500 0.539583 0.089062 0.541667 0.089062 0.543750 0.090625 0.545833 0.090625 0.547917 0.101562 0.562500 0.101562 0.568750 0.104687 0.568750 0.104687 0.562500 0.106250 0.560417 0.112500 0.560417 0.114063 0.558333 0.115625 0.558333 0.117188 0.556250 0.118750 0.556250 0.120312 0.554167 0.126563 0.554167 0.126563 0.454167
9 0.134375 0.170833 0.134375 0.237500 0.139062 0.237500 0.143750 0.243750 0.143750 0.245833 0.145313 0.247917 0.145313 0.250000 0.146875 0.252083 0.146875 0.256250 0.148438 0.258333 0.148438 0.262500 0.146875 0.264583 0.146875 0.266667 0.145313 0.268750 0.143750 0.266667 0.143750 0.262500 0.142188 0.260417 0.142188 0.256250 0.140625 0.254167 0.134375 0.254167 0.134375 0.368750 0.179688 0.368750 0.179688 0.354167 0.181250 0.352083 0.181250 0.350000 0.184375 0.345833 0.185937 0.345833 0.190625 0.339583 0.192188 0.339583 0.193750 0.337500 0.201562 0.337500 0.201562 0.320833 0.196875 0.320833 0.195312 0.322917 0.192188 0.322917 0.190625 0.325000 0.182812 0.314583 0.182812 0.310417 0.181250 0.308333 0.181250 0.293750 0.185937 0.287500 0.190625 0.287500 0.192188 0.285417 0.193750 0.285417 0.195312 0.283333 0.201562 0.283333 0.201562 0.262500 0.193750 0.262500 0.192188 0.260417 0.185937 0.260417 0.181250 0.254167 0.181250 0.252083 0.179688 0.250000 0.179688 0.247917 0.178125 0.245833 0.178125 0.233333 0.184375 0.225000 0.187500 0.225000 0.192188 0.218750 0.192188 0.216667 0.193750 0.214583 0.193750 0.212500 0.195312 0.210417 0.195312 0.204167 0.193750 0.202083 0.193750 0.200000 0.190625 0.195833 0.190625 0.191667 0.189063 0.191667 0.187500 0.189583 0.184375 0.189583 0.178125 0.181250 0.178125 0.179167 0.176563 0.177083 0.176563 0.170833
9 0.103125 0.229167 0.103125 0.368750 0.139062 0.368750 0.139062 0.362500 0.142188 0.358333 0.143750 0.358333 0.145313 0.356250 0.146875 0.356250 0.151562 0.350000 0.157813 0.350000 0.157813 0.247917 0.153125 0.247917 0.148438 0.241667 0.148438 0.239583 0.145313 0.235417 0.145313 0.229167
2 0.000000 0.462500 0.000000 0.508333 0.006250 0.508333 0.007812 0.506250 0.026563 0.506250 0.028125 0.508333 0.031250 0.508333 0.032812 0.510417 0.032812 0.514583 0.032812 0.510417 0.034375 0.508333 0.034375 0.504167 0.035937 0.502083 0.035937 0.500000 0.039062 0.495833 0.039062 0.493750 0.043750 0.487500 0.051562 0.487500 0.051562 0.479167 0.046875 0.479167 0.043750 0.475000 0.042188 0.475000 0.037500 0.468750 0.037500 0.462500
0 0.000000 0.504167 0.000000 0.710417 0.014062 0.710417 0.014062 0.627083 0.009375 0.627083 0.006250 0.622917 0.006250 0.597917 0.009375 0.593750 0.014062 0.593750 0.014062 0.575000 0.009375 0.575000 0.006250 0.570833 0.006250 0.566667 0.004688 0.564583 0.004688 0.558333 0.003125 0.556250 0.003125 0.552083 0.004688 0.550000 0.004688 0.539583 0.006250 0.537500 0.006250 0.529167 0.004688 0.527083 0.004688 0.514583 0.003125 0.512500 0.003125 0.504167
