5 0.193750 0.392272 0.193750 0.399297 0.190625 0.403981 0.189063 0.403981 0.184375 0.411007 0.181250 0.411007 0.179688 0.413349 0.176563 0.413349 0.175000 0.415691 0.171875 0.415691 0.170312 0.418033 0.168750 0.418033 0.167187 0.420375 0.167187 0.422717 0.165625 0.425059 0.165625 0.432084 0.164062 0.434426 0.164062 0.439110 0.159375 0.446136 0.157813 0.446136 0.156250 0.448478 0.154687 0.448478 0.153125 0.450820 0.150000 0.450820 0.148438 0.453162 0.146875 0.453162 0.142188 0.460187 0.140625 0.460187 0.139062 0.462529 0.134375 0.462529 0.134375 0.525761 0.139062 0.525761 0.140625 0.523419 0.145313 0.523419 0.146875 0.521077 0.150000 0.521077 0.151562 0.518735 0.160938 0.532787 0.160938 0.537471 0.162500 0.539813 0.162500 0.544496 0.160938 0.546838 0.160938 0.556206 0.159375 0.558548 0.159375 0.563232 0.157813 0.565574 0.157813 0.574941 0.156250 0.577283 0.156250 0.579625 0.159375 0.584309 0.159375 0.591335 0.160938 0.593677 0.160938 0.603045 0.162500 0.605386 0.162500 0.612412 0.164062 0.614754 0.164062 0.617096 0.165625 0.619438 0.165625 0.621780 0.167187 0.624122 0.167187 0.633489 0.168750 0.635831 0.168750 0.642857 0.171875 0.647541 0.173438 0.647541 0.175000 0.649883 0.178125 0.649883 0.181250 0.654567 0.182812 0.654567 0.187500 0.661592 0.187500 0.670960 0.243750 0.670960 0.243750 0.663934 0.245312 0.661592 0.256250 0.661592 0.257812 0.663934 0.257812 0.670960 0.321875 0.670960 0.321875 0.663934 0.328125 0.654567 0.328125 0.652225 0.331250 0.647541 0.331250 0.645199 0.332812 0.642857 0.332812 0.640515 0.334375 0.638173 0.334375 0.633489 0.335938 0.631148 0.335938 0.628806 0.337500 0.626464 0.337500 0.621780 0.339063 0.619438 0.339063 0.617096 0.340625 0.614754 0.345313 0.614754 0.345313 0.572600 0.340625 0.572600 0.339063 0.570258 0.339063 0.553864 0.340625 0.551522 0.345313 0.551522 0.345313 0.462529 0.339063 0.462529 0.337500 0.460187 0.337500 0.457845 0.335938 0.455504 0.335938 0.453162 0.325000 0.436768 0.325000 0.434426 0.318750 0.425059 0.318750 0.422717 0.312500 0.413349 0.310937 0.413349 0.306250 0.406323 0.304688 0.406323 0.303125 0.403981 0.298438 0.403981 0.296875 0.401639 0.292188 0.401639 0.290625 0.399297 0.290625 0.392272
0 0.545313 0.476581 0.545313 0.483607 0.542188 0.488290 0.542188 0.490632 0.539062 0.495316 0.539062 0.502342 0.537500 0.504684 0.537500 0.507026 0.539062 0.509368 0.539062 0.521077 0.537500 0.523419 0.537500 0.525761 0.535937 0.528103 0.535937 0.530445 0.534375 0.532787 0.534375 0.535129 0.532812 0.537471 0.532812 0.542155 0.531250 0.544496 0.531250 0.546838 0.529688 0.549180 0.529688 0.553864 0.528125 0.556206 0.528125 0.560890 0.526563 0.563232 0.526563 0.572600 0.525000 0.574941 0.525000 0.581967 0.523438 0.584309 0.523438 0.591335 0.521875 0.593677 0.521875 0.598361 0.520312 0.600703 0.515625 0.600703 0.515625 0.692037 0.521875 0.692037 0.529688 0.703747 0.529688 0.706089 0.531250 0.708431 0.531250 0.722482 0.532812 0.724824 0.532812 0.727166 0.534375 0.729508 0.534375 0.731850 0.535937 0.734192 0.535937 0.736534 0.537500 0.738876 0.537500 0.748244 0.539062 0.750585 0.539062 0.759953 0.540625 0.762295 0.540625 0.771663 0.542188 0.774005 0.542188 0.788056 0.543750 0.790398 0.543750 0.797424 0.545313 0.799766 0.545313 0.804450 0.546875 0.806792 0.546875 0.816159 0.548437 0.818501 0.548437 0.820843 0.546875 0.823185 0.546875 0.827869 0.545313 0.830211 0.545313 0.837237 0.543750 0.839578 0.543750 0.841920 0.546875 0.846604 0.551562 0.846604 0.553125 0.848946 0.557813 0.848946 0.559375 0.846604 0.562500 0.846604 0.565625 0.841920 0.565625 0.820843 0.564062 0.818501 0.564062 0.811475 0.562500 0.809133 0.562500 0.790398 0.560938 0.788056 0.560938 0.766979 0.559375 0.764637 0.559375 0.755269 0.557813 0.752927 0.557813 0.745902 0.559375 0.743560 0.564062 0.743560 0.565625 0.745902 0.565625 0.750585 0.567187 0.752927 0.567187 0.762295 0.568750 0.764637 0.568750 0.776347 0.570312 0.778689 0.570312 0.788056 0.571875 0.790398 0.571875 0.799766 0.573438 0.802108 0.573438 0.823185 0.575000 0.825527 0.575000 0.841920 0.576563 0.844262 0.576563 0.851288 0.578125 0.853630 0.578125 0.855972 0.579687 0.858314 0.579687 0.867682 0.592188 0.867682 0.592188 0.855972 0.593750 0.853630 0.593750 0.839578 0.592188 0.837237 0.592188 0.790398 0.590625 0.788056 0.590625 0.774005 0.589063 0.771663 0.589063 0.762295 0.587500 0.759953 0.587500 0.734192 0.589063 0.731850 0.589063 0.729508 0.590625 0.727166 0.590625 0.722482 0.592188 0.720141 0.592188 0.677986 0.590625 0.675644 0.590625 0.666276 0.589063 0.663934 0.589063 0.656909 0.587500 0.654567 0.587500 0.652225 0.585938 0.649883 0.585938 0.647541 0.582812 0.642857 0.582812 0.640515 0.579687 0.635831 0.579687 0.631148 0.578125 0.628806 0.578125 0.621780 0.576563 0.619438 0.576563 0.605386 0.575000 0.603045 0.575000 0.584309 0.576563 0.581967 0.576563 0.574941 0.578125 0.572600 0.578125 0.567916 0.579687 0.565574 0.579687 0.563232 0.581250 0.560890 0.581250 0.558548 0.582812 0.556206 0.582812 0.537471 0.581250 0.537471 0.578125 0.532787 0.576563 0.532787 0.570312 0.523419 0.570312 0.521077 0.568750 0.518735 0.568750 0.516393 0.567187 0.514051 0.567187 0.509368 0.565625 0.507026 0.565625 0.500000 0.564062 0.497658 0.564062 0.495316 0.562500 0.492974 0.562500 0.490632 0.560938 0.488290 0.560938 0.485948 0.559375 0.483607 0.559375 0.476581
0 0.125000 0.514051 0.125000 0.521077 0.123438 0.523419 0.123438 0.528103 0.121875 0.530445 0.121875 0.532787 0.120312 0.535129 0.120312 0.539813 0.118750 0.542155 0.118750 0.546838 0.117188 0.549180 0.117188 0.558548 0.115625 0.560890 0.115625 0.570258 0.117188 0.572600 0.117188 0.577283 0.118750 0.579625 0.118750 0.581967 0.120312 0.584309 0.120312 0.588993 0.121875 0.591335 0.121875 0.596019 0.123438 0.598361 0.123438 0.605386 0.125000 0.607728 0.125000 0.614754 0.126563 0.617096 0.126563 0.624122 0.128125 0.626464 0.128125 0.640515 0.129688 0.642857 0.129688 0.661592 0.143750 0.661592 0.143750 0.633489 0.142188 0.631148 0.142188 0.612412 0.143750 0.610070 0.143750 0.600703 0.145313 0.598361 0.145313 0.586651 0.143750 0.584309 0.143750 0.551522 0.142188 0.549180 0.142188 0.546838 0.140625 0.544496 0.140625 0.539813 0.139062 0.537471 0.139062 0.535129 0.137500 0.532787 0.137500 0.525761 0.135937 0.523419 0.135937 0.514051
5 0.962500 0.504684 0.962500 0.511710 0.960938 0.514051 0.960938 0.516393 0.959375 0.518735 0.953125 0.518735 0.953125 0.612412 0.960938 0.612412 0.964063 0.617096 0.964063 0.624122 0.998438 0.624122 0.998438 0.504684
5 0.814062 0.495316 0.814062 0.502342 0.809375 0.509368 0.803125 0.509368 0.803125 0.593677 0.814062 0.593677 0.817187 0.598361 0.854688 0.598361 0.854688 0.596019 0.856250 0.593677 0.856250 0.584309 0.857813 0.581967 0.857813 0.579625 0.859375 0.577283 0.860937 0.579625 0.860937 0.581967 0.862500 0.584309 0.862500 0.586651 0.864062 0.588993 0.864062 0.591335 0.862500 0.593677 0.862500 0.596019 0.865625 0.600703 0.868750 0.600703 0.870313 0.603045 0.882812 0.603045 0.884375 0.600703 0.904688 0.600703 0.906250 0.603045 0.910937 0.603045 0.914062 0.607728 0.914062 0.614754 0.925000 0.614754 0.925000 0.607728 0.926562 0.605386 0.928125 0.605386 0.929688 0.603045 0.945312 0.603045 0.946875 0.600703 0.950000 0.600703 0.951563 0.598361 0.957812 0.598361 0.957812 0.544496 0.953125 0.544496 0.951563 0.542155 0.951563 0.539813 0.950000 0.537471 0.950000 0.528103 0.948438 0.525761 0.948438 0.514051 0.946875 0.511710 0.946875 0.507026 0.945312 0.504684 0.945312 0.495316
7 0.743750 0.560890 0.743750 0.605386 0.745313 0.607728 0.745313 0.633489 0.764063 0.633489 0.764063 0.509368 0.759375 0.509368 0.756250 0.504684 0.756250 0.502342 0.753125 0.497658 0.751562 0.497658 0.748438 0.492974 0.748438 0.485948 0.746875 0.485948 0.746875 0.492974 0.745313 0.495316 0.745313 0.500000 0.743750 0.502342 0.743750 0.539813 0.745313 0.542155 0.745313 0.558548 0.743750 0.560890 0.731250 0.556206 0.729688 0.553864 0.729688 0.497658 0.728125 0.495316 0.728125 0.485948 0.646875 0.485948 0.646875 0.607728 0.651563 0.607728 0.659375 0.619438 0.667188 0.619438 0.668750 0.617096 0.673437 0.617096 0.675000 0.619438 0.678125 0.619438 0.679688 0.621780 0.681250 0.621780 0.684375 0.626464 0.684375 0.633489 0.698438 0.633489 0.698438 0.626464 0.701563 0.621780 0.706250 0.621780 0.707812 0.619438 0.715625 0.619438 0.717188 0.617096 0.726562 0.617096 0.728125 0.614754 0.728125 0.610070 0.729688 0.607728 0.729688 0.588993 0.731250 0.586651 0.731250 0.556206
5 0.460938 0.457845 0.460938 0.467213 0.450000 0.483607 0.450000 0.485948 0.448438 0.488290 0.448438 0.490632 0.445312 0.495316 0.440625 0.495316 0.440625 0.610070 0.445312 0.610070 0.451562 0.619438 0.453125 0.619438 0.454688 0.621780 0.456250 0.621780 0.464063 0.633489 0.464063 0.635831 0.465625 0.635831 0.467187 0.638173 0.468750 0.638173 0.470313 0.640515 0.473437 0.640515 0.475000 0.642857 0.476562 0.642857 0.482812 0.652225 0.482812 0.661592 0.517187 0.661592 0.517187 0.645199 0.518750 0.642857 0.518750 0.624122 0.520312 0.621780 0.520312 0.612412 0.518750 0.610070 0.518750 0.605386 0.520312 0.603045 0.520312 0.588993 0.521875 0.586651 0.521875 0.570258 0.523438 0.567916 0.523438 0.560890 0.525000 0.558548 0.525000 0.553864 0.526563 0.551522 0.526563 0.542155 0.528125 0.539813 0.528125 0.535129 0.529688 0.532787 0.529688 0.530445 0.531250 0.528103 0.531250 0.525761 0.532812 0.523419 0.532812 0.514051 0.534375 0.511710 0.534375 0.502342 0.535937 0.500000 0.535937 0.495316 0.540625 0.488290 0.542188 0.488290 0.545313 0.483607 0.546875 0.483607 0.548437 0.481265 0.554688 0.481265 0.556250 0.483607 0.557813 0.483607 0.564062 0.492974 0.564062 0.495316 0.565625 0.497658 0.565625 0.500000 0.570312 0.500000 0.570312 0.457845
5 0.745313 0.500000 0.745313 0.509368 0.743750 0.511710 0.743750 0.525761 0.745313 0.528103 0.745313 0.544496 0.746875 0.546838 0.746875 0.551522 0.745313 0.553864 0.745313 0.563232 0.743750 0.565574 0.743750 0.584309 0.745313 0.586651 0.745313 0.624122 0.746875 0.626464 0.746875 0.633489 0.764063 0.633489 0.764063 0.511710 0.759375 0.511710 0.756250 0.507026 0.756250 0.504684 0.753125 0.500000 0.751562 0.500000 0.750000 0.497658 0.746875 0.497658 0.745313 0.500000 0.729688 0.500000 0.728125 0.497658 0.728125 0.485948 0.659375 0.485948 0.659375 0.619438 0.667188 0.619438 0.668750 0.617096 0.673437 0.617096 0.675000 0.619438 0.678125 0.619438 0.679688 0.621780 0.681250 0.621780 0.684375 0.626464 0.684375 0.633489 0.696875 0.633489 0.696875 0.626464 0.698438 0.624122 0.700000 0.624122 0.701563 0.621780 0.704687 0.621780 0.706250 0.619438 0.714063 0.619438 0.715625 0.617096 0.720312 0.617096 0.721875 0.614754 0.726562 0.614754 0.728125 0.612412 0.728125 0.607728 0.729688 0.605386 0.729688 0.500000
28 0.520312 0.682670 0.520312 0.694379 0.514063 0.703747 0.514063 0.706089 0.512500 0.708431 0.512500 0.715457 0.510938 0.717799 0.510938 0.720141 0.504687 0.729508 0.493750 0.729508 0.492188 0.731850 0.487500 0.731850 0.485938 0.734192 0.482812 0.734192 0.481250 0.736534 0.479688 0.736534 0.478125 0.738876 0.476562 0.738876 0.476562 0.741218 0.470313 0.750585 0.470313 0.752927 0.468750 0.755269 0.468750 0.757611 0.465625 0.762295 0.465625 0.764637 0.464063 0.766979 0.464063 0.769321 0.462500 0.771663 0.462500 0.774005 0.459375 0.778689 0.459375 0.781030 0.456250 0.785714 0.456250 0.790398 0.454688 0.792740 0.454688 0.797424 0.453125 0.799766 0.446875 0.799766 0.446875 0.830211 0.451562 0.830211 0.454688 0.834895 0.454688 0.837237 0.457812 0.841920 0.457812 0.844262 0.464063 0.853630 0.464063 0.855972 0.471875 0.867682 0.478125 0.867682 0.479688 0.865340 0.493750 0.865340 0.495313 0.867682 0.496875 0.867682 0.498437 0.865340 0.501562 0.865340 0.503125 0.862998 0.503125 0.860656 0.504687 0.858314 0.504687 0.848946 0.507812 0.844262 0.507812 0.841920 0.509375 0.839578 0.509375 0.837237 0.510938 0.834895 0.510938 0.830211 0.512500 0.827869 0.512500 0.825527 0.514063 0.823185 0.514063 0.820843 0.515625 0.818501 0.515625 0.813817 0.517187 0.811475 0.517187 0.804450 0.518750 0.802108 0.518750 0.799766 0.520312 0.797424 0.520312 0.795082 0.521875 0.792740 0.521875 0.781030 0.523438 0.778689 0.523438 0.759953 0.525000 0.757611 0.525000 0.748244 0.526563 0.745902 0.532812 0.745902 0.532812 0.699063 0.528125 0.699063 0.521875 0.689696 0.521875 0.682670
26 0.593750 0.530445 0.595312 0.532787 0.596875 0.530445 0.596875 0.523419 0.593750 0.523419 0.593750 0.530445 0.590625 0.537471 0.582812 0.537471 0.581250 0.535129 0.581250 0.532787 0.579687 0.530445 0.579687 0.523419 0.571875 0.523419 0.571875 0.617096 0.576563 0.617096 0.578125 0.619438 0.578125 0.624122 0.579687 0.626464 0.579687 0.633489 0.581250 0.635831 0.581250 0.638173 0.582812 0.640515 0.582812 0.642857 0.584375 0.645199 0.584375 0.652225 0.596875 0.652225 0.596875 0.642857 0.598437 0.640515 0.601562 0.640515 0.604688 0.635831 0.606250 0.635831 0.606250 0.633489 0.607813 0.631148 0.614062 0.631148 0.614062 0.600703 0.609375 0.600703 0.604688 0.593677 0.604688 0.591335 0.603125 0.588993 0.603125 0.586651 0.601562 0.584309 0.601562 0.581967 0.600000 0.579625 0.600000 0.577283 0.596875 0.572600 0.596875 0.570258 0.595312 0.567916 0.595312 0.565574 0.593750 0.563232 0.593750 0.560890 0.592188 0.558548 0.592188 0.553864 0.590625 0.551522 0.590625 0.537471
0 0.134375 0.514051 0.134375 0.577283 0.139062 0.577283 0.143750 0.584309 0.143750 0.600703 0.142188 0.603045 0.142188 0.610070 0.139062 0.614754 0.134375 0.614754 0.134375 0.619438 0.139062 0.619438 0.140625 0.621780 0.140625 0.633489 0.156250 0.633489 0.156250 0.607728 0.157813 0.605386 0.157813 0.603045 0.159375 0.600703 0.164062 0.600703 0.164062 0.556206 0.159375 0.556206 0.157813 0.553864 0.157813 0.542155 0.156250 0.539813 0.156250 0.532787 0.154687 0.530445 0.154687 0.523419 0.153125 0.521077 0.153125 0.514051
