0 0.765625 0.422261 0.765625 0.446996 0.764063 0.450530 0.764063 0.457597 0.762500 0.461131 0.762500 0.464664 0.757812 0.475265 0.757812 0.478799 0.753125 0.489399 0.753125 0.492933 0.751562 0.496466 0.751562 0.500000 0.750000 0.503534 0.750000 0.507067 0.745313 0.517668 0.745313 0.524735 0.743750 0.528269 0.743750 0.542403 0.742188 0.545936 0.742188 0.549470 0.739062 0.556537 0.734375 0.556537 0.734375 0.609541 0.739062 0.609541 0.740625 0.613074 0.740625 0.634276 0.742188 0.637809 0.742188 0.683746 0.740625 0.687279 0.740625 0.726148 0.739062 0.729682 0.734375 0.729682 0.734375 0.786219 0.739062 0.786219 0.740625 0.789753 0.740625 0.796820 0.743750 0.803887 0.759375 0.803887 0.760938 0.807420 0.762500 0.807420 0.764063 0.810954 0.765625 0.810954 0.767187 0.814488 0.767187 0.828622 0.775000 0.828622 0.775000 0.814488 0.778125 0.807420 0.778125 0.800353 0.779688 0.796820 0.779688 0.761484 0.781250 0.757951 0.781250 0.676678 0.782812 0.673145 0.782812 0.651943 0.784375 0.648410 0.784375 0.641343 0.785937 0.637809 0.785937 0.577739 0.787500 0.574205 0.787500 0.560071 0.789062 0.556537 0.789062 0.553004 0.792188 0.545936 0.792188 0.542403 0.793750 0.538869 0.793750 0.531802 0.795313 0.528269 0.795313 0.524735 0.796875 0.521201 0.801562 0.521201 0.801562 0.517668 0.796875 0.517668 0.795313 0.514134 0.795313 0.507067 0.793750 0.503534 0.793750 0.500000 0.784375 0.478799 0.784375 0.457597 0.785937 0.454064 0.785937 0.422261
0 0.321875 0.436396 0.321875 0.450530 0.314063 0.468198 0.312500 0.468198 0.310937 0.471731 0.310937 0.475265 0.307813 0.482332 0.303125 0.482332 0.303125 0.567138 0.307813 0.567138 0.310937 0.574205 0.310937 0.591873 0.312500 0.595406 0.312500 0.680212 0.314063 0.683746 0.314063 0.687279 0.315625 0.690813 0.315625 0.701413 0.329688 0.701413 0.329688 0.669611 0.331250 0.666078 0.331250 0.648410 0.332812 0.644876 0.332812 0.637809 0.334375 0.634276 0.334375 0.627208 0.335938 0.623675 0.335938 0.570671 0.337500 0.567138 0.337500 0.538869 0.339063 0.535336 0.339063 0.531802 0.340625 0.528269 0.342187 0.528269 0.343750 0.524735 0.345313 0.524735 0.346875 0.521201 0.351562 0.521201 0.351562 0.475265 0.345313 0.475265 0.343750 0.471731 0.343750 0.468198 0.342187 0.464664 0.342187 0.461131 0.339063 0.454064 0.339063 0.450530 0.337500 0.446996 0.337500 0.436396
5 0.725000 0.644876 0.726562 0.648410 0.728125 0.648410 0.728125 0.623675 0.726562 0.620141 0.726562 0.623675 0.725000 0.627208 0.725000 0.644876 0.692187 0.602473 0.696875 0.613074 0.701563 0.613074 0.703125 0.616608 0.704687 0.616608 0.706250 0.620141 0.706250 0.627208 0.709375 0.634276 0.710938 0.634276 0.714063 0.627208 0.715625 0.630742 0.651563 0.623675 0.650000 0.620141 0.650000 0.609541 0.648438 0.606007 0.648438 0.595406 0.646875 0.591873 0.646875 0.570671 0.645312 0.567138 0.645312 0.556537 0.643750 0.556537 0.640625 0.549470 0.639063 0.549470 0.629687 0.528269 0.629687 0.521201 0.634375 0.510601 0.634375 0.507067 0.635938 0.503534 0.635938 0.492933 0.639063 0.485866 0.640625 0.485866 0.642187 0.489399 0.642187 0.492933 0.643750 0.496466 0.643750 0.500000 0.645312 0.503534 0.651563 0.489399 0.651563 0.485866 0.653125 0.482332 0.653125 0.475265 0.654688 0.471731 0.654688 0.464664 0.657812 0.457597 0.665625 0.457597 0.667188 0.461131 0.668750 0.461131 0.670313 0.464664 0.670313 0.468198 0.671875 0.471731 0.671875 0.475265 0.681250 0.496466 0.681250 0.500000 0.682813 0.503534 0.682813 0.507067 0.684375 0.510601 0.684375 0.514134 0.685938 0.514134 0.687500 0.517668 0.689062 0.517668 0.690625 0.514134 0.690625 0.507067 0.692187 0.503534 0.692187 0.500000 0.693750 0.496466 0.693750 0.492933 0.695312 0.489399 0.695312 0.485866 0.698438 0.478799 0.700000 0.478799 0.701563 0.475265 0.703125 0.475265 0.704687 0.471731 0.712500 0.471731 0.714063 0.475265 0.715625 0.475265 0.717188 0.478799 0.717188 0.482332 0.720312 0.489399 0.720312 0.510601 0.721875 0.514134 0.721875 0.521201 0.723437 0.521201 0.728125 0.531802 0.734375 0.517668 0.739062 0.517668 0.739062 0.425795 0.734375 0.425795 0.732813 0.422261 0.732813 0.415194 0.731250 0.411661 0.731250 0.393993 0.729688 0.390459 0.729688 0.376325 0.728125 0.372792 0.728125 0.365724 0.726562 0.362191 0.726562 0.358657 0.725000 0.355124 0.725000 0.348057 0.723437 0.344523 0.723437 0.340989 0.721875 0.337456 0.721875 0.330389 0.720312 0.326855 0.720312 0.323322 0.718750 0.319788 0.718750 0.316254 0.717188 0.312721 0.717188 0.309187 0.714063 0.302120 0.710938 0.302120 0.709375 0.298587 0.707812 0.298587 0.706250 0.295053 0.704687 0.295053 0.703125 0.291519 0.700000 0.291519 0.698438 0.287986 0.693750 0.287986 0.692187 0.284452 0.685938 0.284452 0.684375 0.280919 0.682813 0.280919 0.681250 0.277385 0.681250 0.266784 0.606250 0.266784 0.606250 0.280919 0.603125 0.287986 0.601562 0.287986 0.600000 0.291519 0.596875 0.291519 0.595312 0.295053 0.592188 0.295053 0.590625 0.298587 0.585938 0.298587 0.584375 0.302120 0.581250 0.302120 0.579687 0.305654 0.576563 0.305654 0.575000 0.309187 0.573438 0.309187 0.571875 0.312721 0.570312 0.312721 0.568750 0.316254 0.565625 0.316254 0.564062 0.319788 0.562500 0.319788 0.560938 0.323322 0.559375 0.323322 0.557813 0.326855 0.556250 0.326855 0.554688 0.330389 0.553125 0.330389 0.550000 0.337456 0.548437 0.337456 0.546875 0.340989 0.545313 0.340989 0.543750 0.344523 0.540625 0.344523 0.539062 0.348057 0.537500 0.348057 0.534375 0.355124 0.532812 0.355124 0.531250 0.358657 0.529688 0.358657 0.528125 0.362191 0.526563 0.362191 0.521875 0.372792 0.515625 0.372792 0.515625 0.510601 0.520312 0.510601 0.523438 0.517668 0.523438 0.524735 0.525000 0.528269 0.525000 0.535336 0.529688 0.545936 0.529688 0.549470 0.534375 0.549470 0.534375 0.528269 0.535937 0.524735 0.535937 0.521201 0.539062 0.514134 0.540625 0.514134 0.542188 0.510601 0.543750 0.510601 0.545313 0.507067 0.545313 0.503534 0.553125 0.485866 0.554688 0.489399 0.557813 0.489399 0.562500 0.500000 0.562500 0.507067 0.564062 0.510601 0.564062 0.521201 0.565625 0.524735 0.565625 0.531802 0.567187 0.535336 0.567187 0.545936 0.565625 0.549470 0.565625 0.560071 0.564062 0.563604 0.565625 0.567138 0.565625 0.577739 0.564062 0.581272 0.564062 0.598940 0.565625 0.602473 0.565625 0.620141 0.567187 0.623675 0.568750 0.623675 0.571875 0.630742 0.571875 0.634276 0.573438 0.637809 0.573438 0.641343 0.578125 0.651943 0.579687 0.651943 0.581250 0.655477 0.582812 0.655477 0.584375 0.659011 0.587500 0.659011 0.589063 0.662544 0.593750 0.662544 0.595312 0.666078 0.601562 0.666078 0.603125 0.669611 0.620313 0.669611 0.621875 0.673145 0.623438 0.673145 0.625000 0.676678 0.625000 0.687279 0.634375 0.687279 0.634375 0.676678 0.637500 0.669611 0.639063 0.669611 0.640625 0.666078 0.643750 0.666078 0.645312 0.662544 0.648438 0.662544 0.651563 0.655477 0.651563 0.623675 0.715625 0.630742 0.715625 0.644876 0.709375 0.644876 0.707812 0.648410 0.703125 0.648410 0.701563 0.651943 0.690625 0.651943 0.689062 0.648410 0.687500 0.648410 0.681250 0.634276 0.681250 0.627208 0.679688 0.623675 0.679688 0.606007 0.681250 0.602473 0.681250 0.598940 0.682813 0.595406 0.685938 0.595406 0.687500 0.598940 0.689062 0.598940 0.690625 0.602473 0.692187 0.602473
0 0.814062 0.450530 0.814062 0.461131 0.810938 0.468198 0.810938 0.471731 0.809375 0.475265 0.809375 0.503534 0.810938 0.507067 0.810938 0.510601 0.809375 0.514134 0.809375 0.524735 0.807813 0.528269 0.807813 0.535336 0.806250 0.538869 0.806250 0.542403 0.803125 0.549470 0.803125 0.553004 0.801562 0.556537 0.801562 0.560071 0.800000 0.563604 0.800000 0.577739 0.798437 0.581272 0.798437 0.591873 0.796875 0.595406 0.796875 0.598940 0.795313 0.602473 0.790625 0.602473 0.790625 0.627208 0.795313 0.627208 0.798437 0.634276 0.798437 0.637809 0.800000 0.641343 0.800000 0.648410 0.803125 0.655477 0.803125 0.659011 0.804688 0.662544 0.804688 0.669611 0.806250 0.673145 0.806250 0.708481 0.807813 0.712014 0.807813 0.754417 0.809375 0.757951 0.809375 0.768551 0.810938 0.772085 0.810938 0.803887 0.809375 0.807420 0.809375 0.814488 0.807813 0.818021 0.807813 0.828622 0.831250 0.828622 0.831250 0.814488 0.832812 0.810954 0.832812 0.807420 0.834375 0.803887 0.834375 0.796820 0.835938 0.793286 0.835938 0.722615 0.837500 0.719081 0.837500 0.704947 0.835938 0.701413 0.835938 0.690813 0.834375 0.687279 0.834375 0.673145 0.835938 0.669611 0.835938 0.659011 0.837500 0.655477 0.837500 0.651943 0.839063 0.648410 0.839063 0.644876 0.840625 0.641343 0.840625 0.630742 0.842188 0.627208 0.842188 0.609541 0.843750 0.606007 0.843750 0.560071 0.842188 0.556537 0.842188 0.553004 0.840625 0.549470 0.840625 0.542403 0.839063 0.538869 0.839063 0.535336 0.837500 0.531802 0.837500 0.528269 0.835938 0.524735 0.835938 0.521201 0.834375 0.517668 0.834375 0.510601 0.832812 0.507067 0.832812 0.500000 0.831250 0.496466 0.831250 0.485866 0.829687 0.482332 0.829687 0.468198 0.828125 0.464664 0.828125 0.450530
0 0.654688 0.450530 0.654688 0.492933 0.650000 0.503534 0.650000 0.510601 0.648438 0.514134 0.648438 0.556537 0.650000 0.560071 0.650000 0.591873 0.651563 0.595406 0.651563 0.606007 0.653125 0.609541 0.653125 0.616608 0.654688 0.620141 0.654688 0.627208 0.656250 0.630742 0.656250 0.651943 0.657812 0.655477 0.657812 0.669611 0.650000 0.687279 0.650000 0.701413 0.667188 0.701413 0.667188 0.690813 0.673437 0.676678 0.675000 0.676678 0.678125 0.669611 0.679688 0.669611 0.681250 0.666078 0.681250 0.659011 0.678125 0.651943 0.678125 0.644876 0.676562 0.641343 0.676562 0.637809 0.675000 0.634276 0.675000 0.574205 0.676562 0.570671 0.676562 0.567138 0.679688 0.560071 0.679688 0.556537 0.682813 0.549470 0.682813 0.545936 0.684375 0.542403 0.689062 0.542403 0.689062 0.528269 0.684375 0.528269 0.682813 0.524735 0.682813 0.521201 0.681250 0.517668 0.681250 0.514134 0.679688 0.510601 0.679688 0.503534 0.673437 0.489399 0.673437 0.485866 0.670313 0.478799 0.670313 0.450530
0 0.835938 0.464664 0.835938 0.475265 0.834375 0.478799 0.834375 0.482332 0.832812 0.485866 0.828125 0.485866 0.828125 0.507067 0.834375 0.507067 0.835938 0.510601 0.835938 0.514134 0.839063 0.521201 0.839063 0.524735 0.840625 0.528269 0.840625 0.531802 0.842188 0.535336 0.842188 0.538869 0.843750 0.542403 0.843750 0.545936 0.845312 0.549470 0.845312 0.553004 0.846875 0.556537 0.846875 0.563604 0.848437 0.567138 0.848437 0.570671 0.850000 0.574205 0.850000 0.577739 0.851562 0.581272 0.851562 0.595406 0.850000 0.598940 0.850000 0.602473 0.848437 0.606007 0.848437 0.609541 0.846875 0.613074 0.846875 0.630742 0.845312 0.634276 0.845312 0.644876 0.843750 0.648410 0.843750 0.651943 0.842188 0.655477 0.840625 0.655477 0.840625 0.659011 0.839063 0.662544 0.839063 0.669611 0.837500 0.673145 0.837500 0.690813 0.839063 0.694346 0.839063 0.726148 0.837500 0.729682 0.837500 0.736749 0.839063 0.740283 0.839063 0.761484 0.837500 0.765018 0.837500 0.786219 0.839063 0.789753 0.839063 0.793286 0.842188 0.800353 0.842188 0.814488 0.853125 0.814488 0.853125 0.803887 0.854688 0.800353 0.854688 0.789753 0.856250 0.786219 0.856250 0.687279 0.857813 0.683746 0.857813 0.676678 0.859375 0.673145 0.859375 0.659011 0.860937 0.655477 0.860937 0.648410 0.862500 0.644876 0.862500 0.641343 0.865625 0.634276 0.870313 0.634276 0.870313 0.542403 0.864062 0.542403 0.862500 0.538869 0.862500 0.535336 0.857813 0.524735 0.857813 0.521201 0.854688 0.514134 0.854688 0.510601 0.853125 0.507067 0.853125 0.482332 0.851562 0.478799 0.851562 0.464664
0 0.684375 0.659011 0.678125 0.659011 0.678125 0.662544 0.684375 0.662544 0.684375 0.659011 0.698438 0.651943 0.700000 0.655477 0.700000 0.662544 0.703125 0.669611 0.703125 0.673145 0.706250 0.673145 0.707812 0.676678 0.707812 0.687279 0.732813 0.687279 0.732813 0.542403 0.726562 0.542403 0.718750 0.524735 0.718750 0.521201 0.717188 0.517668 0.717188 0.514134 0.718750 0.510601 0.718750 0.485866 0.717188 0.482332 0.717188 0.464664 0.700000 0.464664 0.700000 0.475265 0.698438 0.478799 0.698438 0.492933 0.696875 0.496466 0.696875 0.510601 0.695312 0.514134 0.695312 0.524735 0.693750 0.528269 0.693750 0.531802 0.692187 0.535336 0.692187 0.538869 0.690625 0.542403 0.689062 0.542403 0.687500 0.545936 0.678125 0.545936 0.678125 0.567138 0.684375 0.567138 0.687500 0.574205 0.689062 0.574205 0.695312 0.588339 0.695312 0.591873 0.696875 0.595406 0.698438 0.595406 0.700000 0.598940 0.704687 0.598940 0.706250 0.595406 0.707812 0.595406 0.710938 0.602473 0.710938 0.606007 0.712500 0.609541 0.712500 0.613074 0.714063 0.616608 0.714063 0.620141 0.712500 0.623675 0.710938 0.623675 0.709375 0.627208 0.707812 0.627208 0.700000 0.644876 0.698438 0.644876 0.698438 0.651943
0 0.548437 0.478799 0.548437 0.492933 0.546875 0.496466 0.546875 0.500000 0.543750 0.507067 0.542188 0.507067 0.540625 0.510601 0.539062 0.510601 0.537500 0.514134 0.534375 0.514134 0.528125 0.528269 0.526563 0.528269 0.520312 0.542403 0.515625 0.542403 0.515625 0.567138 0.521875 0.567138 0.523438 0.570671 0.525000 0.570671 0.526563 0.574205 0.526563 0.577739 0.528125 0.581272 0.528125 0.602473 0.526563 0.606007 0.526563 0.613074 0.525000 0.616608 0.525000 0.623675 0.523438 0.627208 0.523438 0.644876 0.540625 0.644876 0.540625 0.630742 0.542188 0.627208 0.542188 0.606007 0.543750 0.602473 0.543750 0.588339 0.542188 0.584806 0.542188 0.574205 0.540625 0.570671 0.540625 0.549470 0.546875 0.535336 0.548437 0.535336 0.551562 0.528269 0.554688 0.528269 0.556250 0.531802 0.557813 0.531802 0.559375 0.535336 0.564062 0.535336 0.564062 0.478799
0 0.540625 0.630742 0.539062 0.627208 0.534375 0.627208 0.534375 0.644876 0.540625 0.644876 0.540625 0.630742 0.543750 0.620141 0.548437 0.620141 0.550000 0.623675 0.553125 0.623675 0.556250 0.630742 0.556250 0.644876 0.576563 0.644876 0.576563 0.588339 0.570312 0.588339 0.568750 0.584806 0.567187 0.584806 0.565625 0.581272 0.565625 0.535336 0.562500 0.528269 0.562500 0.521201 0.560938 0.517668 0.560938 0.478799 0.550000 0.478799 0.550000 0.492933 0.548437 0.496466 0.548437 0.510601 0.546875 0.514134 0.546875 0.521201 0.545313 0.524735 0.545313 0.528269 0.539062 0.542403 0.534375 0.542403 0.534375 0.577739 0.539062 0.577739 0.542188 0.584806 0.542188 0.616608 0.543750 0.620141
7 0.137500 0.464664 0.137500 0.478799 0.135937 0.482332 0.135937 0.485866 0.134375 0.489399 0.128125 0.489399 0.128125 0.545936 0.164062 0.545936 0.164062 0.464664
4 0.101562 0.535336 0.101562 0.545936 0.098438 0.553004 0.095312 0.553004 0.089062 0.567138 0.075000 0.567138 0.073437 0.570671 0.067188 0.570671 0.065625 0.574205 0.062500 0.574205 0.060938 0.577739 0.057813 0.577739 0.056250 0.581272 0.053125 0.581272 0.051562 0.584806 0.045313 0.584806 0.043750 0.588339 0.042188 0.588339 0.040625 0.591873 0.037500 0.591873 0.035937 0.595406 0.029687 0.595406 0.028125 0.598940 0.020312 0.598940 0.018750 0.602473 0.015625 0.602473 0.014062 0.606007 0.010937 0.606007 0.009375 0.609541 0.000000 0.609541 0.000000 0.673145 0.085938 0.673145 0.085938 0.659011 0.090625 0.648410 0.090625 0.644876 0.092188 0.641343 0.092188 0.634276 0.103125 0.609541 0.104687 0.609541 0.107813 0.602473 0.109375 0.602473 0.126563 0.563604 0.132812 0.563604 0.132812 0.535336
