5 0.000000 0.195652 0.000000 0.454106 0.020312 0.454106 0.020312 0.432367 0.021875 0.429952 0.021875 0.422705 0.023438 0.420290 0.023438 0.415459 0.028125 0.408213 0.029687 0.408213 0.031250 0.405797 0.032812 0.405797 0.034375 0.403382 0.035937 0.403382 0.037500 0.400966 0.039062 0.400966 0.051562 0.381643 0.053125 0.381643 0.056250 0.376812 0.057813 0.376812 0.060938 0.371981 0.062500 0.371981 0.064062 0.369565 0.065625 0.369565 0.067188 0.367150 0.068750 0.367150 0.070312 0.364734 0.075000 0.364734 0.076563 0.362319 0.118750 0.362319 0.120312 0.359903 0.126563 0.359903 0.128125 0.362319 0.140625 0.362319 0.142188 0.364734 0.146875 0.364734 0.148438 0.362319 0.148438 0.359903 0.150000 0.357488 0.150000 0.355072 0.151562 0.352657 0.151562 0.350242 0.153125 0.347826 0.157813 0.347826 0.157813 0.229469 0.153125 0.229469 0.151562 0.227053 0.151562 0.224638 0.150000 0.222222 0.150000 0.219807 0.143750 0.210145 0.142188 0.210145 0.140625 0.207729 0.137500 0.207729 0.134375 0.202899 0.134375 0.195652 0.031250 0.195652 0.031250 0.202899 0.029687 0.205314 0.026563 0.205314 0.025000 0.207729 0.007812 0.207729 0.004688 0.202899 0.004688 0.195652
7 0.814062 0.483092 0.815625 0.483092 0.818750 0.478261 0.820312 0.478261 0.821875 0.475845 0.823438 0.478261 0.826563 0.478261 0.828125 0.475845 0.829687 0.475845 0.829687 0.471014 0.832812 0.466184 0.814062 0.466184 0.814062 0.468599 0.810938 0.473430 0.810938 0.475845 0.812500 0.478261 0.812500 0.480676 0.814062 0.483092 0.814062 0.495169 0.812500 0.495169 0.810938 0.497585 0.809375 0.497585 0.803125 0.487923 0.803125 0.485507 0.801562 0.485507 0.798437 0.480676 0.798437 0.478261 0.796875 0.475845 0.796875 0.463768 0.795313 0.461353 0.795313 0.456522 0.793750 0.454106 0.793750 0.451691 0.792188 0.449275 0.792188 0.437198 0.790625 0.434783 0.790625 0.432367 0.787500 0.427536 0.787500 0.396135 0.782812 0.388889 0.782812 0.374396 0.781250 0.371981 0.779688 0.371981 0.778125 0.369565 0.778125 0.371981 0.776563 0.374396 0.776563 0.398551 0.775000 0.400966 0.775000 0.410628 0.776563 0.413043 0.776563 0.420290 0.778125 0.422705 0.778125 0.434783 0.776563 0.437198 0.776563 0.442029 0.775000 0.444444 0.775000 0.446860 0.773438 0.449275 0.773438 0.451691 0.771875 0.454106 0.770312 0.454106 0.765625 0.461353 0.760938 0.461353 0.759375 0.458937 0.756250 0.458937 0.754687 0.456522 0.750000 0.456522 0.748438 0.454106 0.745313 0.454106 0.739062 0.444444 0.739062 0.442029 0.737500 0.439614 0.737500 0.434783 0.735937 0.432367 0.735937 0.429952 0.734375 0.427536 0.734375 0.410628 0.732813 0.408213 0.732813 0.403382 0.732813 0.405797 0.728125 0.413043 0.726562 0.410628 0.726562 0.408213 0.725000 0.405797 0.725000 0.374396 0.728125 0.369565 0.729688 0.369565 0.731250 0.367150 0.732813 0.367150 0.734375 0.364734 0.734375 0.362319 0.739062 0.355072 0.743750 0.355072 0.745313 0.352657 0.748438 0.357488 0.748438 0.359903 0.751562 0.364734 0.753125 0.364734 0.754687 0.362319 0.754687 0.359903 0.756250 0.357488 0.756250 0.352657 0.757812 0.350242 0.767187 0.350242 0.768750 0.352657 0.771875 0.352657 0.773438 0.355072 0.775000 0.355072 0.778125 0.359903 0.778125 0.362319 0.778125 0.359903 0.781250 0.355072 0.782812 0.355072 0.787500 0.347826 0.787500 0.345411 0.789062 0.342995 0.790625 0.342995 0.793750 0.347826 0.796875 0.347826 0.798437 0.345411 0.798437 0.328502 0.796875 0.328502 0.795313 0.326087 0.793750 0.326087 0.792188 0.323671 0.790625 0.323671 0.789062 0.321256 0.787500 0.321256 0.785937 0.318841 0.784375 0.318841 0.779688 0.311594 0.778125 0.311594 0.776563 0.309179 0.771875 0.309179 0.770312 0.306763 0.767187 0.306763 0.765625 0.304348 0.760938 0.304348 0.759375 0.301932 0.746875 0.301932 0.745313 0.299517 0.734375 0.299517 0.732813 0.297101 0.728125 0.297101 0.726562 0.294686 0.701563 0.294686 0.700000 0.297101 0.668750 0.297101 0.667188 0.294686 0.664062 0.294686 0.662500 0.292271 0.656250 0.292271 0.654688 0.289855 0.642187 0.289855 0.640625 0.287440 0.628125 0.287440 0.626562 0.289855 0.618750 0.289855 0.617188 0.287440 0.607813 0.287440 0.606250 0.285024 0.603125 0.285024 0.601562 0.282609 0.596875 0.282609 0.595312 0.280193 0.595312 0.263285 0.596875 0.260870 0.600000 0.265700 0.609375 0.265700 0.609375 0.263285 0.614062 0.256039 0.614062 0.253623 0.615625 0.251208 0.615625 0.248792 0.614062 0.246377 0.614062 0.241546 0.615625 0.239130 0.615625 0.229469 0.614062 0.227053 0.614062 0.224638 0.612500 0.222222 0.604688 0.222222 0.603125 0.219807 0.603125 0.239130 0.595312 0.251208 0.590625 0.251208 0.587500 0.246377 0.587500 0.241546 0.585938 0.239130 0.585938 0.229469 0.584375 0.227053 0.584375 0.217391 0.582812 0.214976 0.582812 0.207729 0.581250 0.205314 0.581250 0.202899 0.579687 0.200483 0.565625 0.200483 0.564062 0.202899 0.543750 0.202899 0.542188 0.205314 0.525000 0.205314 0.523438 0.202899 0.515625 0.202899 0.514063 0.200483 0.507812 0.200483 0.506250 0.198068 0.503125 0.198068 0.501562 0.195652 0.500000 0.198068 0.476562 0.198068 0.475000 0.195652 0.464063 0.195652 0.462500 0.193237 0.454688 0.193237 0.453125 0.190821 0.440625 0.190821 0.439063 0.188406 0.434375 0.188406 0.432813 0.185990 0.431250 0.185990 0.428125 0.181159 0.428125 0.178744 0.420312 0.178744 0.418750 0.181159 0.415625 0.181159 0.414062 0.183575 0.412500 0.183575 0.410937 0.185990 0.406250 0.185990 0.404687 0.183575 0.395312 0.183575 0.393750 0.181159 0.387500 0.181159 0.385938 0.183575 0.384375 0.183575 0.382812 0.185990 0.359375 0.185990 0.357812 0.183575 0.346875 0.183575 0.345313 0.181159 0.342187 0.181159 0.340625 0.178744 0.339063 0.178744 0.337500 0.181159 0.334375 0.181159 0.332812 0.183575 0.325000 0.183575 0.323438 0.181159 0.320312 0.181159 0.318750 0.178744 0.317187 0.178744 0.315625 0.176328 0.314063 0.176328 0.312500 0.178744 0.307813 0.178744 0.306250 0.181159 0.300000 0.181159 0.298438 0.183575 0.290625 0.183575 0.289062 0.185990 0.276563 0.185990 0.275000 0.188406 0.270312 0.188406 0.268750 0.185990 0.256250 0.185990 0.254687 0.188406 0.246875 0.188406 0.245312 0.190821 0.237500 0.190821 0.235938 0.193237 0.225000 0.193237 0.223438 0.195652 0.218750 0.195652 0.217187 0.198068 0.215625 0.198068 0.212500 0.202899 0.212500 0.205314 0.210938 0.207729 0.210938 0.239130 0.209375 0.241546 0.209375 0.253623 0.207813 0.256039 0.207813 0.268116 0.206250 0.270531 0.206250 0.275362 0.204688 0.277778 0.204688 0.289855 0.206250 0.292271 0.206250 0.294686 0.207813 0.297101 0.207813 0.299517 0.209375 0.301932 0.210938 0.301932 0.215625 0.309179 0.217187 0.309179 0.223438 0.318841 0.223438 0.321256 0.226562 0.326087 0.226562 0.330918 0.228125 0.333333 0.228125 0.340580 0.226562 0.342995 0.226562 0.347826 0.215625 0.364734 0.215625 0.367150 0.203125 0.386473 0.203125 0.388889 0.190625 0.408213 0.190625 0.410628 0.185937 0.417874 0.185937 0.420290 0.179688 0.429952 0.176563 0.429952 0.175000 0.432367 0.170312 0.432367 0.168750 0.429952 0.165625 0.429952 0.160938 0.422705 0.160938 0.420290 0.159375 0.417874 0.157813 0.417874 0.156250 0.415459 0.150000 0.415459 0.148438 0.417874 0.146875 0.417874 0.145313 0.420290 0.142188 0.420290 0.140625 0.422705 0.139062 0.422705 0.135937 0.427536 0.135937 0.437198 0.134375 0.439614 0.128125 0.439614 0.128125 0.688406 0.132812 0.688406 0.135937 0.693237 0.135937 0.695652 0.137500 0.698068 0.137500 0.702899 0.139062 0.705314 0.139062 0.707729 0.143750 0.714976 0.145313 0.714976 0.146875 0.717391 0.150000 0.717391 0.151562 0.719807 0.170312 0.719807 0.171875 0.717391 0.173438 0.717391 0.175000 0.714976 0.176563 0.714976 0.178125 0.712560 0.178125 0.710145 0.179688 0.707729 0.179688 0.702899 0.181250 0.700483 0.181250 0.690821 0.182812 0.688406 0.182812 0.681159 0.184375 0.678744 0.184375 0.673913 0.190625 0.664251 0.195312 0.664251 0.196875 0.661836 0.218750 0.661836 0.220313 0.664251 0.223438 0.664251 0.225000 0.666667 0.226562 0.666667 0.228125 0.669082 0.259375 0.669082 0.260938 0.671498 0.267188 0.671498 0.268750 0.673913 0.270312 0.673913 0.276563 0.683575 0.276563 0.685990 0.278125 0.688406 0.278125 0.695652 0.279687 0.698068 0.279687 0.700483 0.282813 0.705314 0.284375 0.705314 0.285937 0.707729 0.290625 0.707729 0.292188 0.710145 0.295312 0.710145 0.296875 0.712560 0.300000 0.712560 0.301562 0.714976 0.303125 0.714976 0.304688 0.717391 0.309375 0.717391 0.310937 0.719807 0.331250 0.719807 0.332812 0.722222 0.339063 0.722222 0.340625 0.724638 0.342187 0.724638 0.343750 0.727053 0.345313 0.727053 0.346875 0.729469 0.348437 0.729469 0.353125 0.736715 0.353125 0.739130 0.354688 0.741546 0.354688 0.743961 0.356250 0.746377 0.356250 0.748792 0.357812 0.751208 0.357812 0.753623 0.359375 0.756039 0.359375 0.760870 0.360938 0.763285 0.360938 0.765700 0.362500 0.768116 0.362500 0.770531 0.364062 0.772947 0.364062 0.775362 0.367188 0.780193 0.367188 0.782609 0.373437 0.792271 0.375000 0.792271 0.378125 0.797101 0.381250 0.797101 0.382812 0.799517 0.385938 0.799517 0.387500 0.801932 0.393750 0.801932 0.395312 0.804348 0.409375 0.804348 0.410937 0.801932 0.421875 0.801932 0.423438 0.799517 0.428125 0.799517 0.429688 0.797101 0.431250 0.797101 0.432813 0.794686 0.435937 0.794686 0.437500 0.792271 0.440625 0.792271 0.442187 0.789855 0.443750 0.789855 0.445312 0.787440 0.448438 0.787440 0.450000 0.785024 0.451562 0.785024 0.453125 0.782609 0.456250 0.782609 0.457812 0.780193 0.464063 0.780193 0.465625 0.777778 0.475000 0.777778 0.476562 0.775362 0.495313 0.775362 0.496875 0.777778 0.503125 0.777778 0.504687 0.780193 0.509375 0.780193 0.510938 0.782609 0.514063 0.782609 0.515625 0.785024 0.518750 0.785024 0.520312 0.787440 0.521875 0.787440 0.523438 0.789855 0.525000 0.789855 0.526563 0.792271 0.528125 0.792271 0.531250 0.797101 0.534375 0.797101 0.535937 0.799517 0.545313 0.799517 0.546875 0.801932 0.559375 0.801932 0.560938 0.804348 0.567187 0.804348 0.568750 0.806763 0.578125 0.806763 0.579687 0.809179 0.585938 0.809179 0.587500 0.811594 0.589063 0.811594 0.590625 0.814010 0.590625 0.821256 0.668750 0.821256 0.668750 0.814010 0.670313 0.811594 0.673437 0.811594 0.675000 0.809179 0.693750 0.809179 0.695312 0.806763 0.715625 0.806763 0.717188 0.804348 0.731250 0.804348 0.732813 0.801932 0.746875 0.801932 0.748438 0.799517 0.771875 0.799517 0.773438 0.797101 0.779688 0.797101 0.781250 0.794686 0.790625 0.794686 0.792188 0.792271 0.801562 0.792271 0.803125 0.789855 0.810938 0.789855 0.812500 0.787440 0.826563 0.787440 0.828125 0.785024 0.837500 0.785024 0.839063 0.782609 0.842188 0.782609 0.843750 0.780193 0.850000 0.780193 0.851562 0.777778 0.859375 0.777778 0.860937 0.775362 0.864062 0.775362 0.865625 0.772947 0.867188 0.772947 0.870313 0.768116 0.873438 0.768116 0.876562 0.772947 0.884375 0.772947 0.885938 0.770531 0.889063 0.770531 0.889063 0.768116 0.890625 0.765700 0.890625 0.763285 0.892187 0.760870 0.892187 0.753623 0.893750 0.751208 0.893750 0.743961 0.895312 0.741546 0.895312 0.739130 0.896875 0.736715 0.896875 0.722222 0.893750 0.717391 0.893750 0.705314 0.896875 0.700483 0.904688 0.700483 0.906250 0.702899 0.912500 0.702899 0.914062 0.705314 0.925000 0.705314 0.926562 0.707729 0.939062 0.707729 0.940625 0.710145 0.956250 0.710145 0.957812 0.712560 0.964063 0.712560 0.965625 0.714976 0.968750 0.714976 0.970312 0.717391 0.973437 0.717391 0.975000 0.719807 0.979688 0.719807 0.981250 0.722222 0.982813 0.722222 0.984375 0.724638 0.989062 0.724638 0.989062 0.429952 0.954687 0.429952 0.953125 0.432367 0.945312 0.432367 0.943750 0.434783 0.937500 0.434783 0.935938 0.437198 0.929688 0.437198 0.928125 0.439614 0.926562 0.439614 0.925000 0.437198 0.918750 0.437198 0.917188 0.434783 0.909375 0.434783 0.907812 0.437198 0.903125 0.437198 0.901563 0.439614 0.898438 0.439614 0.896875 0.442029 0.892187 0.442029 0.890625 0.444444 0.887500 0.444444 0.885938 0.446860 0.882812 0.446860 0.867188 0.471014 0.865625 0.471014 0.864062 0.473430 0.862500 0.473430 0.859375 0.478261 0.857813 0.478261 0.856250 0.480676 0.856250 0.483092 0.853125 0.487923 0.853125 0.490338 0.851562 0.492754 0.850000 0.492754 0.848437 0.495169 0.846875 0.495169 0.845312 0.497585 0.840625 0.497585 0.839063 0.500000 0.820312 0.500000 0.818750 0.497585 0.815625 0.497585 0.814062 0.495169
2 0.065625 0.359903 0.065625 0.369565 0.062500 0.374396 0.060938 0.374396 0.059375 0.376812 0.057813 0.376812 0.051562 0.386473 0.050000 0.386473 0.037500 0.405797 0.031250 0.405797 0.029687 0.408213 0.026563 0.408213 0.021875 0.415459 0.015625 0.415459 0.015625 0.492754 0.020312 0.492754 0.023438 0.497585 0.023438 0.500000 0.025000 0.502415 0.025000 0.504831 0.028125 0.509662 0.035937 0.509662 0.037500 0.507246 0.039062 0.507246 0.043750 0.500000 0.045313 0.500000 0.046875 0.497585 0.053125 0.497585 0.054688 0.500000 0.064062 0.500000 0.065625 0.502415 0.067188 0.502415 0.071875 0.509662 0.071875 0.521739 0.084375 0.521739 0.084375 0.512077 0.085938 0.509662 0.087500 0.509662 0.089062 0.507246 0.092188 0.507246 0.093750 0.509662 0.096875 0.509662 0.100000 0.514493 0.100000 0.521739 0.109375 0.521739 0.109375 0.509662 0.110937 0.507246 0.110937 0.504831 0.114063 0.500000 0.114063 0.495169 0.115625 0.492754 0.115625 0.483092 0.117188 0.480676 0.117188 0.444444 0.118750 0.442029 0.118750 0.439614 0.128125 0.425121 0.132812 0.425121 0.134375 0.422705 0.140625 0.422705 0.142188 0.420290 0.145313 0.420290 0.146875 0.417874 0.148438 0.417874 0.150000 0.415459 0.151562 0.415459 0.153125 0.413043 0.154687 0.413043 0.156250 0.410628 0.156250 0.386473 0.154687 0.384058 0.154687 0.379227 0.148438 0.369565 0.148438 0.359903
0 0.929688 0.340580 0.929688 0.359903 0.928125 0.362319 0.928125 0.364734 0.926562 0.367150 0.926562 0.369565 0.923437 0.374396 0.923437 0.376812 0.920313 0.381643 0.915625 0.381643 0.915625 0.434783 0.951563 0.434783 0.951563 0.427536 0.953125 0.425121 0.957812 0.425121 0.957812 0.396135 0.953125 0.396135 0.951563 0.393720 0.951563 0.391304 0.950000 0.388889 0.950000 0.386473 0.948438 0.384058 0.948438 0.379227 0.942187 0.369565 0.942187 0.364734 0.940625 0.362319 0.940625 0.355072 0.942187 0.352657 0.942187 0.340580
9 0.584375 0.195652 0.584375 0.270531 0.607813 0.270531 0.607813 0.205314 0.603125 0.205314 0.601562 0.202899 0.601562 0.195652
0 0.278125 0.108696 0.278125 0.135266 0.276563 0.137681 0.276563 0.140097 0.275000 0.142512 0.275000 0.144928 0.273438 0.147343 0.273438 0.149758 0.270312 0.154589 0.265625 0.154589 0.265625 0.193237 0.278125 0.193237 0.278125 0.185990 0.281250 0.181159 0.285937 0.181159 0.287500 0.178744 0.295312 0.178744 0.296875 0.176328 0.307813 0.176328 0.307813 0.149758 0.303125 0.149758 0.295312 0.137681 0.295312 0.135266 0.293750 0.132850 0.293750 0.108696
9 0.759375 0.185990 0.759375 0.280193 0.781250 0.280193 0.781250 0.270531 0.784375 0.265700 0.789062 0.265700 0.789062 0.185990
0 0.953125 0.340580 0.953125 0.434783 0.973437 0.434783 0.973437 0.422705 0.975000 0.420290 0.975000 0.408213 0.978125 0.403382 0.982813 0.403382 0.982813 0.384058 0.978125 0.384058 0.975000 0.379227 0.975000 0.374396 0.973437 0.371981 0.973437 0.364734 0.971875 0.362319 0.971875 0.350242 0.970312 0.347826 0.970312 0.340580
9 0.603125 0.214976 0.603125 0.280193 0.632812 0.280193 0.632812 0.227053 0.625000 0.227053 0.623438 0.224638 0.623438 0.214976
0 0.821875 0.350242 0.821875 0.359903 0.820312 0.362319 0.815625 0.362319 0.815625 0.444444 0.835938 0.444444 0.835938 0.422705 0.837500 0.420290 0.837500 0.408213 0.839063 0.405797 0.839063 0.398551 0.840625 0.396135 0.845312 0.396135 0.845312 0.388889 0.840625 0.388889 0.839063 0.386473 0.839063 0.384058 0.837500 0.381643 0.837500 0.374396 0.835938 0.371981 0.835938 0.350242
0 0.853125 0.350242 0.853125 0.357488 0.851562 0.359903 0.846875 0.359903 0.846875 0.444444 0.864062 0.444444 0.864062 0.427536 0.865625 0.425121 0.870313 0.425121 0.870313 0.350242
