0 0.412500 0.647917 0.421875 0.647917 0.423438 0.650000 0.425000 0.650000 0.426562 0.652083 0.429688 0.652083 0.429688 0.650000 0.431250 0.647917 0.431250 0.635417 0.429688 0.633333 0.429688 0.625000 0.428125 0.622917 0.428125 0.620833 0.426562 0.618750 0.426562 0.614583 0.421875 0.608333 0.418750 0.608333 0.417188 0.610417 0.414062 0.610417 0.412500 0.612500 0.412500 0.614583 0.410937 0.616667 0.410937 0.618750 0.404687 0.627083 0.404687 0.637500 0.406250 0.639583 0.406250 0.641667 0.409375 0.645833 0.410937 0.645833 0.412500 0.647917 0.412500 0.658333 0.409375 0.658333 0.407813 0.656250 0.404687 0.656250 0.401563 0.652083 0.400000 0.652083 0.398438 0.650000 0.396875 0.650000 0.393750 0.645833 0.392188 0.645833 0.390625 0.643750 0.385938 0.643750 0.384375 0.641667 0.375000 0.641667 0.373437 0.639583 0.370313 0.639583 0.368750 0.637500 0.362500 0.637500 0.360938 0.635417 0.345313 0.635417 0.343750 0.637500 0.335938 0.637500 0.334375 0.639583 0.332812 0.639583 0.331250 0.637500 0.320312 0.637500 0.318750 0.635417 0.317187 0.635417 0.309375 0.625000 0.309375 0.622917 0.307813 0.620833 0.307813 0.614583 0.306250 0.612500 0.306250 0.597917 0.304688 0.595833 0.304688 0.581250 0.306250 0.579167 0.306250 0.568750 0.307813 0.566667 0.307813 0.564583 0.309375 0.562500 0.309375 0.560417 0.320312 0.545833 0.320312 0.543750 0.321875 0.541667 0.321875 0.539583 0.323438 0.537500 0.323438 0.520833 0.326562 0.516667 0.326562 0.514583 0.337500 0.500000 0.337500 0.497917 0.362500 0.464583 0.362500 0.462500 0.364062 0.460417 0.364062 0.458333 0.365625 0.456250 0.365625 0.454167 0.368750 0.450000 0.368750 0.447917 0.373437 0.441667 0.375000 0.441667 0.379687 0.435417 0.379687 0.433333 0.381250 0.431250 0.381250 0.429167 0.385938 0.422917 0.387500 0.422917 0.389062 0.420833 0.390625 0.420833 0.398438 0.410417 0.398438 0.408333 0.401563 0.404167 0.401563 0.402083 0.404687 0.397917 0.404687 0.395833 0.406250 0.393750 0.406250 0.391667 0.407813 0.389583 0.407813 0.387500 0.409375 0.385417 0.409375 0.383333 0.410937 0.381250 0.410937 0.379167 0.412500 0.377083 0.412500 0.372917 0.414062 0.370833 0.414062 0.362500 0.415625 0.360417 0.415625 0.350000 0.414062 0.347917 0.414062 0.339583 0.412500 0.337500 0.412500 0.329167 0.414062 0.327083 0.414062 0.320833 0.415625 0.318750 0.415625 0.310417 0.417188 0.308333 0.417188 0.302083 0.418750 0.300000 0.418750 0.295833 0.420312 0.293750 0.420312 0.291667 0.425000 0.285417 0.425000 0.283333 0.426562 0.281250 0.426562 0.279167 0.428125 0.277083 0.428125 0.275000 0.431250 0.270833 0.431250 0.266667 0.432813 0.264583 0.432813 0.260417 0.431250 0.258333 0.431250 0.237500 0.432813 0.235417 0.432813 0.210417 0.431250 0.208333 0.431250 0.200000 0.429688 0.197917 0.429688 0.193750 0.428125 0.191667 0.428125 0.187500 0.426562 0.185417 0.426562 0.183333 0.425000 0.181250 0.425000 0.177083 0.421875 0.172917 0.421875 0.170833 0.420312 0.168750 0.420312 0.166667 0.418750 0.164583 0.418750 0.162500 0.417188 0.160417 0.417188 0.158333 0.414062 0.154167 0.414062 0.152083 0.412500 0.150000 0.412500 0.147917 0.406250 0.139583 0.406250 0.137500 0.400000 0.129167 0.400000 0.127083 0.365625 0.081250 0.364062 0.081250 0.360938 0.077083 0.360938 0.070833 0.296875 0.070833 0.296875 0.077083 0.295312 0.079167 0.293750 0.079167 0.292188 0.081250 0.290625 0.081250 0.289062 0.083333 0.285937 0.083333 0.284375 0.085417 0.281250 0.085417 0.279687 0.087500 0.278125 0.087500 0.276563 0.089583 0.273438 0.089583 0.271875 0.091667 0.270312 0.091667 0.267188 0.095833 0.265625 0.095833 0.264062 0.097917 0.262500 0.097917 0.259375 0.102083 0.257812 0.102083 0.251563 0.110417 0.250000 0.110417 0.234375 0.131250 0.234375 0.133333 0.232812 0.135417 0.232812 0.137500 0.231250 0.139583 0.231250 0.143750 0.229687 0.145833 0.229687 0.147917 0.228125 0.150000 0.228125 0.152083 0.226562 0.154167 0.226562 0.156250 0.225000 0.158333 0.225000 0.162500 0.223438 0.164583 0.223438 0.168750 0.221875 0.170833 0.221875 0.175000 0.220313 0.177083 0.220313 0.179167 0.218750 0.181250 0.218750 0.183333 0.217187 0.185417 0.217187 0.189583 0.215625 0.191667 0.215625 0.193750 0.214062 0.195833 0.214062 0.197917 0.212500 0.200000 0.212500 0.204167 0.210938 0.206250 0.210938 0.208333 0.209375 0.210417 0.209375 0.212500 0.206250 0.216667 0.206250 0.218750 0.204688 0.220833 0.204688 0.222917 0.200000 0.229167 0.192188 0.229167 0.190625 0.231250 0.189063 0.231250 0.187500 0.233333 0.185937 0.233333 0.184375 0.235417 0.184375 0.237500 0.181250 0.241667 0.181250 0.243750 0.179688 0.245833 0.179688 0.247917 0.178125 0.250000 0.178125 0.252083 0.176563 0.254167 0.176563 0.260417 0.175000 0.262500 0.175000 0.270833 0.173438 0.272917 0.173438 0.295833 0.175000 0.297917 0.175000 0.304167 0.176563 0.306250 0.176563 0.310417 0.178125 0.312500 0.178125 0.316667 0.179688 0.318750 0.179688 0.320833 0.181250 0.322917 0.181250 0.325000 0.182812 0.327083 0.182812 0.331250 0.184375 0.333333 0.184375 0.337500 0.185937 0.339583 0.185937 0.356250 0.184375 0.358333 0.184375 0.360417 0.175000 0.372917 0.173438 0.372917 0.171875 0.375000 0.170312 0.375000 0.168750 0.377083 0.167187 0.377083 0.145313 0.406250 0.143750 0.406250 0.140625 0.410417 0.140625 0.412500 0.135937 0.418750 0.134375 0.418750 0.132812 0.420833 0.132812 0.422917 0.126563 0.431250 0.125000 0.431250 0.120312 0.437500 0.118750 0.437500 0.115625 0.441667 0.114063 0.441667 0.112500 0.443750 0.110937 0.443750 0.109375 0.445833 0.107813 0.445833 0.106250 0.447917 0.103125 0.447917 0.101562 0.450000 0.100000 0.450000 0.098438 0.452083 0.095312 0.452083 0.093750 0.454167 0.092188 0.454167 0.090625 0.456250 0.089062 0.456250 0.087500 0.458333 0.084375 0.458333 0.082813 0.460417 0.079687 0.460417 0.078125 0.462500 0.073437 0.462500 0.071875 0.464583 0.067188 0.464583 0.065625 0.466667 0.062500 0.466667 0.060938 0.468750 0.059375 0.468750 0.057813 0.470833 0.053125 0.470833 0.051562 0.472917 0.048437 0.472917 0.046875 0.475000 0.043750 0.475000 0.042188 0.477083 0.039062 0.477083 0.037500 0.479167 0.034375 0.479167 0.032812 0.481250 0.031250 0.481250 0.029687 0.483333 0.028125 0.483333 0.026563 0.485417 0.025000 0.485417 0.023438 0.487500 0.021875 0.487500 0.020312 0.489583 0.018750 0.489583 0.017188 0.491667 0.015625 0.491667 0.014062 0.493750 0.012500 0.493750 0.010937 0.495833 0.007812 0.495833 0.003125 0.502083 0.000000 0.502083 0.000000 0.997917 0.426562 0.997917 0.426562 0.995833 0.429688 0.991667 0.432813 0.991667 0.434375 0.989583 0.442187 0.989583 0.443750 0.987500 0.445312 0.987500 0.445312 0.983333 0.443750 0.981250 0.443750 0.977083 0.442187 0.975000 0.442187 0.972917 0.439063 0.968750 0.435937 0.968750 0.434375 0.970833 0.431250 0.966667 0.431250 0.964583 0.426562 0.958333 0.425000 0.958333 0.423438 0.960417 0.421875 0.960417 0.420312 0.958333 0.418750 0.958333 0.414062 0.952083 0.412500 0.952083 0.407813 0.945833 0.407813 0.943750 0.406250 0.941667 0.406250 0.939583 0.404687 0.937500 0.404687 0.927083 0.403125 0.925000 0.403125 0.920833 0.401563 0.918750 0.401563 0.912500 0.396875 0.906250 0.395312 0.906250 0.393750 0.904167 0.393750 0.887500 0.392188 0.885417 0.393750 0.883333 0.393750 0.862500 0.396875 0.858333 0.396875 0.856250 0.398438 0.854167 0.398438 0.852083 0.400000 0.850000 0.400000 0.845833 0.401563 0.843750 0.401563 0.837500 0.403125 0.835417 0.403125 0.829167 0.404687 0.827083 0.404687 0.822917 0.406250 0.820833 0.406250 0.814583 0.407813 0.812500 0.407813 0.810417 0.409375 0.808333 0.409375 0.806250 0.410937 0.804167 0.412500 0.804167 0.412500 0.802083 0.414062 0.800000 0.414062 0.797917 0.415625 0.795833 0.415625 0.785417 0.417188 0.783333 0.417188 0.777083 0.415625 0.775000 0.415625 0.770833 0.412500 0.766667 0.412500 0.764583 0.410937 0.762500 0.410937 0.756250 0.412500 0.754167 0.412500 0.743750 0.414062 0.741667 0.414062 0.739583 0.417188 0.735417 0.417188 0.731250 0.418750 0.729167 0.418750 0.727083 0.420312 0.725000 0.421875 0.725000 0.423438 0.722917 0.428125 0.722917 0.432813 0.716667 0.434375 0.716667 0.435937 0.714583 0.437500 0.714583 0.439063 0.712500 0.440625 0.712500 0.446875 0.704167 0.448438 0.704167 0.450000 0.702083 0.450000 0.700000 0.451562 0.697917 0.457812 0.697917 0.457812 0.681250 0.453125 0.681250 0.450000 0.677083 0.450000 0.675000 0.445312 0.668750 0.442187 0.672917 0.440625 0.672917 0.439063 0.675000 0.437500 0.675000 0.435937 0.677083 0.432813 0.677083 0.429688 0.672917 0.428125 0.672917 0.426562 0.670833 0.421875 0.670833 0.418750 0.666667 0.418750 0.664583 0.415625 0.660417 0.414062 0.660417 0.412500 0.658333
0 0.528125 0.762500 0.528125 0.770833 0.526563 0.772917 0.526563 0.779167 0.525000 0.781250 0.525000 0.783333 0.523438 0.785417 0.523438 0.787500 0.518750 0.793750 0.518750 0.795833 0.512500 0.804167 0.512500 0.806250 0.510938 0.808333 0.510938 0.810417 0.509375 0.812500 0.509375 0.814583 0.507812 0.816667 0.507812 0.818750 0.506250 0.820833 0.506250 0.825000 0.504687 0.827083 0.504687 0.835417 0.503125 0.837500 0.503125 0.872917 0.504687 0.875000 0.504687 0.881250 0.506250 0.883333 0.506250 0.893750 0.560938 0.893750 0.560938 0.885417 0.562500 0.883333 0.564062 0.883333 0.565625 0.881250 0.570312 0.881250 0.571875 0.879167 0.575000 0.879167 0.576563 0.877083 0.582812 0.877083 0.582812 0.858333 0.578125 0.858333 0.576563 0.856250 0.576563 0.854167 0.575000 0.852083 0.575000 0.843750 0.573438 0.841667 0.573438 0.833333 0.571875 0.831250 0.571875 0.829167 0.570312 0.827083 0.570312 0.825000 0.568750 0.822917 0.568750 0.820833 0.567187 0.818750 0.567187 0.814583 0.565625 0.812500 0.565625 0.808333 0.564062 0.806250 0.564062 0.804167 0.553125 0.789583 0.553125 0.787500 0.551562 0.785417 0.551562 0.779167 0.550000 0.777083 0.550000 0.770833 0.548437 0.768750 0.548437 0.762500
0 0.715625 0.695833 0.715625 0.704167 0.714063 0.706250 0.714063 0.710417 0.712500 0.712500 0.712500 0.716667 0.710938 0.718750 0.710938 0.733333 0.712500 0.735417 0.712500 0.741667 0.714063 0.743750 0.714063 0.752083 0.712500 0.754167 0.712500 0.758333 0.710938 0.760417 0.710938 0.770833 0.709375 0.772917 0.709375 0.777083 0.707812 0.779167 0.703125 0.779167 0.703125 0.785417 0.707812 0.785417 0.710938 0.789583 0.710938 0.802083 0.721875 0.802083 0.721875 0.793750 0.723437 0.791667 0.723437 0.775000 0.725000 0.772917 0.725000 0.766667 0.728125 0.762500 0.732813 0.762500 0.732813 0.695833
0 0.450000 0.762500 0.450000 0.775000 0.448438 0.777083 0.448438 0.781250 0.446875 0.783333 0.446875 0.785417 0.440625 0.793750 0.439063 0.793750 0.432813 0.802083 0.432813 0.804167 0.431250 0.806250 0.431250 0.808333 0.429688 0.810417 0.429688 0.814583 0.426562 0.818750 0.421875 0.818750 0.421875 0.872917 0.432813 0.872917 0.435937 0.877083 0.435937 0.885417 0.476562 0.885417 0.476562 0.879167 0.478125 0.877083 0.478125 0.875000 0.479688 0.872917 0.479688 0.870833 0.481250 0.868750 0.481250 0.866667 0.484375 0.862500 0.489062 0.862500 0.489062 0.810417 0.484375 0.810417 0.479688 0.804167 0.479688 0.802083 0.478125 0.800000 0.476562 0.800000 0.473437 0.795833 0.473437 0.793750 0.471875 0.791667 0.471875 0.777083 0.470313 0.775000 0.470313 0.772917 0.468750 0.770833 0.468750 0.762500
0 0.693750 0.704167 0.693750 0.714583 0.692187 0.716667 0.692187 0.718750 0.689062 0.722917 0.684375 0.722917 0.684375 0.793750 0.700000 0.793750 0.700000 0.766667 0.701563 0.764583 0.701563 0.760417 0.703125 0.758333 0.703125 0.743750 0.704687 0.741667 0.704687 0.737500 0.706250 0.735417 0.706250 0.727083 0.704687 0.725000 0.704687 0.704167
54 0.356250 0.562500 0.356250 0.570833 0.354688 0.572917 0.353125 0.572917 0.342187 0.587500 0.342187 0.589583 0.335938 0.597917 0.335938 0.600000 0.334375 0.602083 0.328125 0.602083 0.328125 0.637500 0.337500 0.637500 0.339063 0.635417 0.348437 0.635417 0.350000 0.633333 0.353125 0.633333 0.354688 0.635417 0.379687 0.635417 0.381250 0.637500 0.385938 0.637500 0.387500 0.639583 0.392188 0.639583 0.393750 0.641667 0.396875 0.641667 0.400000 0.645833 0.400000 0.652083 0.432813 0.652083 0.432813 0.610417 0.428125 0.610417 0.425000 0.606250 0.425000 0.604167 0.423438 0.602083 0.423438 0.600000 0.421875 0.597917 0.421875 0.595833 0.420312 0.593750 0.420312 0.591667 0.415625 0.585417 0.415625 0.583333 0.409375 0.575000 0.407813 0.575000 0.403125 0.568750 0.403125 0.562500
54 0.356250 0.562500 0.356250 0.570833 0.353125 0.575000 0.351562 0.575000 0.343750 0.585417 0.343750 0.587500 0.337500 0.595833 0.337500 0.597917 0.331250 0.606250 0.331250 0.608333 0.329688 0.610417 0.329688 0.612500 0.326562 0.616667 0.321875 0.616667 0.321875 0.637500 0.340625 0.637500 0.342187 0.635417 0.362500 0.635417 0.364062 0.637500 0.368750 0.637500 0.370313 0.639583 0.371875 0.639583 0.373437 0.641667 0.375000 0.641667 0.376563 0.643750 0.376563 0.654167 0.382812 0.662500 0.385938 0.662500 0.389062 0.666667 0.390625 0.666667 0.393750 0.670833 0.393750 0.672917 0.396875 0.677083 0.396875 0.685417 0.400000 0.689583 0.400000 0.691667 0.403125 0.695833 0.403125 0.697917 0.404687 0.700000 0.404687 0.702083 0.406250 0.704167 0.406250 0.710417 0.404687 0.712500 0.404687 0.714583 0.403125 0.716667 0.403125 0.718750 0.400000 0.722917 0.400000 0.725000 0.398438 0.727083 0.398438 0.729167 0.395312 0.733333 0.395312 0.760417 0.407813 0.760417 0.407813 0.754167 0.409375 0.752083 0.409375 0.747917 0.410937 0.745833 0.410937 0.743750 0.412500 0.741667 0.414062 0.741667 0.417188 0.737500 0.418750 0.737500 0.421875 0.733333 0.425000 0.733333 0.426562 0.731250 0.428125 0.731250 0.429688 0.729167 0.431250 0.729167 0.437500 0.720833 0.439063 0.720833 0.445312 0.712500 0.446875 0.712500 0.448438 0.710417 0.451562 0.710417 0.453125 0.708333 0.457812 0.708333 0.457812 0.668750 0.451562 0.668750 0.450000 0.666667 0.448438 0.666667 0.446875 0.664583 0.446875 0.662500 0.445312 0.660417 0.443750 0.660417 0.442187 0.658333 0.440625 0.658333 0.439063 0.656250 0.437500 0.656250 0.432813 0.650000 0.432813 0.635417 0.431250 0.633333 0.431250 0.631250 0.429688 0.629167 0.429688 0.618750 0.428125 0.616667 0.428125 0.612500 0.426562 0.610417 0.426562 0.608333 0.425000 0.606250 0.425000 0.604167 0.423438 0.602083 0.423438 0.600000 0.421875 0.597917 0.421875 0.595833 0.420312 0.593750 0.420312 0.591667 0.415625 0.585417 0.415625 0.583333 0.407813 0.572917 0.406250 0.572917 0.404687 0.570833 0.404687 0.562500
0 0.534375 0.687500 0.534375 0.693750 0.528125 0.702083 0.521875 0.702083 0.521875 0.777083 0.529688 0.777083 0.529688 0.770833 0.531250 0.768750 0.531250 0.766667 0.532812 0.764583 0.539062 0.764583 0.540625 0.762500 0.542188 0.762500 0.542188 0.758333 0.543750 0.756250 0.543750 0.743750 0.545313 0.741667 0.545313 0.739583 0.546875 0.737500 0.546875 0.735417 0.548437 0.733333 0.548437 0.731250 0.553125 0.725000 0.557813 0.725000 0.557813 0.708333 0.551562 0.708333 0.550000 0.706250 0.550000 0.704167 0.548437 0.702083 0.548437 0.700000 0.545313 0.695833 0.545313 0.687500
0 0.903125 0.787500 0.903125 0.808333 0.907812 0.808333 0.909375 0.810417 0.909375 0.812500 0.907812 0.814583 0.903125 0.814583 0.903125 0.856250 0.907812 0.856250 0.910937 0.860417 0.910937 0.866667 0.912500 0.868750 0.912500 0.875000 0.910937 0.877083 0.910937 0.893750 0.915625 0.893750 0.915625 0.885417 0.921875 0.877083 0.921875 0.872917 0.923437 0.870833 0.923437 0.866667 0.925000 0.864583 0.925000 0.843750 0.928125 0.839583 0.932813 0.839583 0.932813 0.814583 0.928125 0.814583 0.926562 0.812500 0.926562 0.810417 0.925000 0.808333 0.925000 0.787500
0 0.748438 0.654167 0.748438 0.662500 0.745313 0.666667 0.740625 0.666667 0.740625 0.743750 0.754687 0.743750 0.754687 0.712500 0.756250 0.710417 0.756250 0.704167 0.759375 0.700000 0.764063 0.700000 0.764063 0.654167
0 0.612500 0.654167 0.612500 0.660417 0.610937 0.662500 0.610937 0.666667 0.607813 0.670833 0.603125 0.670833 0.603125 0.752083 0.617188 0.752083 0.617188 0.737500 0.618750 0.735417 0.618750 0.733333 0.623438 0.727083 0.623438 0.722917 0.625000 0.720833 0.625000 0.700000 0.628125 0.695833 0.632812 0.695833 0.632812 0.677083 0.628125 0.677083 0.625000 0.672917 0.625000 0.670833 0.623438 0.668750 0.623438 0.662500 0.621875 0.660417 0.621875 0.654167
5 0.815625 0.670833 0.815625 0.679167 0.810938 0.685417 0.809375 0.685417 0.807813 0.687500 0.807813 0.689583 0.806250 0.691667 0.806250 0.702083 0.804688 0.704167 0.804688 0.731250 0.803125 0.733333 0.803125 0.737500 0.801562 0.739583 0.796875 0.739583 0.796875 0.864583 0.801562 0.864583 0.804688 0.868750 0.806250 0.868750 0.809375 0.872917 0.812500 0.872917 0.814062 0.875000 0.815625 0.875000 0.818750 0.879167 0.818750 0.885417 0.828125 0.885417 0.828125 0.877083 0.826563 0.875000 0.826563 0.870833 0.825000 0.868750 0.826563 0.866667 0.826563 0.852083 0.828125 0.850000 0.828125 0.829167 0.829687 0.827083 0.829687 0.822917 0.831250 0.820833 0.831250 0.818750 0.834375 0.814583 0.834375 0.812500 0.835938 0.810417 0.835938 0.806250 0.837500 0.804167 0.837500 0.800000 0.843750 0.791667 0.854688 0.791667 0.856250 0.789583 0.859375 0.789583 0.860937 0.787500 0.864062 0.787500 0.865625 0.785417 0.867188 0.785417 0.868750 0.783333 0.868750 0.781250 0.870313 0.779167 0.870313 0.775000 0.871875 0.772917 0.871875 0.768750 0.873438 0.766667 0.873438 0.764583 0.876562 0.760417 0.881250 0.760417 0.882812 0.758333 0.887500 0.764583 0.887500 0.766667 0.889063 0.768750 0.889063 0.772917 0.890625 0.775000 0.890625 0.779167 0.896875 0.770833 0.901563 0.770833 0.906250 0.777083 0.906250 0.793750 0.907812 0.795833 0.907812 0.800000 0.910937 0.795833 0.910937 0.793750 0.912500 0.791667 0.914062 0.791667 0.915625 0.789583 0.921875 0.789583 0.923437 0.791667 0.931250 0.791667 0.931250 0.781250 0.932813 0.779167 0.932813 0.770833 0.934375 0.768750 0.940625 0.768750 0.942187 0.770833 0.945312 0.770833 0.946875 0.772917 0.950000 0.772917 0.951563 0.775000 0.959375 0.775000 0.960938 0.777083 0.960938 0.785417 0.957812 0.789583 0.957812 0.791667 0.956250 0.793750 0.956250 0.795833 0.957812 0.795833 0.959375 0.797917 0.965625 0.797917 0.967188 0.795833 0.970312 0.795833 0.971875 0.793750 0.973437 0.793750 0.975000 0.791667 0.978125 0.791667 0.979688 0.789583 0.984375 0.789583 0.985937 0.787500 0.987500 0.787500 0.989062 0.785417 0.990625 0.785417 0.992188 0.787500 0.995313 0.787500 0.996875 0.789583 0.998438 0.789583 0.998438 0.775000 0.993750 0.775000 0.992188 0.772917 0.990625 0.772917 0.989062 0.770833 0.989062 0.760417 0.990625 0.758333 0.990625 0.756250 0.992188 0.754167 0.992188 0.752083 0.993750 0.750000 0.993750 0.747917 0.996875 0.743750 0.998438 0.743750 0.998438 0.708333 0.996875 0.708333 0.995313 0.706250 0.993750 0.706250 0.992188 0.704167 0.990625 0.704167 0.989062 0.702083 0.985937 0.702083 0.984375 0.700000 0.978125 0.700000 0.976562 0.697917 0.964063 0.697917 0.962500 0.695833 0.948438 0.695833 0.946875 0.693750 0.932813 0.693750 0.931250 0.691667 0.923437 0.691667 0.921875 0.689583 0.910937 0.689583 0.909375 0.687500 0.901563 0.687500 0.900000 0.685417 0.896875 0.685417 0.895312 0.683333 0.890625 0.683333 0.889063 0.681250 0.885938 0.681250 0.882812 0.677083 0.882812 0.670833
