5 0.671875 0.837017 0.670313 0.834254 0.670313 0.831492 0.667188 0.831492 0.665625 0.828729 0.659375 0.828729 0.659375 0.867403 0.665625 0.867403 0.665625 0.856354 0.667188 0.853591 0.667188 0.850829 0.670313 0.845304 0.670313 0.839779 0.671875 0.837017 0.681250 0.837017 0.682813 0.839779 0.682813 0.842541 0.687500 0.850829 0.689062 0.850829 0.690625 0.853591 0.698438 0.853591 0.700000 0.850829 0.714063 0.850829 0.715625 0.853591 0.745313 0.853591 0.746875 0.856354 0.753125 0.856354 0.754687 0.859116 0.754687 0.867403 0.773438 0.867403 0.773438 0.859116 0.775000 0.856354 0.779688 0.856354 0.781250 0.853591 0.809375 0.853591 0.810938 0.850829 0.812500 0.850829 0.814062 0.848066 0.820312 0.848066 0.820312 0.704420 0.815625 0.704420 0.814062 0.701657 0.814062 0.696133 0.812500 0.693370 0.812500 0.685083 0.810938 0.682320 0.810938 0.671271 0.809375 0.668508 0.809375 0.662983 0.807813 0.660221 0.807813 0.657459 0.803125 0.649171 0.803125 0.638122 0.692187 0.638122 0.692187 0.646409 0.690625 0.649171 0.689062 0.649171 0.687500 0.651934 0.684375 0.651934 0.682813 0.654696 0.681250 0.654696 0.679688 0.657459 0.679688 0.660221 0.678125 0.662983 0.678125 0.665746 0.676562 0.668508 0.676562 0.671271 0.675000 0.674033 0.675000 0.679558 0.670313 0.687845 0.668750 0.687845 0.665625 0.693370 0.659375 0.693370 0.659375 0.795580 0.664062 0.795580 0.668750 0.787293 0.676562 0.787293 0.679688 0.792818 0.679688 0.798343 0.681250 0.801105 0.681250 0.820442 0.682813 0.823204 0.682813 0.828729 0.681250 0.831492 0.681250 0.837017
5 0.079687 0.472376 0.079687 0.480663 0.070312 0.497238 0.070312 0.500000 0.068750 0.502762 0.068750 0.508287 0.067188 0.511050 0.067188 0.535912 0.065625 0.538674 0.065625 0.552486 0.064062 0.555249 0.064062 0.574586 0.062500 0.577348 0.062500 0.593923 0.060938 0.596685 0.060938 0.649171 0.059375 0.651934 0.059375 0.657459 0.057813 0.660221 0.053125 0.660221 0.053125 0.864641 0.059375 0.864641 0.062500 0.870166 0.062500 0.878453 0.071875 0.878453 0.071875 0.870166 0.075000 0.864641 0.076563 0.864641 0.078125 0.861878 0.079687 0.861878 0.081250 0.859116 0.082813 0.859116 0.084375 0.856354 0.085938 0.856354 0.087500 0.853591 0.090625 0.853591 0.092188 0.850829 0.098438 0.850829 0.100000 0.848066 0.106250 0.848066 0.107813 0.845304 0.146875 0.845304 0.148438 0.848066 0.156250 0.848066 0.157813 0.850829 0.164062 0.850829 0.165625 0.848066 0.167187 0.848066 0.168750 0.845304 0.170312 0.845304 0.171875 0.842541 0.175000 0.842541 0.176563 0.839779 0.178125 0.839779 0.181250 0.834254 0.181250 0.831492 0.182812 0.828729 0.182812 0.809392 0.181250 0.806630 0.181250 0.745856 0.182812 0.743094 0.182812 0.740331 0.184375 0.737569 0.184375 0.734807 0.185937 0.732044 0.185937 0.729282 0.187500 0.726519 0.187500 0.720994 0.190625 0.715470 0.195312 0.715470 0.195312 0.535912 0.190625 0.535912 0.189063 0.533149 0.189063 0.519337 0.187500 0.516575 0.187500 0.511050 0.185937 0.508287 0.185937 0.502762 0.178125 0.488950 0.176563 0.488950 0.175000 0.486188 0.171875 0.486188 0.170312 0.483425 0.168750 0.483425 0.167187 0.480663 0.167187 0.472376
5 0.257812 0.616022 0.257812 0.627072 0.256250 0.629834 0.254687 0.629834 0.253125 0.632597 0.251563 0.632597 0.248437 0.638122 0.246875 0.638122 0.243750 0.643646 0.242188 0.643646 0.234375 0.657459 0.228125 0.657459 0.228125 0.837017 0.234375 0.837017 0.237500 0.842541 0.239063 0.842541 0.245312 0.853591 0.246875 0.853591 0.250000 0.859116 0.250000 0.867403 0.259375 0.867403 0.259375 0.859116 0.262500 0.853591 0.267188 0.853591 0.268750 0.850829 0.281250 0.850829 0.282813 0.848066 0.293750 0.848066 0.295312 0.850829 0.317187 0.850829 0.318750 0.853591 0.334375 0.853591 0.335938 0.856354 0.340625 0.856354 0.342187 0.859116 0.342187 0.867403 0.353125 0.867403 0.353125 0.859116 0.357812 0.850829 0.360938 0.850829 0.362500 0.848066 0.368750 0.848066 0.370313 0.850829 0.371875 0.848066 0.373437 0.848066 0.376563 0.842541 0.382812 0.842541 0.382812 0.635359 0.376563 0.635359 0.375000 0.632597 0.373437 0.632597 0.371875 0.629834 0.370313 0.629834 0.367188 0.624309 0.367188 0.616022
5 0.425000 0.527624 0.425000 0.535912 0.421875 0.541436 0.420312 0.541436 0.418750 0.544199 0.417188 0.544199 0.414062 0.549724 0.412500 0.549724 0.410937 0.552486 0.409375 0.552486 0.407813 0.555249 0.406250 0.555249 0.404687 0.558011 0.403125 0.558011 0.401563 0.560773 0.400000 0.560773 0.396875 0.566298 0.395312 0.566298 0.393750 0.569061 0.392188 0.569061 0.390625 0.571823 0.389062 0.571823 0.387500 0.574586 0.385938 0.574586 0.384375 0.577348 0.381250 0.577348 0.379687 0.580110 0.378125 0.580110 0.371875 0.591160 0.365625 0.591160 0.365625 0.629834 0.370313 0.629834 0.378125 0.643646 0.378125 0.665746 0.376563 0.668508 0.376563 0.685083 0.378125 0.687845 0.378125 0.693370 0.376563 0.696133 0.376563 0.704420 0.375000 0.707182 0.375000 0.709945 0.373437 0.712707 0.373437 0.726519 0.371875 0.729282 0.371875 0.732044 0.370313 0.734807 0.365625 0.734807 0.365625 0.834254 0.375000 0.834254 0.376563 0.831492 0.379687 0.831492 0.381250 0.828729 0.381250 0.820442 0.382812 0.817680 0.382812 0.762431 0.384375 0.759669 0.384375 0.754144 0.385938 0.751381 0.385938 0.745856 0.387500 0.743094 0.387500 0.740331 0.390625 0.734807 0.390625 0.732044 0.393750 0.726519 0.395312 0.726519 0.396875 0.723757 0.396875 0.718232 0.401563 0.709945 0.409375 0.709945 0.414062 0.718232 0.414062 0.720994 0.415625 0.723757 0.418750 0.718232 0.428125 0.718232 0.429688 0.720994 0.429688 0.723757 0.432813 0.729282 0.432813 0.734807 0.434375 0.737569 0.434375 0.751381 0.435937 0.754144 0.435937 0.756906 0.437500 0.759669 0.435937 0.762431 0.435937 0.787293 0.442187 0.798343 0.442187 0.809392 0.443750 0.812155 0.443750 0.814917 0.442187 0.817680 0.442187 0.839779 0.443750 0.842541 0.443750 0.845304 0.445312 0.848066 0.446875 0.848066 0.448438 0.850829 0.450000 0.850829 0.451562 0.853591 0.471875 0.853591 0.473437 0.850829 0.489062 0.850829 0.490625 0.853591 0.492188 0.853591 0.493750 0.856354 0.496875 0.856354 0.498437 0.859116 0.512500 0.859116 0.514063 0.861878 0.515625 0.861878 0.518750 0.856354 0.520312 0.856354 0.521875 0.853591 0.523438 0.856354 0.532812 0.856354 0.532812 0.787293 0.525000 0.787293 0.521875 0.781768 0.521875 0.779006 0.525000 0.773481 0.532812 0.773481 0.532812 0.767956 0.521875 0.767956 0.518750 0.762431 0.518750 0.743094 0.520312 0.740331 0.520312 0.737569 0.521875 0.734807 0.521875 0.732044 0.523438 0.729282 0.523438 0.723757 0.525000 0.720994 0.525000 0.715470 0.528125 0.709945 0.532812 0.709945 0.532812 0.616022 0.526563 0.616022 0.525000 0.613260 0.525000 0.607735 0.523438 0.604972 0.523438 0.566298 0.521875 0.563536 0.521875 0.560773 0.514063 0.546961 0.512500 0.546961 0.510938 0.544199 0.509375 0.544199 0.507812 0.541436 0.504687 0.541436 0.501562 0.535912 0.501562 0.527624
5 0.675000 0.759669 0.678125 0.765193 0.682813 0.765193 0.682813 0.759669 0.675000 0.759669 0.662500 0.743094 0.665625 0.737569 0.665625 0.732044 0.667188 0.729282 0.667188 0.726519 0.668750 0.723757 0.668750 0.709945 0.670313 0.707182 0.670313 0.701657 0.671875 0.698895 0.671875 0.676796 0.673437 0.674033 0.673437 0.665746 0.675000 0.662983 0.675000 0.654696 0.673437 0.651934 0.673437 0.566298 0.671875 0.563536 0.671875 0.558011 0.670313 0.555249 0.670313 0.552486 0.667188 0.546961 0.667188 0.544199 0.665625 0.541436 0.664062 0.541436 0.659375 0.533149 0.657812 0.533149 0.656250 0.530387 0.653125 0.530387 0.650000 0.524862 0.650000 0.516575 0.582812 0.516575 0.582812 0.524862 0.579687 0.530387 0.576563 0.530387 0.575000 0.533149 0.571875 0.533149 0.570312 0.535912 0.567187 0.535912 0.565625 0.538674 0.560938 0.538674 0.559375 0.541436 0.553125 0.541436 0.551562 0.544199 0.545313 0.544199 0.542188 0.549724 0.540625 0.549724 0.539062 0.552486 0.535937 0.552486 0.534375 0.555249 0.531250 0.555249 0.528125 0.560773 0.528125 0.563536 0.526563 0.566298 0.526563 0.629834 0.528125 0.632597 0.528125 0.649171 0.529688 0.651934 0.529688 0.668508 0.528125 0.671271 0.528125 0.679558 0.526563 0.682320 0.526563 0.690608 0.525000 0.693370 0.525000 0.696133 0.521875 0.701657 0.515625 0.701657 0.515625 0.767956 0.521875 0.767956 0.525000 0.773481 0.528125 0.773481 0.531250 0.779006 0.531250 0.781768 0.532812 0.784530 0.532812 0.787293 0.534375 0.790055 0.534375 0.798343 0.535937 0.801105 0.535937 0.825967 0.540625 0.834254 0.542188 0.834254 0.543750 0.837017 0.545313 0.837017 0.546875 0.839779 0.548437 0.837017 0.553125 0.837017 0.559375 0.825967 0.559375 0.817680 0.560938 0.814917 0.560938 0.787293 0.562500 0.784530 0.562500 0.776243 0.564062 0.773481 0.564062 0.770718 0.565625 0.767956 0.565625 0.759669 0.567187 0.756906 0.567187 0.754144 0.570312 0.748619 0.570312 0.745856 0.579687 0.729282 0.581250 0.729282 0.582812 0.726519 0.584375 0.726519 0.587500 0.732044 0.587500 0.734807 0.589063 0.737569 0.589063 0.784530 0.590625 0.787293 0.590625 0.795580 0.593750 0.801105 0.593750 0.809392 0.595312 0.812155 0.595312 0.820442 0.593750 0.823204 0.595312 0.825967 0.595312 0.834254 0.596875 0.837017 0.596875 0.842541 0.601562 0.850829 0.603125 0.850829 0.604688 0.853591 0.606250 0.853591 0.607813 0.856354 0.610937 0.856354 0.612500 0.853591 0.615625 0.853591 0.617188 0.850829 0.618750 0.850829 0.620313 0.848066 0.621875 0.848066 0.621875 0.845304 0.623438 0.842541 0.623438 0.828729 0.621875 0.825967 0.621875 0.823204 0.623438 0.820442 0.623438 0.814917 0.626562 0.809392 0.629687 0.814917 0.629687 0.820442 0.631250 0.823204 0.631250 0.837017 0.632812 0.839779 0.634375 0.839779 0.635938 0.837017 0.637500 0.837017 0.639063 0.834254 0.640625 0.834254 0.642187 0.831492 0.648438 0.831492 0.650000 0.828729 0.656250 0.828729 0.656250 0.801105 0.653125 0.795580 0.650000 0.795580 0.648438 0.798343 0.646875 0.798343 0.645312 0.795580 0.643750 0.795580 0.640625 0.790055 0.640625 0.787293 0.637500 0.781768 0.637500 0.776243 0.640625 0.770718 0.640625 0.765193 0.642187 0.762431 0.642187 0.759669 0.643750 0.756906 0.643750 0.751381 0.646875 0.745856 0.648438 0.748619 0.648438 0.751381 0.650000 0.754144 0.650000 0.756906 0.651563 0.759669 0.651563 0.762431 0.653125 0.762431 0.653125 0.756906 0.660937 0.743094 0.662500 0.743094
5 0.839063 0.593923 0.839063 0.604972 0.837500 0.607735 0.837500 0.616022 0.835938 0.618785 0.835938 0.627072 0.832812 0.632597 0.829687 0.632597 0.828125 0.635359 0.823438 0.635359 0.821875 0.638122 0.810938 0.638122 0.809375 0.640884 0.803125 0.640884 0.803125 0.696133 0.807813 0.696133 0.809375 0.698895 0.809375 0.701657 0.810938 0.704420 0.810938 0.709945 0.812500 0.712707 0.812500 0.756906 0.814062 0.759669 0.814062 0.762431 0.815625 0.765193 0.815625 0.773481 0.817187 0.776243 0.817187 0.787293 0.815625 0.790055 0.815625 0.812155 0.814062 0.814917 0.814062 0.845304 0.820312 0.856354 0.821875 0.856354 0.823438 0.859116 0.825000 0.859116 0.826563 0.861878 0.828125 0.861878 0.829687 0.864641 0.831250 0.864641 0.832812 0.867403 0.842188 0.867403 0.843750 0.864641 0.846875 0.864641 0.848437 0.861878 0.851562 0.861878 0.856250 0.853591 0.857813 0.853591 0.859375 0.850829 0.860937 0.853591 0.868750 0.853591 0.870313 0.856354 0.875000 0.856354 0.876562 0.859116 0.892187 0.859116 0.893750 0.861878 0.904688 0.861878 0.906250 0.864641 0.920313 0.864641 0.921875 0.861878 0.923437 0.861878 0.926562 0.856354 0.928125 0.856354 0.928125 0.853591 0.934375 0.842541 0.939062 0.842541 0.939062 0.790055 0.934375 0.790055 0.931250 0.784530 0.931250 0.756906 0.932813 0.754144 0.932813 0.734807 0.931250 0.732044 0.931250 0.715470 0.929688 0.712707 0.929688 0.707182 0.928125 0.704420 0.928125 0.693370 0.926562 0.690608 0.926562 0.676796 0.925000 0.674033 0.925000 0.654696 0.923437 0.651934 0.923437 0.638122 0.921875 0.635359 0.921875 0.627072 0.920313 0.624309 0.920313 0.618785 0.918750 0.616022 0.918750 0.613260 0.914062 0.604972 0.914062 0.593923
0 0.187500 0.704420 0.187500 0.726519 0.185937 0.729282 0.185937 0.732044 0.182812 0.737569 0.178125 0.737569 0.178125 0.806630 0.182812 0.806630 0.184375 0.809392 0.184375 0.814917 0.185937 0.817680 0.185937 0.839779 0.187500 0.842541 0.187500 0.850829 0.185937 0.853591 0.185937 0.872928 0.189063 0.878453 0.189063 0.889503 0.209375 0.889503 0.209375 0.872928 0.210938 0.870166 0.210938 0.859116 0.209375 0.856354 0.209375 0.845304 0.210938 0.842541 0.210938 0.817680 0.212500 0.814917 0.212500 0.801105 0.214062 0.798343 0.214062 0.795580 0.215625 0.792818 0.220313 0.792818 0.220313 0.773481 0.215625 0.773481 0.214062 0.770718 0.214062 0.765193 0.212500 0.762431 0.212500 0.748619 0.210938 0.745856 0.210938 0.743094 0.209375 0.740331 0.209375 0.737569 0.206250 0.732044 0.204688 0.732044 0.200000 0.723757 0.200000 0.720994 0.198437 0.718232 0.198437 0.704420
0 0.578125 0.715470 0.578125 0.726519 0.576563 0.729282 0.576563 0.734807 0.575000 0.737569 0.575000 0.740331 0.573438 0.743094 0.573438 0.745856 0.570312 0.751381 0.570312 0.754144 0.568750 0.756906 0.568750 0.759669 0.565625 0.765193 0.565625 0.770718 0.564062 0.773481 0.564062 0.814917 0.562500 0.817680 0.562500 0.828729 0.554688 0.842541 0.554688 0.845304 0.553125 0.848066 0.546875 0.848066 0.546875 0.878453 0.553125 0.878453 0.554688 0.881215 0.554688 0.889503 0.557813 0.889503 0.557813 0.881215 0.559375 0.878453 0.559375 0.875691 0.560938 0.872928 0.560938 0.867403 0.562500 0.864641 0.562500 0.859116 0.564062 0.856354 0.564062 0.853591 0.568750 0.845304 0.568750 0.842541 0.570312 0.839779 0.571875 0.839779 0.578125 0.850829 0.578125 0.853591 0.579687 0.856354 0.579687 0.864641 0.581250 0.867403 0.581250 0.870166 0.582812 0.870166 0.587500 0.878453 0.587500 0.889503 0.595312 0.889503 0.595312 0.881215 0.596875 0.878453 0.601562 0.878453 0.601562 0.861878 0.595312 0.861878 0.593750 0.859116 0.593750 0.856354 0.592188 0.853591 0.592188 0.848066 0.590625 0.845304 0.590625 0.839779 0.589063 0.837017 0.589063 0.834254 0.587500 0.831492 0.587500 0.825967 0.585938 0.823204 0.585938 0.809392 0.587500 0.806630 0.587500 0.792818 0.585938 0.790055 0.585938 0.751381 0.587500 0.748619 0.587500 0.729282 0.585938 0.726519 0.585938 0.715470
0 0.396875 0.715470 0.396875 0.751381 0.401563 0.751381 0.404687 0.756906 0.404687 0.781768 0.403125 0.784530 0.403125 0.792818 0.401563 0.795580 0.396875 0.795580 0.396875 0.814917 0.401563 0.814917 0.403125 0.817680 0.403125 0.820442 0.404687 0.823204 0.404687 0.867403 0.406250 0.870166 0.406250 0.889503 0.425000 0.889503 0.425000 0.842541 0.426562 0.839779 0.426562 0.817680 0.425000 0.814917 0.425000 0.809392 0.426562 0.806630 0.426562 0.803867 0.428125 0.801105 0.432813 0.801105 0.432813 0.715470 0.417188 0.715470 0.417188 0.726519 0.415625 0.729282 0.415625 0.732044 0.412500 0.737569 0.412500 0.740331 0.410937 0.743094 0.409375 0.743094 0.407813 0.745856 0.403125 0.737569 0.403125 0.715470
0 0.390625 0.837017 0.384375 0.837017 0.384375 0.870166 0.390625 0.870166 0.392188 0.867403 0.395312 0.867403 0.395312 0.850829 0.393750 0.848066 0.393750 0.842541 0.390625 0.837017 0.415625 0.787293 0.415625 0.784530 0.417188 0.781768 0.417188 0.779006 0.432813 0.745856 0.432813 0.781768 0.428125 0.781768 0.426562 0.779006 0.426562 0.765193 0.425000 0.762431 0.425000 0.756906 0.428125 0.726519 0.412500 0.740331 0.410937 0.737569 0.410937 0.704420 0.398438 0.704420 0.398438 0.729282 0.396875 0.732044 0.396875 0.734807 0.395312 0.737569 0.395312 0.740331 0.393750 0.743094 0.392188 0.743094 0.390625 0.745856 0.384375 0.745856 0.384375 0.792818 0.389062 0.792818 0.393750 0.801105 0.393750 0.809392 0.395312 0.812155 0.395312 0.814917 0.393750 0.817680 0.393750 0.828729 0.396875 0.828729 0.401563 0.820442 0.404687 0.825967 0.404687 0.842541 0.406250 0.845304 0.406250 0.872928 0.407813 0.875691 0.407813 0.889503 0.425000 0.889503 0.425000 0.823204 0.423438 0.820442 0.423438 0.817680 0.421875 0.814917 0.421875 0.809392 0.418750 0.803867 0.417188 0.803867 0.415625 0.801105 0.415625 0.795580 0.414062 0.798343 0.414062 0.801105 0.409375 0.809392 0.406250 0.803867 0.406250 0.765193 0.407813 0.762431 0.407813 0.759669 0.409375 0.756906 0.410937 0.756906 0.410937 0.754144 0.412500 0.751381 0.412500 0.740331 0.428125 0.726519 0.432813 0.726519 0.432813 0.723757 0.428125 0.723757 0.428125 0.726519 0.425000 0.756906 0.426562 0.754144 0.426562 0.748619 0.428125 0.745856 0.432813 0.745856 0.417188 0.779006 0.415625 0.776243 0.415625 0.767956 0.414062 0.765193 0.414062 0.784530 0.415625 0.787293
0 0.398438 0.715470 0.398438 0.723757 0.396875 0.726519 0.396875 0.729282 0.395312 0.732044 0.395312 0.737569 0.390625 0.745856 0.389062 0.745856 0.384375 0.754144 0.378125 0.754144 0.378125 0.848066 0.384375 0.848066 0.387500 0.853591 0.387500 0.861878 0.389062 0.864641 0.389062 0.878453 0.396875 0.878453 0.396875 0.864641 0.398438 0.861878 0.398438 0.853591 0.400000 0.850829 0.400000 0.842541 0.401563 0.839779 0.401563 0.834254 0.400000 0.831492 0.400000 0.801105 0.401563 0.798343 0.401563 0.784530 0.403125 0.781768 0.403125 0.748619 0.406250 0.743094 0.414062 0.743094 0.414062 0.715470
