2 0.735937 0.708232 0.735937 0.717918 0.732813 0.722760 0.732813 0.725182 0.731250 0.727603 0.731250 0.739709 0.729688 0.742131 0.729688 0.744552 0.728125 0.746973 0.728125 0.749395 0.725000 0.754237 0.725000 0.766344 0.723437 0.768765 0.723437 0.778450 0.721875 0.780872 0.721875 0.783293 0.720312 0.785714 0.715625 0.785714 0.715625 0.855932 0.720312 0.855932 0.725000 0.863196 0.725000 0.870460 0.739062 0.870460 0.739062 0.863196 0.743750 0.855932 0.745313 0.855932 0.746875 0.853511 0.759375 0.853511 0.760938 0.851090 0.768750 0.851090 0.770312 0.853511 0.781250 0.853511 0.784375 0.848668 0.784375 0.846247 0.785937 0.843826 0.785937 0.834140 0.787500 0.831719 0.787500 0.826877 0.789062 0.824455 0.789062 0.822034 0.790625 0.819613 0.795313 0.819613 0.795313 0.708232
2 0.687500 0.717918 0.687500 0.727603 0.682813 0.734867 0.678125 0.734867 0.678125 0.792978 0.682813 0.792978 0.684375 0.795399 0.684375 0.802663 0.685938 0.805085 0.685938 0.826877 0.687500 0.829298 0.687500 0.860775 0.698438 0.860775 0.698438 0.851090 0.703125 0.843826 0.706250 0.843826 0.707812 0.841404 0.710938 0.841404 0.712500 0.838983 0.714063 0.838983 0.715625 0.841404 0.717188 0.841404 0.720312 0.846247 0.721875 0.846247 0.721875 0.807506 0.723437 0.805085 0.723437 0.795399 0.725000 0.792978 0.725000 0.776029 0.726562 0.773608 0.726562 0.759080 0.728125 0.756659 0.728125 0.751816 0.729688 0.749395 0.729688 0.742131 0.731250 0.739709 0.731250 0.730024 0.732813 0.727603 0.732813 0.717918
9 0.265625 0.088378 0.265625 0.095642 0.262500 0.100484 0.260938 0.100484 0.257812 0.105327 0.253125 0.105327 0.253125 0.148910 0.264062 0.148910 0.267188 0.153753 0.267188 0.163438 0.364062 0.163438 0.364062 0.102906 0.353125 0.102906 0.351562 0.100484 0.350000 0.100484 0.346875 0.095642 0.346875 0.088378
2 0.554688 0.727603 0.554688 0.737288 0.550000 0.744552 0.550000 0.751816 0.548437 0.754237 0.548437 0.761501 0.546875 0.763923 0.546875 0.766344 0.545313 0.768765 0.545313 0.771186 0.543750 0.773608 0.543750 0.776029 0.542188 0.778450 0.542188 0.783293 0.539062 0.788136 0.534375 0.788136 0.534375 0.858353 0.539062 0.858353 0.540625 0.860775 0.540625 0.870460 0.556250 0.870460 0.556250 0.863196 0.557813 0.860775 0.559375 0.860775 0.560938 0.858353 0.565625 0.858353 0.568750 0.853511 0.570312 0.853511 0.571875 0.851090 0.576563 0.851090 0.576563 0.727603
2 0.506250 0.746973 0.506250 0.759080 0.504687 0.761501 0.504687 0.766344 0.500000 0.773608 0.500000 0.776029 0.495313 0.783293 0.490625 0.783293 0.490625 0.851090 0.523438 0.851090 0.523438 0.838983 0.525000 0.836562 0.525000 0.807506 0.526563 0.805085 0.526563 0.792978 0.529688 0.788136 0.529688 0.783293 0.531250 0.780872 0.531250 0.778450 0.537500 0.768765 0.537500 0.746973
5 0.375000 0.717918 0.375000 0.725182 0.370313 0.732446 0.365625 0.732446 0.365625 0.848668 0.371875 0.848668 0.373437 0.851090 0.373437 0.860775 0.393750 0.860775 0.393750 0.853511 0.396875 0.848668 0.398438 0.848668 0.400000 0.846247 0.415625 0.846247 0.417188 0.848668 0.418750 0.848668 0.420312 0.851090 0.420312 0.860775 0.439063 0.860775 0.439063 0.853511 0.442187 0.848668 0.443750 0.848668 0.446875 0.843826 0.448438 0.846247 0.457812 0.846247 0.457812 0.800242 0.453125 0.800242 0.450000 0.795399 0.450000 0.788136 0.448438 0.785714 0.448438 0.780872 0.446875 0.778450 0.446875 0.773608 0.445312 0.771186 0.445312 0.763923 0.443750 0.761501 0.443750 0.749395 0.442187 0.746973 0.442187 0.742131 0.440625 0.739709 0.440625 0.734867 0.439063 0.732446 0.439063 0.717918
7 0.645312 0.621065 0.645312 0.628329 0.642187 0.633172 0.640625 0.633172 0.639063 0.635593 0.635938 0.635593 0.634375 0.638015 0.628125 0.638015 0.628125 0.681598 0.657812 0.681598 0.659375 0.684019 0.662500 0.684019 0.664062 0.686441 0.665625 0.686441 0.671875 0.696126 0.671875 0.698547 0.673437 0.700969 0.673437 0.705811 0.675000 0.708232 0.675000 0.710654 0.676562 0.713075 0.676562 0.717918 0.678125 0.720339 0.678125 0.722760 0.681250 0.727603 0.681250 0.730024 0.682813 0.732446 0.684375 0.732446 0.692187 0.720339 0.693750 0.720339 0.695312 0.717918 0.700000 0.717918 0.701563 0.715496 0.732813 0.715496 0.734375 0.713075 0.735937 0.713075 0.737500 0.710654 0.739062 0.710654 0.740625 0.708232 0.745313 0.708232 0.746875 0.705811 0.757812 0.705811 0.757812 0.688862 0.753125 0.688862 0.750000 0.684019 0.750000 0.679177 0.748438 0.676755 0.748438 0.652542 0.750000 0.650121 0.748438 0.647700 0.748438 0.642857 0.746875 0.640436 0.746875 0.638015 0.745313 0.638015 0.743750 0.635593 0.742188 0.635593 0.740625 0.633172 0.737500 0.633172 0.735937 0.630751 0.732813 0.630751 0.731250 0.628329 0.731250 0.621065
2 0.803125 0.659806 0.803125 0.669492 0.801562 0.671913 0.801562 0.674334 0.798437 0.679177 0.798437 0.681598 0.796875 0.684019 0.796875 0.686441 0.795313 0.688862 0.795313 0.693705 0.793750 0.696126 0.793750 0.710654 0.795313 0.713075 0.795313 0.776029 0.793750 0.778450 0.793750 0.783293 0.792188 0.785714 0.792188 0.790557 0.789062 0.795399 0.784375 0.795399 0.784375 0.863196 0.792188 0.863196 0.793750 0.865617 0.795313 0.865617 0.798437 0.870460 0.800000 0.870460 0.801562 0.872881 0.809375 0.872881 0.810938 0.875303 0.814062 0.875303 0.818750 0.882567 0.818750 0.889831 0.832812 0.889831 0.832812 0.880145 0.834375 0.877724 0.834375 0.875303 0.839063 0.868039 0.840625 0.868039 0.842188 0.865617 0.848437 0.865617 0.850000 0.863196 0.854688 0.863196 0.856250 0.865617 0.870313 0.865617 0.871875 0.868039 0.881250 0.868039 0.882812 0.870460 0.896875 0.870460 0.898438 0.872881 0.900000 0.872881 0.901563 0.875303 0.903125 0.875303 0.904688 0.877724 0.907812 0.877724 0.909375 0.880145 0.910937 0.880145 0.912500 0.882567 0.912500 0.889831 0.915625 0.889831 0.915625 0.882567 0.918750 0.877724 0.925000 0.877724 0.928125 0.882567 0.928125 0.889831 0.950000 0.889831 0.950000 0.875303 0.951563 0.872881 0.951563 0.870460 0.953125 0.868039 0.953125 0.863196 0.954687 0.860775 0.954687 0.853511 0.956250 0.851090 0.956250 0.831719 0.957812 0.829298 0.957812 0.800242 0.956250 0.797821 0.956250 0.749395 0.954687 0.746973 0.954687 0.737288 0.953125 0.734867 0.953125 0.727603 0.951563 0.725182 0.951563 0.720339 0.950000 0.717918 0.950000 0.713075 0.948438 0.710654 0.948438 0.703390 0.946875 0.700969 0.946875 0.696126 0.945312 0.693705 0.945312 0.691283 0.943750 0.688862 0.943750 0.686441 0.942187 0.684019 0.942187 0.681598 0.940625 0.679177 0.940625 0.676755 0.934375 0.667070 0.934375 0.659806
7 0.821875 0.650121 0.821875 0.657385 0.820312 0.659806 0.815625 0.659806 0.814062 0.662228 0.809375 0.662228 0.807813 0.664649 0.806250 0.664649 0.800000 0.674334 0.800000 0.676755 0.798437 0.679177 0.798437 0.681598 0.796875 0.684019 0.796875 0.686441 0.795313 0.688862 0.795313 0.691283 0.793750 0.693705 0.793750 0.715496 0.795313 0.717918 0.795313 0.732446 0.793750 0.734867 0.793750 0.742131 0.792188 0.744552 0.792188 0.749395 0.790625 0.751816 0.790625 0.759080 0.792188 0.761501 0.792188 0.778450 0.790625 0.780872 0.790625 0.785714 0.789062 0.788136 0.784375 0.788136 0.784375 0.865617 0.793750 0.865617 0.795313 0.868039 0.796875 0.868039 0.803125 0.877724 0.804688 0.877724 0.806250 0.875303 0.810938 0.875303 0.812500 0.877724 0.814062 0.877724 0.817187 0.882567 0.817187 0.889831 0.832812 0.889831 0.832812 0.882567 0.834375 0.880145 0.834375 0.877724 0.840625 0.868039 0.842188 0.868039 0.843750 0.865617 0.850000 0.865617 0.851562 0.863196 0.854688 0.863196 0.856250 0.865617 0.876562 0.865617 0.878125 0.868039 0.882812 0.868039 0.884375 0.870460 0.898438 0.870460 0.901563 0.875303 0.904688 0.875303 0.906250 0.877724 0.907812 0.877724 0.909375 0.880145 0.915625 0.880145 0.917188 0.877724 0.926562 0.877724 0.929688 0.882567 0.929688 0.889831 0.950000 0.889831 0.950000 0.875303 0.951563 0.872881 0.951563 0.870460 0.953125 0.868039 0.957812 0.868039 0.957812 0.725182 0.953125 0.725182 0.950000 0.720339 0.950000 0.713075 0.948438 0.710654 0.948438 0.703390 0.946875 0.700969 0.946875 0.696126 0.945312 0.693705 0.945312 0.691283 0.943750 0.688862 0.943750 0.686441 0.942187 0.684019 0.942187 0.681598 0.940625 0.679177 0.940625 0.676755 0.934375 0.667070 0.932813 0.667070 0.931250 0.664649 0.928125 0.664649 0.926562 0.662228 0.917188 0.662228 0.915625 0.659806 0.914062 0.659806 0.912500 0.657385 0.912500 0.650121
7 0.582812 0.679177 0.582812 0.686441 0.578125 0.693705 0.578125 0.696126 0.576563 0.698547 0.576563 0.700969 0.575000 0.703390 0.575000 0.710654 0.573438 0.713075 0.573438 0.720339 0.571875 0.722760 0.571875 0.725182 0.570312 0.727603 0.565625 0.727603 0.565625 0.761501 0.570312 0.761501 0.571875 0.763923 0.570312 0.766344 0.565625 0.766344 0.565625 0.870460 0.570312 0.870460 0.573438 0.875303 0.573438 0.877724 0.575000 0.880145 0.575000 0.889831 0.582812 0.889831 0.582812 0.882567 0.589063 0.872881 0.590625 0.872881 0.592188 0.870460 0.595312 0.870460 0.596875 0.868039 0.607813 0.868039 0.609375 0.865617 0.620313 0.865617 0.621875 0.863196 0.629687 0.863196 0.631250 0.860775 0.653125 0.860775 0.656250 0.865617 0.657812 0.865617 0.659375 0.868039 0.660937 0.868039 0.662500 0.870460 0.664062 0.870460 0.665625 0.872881 0.667188 0.872881 0.670313 0.877724 0.671875 0.877724 0.673437 0.880145 0.675000 0.880145 0.676562 0.882567 0.676562 0.889831 0.676562 0.882567 0.679688 0.877724 0.681250 0.877724 0.682813 0.875303 0.689062 0.875303 0.689062 0.768765 0.684375 0.768765 0.682813 0.766344 0.682813 0.761501 0.681250 0.759080 0.681250 0.749395 0.679688 0.746973 0.679688 0.737288 0.678125 0.734867 0.678125 0.730024 0.676562 0.727603 0.676562 0.725182 0.675000 0.722760 0.675000 0.720339 0.673437 0.717918 0.673437 0.713075 0.671875 0.710654 0.671875 0.696126 0.670313 0.693705 0.670313 0.679177
2 0.582812 0.679177 0.582812 0.688862 0.581250 0.691283 0.579687 0.691283 0.579687 0.693705 0.576563 0.698547 0.576563 0.703390 0.575000 0.705811 0.575000 0.710654 0.573438 0.713075 0.573438 0.720339 0.570312 0.725182 0.565625 0.725182 0.565625 0.865617 0.570312 0.865617 0.573438 0.870460 0.573438 0.872881 0.575000 0.875303 0.575000 0.877724 0.576563 0.880145 0.576563 0.889831 0.579687 0.889831 0.579687 0.882567 0.582812 0.877724 0.584375 0.877724 0.589063 0.870460 0.592188 0.870460 0.593750 0.868039 0.603125 0.868039 0.604688 0.865617 0.618750 0.865617 0.620313 0.863196 0.628125 0.863196 0.629687 0.860775 0.651563 0.860775 0.653125 0.863196 0.654688 0.863196 0.656250 0.865617 0.657812 0.865617 0.659375 0.868039 0.660937 0.868039 0.662500 0.870460 0.664062 0.870460 0.667188 0.875303 0.668750 0.875303 0.670313 0.877724 0.671875 0.877724 0.675000 0.882567 0.675000 0.889831 0.678125 0.889831 0.678125 0.882567 0.681250 0.877724 0.682813 0.877724 0.684375 0.875303 0.689062 0.875303 0.689062 0.766344 0.684375 0.766344 0.682813 0.763923 0.682813 0.761501 0.681250 0.759080 0.681250 0.746973 0.679688 0.744552 0.679688 0.737288 0.678125 0.734867 0.678125 0.730024 0.676562 0.727603 0.676562 0.725182 0.675000 0.722760 0.675000 0.720339 0.673437 0.717918 0.673437 0.713075 0.671875 0.710654 0.671875 0.698547 0.670313 0.696126 0.670313 0.693705 0.668750 0.691283 0.668750 0.688862 0.667188 0.686441 0.667188 0.679177
0 0.257812 0.717918 0.257812 0.730024 0.256250 0.732446 0.256250 0.737288 0.251563 0.744552 0.246875 0.744552 0.246875 0.819613 0.251563 0.819613 0.254687 0.824455 0.254687 0.831719 0.267188 0.831719 0.267188 0.822034 0.268750 0.819613 0.268750 0.817191 0.271875 0.812349 0.276563 0.812349 0.276563 0.737288 0.271875 0.737288 0.268750 0.732446 0.268750 0.717918
2 0.446875 0.766344 0.446875 0.812349 0.453125 0.812349 0.453125 0.805085 0.454688 0.802663 0.456250 0.802663 0.457812 0.800242 0.476562 0.800242 0.476562 0.766344
