5 0.000000 0.121868 0.000000 0.611617 0.034375 0.611617 0.034375 0.604784 0.035937 0.602506 0.045313 0.602506 0.046875 0.600228 0.082813 0.600228 0.084375 0.597950 0.104687 0.597950 0.106250 0.595672 0.125000 0.595672 0.126563 0.593394 0.140625 0.593394 0.142188 0.595672 0.162500 0.595672 0.164062 0.593394 0.168750 0.593394 0.170312 0.591116 0.175000 0.591116 0.176563 0.588838 0.181250 0.588838 0.182812 0.586560 0.195312 0.586560 0.196875 0.584282 0.214062 0.584282 0.215625 0.582005 0.232812 0.582005 0.234375 0.579727 0.242188 0.579727 0.243750 0.577449 0.246875 0.577449 0.248437 0.575171 0.251563 0.575171 0.253125 0.572893 0.254687 0.572893 0.259375 0.566059 0.260938 0.566059 0.264062 0.561503 0.270312 0.561503 0.270312 0.269932 0.265625 0.269932 0.264062 0.267654 0.264062 0.260820 0.262500 0.258542 0.262500 0.251708 0.260938 0.249431 0.260938 0.244875 0.259375 0.242597 0.259375 0.240319 0.257812 0.238041 0.257812 0.235763 0.256250 0.233485 0.256250 0.231207 0.251563 0.224374 0.250000 0.224374 0.248437 0.222096 0.246875 0.222096 0.245312 0.219818 0.243750 0.219818 0.242188 0.217540 0.240625 0.217540 0.239063 0.215262 0.237500 0.215262 0.235938 0.212984 0.234375 0.212984 0.231250 0.208428 0.229687 0.208428 0.226562 0.203872 0.221875 0.203872 0.220313 0.201595 0.215625 0.201595 0.214062 0.199317 0.201562 0.199317 0.200000 0.197039 0.190625 0.197039 0.189063 0.194761 0.184375 0.194761 0.182812 0.192483 0.178125 0.192483 0.176563 0.190205 0.171875 0.190205 0.170312 0.187927 0.167187 0.187927 0.165625 0.185649 0.162500 0.185649 0.160938 0.183371 0.157813 0.183371 0.156250 0.181093 0.153125 0.181093 0.151562 0.178815 0.146875 0.178815 0.145313 0.176538 0.143750 0.176538 0.142188 0.174260 0.139062 0.174260 0.137500 0.171982 0.131250 0.171982 0.129688 0.169704 0.123438 0.169704 0.121875 0.167426 0.118750 0.167426 0.117188 0.165148 0.114063 0.165148 0.112500 0.162870 0.106250 0.162870 0.104687 0.160592 0.101562 0.160592 0.100000 0.158314 0.096875 0.158314 0.095312 0.156036 0.092188 0.156036 0.090625 0.153759 0.087500 0.153759 0.085938 0.151481 0.082813 0.151481 0.078125 0.144647 0.076563 0.144647 0.071875 0.137813 0.070312 0.137813 0.068750 0.135535 0.067188 0.135535 0.065625 0.133257 0.062500 0.133257 0.060938 0.130979 0.059375 0.130979 0.057813 0.128702 0.057813 0.121868
5 0.554688 0.294989 0.554688 0.301822 0.553125 0.304100 0.553125 0.306378 0.551562 0.308656 0.551562 0.310934 0.550000 0.313212 0.550000 0.320046 0.548437 0.322323 0.548437 0.326879 0.546875 0.329157 0.546875 0.345103 0.548437 0.347380 0.548437 0.361048 0.546875 0.363326 0.546875 0.367882 0.545313 0.370159 0.545313 0.374715 0.543750 0.376993 0.543750 0.379271 0.545313 0.381549 0.545313 0.386105 0.543750 0.388383 0.543750 0.402050 0.542188 0.404328 0.542188 0.408884 0.540625 0.411162 0.540625 0.413440 0.537500 0.417995 0.537500 0.420273 0.535937 0.422551 0.535937 0.431663 0.534375 0.433941 0.534375 0.436219 0.531250 0.440775 0.532812 0.443052 0.532812 0.445330 0.534375 0.447608 0.534375 0.458998 0.532812 0.461276 0.532812 0.463554 0.531250 0.465831 0.531250 0.468109 0.528125 0.472665 0.521875 0.472665 0.521875 0.547836 0.526563 0.547836 0.528125 0.550114 0.529688 0.550114 0.532812 0.554670 0.535937 0.554670 0.537500 0.556948 0.539062 0.556948 0.540625 0.559225 0.543750 0.559225 0.545313 0.561503 0.550000 0.561503 0.551562 0.563781 0.557813 0.563781 0.559375 0.566059 0.562500 0.566059 0.564062 0.568337 0.564062 0.575171 0.665625 0.575171 0.665625 0.568337 0.667188 0.566059 0.676562 0.566059 0.678125 0.563781 0.685938 0.563781 0.687500 0.561503 0.690625 0.561503 0.700000 0.547836 0.700000 0.545558 0.701563 0.543280 0.701563 0.541002 0.703125 0.538724 0.703125 0.536446 0.704687 0.534169 0.704687 0.529613 0.706250 0.527335 0.706250 0.525057 0.707812 0.522779 0.707812 0.518223 0.709375 0.515945 0.714063 0.515945 0.714063 0.429385 0.709375 0.429385 0.707812 0.427107 0.707812 0.424829 0.706250 0.422551 0.706250 0.415718 0.704687 0.413440 0.704687 0.406606 0.706250 0.404328 0.706250 0.388383 0.704687 0.386105 0.704687 0.383827 0.703125 0.381549 0.703125 0.379271 0.696875 0.370159 0.695312 0.370159 0.689062 0.361048 0.687500 0.361048 0.681250 0.351936 0.679688 0.351936 0.668750 0.335991 0.667188 0.335991 0.665625 0.333713 0.664062 0.333713 0.659375 0.326879 0.657812 0.326879 0.651563 0.317768 0.650000 0.317768 0.645312 0.310934 0.643750 0.310934 0.637500 0.301822 0.637500 0.294989
0 0.439063 0.477221 0.439063 0.486333 0.437500 0.488610 0.437500 0.490888 0.435937 0.493166 0.435937 0.497722 0.432813 0.502278 0.428125 0.502278 0.428125 0.566059 0.448438 0.566059 0.448438 0.543280 0.450000 0.541002 0.450000 0.518223 0.451562 0.515945 0.451562 0.509112 0.450000 0.506834 0.450000 0.477221
0 0.965625 0.477221 0.965625 0.561503 0.971875 0.561503 0.973437 0.563781 0.973437 0.566059 0.975000 0.568337 0.975000 0.575171 0.984375 0.575171 0.984375 0.552392 0.985937 0.550114 0.985937 0.534169 0.987500 0.531891 0.987500 0.522779 0.989062 0.520501 0.989062 0.518223 0.990625 0.515945 0.995313 0.515945 0.995313 0.506834 0.990625 0.506834 0.985937 0.500000 0.985937 0.497722 0.984375 0.495444 0.984375 0.493166 0.981250 0.488610 0.981250 0.477221
0 0.403125 0.477221 0.403125 0.484055 0.401563 0.486333 0.396875 0.486333 0.396875 0.556948 0.420312 0.556948 0.420312 0.477221
0 0.265625 0.449886 0.265625 0.566059 0.289062 0.566059 0.289062 0.449886
0 0.359375 0.468109 0.359375 0.545558 0.364062 0.545558 0.365625 0.547836 0.365625 0.556948 0.375000 0.556948 0.375000 0.536446 0.376563 0.534169 0.376563 0.531891 0.378125 0.529613 0.382812 0.529613 0.382812 0.468109
0 0.496875 0.486333 0.496875 0.531891 0.501562 0.531891 0.504687 0.536446 0.504687 0.547836 0.514063 0.547836 0.514063 0.486333
9 0.440625 0.367882 0.440625 0.447608 0.470313 0.447608 0.470313 0.390661 0.465625 0.390661 0.464063 0.388383 0.464063 0.381549 0.465625 0.379271 0.470313 0.379271 0.470313 0.367882
0 0.910937 0.468109 0.910937 0.481777 0.909375 0.484055 0.909375 0.486333 0.906250 0.490888 0.906250 0.493166 0.904688 0.495444 0.904688 0.497722 0.903125 0.500000 0.903125 0.502278 0.900000 0.506834 0.900000 0.509112 0.898438 0.511389 0.898438 0.513667 0.895312 0.518223 0.890625 0.518223 0.890625 0.552392 0.896875 0.552392 0.901563 0.559225 0.901563 0.566059 0.910937 0.566059 0.910937 0.556948 0.915625 0.550114 0.917188 0.550114 0.918750 0.547836 0.920313 0.547836 0.920313 0.538724 0.921875 0.536446 0.921875 0.531891 0.923437 0.529613 0.923437 0.527335 0.925000 0.525057 0.925000 0.522779 0.928125 0.518223 0.932813 0.518223 0.932813 0.493166 0.928125 0.493166 0.925000 0.488610 0.925000 0.486333 0.923437 0.484055 0.923437 0.468109
9 0.421875 0.376993 0.421875 0.429385 0.439063 0.429385 0.439063 0.376993
9 0.453125 0.376993 0.453125 0.447608 0.470313 0.447608 0.470313 0.386105 0.465625 0.386105 0.464063 0.383827 0.464063 0.376993
0 0.471875 0.477221 0.471875 0.534169 0.478125 0.534169 0.479688 0.536446 0.481250 0.536446 0.484375 0.541002 0.484375 0.547836 0.489062 0.547836 0.489062 0.477221
0 0.484375 0.486333 0.484375 0.547836 0.492188 0.547836 0.492188 0.538724 0.493750 0.536446 0.493750 0.529613 0.495313 0.527335 0.495313 0.513667 0.496875 0.511389 0.501562 0.511389 0.501562 0.486333
0 0.478125 0.486333 0.478125 0.547836 0.495313 0.547836 0.495313 0.486333
0 0.503125 0.486333 0.503125 0.547836 0.510938 0.547836 0.510938 0.541002 0.512500 0.538724 0.512500 0.534169 0.515625 0.529613 0.520312 0.529613 0.520312 0.497722 0.515625 0.497722 0.512500 0.493166 0.512500 0.486333
0 0.790625 0.458998 0.790625 0.520501 0.796875 0.520501 0.801562 0.527335 0.801562 0.529613 0.803125 0.531891 0.803125 0.543280 0.804688 0.545558 0.804688 0.554670 0.806250 0.556948 0.806250 0.566059 0.814062 0.566059 0.814062 0.559225 0.815625 0.556948 0.815625 0.552392 0.817187 0.550114 0.817187 0.545558 0.818750 0.543280 0.818750 0.538724 0.817187 0.536446 0.817187 0.534169 0.815625 0.531891 0.815625 0.527335 0.814062 0.525057 0.814062 0.518223 0.812500 0.515945 0.812500 0.495444 0.814062 0.493166 0.814062 0.474943 0.812500 0.472665 0.812500 0.470387 0.810938 0.468109 0.810938 0.458998
