2 0.492188 0.670778 0.492188 0.676471 0.490625 0.678368 0.487500 0.678368 0.485938 0.680266 0.482812 0.680266 0.481250 0.682163 0.479688 0.682163 0.478125 0.684061 0.476562 0.684061 0.475000 0.685958 0.473437 0.685958 0.471875 0.687856 0.470313 0.687856 0.468750 0.689753 0.467187 0.689753 0.465625 0.691651 0.464063 0.691651 0.460938 0.695446 0.459375 0.695446 0.456250 0.699241 0.454688 0.699241 0.451562 0.703036 0.450000 0.703036 0.448438 0.704934 0.446875 0.704934 0.440625 0.712524 0.439063 0.712524 0.434375 0.718216 0.432813 0.718216 0.431250 0.720114 0.431250 0.722011 0.421875 0.733397 0.420312 0.733397 0.418750 0.735294 0.415625 0.735294 0.409375 0.742884 0.403125 0.742884 0.401563 0.744782 0.396875 0.744782 0.395312 0.746679 0.390625 0.746679 0.389062 0.748577 0.382812 0.748577 0.381250 0.750474 0.371875 0.750474 0.370313 0.752372 0.362500 0.752372 0.360938 0.754269 0.357812 0.754269 0.356250 0.756167 0.353125 0.756167 0.351562 0.758065 0.339063 0.758065 0.337500 0.756167 0.331250 0.756167 0.329688 0.754269 0.326562 0.754269 0.325000 0.756167 0.318750 0.756167 0.317187 0.758065 0.276563 0.758065 0.275000 0.759962 0.271875 0.759962 0.270312 0.761860 0.268750 0.761860 0.267188 0.763757 0.265625 0.763757 0.253125 0.778937 0.253125 0.780835 0.251563 0.782732 0.251563 0.784630 0.250000 0.786528 0.250000 0.790323 0.248437 0.792220 0.248437 0.797913 0.246875 0.799810 0.246875 0.805503 0.245312 0.807400 0.240625 0.807400 0.240625 0.894687 0.245312 0.894687 0.254687 0.906072 0.256250 0.906072 0.257812 0.907970 0.259375 0.907970 0.270312 0.921252 0.271875 0.921252 0.278125 0.928842 0.279687 0.928842 0.282813 0.932638 0.284375 0.932638 0.285937 0.934535 0.289062 0.934535 0.290625 0.936433 0.301562 0.936433 0.303125 0.934535 0.307813 0.934535 0.309375 0.932638 0.325000 0.932638 0.326562 0.934535 0.329688 0.934535 0.331250 0.932638 0.339063 0.932638 0.340625 0.930740 0.381250 0.930740 0.382812 0.932638 0.384375 0.932638 0.385938 0.930740 0.418750 0.930740 0.420312 0.932638 0.465625 0.932638 0.467187 0.934535 0.470313 0.934535 0.473437 0.938330 0.475000 0.938330 0.478125 0.942125 0.481250 0.942125 0.482812 0.944023 0.490625 0.944023 0.492188 0.945920 0.496875 0.945920 0.498437 0.947818 0.504687 0.947818 0.506250 0.949715 0.517187 0.949715 0.518750 0.947818 0.523438 0.947818 0.525000 0.945920 0.526563 0.945920 0.528125 0.944023 0.529688 0.944023 0.534375 0.938330 0.535937 0.938330 0.553125 0.917457 0.556250 0.917457 0.557813 0.915560 0.568750 0.915560 0.570312 0.913662 0.578125 0.913662 0.579687 0.911765 0.584375 0.911765 0.585938 0.909867 0.592188 0.909867 0.593750 0.907970 0.601562 0.907970 0.603125 0.906072 0.610937 0.906072 0.612500 0.904175 0.620313 0.904175 0.621875 0.902277 0.629687 0.902277 0.631250 0.900379 0.640625 0.900379 0.642187 0.898482 0.651563 0.898482 0.653125 0.896584 0.662500 0.896584 0.664062 0.894687 0.670313 0.894687 0.671875 0.892789 0.679688 0.892789 0.681250 0.890892 0.684375 0.890892 0.685938 0.888994 0.689062 0.888994 0.690625 0.887097 0.693750 0.887097 0.695312 0.885199 0.701563 0.885199 0.703125 0.887097 0.706250 0.887097 0.707812 0.888994 0.709375 0.888994 0.710938 0.890892 0.712500 0.890892 0.717188 0.896584 0.718750 0.896584 0.720312 0.898482 0.725000 0.898482 0.726562 0.900379 0.751562 0.900379 0.753125 0.898482 0.754687 0.898482 0.759375 0.892789 0.759375 0.890892 0.760938 0.888994 0.760938 0.887097 0.762500 0.885199 0.762500 0.883302 0.764063 0.881404 0.764063 0.877609 0.765625 0.875712 0.765625 0.873814 0.767187 0.871917 0.767187 0.868121 0.768750 0.866224 0.768750 0.864326 0.770312 0.862429 0.770312 0.860531 0.771875 0.858634 0.771875 0.856736 0.775000 0.852941 0.775000 0.851044 0.778125 0.847249 0.782812 0.847249 0.782812 0.775142 0.776563 0.775142 0.765625 0.761860 0.765625 0.759962 0.753125 0.744782 0.753125 0.742884 0.739062 0.725806 0.737500 0.725806 0.735937 0.723909 0.735937 0.722011 0.715625 0.697343 0.712500 0.697343 0.710938 0.695446 0.709375 0.695446 0.707812 0.693548 0.706250 0.693548 0.704687 0.691651 0.703125 0.691651 0.701563 0.689753 0.698438 0.689753 0.696875 0.687856 0.695312 0.687856 0.693750 0.685958 0.690625 0.685958 0.689062 0.684061 0.685938 0.684061 0.684375 0.682163 0.681250 0.682163 0.679688 0.680266 0.673437 0.680266 0.671875 0.678368 0.668750 0.678368 0.667188 0.676471 0.667188 0.670778
9 0.000000 0.503795 0.000000 0.585389 0.006250 0.585389 0.007812 0.587287 0.007812 0.592979 0.025000 0.592979 0.025000 0.587287 0.026563 0.585389 0.032812 0.585389 0.032812 0.503795
74 0.534375 0.253321 0.534375 0.259013 0.529688 0.264706 0.529688 0.268501 0.528125 0.270398 0.521875 0.270398 0.521875 0.306452 0.528125 0.306452 0.531250 0.310247 0.532812 0.310247 0.535937 0.314042 0.535937 0.319734 0.554688 0.319734 0.554688 0.314042 0.557813 0.310247 0.559375 0.310247 0.560938 0.308349 0.562500 0.308349 0.565625 0.304554 0.570312 0.304554 0.570312 0.262808 0.565625 0.262808 0.564062 0.260911 0.564062 0.253321
0 0.335938 0.685958 0.335938 0.701138 0.332812 0.704934 0.328125 0.704934 0.328125 0.727704 0.332812 0.727704 0.334375 0.729602 0.334375 0.731499 0.335938 0.733397 0.335938 0.759962 0.345313 0.759962 0.345313 0.754269 0.346875 0.752372 0.346875 0.750474 0.348437 0.748577 0.348437 0.740987 0.350000 0.739089 0.350000 0.731499 0.351562 0.729602 0.351562 0.727704 0.353125 0.725806 0.357812 0.725806 0.357812 0.708729 0.351562 0.708729 0.350000 0.706831 0.350000 0.704934 0.348437 0.703036 0.348437 0.701138 0.346875 0.699241 0.346875 0.695446 0.345313 0.693548 0.345313 0.685958
74 0.590625 0.260911 0.590625 0.315939 0.596875 0.315939 0.601562 0.321632 0.601562 0.327324 0.614062 0.327324 0.614062 0.279886 0.609375 0.279886 0.607813 0.277989 0.607813 0.276091 0.606250 0.274194 0.606250 0.260911
9 0.034375 0.443074 0.034375 0.592979 0.060938 0.592979 0.060938 0.587287 0.062500 0.585389 0.062500 0.583491 0.064062 0.581594 0.064062 0.553131 0.070312 0.545541 0.075000 0.545541 0.076563 0.543643 0.082813 0.543643 0.082813 0.498102 0.071875 0.498102 0.067188 0.492410 0.067188 0.490512 0.065625 0.488615 0.065625 0.486717 0.067188 0.484820 0.067188 0.482922 0.070312 0.479127 0.070312 0.477230 0.071875 0.475332 0.071875 0.469639 0.068750 0.465844 0.068750 0.463947 0.067188 0.462049 0.067188 0.460152 0.065625 0.458254 0.065625 0.456357 0.064062 0.454459 0.064062 0.443074
2 0.028125 0.701138 0.028125 0.737192 0.064062 0.737192 0.064062 0.712524 0.059375 0.712524 0.054688 0.706831 0.054688 0.701138
5 0.812500 0.663188 0.812500 0.668880 0.810938 0.670778 0.810938 0.672676 0.806250 0.678368 0.804688 0.678368 0.803125 0.680266 0.801562 0.680266 0.800000 0.682163 0.798437 0.682163 0.796875 0.684061 0.795313 0.684061 0.793750 0.682163 0.785937 0.682163 0.784375 0.680266 0.771875 0.680266 0.770312 0.682163 0.767187 0.682163 0.765625 0.684061 0.757812 0.684061 0.753125 0.678368 0.728125 0.678368 0.726562 0.680266 0.715625 0.680266 0.715625 0.701138 0.720312 0.701138 0.732813 0.716319 0.732813 0.718216 0.742188 0.729602 0.743750 0.729602 0.745313 0.731499 0.745313 0.733397 0.746875 0.735294 0.748438 0.735294 0.751562 0.739089 0.751562 0.740987 0.754687 0.744782 0.756250 0.744782 0.757812 0.746679 0.764063 0.746679 0.765625 0.748577 0.770312 0.748577 0.775000 0.754269 0.775000 0.759962 0.900000 0.759962 0.900000 0.754269 0.903125 0.750474 0.907812 0.750474 0.907812 0.676471 0.903125 0.676471 0.900000 0.672676 0.900000 0.670778 0.898438 0.668880 0.898438 0.663188
0 0.371875 0.693548 0.371875 0.752372 0.384375 0.752372 0.384375 0.744782 0.385938 0.742884 0.385938 0.740987 0.387500 0.739089 0.387500 0.735294 0.389062 0.733397 0.389062 0.731499 0.390625 0.729602 0.395312 0.729602 0.395312 0.708729 0.390625 0.708729 0.387500 0.704934 0.387500 0.703036 0.385938 0.701138 0.385938 0.693548
2 0.909375 0.716319 0.909375 0.752372 0.925000 0.752372 0.925000 0.744782 0.928125 0.740987 0.932813 0.740987 0.932813 0.716319
0 0.259375 0.708729 0.259375 0.744782 0.268750 0.744782 0.268750 0.737192 0.270312 0.735294 0.276563 0.735294 0.276563 0.708729
0 0.146875 0.701138 0.146875 0.744782 0.164062 0.744782 0.164062 0.701138
5 0.815625 0.663188 0.815625 0.759962 0.823438 0.759962 0.823438 0.754269 0.826563 0.750474 0.828125 0.750474 0.829687 0.748577 0.831250 0.748577 0.832812 0.746679 0.834375 0.746679 0.835938 0.748577 0.835938 0.752372 0.837500 0.754269 0.837500 0.759962 0.895312 0.759962 0.895312 0.754269 0.900000 0.748577 0.907812 0.748577 0.907812 0.678368 0.903125 0.678368 0.900000 0.674573 0.900000 0.672676 0.898438 0.670778 0.898438 0.663188
