5 0.454688 0.479167 0.454688 0.485417 0.450000 0.491667 0.450000 0.493750 0.448438 0.495833 0.448438 0.497917 0.446875 0.500000 0.446875 0.506250 0.445312 0.508333 0.445312 0.514583 0.443750 0.516667 0.443750 0.527083 0.442187 0.529167 0.442187 0.533333 0.440625 0.535417 0.440625 0.539583 0.439063 0.541667 0.434375 0.541667 0.434375 0.681250 0.439063 0.681250 0.440625 0.683333 0.440625 0.685417 0.442187 0.687500 0.442187 0.691667 0.446875 0.697917 0.459375 0.697917 0.460938 0.700000 0.490625 0.700000 0.492188 0.702083 0.500000 0.702083 0.501562 0.704167 0.501562 0.710417 0.501562 0.704167 0.503125 0.702083 0.518750 0.702083 0.520312 0.700000 0.535937 0.700000 0.537500 0.702083 0.559375 0.702083 0.560938 0.704167 0.560938 0.710417 0.615625 0.710417 0.615625 0.704167 0.620313 0.697917 0.621875 0.697917 0.623438 0.695833 0.626562 0.695833 0.629687 0.691667 0.631250 0.691667 0.632812 0.689583 0.634375 0.689583 0.635938 0.687500 0.639063 0.687500 0.640625 0.685417 0.645312 0.685417 0.646875 0.683333 0.651563 0.683333 0.653125 0.681250 0.657812 0.681250 0.659375 0.679167 0.662500 0.679167 0.664062 0.677083 0.665625 0.677083 0.667188 0.675000 0.673437 0.675000 0.675000 0.672917 0.678125 0.672917 0.679688 0.670833 0.681250 0.670833 0.684375 0.666667 0.685938 0.666667 0.690625 0.660417 0.692187 0.660417 0.693750 0.658333 0.701563 0.658333 0.701563 0.531250 0.696875 0.531250 0.689062 0.520833 0.687500 0.520833 0.685938 0.518750 0.684375 0.518750 0.682813 0.516667 0.681250 0.516667 0.679688 0.514583 0.676562 0.514583 0.675000 0.512500 0.673437 0.512500 0.671875 0.510417 0.667188 0.510417 0.665625 0.508333 0.660937 0.508333 0.659375 0.506250 0.653125 0.506250 0.651563 0.504167 0.648438 0.504167 0.646875 0.502083 0.645312 0.502083 0.643750 0.500000 0.640625 0.500000 0.639063 0.497917 0.634375 0.497917 0.632812 0.495833 0.629687 0.495833 0.628125 0.493750 0.623438 0.493750 0.621875 0.491667 0.615625 0.491667 0.614062 0.489583 0.610937 0.489583 0.609375 0.487500 0.607813 0.487500 0.606250 0.485417 0.606250 0.479167
5 0.696875 0.479167 0.696875 0.633333 0.701563 0.633333 0.704687 0.637500 0.704687 0.643750 0.776563 0.643750 0.776563 0.637500 0.779688 0.633333 0.782812 0.633333 0.784375 0.631250 0.785937 0.631250 0.789062 0.627083 0.795313 0.627083 0.795313 0.506250 0.790625 0.506250 0.787500 0.502083 0.785937 0.502083 0.784375 0.500000 0.782812 0.500000 0.779688 0.495833 0.778125 0.495833 0.775000 0.491667 0.775000 0.489583 0.771875 0.485417 0.771875 0.479167
0 0.921875 0.562500 0.921875 0.635417 0.926562 0.635417 0.928125 0.637500 0.928125 0.643750 0.943750 0.643750 0.943750 0.612500 0.945312 0.610417 0.945312 0.587500 0.943750 0.585417 0.943750 0.581250 0.942187 0.579167 0.942187 0.572917 0.940625 0.570833 0.940625 0.562500
0 0.304688 0.587500 0.304688 0.595833 0.303125 0.597917 0.303125 0.600000 0.301562 0.602083 0.301562 0.604167 0.300000 0.606250 0.300000 0.608333 0.295312 0.614583 0.295312 0.618750 0.293750 0.620833 0.293750 0.625000 0.292188 0.627083 0.292188 0.631250 0.289062 0.635417 0.284375 0.635417 0.284375 0.681250 0.292188 0.681250 0.295312 0.685417 0.295312 0.693750 0.304688 0.693750 0.304688 0.687500 0.306250 0.685417 0.306250 0.683333 0.309375 0.679167 0.309375 0.677083 0.310937 0.675000 0.310937 0.672917 0.312500 0.670833 0.312500 0.660417 0.314063 0.658333 0.314063 0.654167 0.315625 0.652083 0.315625 0.650000 0.317187 0.647917 0.317187 0.643750 0.318750 0.641667 0.318750 0.631250 0.320312 0.629167 0.318750 0.627083 0.318750 0.625000 0.317187 0.622917 0.317187 0.620833 0.315625 0.618750 0.315625 0.616667 0.312500 0.612500 0.312500 0.604167 0.315625 0.600000 0.318750 0.600000 0.318750 0.587500
0 0.265625 0.604167 0.265625 0.668750 0.279687 0.668750 0.279687 0.662500 0.281250 0.660417 0.281250 0.654167 0.284375 0.650000 0.289062 0.650000 0.289062 0.604167
0 0.359375 0.595833 0.359375 0.668750 0.376563 0.668750 0.376563 0.595833
0 0.410937 0.579167 0.410937 0.587500 0.409375 0.589583 0.403125 0.589583 0.403125 0.643750 0.426562 0.643750 0.426562 0.579167
2 0.809375 0.579167 0.809375 0.627083 0.817187 0.627083 0.818750 0.625000 0.818750 0.622917 0.821875 0.618750 0.823438 0.618750 0.825000 0.616667 0.826563 0.616667 0.828125 0.614583 0.831250 0.614583 0.832812 0.612500 0.834375 0.612500 0.837500 0.616667 0.839063 0.616667 0.842188 0.620833 0.842188 0.625000 0.843750 0.627083 0.843750 0.631250 0.845312 0.633333 0.845312 0.635417 0.846875 0.637500 0.846875 0.643750 0.859375 0.643750 0.859375 0.635417 0.864062 0.629167 0.870313 0.629167 0.870313 0.612500 0.864062 0.612500 0.857813 0.604167 0.857813 0.589583 0.856250 0.587500 0.856250 0.579167
0 0.335938 0.587500 0.335938 0.595833 0.332812 0.600000 0.328125 0.600000 0.328125 0.645833 0.332812 0.645833 0.339063 0.654167 0.339063 0.658333 0.340625 0.660417 0.340625 0.668750 0.345313 0.668750 0.345313 0.662500 0.346875 0.660417 0.346875 0.658333 0.350000 0.654167 0.350000 0.647917 0.351562 0.645833 0.351562 0.643750 0.353125 0.641667 0.357812 0.641667 0.357812 0.627083 0.353125 0.627083 0.351562 0.625000 0.351562 0.622917 0.350000 0.620833 0.350000 0.616667 0.348437 0.614583 0.348437 0.606250 0.346875 0.604167 0.346875 0.595833 0.345313 0.593750 0.345313 0.587500
0 0.503125 0.570833 0.503125 0.577083 0.501562 0.579167 0.496875 0.579167 0.496875 0.618750 0.526563 0.618750 0.526563 0.589583 0.521875 0.589583 0.518750 0.585417 0.518750 0.583333 0.515625 0.579167 0.515625 0.570833
0 0.421875 0.579167 0.421875 0.643750 0.439063 0.643750 0.439063 0.579167
