5 0.098438 0.112500 0.098438 0.118750 0.096875 0.120833 0.093750 0.120833 0.092188 0.122917 0.078125 0.122917 0.076563 0.125000 0.065625 0.125000 0.064062 0.127083 0.057813 0.127083 0.056250 0.129167 0.053125 0.129167 0.051562 0.131250 0.045313 0.131250 0.043750 0.133333 0.035937 0.133333 0.034375 0.135417 0.031250 0.135417 0.029687 0.137500 0.025000 0.137500 0.023438 0.139583 0.018750 0.139583 0.017188 0.141667 0.014062 0.141667 0.012500 0.143750 0.010937 0.143750 0.009375 0.145833 0.007812 0.145833 0.003125 0.139583 0.003125 0.137500 0.001563 0.135417 0.001563 0.131250 0.000000 0.131250 0.000000 0.485417 0.009375 0.485417 0.009375 0.477083 0.010937 0.475000 0.012500 0.475000 0.014062 0.472917 0.015625 0.472917 0.017188 0.470833 0.023438 0.470833 0.025000 0.468750 0.028125 0.468750 0.029687 0.470833 0.046875 0.470833 0.048437 0.472917 0.079687 0.472917 0.081250 0.475000 0.100000 0.475000 0.101562 0.477083 0.107813 0.477083 0.109375 0.479167 0.109375 0.485417 0.125000 0.485417 0.125000 0.479167 0.126563 0.477083 0.128125 0.477083 0.129688 0.479167 0.129688 0.485417 0.139062 0.485417 0.139062 0.479167 0.140625 0.477083 0.157813 0.477083 0.159375 0.479167 0.159375 0.485417 0.220313 0.485417 0.220313 0.460417 0.218750 0.458333 0.218750 0.450000 0.217187 0.447917 0.217187 0.431250 0.215625 0.429167 0.215625 0.402083 0.214062 0.400000 0.214062 0.393750 0.212500 0.391667 0.212500 0.389583 0.210938 0.387500 0.210938 0.381250 0.209375 0.379167 0.209375 0.370833 0.210938 0.368750 0.210938 0.360417 0.214062 0.356250 0.214062 0.352083 0.215625 0.350000 0.215625 0.345833 0.217187 0.343750 0.217187 0.339583 0.218750 0.337500 0.218750 0.335417 0.223438 0.329167 0.223438 0.327083 0.225000 0.325000 0.226562 0.325000 0.235938 0.312500 0.237500 0.312500 0.240625 0.308333 0.240625 0.306250 0.242188 0.304167 0.242188 0.302083 0.243750 0.300000 0.243750 0.297917 0.248437 0.291667 0.248437 0.289583 0.251563 0.285417 0.251563 0.283333 0.253125 0.281250 0.253125 0.279167 0.254687 0.277083 0.254687 0.275000 0.262500 0.264583 0.264062 0.264583 0.265625 0.262500 0.270312 0.262500 0.271875 0.264583 0.273438 0.264583 0.276563 0.268750 0.278125 0.268750 0.282813 0.275000 0.282813 0.277083 0.284375 0.279167 0.284375 0.281250 0.285937 0.283333 0.285937 0.287500 0.287500 0.289583 0.287500 0.300000 0.289062 0.302083 0.289062 0.306250 0.287500 0.308333 0.287500 0.310417 0.285937 0.312500 0.284375 0.312500 0.284375 0.318750 0.289062 0.318750 0.289062 0.308333 0.293750 0.302083 0.296875 0.302083 0.298438 0.300000 0.301562 0.300000 0.303125 0.297917 0.304688 0.300000 0.309375 0.300000 0.310937 0.302083 0.312500 0.302083 0.318750 0.310417 0.318750 0.314583 0.320312 0.316667 0.320312 0.322917 0.321875 0.325000 0.321875 0.327083 0.323438 0.329167 0.323438 0.331250 0.326562 0.335417 0.329688 0.335417 0.329688 0.333333 0.331250 0.331250 0.331250 0.310417 0.332812 0.308333 0.332812 0.306250 0.334375 0.304167 0.334375 0.302083 0.339063 0.295833 0.340625 0.295833 0.342187 0.293750 0.345313 0.293750 0.346875 0.291667 0.353125 0.291667 0.354688 0.293750 0.362500 0.293750 0.364062 0.295833 0.367188 0.291667 0.367188 0.289583 0.368750 0.287500 0.368750 0.283333 0.370313 0.281250 0.370313 0.277083 0.371875 0.275000 0.371875 0.270833 0.379687 0.260417 0.390625 0.260417 0.392188 0.262500 0.393750 0.262500 0.396875 0.266667 0.396875 0.268750 0.400000 0.272917 0.400000 0.275000 0.401563 0.277083 0.401563 0.281250 0.403125 0.283333 0.403125 0.285417 0.406250 0.289583 0.406250 0.291667 0.409375 0.295833 0.410937 0.295833 0.415625 0.302083 0.418750 0.302083 0.420312 0.304167 0.421875 0.304167 0.421875 0.300000 0.423438 0.297917 0.423438 0.293750 0.426562 0.289583 0.426562 0.287500 0.431250 0.281250 0.431250 0.279167 0.434375 0.275000 0.435937 0.275000 0.439063 0.270833 0.442187 0.270833 0.445312 0.266667 0.451562 0.266667 0.451562 0.220833 0.446875 0.220833 0.440625 0.212500 0.439063 0.212500 0.437500 0.210417 0.434375 0.210417 0.432813 0.208333 0.426562 0.208333 0.425000 0.206250 0.420312 0.206250 0.418750 0.204167 0.417188 0.204167 0.415625 0.202083 0.410937 0.202083 0.409375 0.200000 0.404687 0.200000 0.403125 0.197917 0.400000 0.197917 0.398438 0.195833 0.395312 0.195833 0.393750 0.193750 0.390625 0.193750 0.389062 0.191667 0.382812 0.191667 0.381250 0.189583 0.378125 0.189583 0.376563 0.187500 0.375000 0.187500 0.373437 0.185417 0.368750 0.185417 0.367188 0.183333 0.362500 0.183333 0.360938 0.181250 0.356250 0.181250 0.354688 0.179167 0.351562 0.179167 0.350000 0.177083 0.345313 0.177083 0.343750 0.175000 0.337500 0.175000 0.335938 0.172917 0.331250 0.172917 0.329688 0.170833 0.328125 0.170833 0.326562 0.168750 0.321875 0.168750 0.320312 0.166667 0.314063 0.166667 0.312500 0.164583 0.309375 0.164583 0.307813 0.162500 0.304688 0.162500 0.303125 0.160417 0.298438 0.160417 0.296875 0.158333 0.293750 0.158333 0.292188 0.156250 0.289062 0.156250 0.287500 0.154167 0.284375 0.154167 0.282813 0.152083 0.279687 0.152083 0.278125 0.150000 0.271875 0.150000 0.270312 0.147917 0.267188 0.147917 0.265625 0.145833 0.262500 0.145833 0.260938 0.143750 0.256250 0.143750 0.254687 0.141667 0.250000 0.141667 0.248437 0.139583 0.243750 0.139583 0.242188 0.137500 0.240625 0.137500 0.239063 0.135417 0.235938 0.135417 0.234375 0.133333 0.228125 0.133333 0.226562 0.131250 0.221875 0.131250 0.220313 0.129167 0.215625 0.129167 0.214062 0.127083 0.210938 0.127083 0.209375 0.125000 0.206250 0.125000 0.204688 0.122917 0.200000 0.122917 0.198437 0.120833 0.196875 0.120833 0.195312 0.118750 0.195312 0.112500
0 0.956250 0.187500 0.956250 0.195833 0.954687 0.197917 0.954687 0.200000 0.953125 0.202083 0.953125 0.204167 0.951563 0.206250 0.951563 0.208333 0.948438 0.212500 0.948438 0.214583 0.946875 0.216667 0.946875 0.222917 0.945312 0.225000 0.945312 0.229167 0.946875 0.231250 0.946875 0.235417 0.948438 0.237500 0.948438 0.243750 0.950000 0.245833 0.948438 0.247917 0.948438 0.252083 0.946875 0.254167 0.946875 0.256250 0.945312 0.258333 0.945312 0.260417 0.943750 0.262500 0.943750 0.264583 0.942187 0.266667 0.942187 0.268750 0.940625 0.270833 0.940625 0.272917 0.939062 0.275000 0.939062 0.277083 0.937500 0.279167 0.937500 0.281250 0.935938 0.283333 0.935938 0.285417 0.934375 0.287500 0.934375 0.295833 0.932813 0.297917 0.932813 0.304167 0.931250 0.306250 0.931250 0.314583 0.929688 0.316667 0.929688 0.320833 0.928125 0.322917 0.928125 0.325000 0.926562 0.327083 0.926562 0.329167 0.925000 0.331250 0.925000 0.333333 0.923437 0.335417 0.923437 0.337500 0.921875 0.339583 0.921875 0.341667 0.920313 0.343750 0.918750 0.343750 0.918750 0.345833 0.914062 0.352083 0.909375 0.352083 0.909375 0.381250 0.914062 0.381250 0.920313 0.372917 0.921875 0.375000 0.923437 0.375000 0.925000 0.377083 0.926562 0.377083 0.928125 0.379167 0.928125 0.381250 0.929688 0.383333 0.929688 0.408333 0.928125 0.410417 0.928125 0.452083 0.929688 0.454167 0.929688 0.479167 0.931250 0.481250 0.931250 0.489583 0.932813 0.491667 0.932813 0.493750 0.929688 0.497917 0.929688 0.500000 0.928125 0.502083 0.926562 0.502083 0.925000 0.504167 0.923437 0.504167 0.921875 0.506250 0.920313 0.506250 0.917188 0.510417 0.917188 0.512500 0.918750 0.512500 0.920313 0.514583 0.921875 0.514583 0.923437 0.516667 0.925000 0.516667 0.928125 0.520833 0.928125 0.527083 0.965625 0.527083 0.965625 0.520833 0.967188 0.518750 0.967188 0.514583 0.968750 0.512500 0.968750 0.504167 0.970312 0.502083 0.970312 0.497917 0.971875 0.495833 0.971875 0.491667 0.973437 0.489583 0.973437 0.475000 0.975000 0.472917 0.975000 0.402083 0.976562 0.400000 0.976562 0.385417 0.978125 0.383333 0.978125 0.381250 0.979688 0.379167 0.979688 0.377083 0.981250 0.375000 0.981250 0.370833 0.982813 0.368750 0.982813 0.364583 0.984375 0.362500 0.984375 0.354167 0.985937 0.352083 0.985937 0.347917 0.987500 0.345833 0.987500 0.343750 0.990625 0.339583 0.990625 0.337500 0.993750 0.333333 0.993750 0.331250 0.996875 0.327083 0.998438 0.327083 0.998438 0.266667 0.996875 0.266667 0.992188 0.260417 0.992188 0.258333 0.987500 0.252083 0.987500 0.250000 0.982813 0.243750 0.982813 0.208333 0.981250 0.206250 0.981250 0.202083 0.979688 0.200000 0.979688 0.197917 0.978125 0.195833 0.978125 0.187500
0 0.876562 0.220833 0.876562 0.229167 0.875000 0.231250 0.875000 0.233333 0.873438 0.235417 0.873438 0.237500 0.871875 0.239583 0.871875 0.241667 0.870313 0.243750 0.870313 0.245833 0.868750 0.247917 0.868750 0.250000 0.867188 0.252083 0.867188 0.256250 0.865625 0.258333 0.865625 0.262500 0.857813 0.272917 0.854688 0.272917 0.853125 0.275000 0.851562 0.275000 0.846875 0.281250 0.846875 0.283333 0.845312 0.285417 0.845312 0.287500 0.843750 0.289583 0.843750 0.291667 0.842188 0.293750 0.842188 0.295833 0.840625 0.297917 0.840625 0.302083 0.839063 0.304167 0.839063 0.308333 0.837500 0.310417 0.837500 0.316667 0.835938 0.318750 0.835938 0.335417 0.837500 0.337500 0.837500 0.339583 0.839063 0.341667 0.839063 0.343750 0.840625 0.345833 0.840625 0.420833 0.839063 0.422917 0.839063 0.429167 0.837500 0.431250 0.837500 0.435417 0.835938 0.437500 0.835938 0.439583 0.834375 0.441667 0.834375 0.443750 0.832812 0.445833 0.832812 0.447917 0.831250 0.450000 0.831250 0.454167 0.829687 0.456250 0.829687 0.458333 0.828125 0.460417 0.828125 0.462500 0.826563 0.464583 0.826563 0.466667 0.823438 0.470833 0.823438 0.472917 0.820312 0.477083 0.815625 0.477083 0.815625 0.508333 0.821875 0.508333 0.823438 0.510417 0.831250 0.510417 0.832812 0.508333 0.839063 0.508333 0.840625 0.510417 0.840625 0.514583 0.839063 0.516667 0.839063 0.535417 0.871875 0.535417 0.871875 0.516667 0.870313 0.514583 0.870313 0.502083 0.871875 0.500000 0.871875 0.493750 0.873438 0.491667 0.873438 0.483333 0.875000 0.481250 0.875000 0.472917 0.876562 0.470833 0.876562 0.468750 0.878125 0.466667 0.878125 0.462500 0.879687 0.460417 0.879687 0.452083 0.881250 0.450000 0.881250 0.443750 0.882812 0.441667 0.882812 0.435417 0.884375 0.433333 0.884375 0.431250 0.885938 0.429167 0.885938 0.420833 0.887500 0.418750 0.887500 0.410417 0.889063 0.408333 0.889063 0.397917 0.890625 0.395833 0.890625 0.372917 0.892187 0.370833 0.892187 0.362500 0.893750 0.360417 0.893750 0.358333 0.895312 0.356250 0.896875 0.356250 0.898438 0.358333 0.898438 0.362500 0.900000 0.364583 0.900000 0.366667 0.901563 0.368750 0.901563 0.370833 0.904688 0.375000 0.904688 0.377083 0.906250 0.379167 0.906250 0.383333 0.907812 0.385417 0.907812 0.387500 0.910937 0.387500 0.912500 0.385417 0.920313 0.385417 0.920313 0.350000 0.915625 0.350000 0.914062 0.347917 0.914062 0.345833 0.912500 0.343750 0.912500 0.337500 0.910937 0.335417 0.910937 0.329167 0.909375 0.327083 0.909375 0.322917 0.907812 0.320833 0.907812 0.312500 0.906250 0.310417 0.906250 0.304167 0.904688 0.302083 0.904688 0.295833 0.903125 0.293750 0.903125 0.291667 0.901563 0.289583 0.901563 0.285417 0.900000 0.283333 0.900000 0.281250 0.898438 0.279167 0.898438 0.277083 0.895312 0.272917 0.895312 0.260417 0.896875 0.258333 0.896875 0.256250 0.898438 0.254167 0.898438 0.250000 0.900000 0.247917 0.900000 0.241667 0.898438 0.239583 0.898438 0.235417 0.896875 0.233333 0.896875 0.231250 0.893750 0.227083 0.893750 0.220833
0 0.259375 0.262500 0.259375 0.268750 0.257812 0.270833 0.257812 0.272917 0.256250 0.275000 0.256250 0.277083 0.254687 0.279167 0.254687 0.283333 0.253125 0.285417 0.253125 0.287500 0.246875 0.295833 0.246875 0.297917 0.245312 0.300000 0.245312 0.304167 0.243750 0.306250 0.243750 0.308333 0.237500 0.316667 0.235938 0.316667 0.228125 0.327083 0.226562 0.327083 0.226562 0.329167 0.220313 0.337500 0.220313 0.341667 0.218750 0.343750 0.218750 0.347917 0.215625 0.352083 0.215625 0.354167 0.214062 0.356250 0.214062 0.360417 0.212500 0.362500 0.212500 0.385417 0.214062 0.387500 0.214062 0.389583 0.217187 0.393750 0.217187 0.400000 0.218750 0.402083 0.218750 0.445833 0.220313 0.447917 0.220313 0.456250 0.221875 0.458333 0.221875 0.464583 0.223438 0.466667 0.223438 0.470833 0.225000 0.472917 0.225000 0.479167 0.226562 0.481250 0.226562 0.483333 0.228125 0.485417 0.228125 0.489583 0.229687 0.491667 0.229687 0.512500 0.228125 0.514583 0.228125 0.520833 0.226562 0.522917 0.226562 0.525000 0.225000 0.527083 0.225000 0.533333 0.223438 0.535417 0.223438 0.541667 0.221875 0.543750 0.221875 0.545833 0.214062 0.556250 0.212500 0.556250 0.212500 0.558333 0.210938 0.560417 0.210938 0.562500 0.212500 0.564583 0.212500 0.566667 0.217187 0.572917 0.218750 0.572917 0.223438 0.579167 0.223438 0.585417 0.225000 0.587500 0.225000 0.597917 0.226562 0.600000 0.226562 0.604167 0.228125 0.604167 0.229687 0.606250 0.240625 0.606250 0.242188 0.604167 0.243750 0.604167 0.245312 0.602083 0.246875 0.602083 0.248437 0.600000 0.250000 0.600000 0.251563 0.597917 0.254687 0.602083 0.254687 0.604167 0.256250 0.606250 0.256250 0.612500 0.259375 0.616667 0.262500 0.616667 0.264062 0.618750 0.265625 0.616667 0.267188 0.616667 0.268750 0.614583 0.270312 0.614583 0.271875 0.612500 0.273438 0.612500 0.275000 0.610417 0.276563 0.610417 0.278125 0.608333 0.281250 0.608333 0.282813 0.606250 0.284375 0.606250 0.284375 0.604167 0.285937 0.602083 0.285937 0.595833 0.284375 0.593750 0.284375 0.591667 0.282813 0.589583 0.282813 0.587500 0.281250 0.585417 0.281250 0.579167 0.279687 0.577083 0.279687 0.564583 0.281250 0.562500 0.281250 0.560417 0.279687 0.558333 0.279687 0.539583 0.278125 0.537500 0.278125 0.527083 0.276563 0.525000 0.276563 0.477083 0.278125 0.475000 0.278125 0.460417 0.279687 0.458333 0.279687 0.429167 0.281250 0.427083 0.281250 0.422917 0.282813 0.420833 0.282813 0.418750 0.284375 0.416667 0.285937 0.416667 0.293750 0.406250 0.293750 0.402083 0.295312 0.400000 0.295312 0.397917 0.296875 0.395833 0.301562 0.395833 0.301562 0.389583 0.296875 0.389583 0.295312 0.387500 0.295312 0.383333 0.293750 0.381250 0.293750 0.375000 0.292188 0.372917 0.292188 0.368750 0.290625 0.366667 0.290625 0.356250 0.289062 0.354167 0.289062 0.339583 0.287500 0.337500 0.287500 0.335417 0.285937 0.333333 0.285937 0.331250 0.282813 0.327083 0.282813 0.325000 0.279687 0.320833 0.279687 0.308333 0.281250 0.306250 0.281250 0.304167 0.282813 0.302083 0.282813 0.297917 0.284375 0.295833 0.284375 0.287500 0.282813 0.285417 0.282813 0.281250 0.281250 0.279167 0.281250 0.277083 0.278125 0.272917 0.278125 0.262500
0 0.762500 0.270833 0.762500 0.285417 0.760938 0.287500 0.760938 0.291667 0.759375 0.293750 0.759375 0.295833 0.750000 0.308333 0.748438 0.308333 0.746875 0.310417 0.740625 0.310417 0.740625 0.350000 0.745313 0.350000 0.746875 0.352083 0.746875 0.356250 0.748438 0.358333 0.748438 0.368750 0.750000 0.370833 0.750000 0.372917 0.751562 0.375000 0.751562 0.381250 0.753125 0.383333 0.753125 0.385417 0.759375 0.393750 0.762500 0.393750 0.765625 0.397917 0.765625 0.402083 0.767187 0.404167 0.767187 0.408333 0.768750 0.410417 0.768750 0.418750 0.778125 0.418750 0.778125 0.412500 0.779688 0.410417 0.779688 0.408333 0.781250 0.406250 0.781250 0.391667 0.779688 0.389583 0.779688 0.372917 0.781250 0.370833 0.781250 0.358333 0.782812 0.356250 0.782812 0.350000 0.784375 0.347917 0.789062 0.347917 0.789062 0.306250 0.782812 0.306250 0.781250 0.304167 0.781250 0.300000 0.779688 0.297917 0.779688 0.293750 0.778125 0.291667 0.778125 0.285417 0.776563 0.283333 0.776563 0.270833
0 0.350000 0.585417 0.350000 0.579167 0.348437 0.577083 0.345313 0.577083 0.343750 0.579167 0.343750 0.585417 0.350000 0.585417 0.385938 0.566667 0.387500 0.568750 0.389062 0.568750 0.389062 0.570833 0.382812 0.554167 0.384375 0.554167 0.384375 0.543750 0.385938 0.541667 0.385938 0.537500 0.387500 0.535417 0.387500 0.531250 0.389062 0.529167 0.389062 0.518750 0.390625 0.516667 0.390625 0.502083 0.389062 0.500000 0.389062 0.495833 0.387500 0.493750 0.387500 0.483333 0.385938 0.481250 0.385938 0.460417 0.387500 0.458333 0.387500 0.454167 0.389062 0.452083 0.389062 0.447917 0.390625 0.445833 0.390625 0.441667 0.392188 0.439583 0.392188 0.437500 0.393750 0.435417 0.393750 0.422917 0.395312 0.420833 0.395312 0.416667 0.393750 0.414583 0.393750 0.402083 0.392188 0.400000 0.392188 0.391667 0.390625 0.389583 0.390625 0.381250 0.389062 0.379167 0.389062 0.375000 0.387500 0.372917 0.387500 0.368750 0.385938 0.366667 0.385938 0.360417 0.384375 0.358333 0.384375 0.354167 0.382812 0.352083 0.382812 0.350000 0.378125 0.343750 0.378125 0.341667 0.376563 0.341667 0.371875 0.335417 0.371875 0.333333 0.370313 0.331250 0.370313 0.327083 0.368750 0.325000 0.368750 0.314583 0.367188 0.312500 0.367188 0.308333 0.365625 0.306250 0.365625 0.295833 0.339063 0.295833 0.339063 0.302083 0.337500 0.304167 0.337500 0.308333 0.335938 0.310417 0.335938 0.318750 0.337500 0.320833 0.337500 0.335417 0.334375 0.339583 0.332812 0.339583 0.326562 0.347917 0.326562 0.352083 0.325000 0.354167 0.325000 0.358333 0.323438 0.360417 0.323438 0.364583 0.320312 0.368750 0.315625 0.368750 0.315625 0.422917 0.320312 0.422917 0.323438 0.427083 0.323438 0.429167 0.325000 0.431250 0.325000 0.433333 0.326562 0.435417 0.326562 0.439583 0.328125 0.441667 0.328125 0.445833 0.329688 0.447917 0.329688 0.452083 0.339063 0.464583 0.340625 0.464583 0.342187 0.466667 0.343750 0.466667 0.345313 0.468750 0.346875 0.468750 0.348437 0.470833 0.350000 0.470833 0.353125 0.475000 0.359375 0.475000 0.360938 0.477083 0.362500 0.477083 0.364062 0.479167 0.364062 0.481250 0.365625 0.483333 0.365625 0.485417 0.367188 0.487500 0.367188 0.514583 0.365625 0.516667 0.365625 0.531250 0.367188 0.533333 0.367188 0.535417 0.368750 0.537500 0.368750 0.539583 0.370313 0.541667 0.370313 0.545833 0.371875 0.545833 0.376563 0.539583 0.378125 0.539583 0.379687 0.541667 0.379687 0.543750 0.381250 0.545833 0.381250 0.550000 0.382812 0.552083 0.382812 0.554167 0.389062 0.570833 0.385938 0.575000 0.385938 0.585417 0.381250 0.585417 0.381250 0.570833 0.382812 0.568750 0.382812 0.566667 0.385938 0.566667
0 0.439063 0.287500 0.439063 0.306250 0.437500 0.308333 0.437500 0.325000 0.439063 0.327083 0.439063 0.333333 0.440625 0.335417 0.440625 0.339583 0.439063 0.341667 0.439063 0.350000 0.437500 0.352083 0.437500 0.362500 0.439063 0.364583 0.439063 0.389583 0.437500 0.391667 0.437500 0.404167 0.435937 0.406250 0.435937 0.414583 0.434375 0.416667 0.434375 0.418750 0.437500 0.422917 0.439063 0.422917 0.442187 0.427083 0.442187 0.431250 0.443750 0.433333 0.443750 0.454167 0.445312 0.456250 0.445312 0.466667 0.446875 0.468750 0.446875 0.477083 0.448438 0.479167 0.448438 0.483333 0.450000 0.485417 0.450000 0.493750 0.464063 0.493750 0.464063 0.487500 0.467187 0.483333 0.467187 0.481250 0.470313 0.477083 0.470313 0.441667 0.471875 0.439583 0.471875 0.437500 0.473437 0.435417 0.473437 0.433333 0.475000 0.431250 0.475000 0.429167 0.476562 0.427083 0.476562 0.418750 0.478125 0.416667 0.482812 0.416667 0.482812 0.339583 0.478125 0.339583 0.476562 0.337500 0.476562 0.335417 0.475000 0.333333 0.475000 0.331250 0.473437 0.329167 0.473437 0.327083 0.468750 0.320833 0.468750 0.314583 0.470313 0.312500 0.470313 0.306250 0.465625 0.306250 0.462500 0.302083 0.462500 0.297917 0.464063 0.295833 0.464063 0.287500
0 0.585938 0.312500 0.585938 0.318750 0.582812 0.322917 0.581250 0.322917 0.579687 0.325000 0.578125 0.325000 0.571875 0.333333 0.570312 0.333333 0.567187 0.337500 0.567187 0.341667 0.565625 0.343750 0.565625 0.366667 0.564062 0.368750 0.564062 0.375000 0.562500 0.377083 0.562500 0.379167 0.560938 0.381250 0.560938 0.383333 0.556250 0.389583 0.556250 0.391667 0.554688 0.393750 0.554688 0.397917 0.553125 0.400000 0.553125 0.420833 0.554688 0.422917 0.554688 0.431250 0.556250 0.433333 0.556250 0.441667 0.557813 0.443750 0.557813 0.447917 0.559375 0.450000 0.559375 0.456250 0.560938 0.458333 0.560938 0.468750 0.562500 0.470833 0.562500 0.504167 0.564062 0.506250 0.564062 0.510417 0.565625 0.512500 0.565625 0.516667 0.568750 0.520833 0.568750 0.527083 0.589063 0.527083 0.589063 0.510417 0.590625 0.508333 0.590625 0.497917 0.589063 0.495833 0.589063 0.475000 0.590625 0.472917 0.590625 0.454167 0.592188 0.452083 0.592188 0.435417 0.590625 0.433333 0.590625 0.420833 0.592188 0.418750 0.592188 0.412500 0.593750 0.410417 0.593750 0.408333 0.595312 0.406250 0.596875 0.406250 0.598437 0.404167 0.601562 0.404167 0.601562 0.402083 0.603125 0.400000 0.603125 0.395833 0.604688 0.393750 0.604688 0.354167 0.606250 0.352083 0.606250 0.350000 0.609375 0.345833 0.614062 0.345833 0.614062 0.333333 0.607813 0.333333 0.606250 0.331250 0.606250 0.329167 0.604688 0.327083 0.603125 0.327083 0.601562 0.325000 0.600000 0.325000 0.596875 0.320833 0.596875 0.312500
24 0.725000 0.379167 0.725000 0.385417 0.720312 0.391667 0.715625 0.391667 0.715625 0.431250 0.720312 0.431250 0.723437 0.435417 0.723437 0.441667 0.725000 0.443750 0.725000 0.450000 0.726562 0.452083 0.726562 0.454167 0.728125 0.456250 0.728125 0.458333 0.729688 0.460417 0.729688 0.468750 0.762500 0.468750 0.762500 0.460417 0.767187 0.454167 0.767187 0.452083 0.768750 0.450000 0.768750 0.433333 0.767187 0.431250 0.767187 0.420833 0.765625 0.418750 0.765625 0.410417 0.764063 0.408333 0.764063 0.406250 0.760938 0.402083 0.760938 0.400000 0.756250 0.393750 0.756250 0.389583 0.754687 0.387500 0.754687 0.379167
0 0.371875 0.262500 0.371875 0.316667 0.378125 0.316667 0.379687 0.318750 0.379687 0.322917 0.384375 0.329167 0.384375 0.331250 0.385938 0.333333 0.385938 0.341667 0.387500 0.343750 0.387500 0.358333 0.389062 0.360417 0.389062 0.370833 0.390625 0.372917 0.390625 0.379167 0.392188 0.381250 0.392188 0.387500 0.393750 0.389583 0.393750 0.400000 0.395312 0.402083 0.395312 0.410417 0.396875 0.412500 0.396875 0.433333 0.398438 0.435417 0.398438 0.470833 0.400000 0.472917 0.400000 0.477083 0.403125 0.481250 0.403125 0.483333 0.404687 0.485417 0.404687 0.487500 0.406250 0.489583 0.406250 0.502083 0.407813 0.504167 0.407813 0.518750 0.426562 0.518750 0.426562 0.470833 0.421875 0.470833 0.418750 0.466667 0.418750 0.462500 0.417188 0.460417 0.417188 0.447917 0.415625 0.445833 0.415625 0.339583 0.417188 0.337500 0.417188 0.335417 0.415625 0.333333 0.415625 0.325000 0.414062 0.322917 0.414062 0.320833 0.410937 0.316667 0.410937 0.314583 0.409375 0.312500 0.409375 0.310417 0.407813 0.308333 0.407813 0.306250 0.406250 0.304167 0.406250 0.302083 0.404687 0.300000 0.404687 0.297917 0.401563 0.293750 0.401563 0.289583 0.400000 0.287500 0.400000 0.285417 0.398438 0.283333 0.398438 0.272917 0.396875 0.270833 0.396875 0.262500
24 0.420312 0.537500 0.420312 0.543750 0.418750 0.545833 0.418750 0.547917 0.415625 0.552083 0.415625 0.556250 0.414062 0.558333 0.414062 0.566667 0.415625 0.568750 0.415625 0.577083 0.414062 0.579167 0.414062 0.581250 0.412500 0.583333 0.412500 0.587500 0.409375 0.591667 0.409375 0.593750 0.407813 0.595833 0.407813 0.597917 0.406250 0.600000 0.406250 0.602083 0.404687 0.604167 0.404687 0.610417 0.403125 0.612500 0.403125 0.616667 0.401563 0.618750 0.401563 0.622917 0.400000 0.625000 0.400000 0.635417 0.398438 0.637500 0.398438 0.643750 0.395312 0.647917 0.390625 0.647917 0.390625 0.685417 0.396875 0.685417 0.400000 0.689583 0.400000 0.691667 0.401563 0.691667 0.403125 0.693750 0.403125 0.702083 0.495313 0.702083 0.495313 0.689583 0.484375 0.689583 0.481250 0.685417 0.482812 0.683333 0.482812 0.679167 0.481250 0.677083 0.481250 0.675000 0.478125 0.670833 0.478125 0.662500 0.484375 0.654167 0.487500 0.658333 0.489062 0.658333 0.490625 0.660417 0.495313 0.660417 0.495313 0.622917 0.490625 0.622917 0.489062 0.620833 0.489062 0.608333 0.487500 0.606250 0.487500 0.595833 0.485938 0.593750 0.485938 0.585417 0.487500 0.583333 0.487500 0.581250 0.489062 0.579167 0.495313 0.579167 0.495313 0.554167 0.490625 0.554167 0.489062 0.556250 0.487500 0.556250 0.485938 0.558333 0.482812 0.558333 0.481250 0.556250 0.478125 0.556250 0.473437 0.550000 0.473437 0.547917 0.470313 0.543750 0.470313 0.537500
30 0.068750 0.804167 0.068750 0.812500 0.065625 0.816667 0.064062 0.816667 0.062500 0.818750 0.054688 0.818750 0.053125 0.816667 0.045313 0.816667 0.043750 0.818750 0.042188 0.818750 0.039062 0.822917 0.034375 0.822917 0.034375 0.837500 0.043750 0.837500 0.045313 0.839583 0.046875 0.837500 0.048437 0.837500 0.051562 0.833333 0.057813 0.833333 0.059375 0.835417 0.060938 0.835417 0.062500 0.837500 0.064062 0.837500 0.065625 0.839583 0.070312 0.839583 0.071875 0.837500 0.073437 0.837500 0.076563 0.833333 0.104687 0.833333 0.106250 0.835417 0.115625 0.835417 0.117188 0.837500 0.123438 0.837500 0.125000 0.839583 0.131250 0.839583 0.132812 0.841667 0.145313 0.841667 0.146875 0.843750 0.154687 0.843750 0.156250 0.845833 0.165625 0.845833 0.167187 0.847917 0.176563 0.847917 0.178125 0.850000 0.182812 0.850000 0.184375 0.852083 0.189063 0.852083 0.190625 0.854167 0.196875 0.854167 0.198437 0.856250 0.207813 0.856250 0.209375 0.858333 0.226562 0.858333 0.228125 0.860417 0.231250 0.860417 0.232812 0.862500 0.242188 0.862500 0.243750 0.864583 0.253125 0.864583 0.254687 0.866667 0.259375 0.866667 0.260938 0.868750 0.268750 0.868750 0.270312 0.870833 0.279687 0.870833 0.281250 0.872917 0.289062 0.872917 0.290625 0.875000 0.293750 0.875000 0.295312 0.877083 0.296875 0.877083 0.298438 0.879167 0.301562 0.879167 0.303125 0.881250 0.310937 0.881250 0.312500 0.883333 0.314063 0.883333 0.315625 0.881250 0.320312 0.881250 0.321875 0.879167 0.323438 0.879167 0.328125 0.872917 0.337500 0.872917 0.339063 0.870833 0.340625 0.870833 0.342187 0.872917 0.350000 0.872917 0.353125 0.877083 0.357812 0.877083 0.359375 0.879167 0.373437 0.879167 0.375000 0.881250 0.384375 0.881250 0.385938 0.883333 0.395312 0.883333 0.396875 0.885417 0.401563 0.885417 0.403125 0.887500 0.409375 0.887500 0.410937 0.889583 0.426562 0.889583 0.428125 0.891667 0.434375 0.891667 0.435937 0.893750 0.443750 0.893750 0.445312 0.895833 0.451562 0.895833 0.453125 0.897917 0.456250 0.897917 0.457812 0.900000 0.464063 0.900000 0.467187 0.904167 0.467187 0.910417 0.496875 0.910417 0.496875 0.904167 0.495313 0.902083 0.493750 0.902083 0.487500 0.893750 0.487500 0.889583 0.489062 0.887500 0.489062 0.885417 0.492188 0.881250 0.493750 0.881250 0.495313 0.879167 0.498437 0.879167 0.500000 0.877083 0.498437 0.875000 0.492188 0.875000 0.490625 0.877083 0.487500 0.877083 0.484375 0.881250 0.473437 0.881250 0.471875 0.883333 0.470313 0.881250 0.448438 0.881250 0.446875 0.879167 0.439063 0.879167 0.437500 0.877083 0.429688 0.877083 0.428125 0.875000 0.415625 0.875000 0.414062 0.872917 0.398438 0.872917 0.396875 0.870833 0.392188 0.870833 0.390625 0.868750 0.382812 0.868750 0.381250 0.866667 0.370313 0.866667 0.368750 0.868750 0.365625 0.868750 0.362500 0.872917 0.353125 0.872917 0.351562 0.870833 0.353125 0.868750 0.356250 0.868750 0.357812 0.866667 0.362500 0.866667 0.362500 0.860417 0.368750 0.852083 0.365625 0.847917 0.362500 0.847917 0.360938 0.850000 0.356250 0.850000 0.354688 0.847917 0.345313 0.847917 0.342187 0.843750 0.348437 0.835417 0.350000 0.835417 0.351562 0.833333 0.353125 0.833333 0.354688 0.831250 0.356250 0.831250 0.359375 0.827083 0.359375 0.825000 0.362500 0.820833 0.360938 0.818750 0.356250 0.818750 0.354688 0.816667 0.348437 0.816667 0.346875 0.814583 0.340625 0.814583 0.339063 0.816667 0.312500 0.816667 0.310937 0.818750 0.285937 0.818750 0.284375 0.820833 0.267188 0.820833 0.265625 0.822917 0.232812 0.822917 0.231250 0.820833 0.228125 0.820833 0.226562 0.818750 0.214062 0.818750 0.212500 0.820833 0.200000 0.820833 0.198437 0.822917 0.179688 0.822917 0.178125 0.820833 0.171875 0.820833 0.170312 0.818750 0.167187 0.818750 0.165625 0.816667 0.162500 0.816667 0.160938 0.814583 0.157813 0.814583 0.154687 0.810417 0.154687 0.804167 0.151562 0.804167 0.151562 0.812500 0.153125 0.814583 0.153125 0.818750 0.151562 0.820833 0.145313 0.820833 0.143750 0.818750 0.137500 0.818750 0.135937 0.820833 0.132812 0.820833 0.131250 0.818750 0.128125 0.818750 0.126563 0.816667 0.120312 0.816667 0.118750 0.814583 0.114063 0.814583 0.112500 0.812500 0.110937 0.812500 0.109375 0.810417 0.109375 0.804167 0.104687 0.804167 0.104687 0.810417 0.103125 0.812500 0.096875 0.812500 0.095312 0.814583 0.093750 0.814583 0.090625 0.818750 0.087500 0.818750 0.085938 0.816667 0.082813 0.816667 0.079687 0.812500 0.079687 0.804167
0 0.340625 0.485417 0.340625 0.487500 0.345313 0.487500 0.345313 0.485417 0.340625 0.485417 0.318750 0.470833 0.318750 0.458333 0.320312 0.456250 0.320312 0.452083 0.321875 0.450000 0.321875 0.447917 0.323438 0.445833 0.323438 0.433333 0.321875 0.431250 0.321875 0.427083 0.320312 0.425000 0.320312 0.418750 0.318750 0.416667 0.318750 0.412500 0.317187 0.410417 0.317187 0.391667 0.318750 0.389583 0.318750 0.379167 0.320312 0.377083 0.320312 0.368750 0.321875 0.366667 0.321875 0.360417 0.323438 0.358333 0.323438 0.345833 0.321875 0.343750 0.321875 0.341667 0.318750 0.337500 0.318750 0.335417 0.317187 0.333333 0.317187 0.329167 0.315625 0.327083 0.315625 0.312500 0.314063 0.310417 0.314063 0.306250 0.312500 0.304167 0.312500 0.295833 0.298438 0.295833 0.298438 0.304167 0.296875 0.306250 0.296875 0.310417 0.295312 0.312500 0.295312 0.320833 0.293750 0.322917 0.293750 0.329167 0.292188 0.331250 0.292188 0.333333 0.290625 0.335417 0.290625 0.352083 0.292188 0.354167 0.292188 0.364583 0.293750 0.366667 0.293750 0.375000 0.295312 0.377083 0.295312 0.402083 0.293750 0.404167 0.293750 0.406250 0.282813 0.420833 0.282813 0.447917 0.281250 0.450000 0.281250 0.454167 0.279687 0.456250 0.279687 0.458333 0.276563 0.462500 0.271875 0.462500 0.271875 0.537500 0.276563 0.537500 0.279687 0.541667 0.279687 0.545833 0.281250 0.547917 0.281250 0.581250 0.282813 0.583333 0.282813 0.585417 0.285937 0.589583 0.285937 0.591667 0.287500 0.593750 0.287500 0.597917 0.289062 0.600000 0.289062 0.604167 0.290625 0.604167 0.290625 0.602083 0.293750 0.597917 0.293750 0.595833 0.295312 0.593750 0.295312 0.579167 0.293750 0.577083 0.293750 0.570833 0.292188 0.568750 0.292188 0.558333 0.290625 0.556250 0.290625 0.527083 0.289062 0.525000 0.289062 0.522917 0.287500 0.520833 0.287500 0.518750 0.289062 0.516667 0.289062 0.510417 0.290625 0.508333 0.292188 0.510417 0.295312 0.510417 0.296875 0.512500 0.296875 0.514583 0.298438 0.516667 0.298438 0.518750 0.301562 0.522917 0.303125 0.522917 0.304688 0.520833 0.306250 0.520833 0.307813 0.518750 0.307813 0.514583 0.309375 0.512500 0.309375 0.508333 0.310937 0.506250 0.310937 0.500000 0.312500 0.497917 0.312500 0.489583 0.314063 0.487500 0.314063 0.483333 0.315625 0.481250 0.315625 0.477083 0.317187 0.475000 0.317187 0.472917 0.318750 0.470833
0 0.712500 0.379167 0.720312 0.379167 0.720312 0.375000 0.715625 0.375000 0.714063 0.377083 0.712500 0.377083 0.712500 0.379167 0.701563 0.379167 0.698438 0.375000 0.696875 0.375000 0.690625 0.366667 0.690625 0.364583 0.687500 0.364583 0.685938 0.366667 0.684375 0.366667 0.682813 0.368750 0.678125 0.368750 0.676562 0.366667 0.673437 0.366667 0.671875 0.364583 0.670313 0.364583 0.668750 0.362500 0.668750 0.356250 0.670313 0.354167 0.670313 0.345833 0.675000 0.339583 0.675000 0.331250 0.673437 0.329167 0.676562 0.325000 0.678125 0.325000 0.679688 0.322917 0.681250 0.322917 0.682813 0.320833 0.684375 0.320833 0.692187 0.310417 0.693750 0.310417 0.695312 0.308333 0.696875 0.308333 0.700000 0.312500 0.701563 0.312500 0.703125 0.314583 0.704687 0.314583 0.706250 0.316667 0.709375 0.316667 0.710938 0.314583 0.710938 0.302083 0.709375 0.300000 0.709375 0.295833 0.704687 0.289583 0.704687 0.279167 0.659375 0.279167 0.659375 0.287500 0.657812 0.289583 0.653125 0.289583 0.653125 0.308333 0.662500 0.308333 0.664062 0.306250 0.667188 0.310417 0.667188 0.316667 0.665625 0.318750 0.665625 0.320833 0.664062 0.322917 0.662500 0.322917 0.659375 0.327083 0.653125 0.327083 0.653125 0.364583 0.657812 0.364583 0.660937 0.368750 0.662500 0.368750 0.667188 0.375000 0.667188 0.412500 0.665625 0.414583 0.665625 0.422917 0.664062 0.425000 0.664062 0.439583 0.665625 0.441667 0.665625 0.445833 0.667188 0.447917 0.667188 0.452083 0.668750 0.454167 0.668750 0.456250 0.671875 0.460417 0.671875 0.462500 0.673437 0.464583 0.673437 0.468750 0.675000 0.470833 0.675000 0.487500 0.676562 0.489583 0.676562 0.500000 0.678125 0.502083 0.678125 0.510417 0.698438 0.510417 0.698438 0.500000 0.700000 0.497917 0.700000 0.491667 0.698438 0.489583 0.698438 0.479167 0.696875 0.477083 0.696875 0.472917 0.695312 0.470833 0.695312 0.464583 0.693750 0.462500 0.693750 0.410417 0.695312 0.408333 0.695312 0.402083 0.696875 0.400000 0.696875 0.397917 0.698438 0.395833 0.698438 0.393750 0.700000 0.391667 0.700000 0.389583 0.701563 0.387500 0.701563 0.379167
30 0.554688 0.783333 0.545313 0.783333 0.543750 0.781250 0.542188 0.781250 0.540625 0.779167 0.528125 0.779167 0.526563 0.777083 0.517187 0.777083 0.515625 0.775000 0.510938 0.775000 0.509375 0.772917 0.506250 0.772917 0.503125 0.768750 0.500000 0.768750 0.498437 0.766667 0.492188 0.766667 0.490625 0.764583 0.487500 0.764583 0.485938 0.762500 0.481250 0.762500 0.479688 0.760417 0.462500 0.760417 0.460938 0.758333 0.451562 0.758333 0.450000 0.756250 0.446875 0.756250 0.443750 0.752083 0.443750 0.750000 0.440625 0.745833 0.432813 0.745833 0.431250 0.747917 0.417188 0.747917 0.415625 0.745833 0.412500 0.745833 0.410937 0.743750 0.409375 0.743750 0.407813 0.741667 0.404687 0.741667 0.403125 0.739583 0.396875 0.739583 0.395312 0.737500 0.389062 0.737500 0.387500 0.735417 0.378125 0.735417 0.376563 0.733333 0.371875 0.733333 0.370313 0.731250 0.365625 0.731250 0.364062 0.729167 0.359375 0.729167 0.357812 0.727083 0.356250 0.727083 0.354688 0.725000 0.353125 0.725000 0.351562 0.722917 0.342187 0.722917 0.340625 0.725000 0.334375 0.725000 0.334375 0.727083 0.339063 0.727083 0.343750 0.733333 0.343750 0.735417 0.346875 0.739583 0.348437 0.739583 0.350000 0.741667 0.351562 0.741667 0.353125 0.743750 0.354688 0.743750 0.356250 0.745833 0.362500 0.745833 0.364062 0.747917 0.375000 0.747917 0.376563 0.750000 0.379687 0.750000 0.382812 0.754167 0.385938 0.754167 0.387500 0.756250 0.390625 0.756250 0.392188 0.754167 0.400000 0.754167 0.401563 0.756250 0.406250 0.756250 0.407813 0.758333 0.410937 0.758333 0.412500 0.760417 0.415625 0.760417 0.417188 0.762500 0.426562 0.762500 0.428125 0.764583 0.432813 0.764583 0.434375 0.766667 0.437500 0.766667 0.439063 0.768750 0.443750 0.768750 0.445312 0.770833 0.456250 0.770833 0.457812 0.772917 0.462500 0.772917 0.465625 0.777083 0.468750 0.777083 0.470313 0.779167 0.484375 0.779167 0.485938 0.781250 0.492188 0.781250 0.493750 0.783333 0.495313 0.783333 0.496875 0.785417 0.500000 0.785417 0.501562 0.787500 0.507812 0.787500 0.509375 0.789583 0.515625 0.789583 0.517187 0.791667 0.518750 0.791667 0.520312 0.793750 0.523438 0.793750 0.525000 0.795833 0.531250 0.795833 0.532812 0.797917 0.540625 0.797917 0.542188 0.800000 0.545313 0.800000 0.546875 0.802083 0.551562 0.802083 0.553125 0.804167 0.559375 0.804167 0.560938 0.806250 0.570312 0.806250 0.571875 0.808333 0.573438 0.808333 0.575000 0.810417 0.578125 0.810417 0.579687 0.812500 0.585938 0.812500 0.587500 0.814583 0.596875 0.814583 0.598437 0.816667 0.603125 0.816667 0.606250 0.820833 0.606250 0.827083 0.623438 0.827083 0.623438 0.820833 0.626562 0.816667 0.629687 0.816667 0.631250 0.814583 0.632812 0.814583 0.639063 0.806250 0.645312 0.806250 0.645312 0.797917 0.639063 0.797917 0.637500 0.800000 0.625000 0.800000 0.623438 0.797917 0.609375 0.797917 0.607813 0.800000 0.595312 0.800000 0.593750 0.797917 0.592188 0.797917 0.589063 0.793750 0.581250 0.793750 0.579687 0.791667 0.571875 0.791667 0.568750 0.787500 0.567187 0.787500 0.565625 0.785417 0.556250 0.785417 0.554688 0.783333 0.562500 0.735417 0.568750 0.735417 0.571875 0.731250 0.576563 0.731250 0.579687 0.727083 0.582812 0.727083 0.584375 0.725000 0.584375 0.722917 0.585938 0.720833 0.587500 0.720833 0.589063 0.718750 0.589063 0.714583 0.587500 0.712500 0.587500 0.704167 0.562500 0.704167 0.562500 0.712500 0.564062 0.712500 0.567187 0.716667 0.568750 0.716667 0.570312 0.718750 0.570312 0.720833 0.568750 0.722917 0.567187 0.722917 0.565625 0.725000 0.562500 0.725000 0.560938 0.727083 0.559375 0.727083 0.557813 0.729167 0.556250 0.729167 0.557813 0.729167 0.562500 0.735417
0 0.523438 0.287500 0.523438 0.295833 0.521875 0.297917 0.521875 0.308333 0.520312 0.310417 0.520312 0.314583 0.518750 0.316667 0.518750 0.320833 0.517187 0.322917 0.517187 0.325000 0.514063 0.329167 0.509375 0.329167 0.509375 0.352083 0.514063 0.352083 0.515625 0.354167 0.515625 0.356250 0.517187 0.358333 0.517187 0.368750 0.518750 0.370833 0.518750 0.381250 0.520312 0.383333 0.520312 0.389583 0.521875 0.391667 0.521875 0.395833 0.523438 0.397917 0.523438 0.416667 0.521875 0.418750 0.521875 0.422917 0.520312 0.425000 0.520312 0.431250 0.528125 0.431250 0.529688 0.429167 0.532812 0.429167 0.534375 0.427083 0.545313 0.427083 0.545313 0.410417 0.540625 0.410417 0.539062 0.408333 0.539062 0.393750 0.537500 0.391667 0.537500 0.379167 0.535937 0.377083 0.535937 0.320833 0.537500 0.318750 0.537500 0.300000 0.535937 0.297917 0.535937 0.287500
24 0.140625 0.662500 0.140625 0.672917 0.139062 0.675000 0.139062 0.681250 0.126563 0.697917 0.125000 0.697917 0.123438 0.700000 0.117188 0.700000 0.115625 0.697917 0.114063 0.697917 0.112500 0.695833 0.110937 0.695833 0.109375 0.693750 0.103125 0.693750 0.101562 0.695833 0.098438 0.695833 0.096875 0.697917 0.095312 0.697917 0.093750 0.700000 0.092188 0.700000 0.090625 0.702083 0.084375 0.702083 0.084375 0.764583 0.089062 0.764583 0.092188 0.768750 0.092188 0.772917 0.093750 0.775000 0.093750 0.777083 0.095312 0.779167 0.095312 0.781250 0.101562 0.781250 0.103125 0.783333 0.107813 0.783333 0.115625 0.793750 0.117188 0.793750 0.118750 0.795833 0.118750 0.797917 0.120312 0.800000 0.120312 0.810417 0.201562 0.810417 0.201562 0.804167 0.203125 0.802083 0.204688 0.802083 0.206250 0.800000 0.210938 0.800000 0.212500 0.797917 0.221875 0.797917 0.223438 0.795833 0.228125 0.795833 0.229687 0.793750 0.248437 0.793750 0.250000 0.795833 0.260938 0.795833 0.262500 0.793750 0.284375 0.793750 0.285937 0.791667 0.293750 0.791667 0.295312 0.789583 0.303125 0.789583 0.304688 0.787500 0.307813 0.787500 0.309375 0.785417 0.310937 0.785417 0.312500 0.783333 0.315625 0.783333 0.317187 0.781250 0.321875 0.781250 0.323438 0.779167 0.326562 0.779167 0.328125 0.777083 0.329688 0.777083 0.331250 0.775000 0.332812 0.775000 0.334375 0.772917 0.339063 0.772917 0.339063 0.716667 0.332812 0.716667 0.331250 0.714583 0.331250 0.712500 0.329688 0.710417 0.329688 0.708333 0.323438 0.700000 0.321875 0.700000 0.320312 0.697917 0.315625 0.697917 0.314063 0.695833 0.310937 0.695833 0.309375 0.693750 0.303125 0.693750 0.301562 0.691667 0.292188 0.691667 0.290625 0.689583 0.284375 0.689583 0.282813 0.687500 0.278125 0.687500 0.276563 0.685417 0.259375 0.685417 0.251563 0.675000 0.250000 0.675000 0.245312 0.668750 0.245312 0.662500 0.206250 0.662500 0.206250 0.668750 0.203125 0.672917 0.200000 0.672917 0.198437 0.675000 0.193750 0.675000 0.192188 0.677083 0.187500 0.677083 0.185937 0.679167 0.184375 0.679167 0.182812 0.681250 0.181250 0.681250 0.178125 0.685417 0.168750 0.685417 0.167187 0.683333 0.164062 0.683333 0.162500 0.681250 0.154687 0.681250 0.153125 0.683333 0.146875 0.683333 0.143750 0.679167 0.146875 0.675000 0.151562 0.675000 0.153125 0.672917 0.154687 0.675000 0.159375 0.675000 0.160938 0.672917 0.162500 0.672917 0.164062 0.670833 0.165625 0.670833 0.167187 0.668750 0.167187 0.662500
0 0.487500 0.279167 0.487500 0.287500 0.489062 0.289583 0.489062 0.297917 0.487500 0.300000 0.487500 0.306250 0.485938 0.308333 0.485938 0.312500 0.484375 0.314583 0.484375 0.316667 0.482812 0.318750 0.478125 0.318750 0.478125 0.393750 0.485938 0.393750 0.487500 0.395833 0.489062 0.395833 0.490625 0.397917 0.490625 0.400000 0.492188 0.402083 0.492188 0.416667 0.493750 0.418750 0.493750 0.427083 0.503125 0.427083 0.503125 0.418750 0.504687 0.416667 0.504687 0.412500 0.506250 0.410417 0.506250 0.379167 0.507812 0.377083 0.507812 0.375000 0.510938 0.370833 0.512500 0.370833 0.515625 0.366667 0.520312 0.366667 0.520312 0.341667 0.515625 0.341667 0.512500 0.337500 0.512500 0.331250 0.510938 0.329167 0.510938 0.320833 0.509375 0.318750 0.509375 0.310417 0.507812 0.308333 0.507812 0.306250 0.506250 0.304167 0.506250 0.300000 0.504687 0.297917 0.504687 0.293750 0.503125 0.291667 0.503125 0.289583 0.501562 0.287500 0.501562 0.279167
24 0.481250 0.462500 0.481250 0.468750 0.478125 0.472917 0.476562 0.472917 0.475000 0.475000 0.473437 0.475000 0.465625 0.485417 0.464063 0.485417 0.462500 0.487500 0.460938 0.487500 0.457812 0.491667 0.454688 0.491667 0.453125 0.493750 0.451562 0.493750 0.450000 0.495833 0.448438 0.495833 0.446875 0.497917 0.443750 0.497917 0.442187 0.500000 0.440625 0.500000 0.439063 0.502083 0.437500 0.502083 0.432813 0.508333 0.432813 0.510417 0.431250 0.512500 0.431250 0.514583 0.428125 0.518750 0.421875 0.518750 0.421875 0.702083 0.589063 0.702083 0.589063 0.683333 0.581250 0.683333 0.578125 0.679167 0.578125 0.677083 0.576563 0.677083 0.575000 0.675000 0.573438 0.675000 0.571875 0.672917 0.571875 0.670833 0.570312 0.668750 0.570312 0.662500 0.568750 0.660417 0.568750 0.633333 0.570312 0.631250 0.570312 0.627083 0.571875 0.625000 0.571875 0.618750 0.576563 0.612500 0.576563 0.610417 0.582812 0.602083 0.589063 0.602083 0.589063 0.558333 0.582812 0.558333 0.581250 0.556250 0.581250 0.554167 0.578125 0.550000 0.578125 0.547917 0.571875 0.539583 0.571875 0.537500 0.570312 0.535417 0.570312 0.533333 0.568750 0.531250 0.568750 0.529167 0.567187 0.527083 0.567187 0.525000 0.565625 0.522917 0.565625 0.518750 0.564062 0.516667 0.564062 0.514583 0.562500 0.512500 0.562500 0.510417 0.560938 0.508333 0.560938 0.506250 0.559375 0.504167 0.559375 0.502083 0.557813 0.500000 0.557813 0.497917 0.556250 0.497917 0.545313 0.483333 0.543750 0.483333 0.540625 0.479167 0.539062 0.479167 0.535937 0.475000 0.532812 0.475000 0.528125 0.468750 0.528125 0.462500
24 0.659375 0.304167 0.659375 0.370833 0.665625 0.370833 0.668750 0.375000 0.670313 0.375000 0.671875 0.377083 0.673437 0.375000 0.681250 0.375000 0.682813 0.372917 0.687500 0.372917 0.689062 0.370833 0.695312 0.370833 0.695312 0.341667 0.690625 0.341667 0.687500 0.337500 0.687500 0.333333 0.685938 0.331250 0.685938 0.327083 0.684375 0.325000 0.684375 0.322917 0.682813 0.320833 0.682813 0.314583 0.681250 0.312500 0.681250 0.304167
0 0.540625 0.295833 0.540625 0.302083 0.539062 0.304167 0.534375 0.304167 0.534375 0.416667 0.539062 0.416667 0.540625 0.418750 0.540625 0.427083 0.550000 0.427083 0.550000 0.412500 0.551562 0.410417 0.551562 0.402083 0.553125 0.400000 0.553125 0.393750 0.554688 0.391667 0.554688 0.389583 0.557813 0.385417 0.557813 0.383333 0.559375 0.381250 0.559375 0.377083 0.560938 0.375000 0.560938 0.370833 0.562500 0.368750 0.562500 0.364583 0.564062 0.362500 0.564062 0.354167 0.562500 0.352083 0.562500 0.341667 0.560938 0.339583 0.560938 0.335417 0.559375 0.333333 0.559375 0.331250 0.557813 0.329167 0.557813 0.318750 0.559375 0.316667 0.559375 0.310417 0.560938 0.308333 0.560938 0.295833
