2 0.984778 0.678125 0.984778 0.682813 0.998829 0.682813 0.998829 0.671875 0.989461 0.671875 0.989461 0.673437 0.987119 0.675000 0.987119 0.676562 0.984778 0.678125 0.930913 0.660937 0.930913 0.656250 0.933255 0.654688 0.933255 0.651563 0.935597 0.650000 0.935597 0.648438 0.937939 0.646875 0.937939 0.645312 0.951991 0.635938 0.951991 0.634375 0.961358 0.628125 0.961358 0.626562 0.966042 0.623438 0.966042 0.621875 0.980094 0.612500 0.982436 0.612500 0.984778 0.610937 0.987119 0.610937 0.991803 0.607813 0.998829 0.607813 0.998829 0.478125 0.959016 0.478125 0.959016 0.482812 0.951991 0.487500 0.949649 0.487500 0.947307 0.489062 0.944965 0.489062 0.940281 0.492188 0.937939 0.492188 0.933255 0.495313 0.930913 0.495313 0.928571 0.496875 0.926230 0.496875 0.923888 0.498437 0.916862 0.498437 0.914520 0.500000 0.909836 0.500000 0.907494 0.501562 0.902810 0.501562 0.900468 0.503125 0.886417 0.503125 0.884075 0.501562 0.872365 0.501562 0.870023 0.503125 0.858314 0.503125 0.855972 0.504687 0.844262 0.504687 0.841920 0.506250 0.837237 0.506250 0.834895 0.504687 0.809133 0.504687 0.806792 0.503125 0.802108 0.503125 0.799766 0.504687 0.795082 0.504687 0.792740 0.506250 0.785714 0.506250 0.783372 0.507812 0.781030 0.507812 0.778689 0.509375 0.776347 0.509375 0.762295 0.518750 0.759953 0.518750 0.745902 0.528125 0.745902 0.529688 0.738876 0.534375 0.738876 0.535937 0.731850 0.540625 0.731850 0.542188 0.729508 0.543750 0.720141 0.543750 0.720141 0.576563 0.727166 0.576563 0.731850 0.579687 0.731850 0.581250 0.734192 0.582812 0.734192 0.584375 0.736534 0.585938 0.736534 0.587500 0.738876 0.589063 0.738876 0.590625 0.741218 0.592188 0.741218 0.595312 0.743560 0.596875 0.743560 0.598437 0.745902 0.600000 0.745902 0.601562 0.748244 0.603125 0.748244 0.604688 0.750585 0.606250 0.750585 0.609375 0.752927 0.610937 0.752927 0.612500 0.755269 0.614062 0.755269 0.617188 0.757611 0.618750 0.757611 0.620313 0.759953 0.621875 0.759953 0.623438 0.762295 0.625000 0.762295 0.628125 0.764637 0.629687 0.764637 0.632812 0.766979 0.634375 0.766979 0.635938 0.769321 0.637500 0.769321 0.639063 0.771663 0.640625 0.771663 0.642187 0.774005 0.643750 0.774005 0.645312 0.778689 0.648438 0.778689 0.650000 0.783372 0.653125 0.783372 0.654688 0.785714 0.656250 0.785714 0.657812 0.788056 0.659375 0.788056 0.662500 0.790398 0.664062 0.790398 0.665625 0.792740 0.667188 0.792740 0.670313 0.795082 0.671875 0.795082 0.675000 0.797424 0.676562 0.797424 0.682813 0.921546 0.682813 0.921546 0.671875 0.923888 0.670313 0.923888 0.668750 0.926230 0.667188 0.926230 0.665625 0.928571 0.664062 0.928571 0.662500 0.930913 0.660937
5 0.511710 0.340625 0.511710 0.345313 0.507026 0.348437 0.502342 0.348437 0.500000 0.350000 0.495316 0.350000 0.492974 0.351562 0.488290 0.351562 0.485948 0.353125 0.483607 0.353125 0.481265 0.354688 0.476581 0.354688 0.474239 0.356250 0.469555 0.356250 0.467213 0.357812 0.464871 0.357812 0.462529 0.359375 0.460187 0.359375 0.457845 0.360938 0.455504 0.360938 0.450820 0.364062 0.448478 0.364062 0.446136 0.365625 0.443794 0.365625 0.439110 0.368750 0.436768 0.368750 0.432084 0.371875 0.429742 0.371875 0.422717 0.376563 0.420375 0.376563 0.418033 0.378125 0.418033 0.379687 0.408665 0.385938 0.408665 0.387500 0.406323 0.389062 0.406323 0.390625 0.403981 0.392188 0.403981 0.396875 0.401639 0.398438 0.401639 0.401563 0.399297 0.403125 0.392272 0.403125 0.392272 0.418750 0.399297 0.418750 0.401639 0.420312 0.401639 0.432813 0.399297 0.434375 0.392272 0.434375 0.392272 0.454688 0.399297 0.454688 0.401639 0.456250 0.401639 0.459375 0.403981 0.460938 0.403981 0.464063 0.406323 0.464063 0.408665 0.465625 0.411007 0.465625 0.415691 0.468750 0.418033 0.468750 0.429742 0.476562 0.429742 0.478125 0.432084 0.479688 0.432084 0.481250 0.434426 0.482812 0.434426 0.484375 0.441452 0.489062 0.443794 0.489062 0.446136 0.490625 0.455504 0.490625 0.457845 0.492188 0.464871 0.492188 0.467213 0.493750 0.474239 0.493750 0.478923 0.490625 0.478923 0.487500 0.481265 0.485938 0.481265 0.482812 0.483607 0.481250 0.485948 0.481250 0.488290 0.479688 0.490632 0.479688 0.495316 0.476562 0.497658 0.476562 0.500000 0.475000 0.504684 0.475000 0.507026 0.476562 0.509368 0.476562 0.518735 0.482812 0.518735 0.496875 0.535129 0.496875 0.537471 0.498437 0.544496 0.498437 0.549180 0.495313 0.549180 0.493750 0.551522 0.492188 0.551522 0.489062 0.553864 0.487500 0.553864 0.485938 0.556206 0.484375 0.556206 0.482812 0.563232 0.478125 0.565574 0.478125 0.567916 0.476562 0.567916 0.471875 0.570258 0.470313 0.570258 0.460938 0.579625 0.454688 0.591335 0.454688 0.593677 0.456250 0.598361 0.456250 0.603045 0.459375 0.603045 0.460938 0.605386 0.462500 0.605386 0.468750 0.607728 0.470313 0.607728 0.476562 0.610070 0.478125 0.612412 0.478125 0.633489 0.492188 0.633489 0.493750 0.635831 0.495313 0.638173 0.495313 0.640515 0.496875 0.642857 0.496875 0.645199 0.498437 0.649883 0.498437 0.654567 0.501562 0.656909 0.501562 0.661592 0.504687 0.661592 0.506250 0.668618 0.510938 0.668618 0.512500 0.673302 0.515625 0.673302 0.517187 0.680328 0.521875 0.680328 0.525000 0.685012 0.528125 0.689696 0.528125 0.696721 0.532812 0.699063 0.532812 0.710773 0.540625 0.710773 0.545313 0.731850 0.545313 0.731850 0.539062 0.738876 0.534375 0.738876 0.532812 0.748244 0.526563 0.748244 0.525000 0.759953 0.517187 0.762295 0.517187 0.769321 0.512500 0.771663 0.512500 0.776347 0.509375 0.778689 0.509375 0.781030 0.507812 0.783372 0.507812 0.785714 0.506250 0.788056 0.506250 0.790398 0.504687 0.792740 0.504687 0.795082 0.503125 0.797424 0.503125 0.799766 0.501562 0.802108 0.501562 0.804450 0.500000 0.804450 0.498437 0.806792 0.496875 0.806792 0.489062 0.809133 0.487500 0.809133 0.476562 0.811475 0.475000 0.811475 0.471875 0.813817 0.470313 0.820843 0.470313 0.820843 0.400000 0.813817 0.400000 0.811475 0.398438 0.811475 0.396875 0.809133 0.395312 0.809133 0.382812 0.806792 0.381250 0.806792 0.367188 0.802108 0.364062 0.802108 0.362500 0.792740 0.356250 0.790398 0.356250 0.788056 0.354688 0.785714 0.354688 0.778689 0.350000 0.778689 0.348437 0.774005 0.345313 0.774005 0.340625 0.759953 0.340625 0.759953 0.345313 0.757611 0.346875 0.745902 0.346875 0.743560 0.345313 0.743560 0.340625
5 0.270492 0.403125 0.270492 0.409375 0.268150 0.410937 0.265808 0.410937 0.263466 0.412500 0.251756 0.412500 0.251756 0.456250 0.258782 0.456250 0.261124 0.454688 0.284543 0.454688 0.286885 0.456250 0.289227 0.456250 0.296253 0.460938 0.296253 0.462500 0.298595 0.462500 0.300937 0.464063 0.303279 0.464063 0.305621 0.465625 0.305621 0.470313 0.317330 0.470313 0.317330 0.465625 0.319672 0.464063 0.331382 0.464063 0.333724 0.465625 0.333724 0.470313 0.364169 0.470313 0.364169 0.465625 0.368852 0.462500 0.375878 0.462500 0.378220 0.460938 0.389930 0.460938 0.389930 0.414062 0.380562 0.414062 0.375878 0.410937 0.373536 0.410937 0.371194 0.409375 0.371194 0.403125
0 0.570258 0.453125 0.570258 0.467187 0.572600 0.468750 0.572600 0.478125 0.567916 0.481250 0.565574 0.481250 0.563232 0.482812 0.560890 0.482812 0.560890 0.484375 0.556206 0.487500 0.556206 0.489062 0.551522 0.492188 0.542155 0.492188 0.542155 0.506250 0.551522 0.506250 0.553864 0.507812 0.556206 0.507812 0.558548 0.509375 0.558548 0.514063 0.598361 0.514063 0.598361 0.509375 0.600703 0.507812 0.603045 0.507812 0.605386 0.506250 0.607728 0.506250 0.610070 0.504687 0.614754 0.504687 0.617096 0.503125 0.624122 0.503125 0.626464 0.501562 0.633489 0.501562 0.633489 0.489062 0.624122 0.489062 0.619438 0.485938 0.617096 0.485938 0.607728 0.479688 0.605386 0.479688 0.603045 0.478125 0.603045 0.465625 0.605386 0.464063 0.605386 0.453125
3 0.017564 0.565625 0.017564 0.564062 0.008197 0.564062 0.008197 0.565625 0.017564 0.565625 0.043326 0.565625 0.043326 0.567187 0.045667 0.568750 0.045667 0.573438 0.048009 0.575000 0.048009 0.600000 0.045667 0.601562 0.045667 0.610937 0.043326 0.612500 0.043326 0.621875 0.040984 0.623438 0.040984 0.635938 0.043326 0.637500 0.043326 0.643750 0.045667 0.645312 0.045667 0.654688 0.043326 0.656250 0.043326 0.659375 0.040984 0.660937 0.040984 0.673437 0.048009 0.678125 0.050351 0.678125 0.057377 0.682813 0.057377 0.684375 0.059719 0.685938 0.059719 0.689062 0.062061 0.690625 0.062061 0.692187 0.066745 0.695312 0.066745 0.698438 0.069087 0.700000 0.069087 0.714063 0.071429 0.715625 0.071429 0.717188 0.073770 0.718750 0.073770 0.720312 0.076112 0.721875 0.076112 0.723437 0.078454 0.725000 0.078454 0.732813 0.094848 0.732813 0.094848 0.725000 0.097190 0.723437 0.097190 0.721875 0.099532 0.720312 0.099532 0.718750 0.104215 0.715625 0.104215 0.714063 0.106557 0.712500 0.106557 0.710938 0.108899 0.709375 0.108899 0.707812 0.111241 0.706250 0.111241 0.704687 0.113583 0.703125 0.113583 0.700000 0.115925 0.698438 0.115925 0.696875 0.125293 0.690625 0.127635 0.690625 0.129977 0.689062 0.134660 0.689062 0.141686 0.684375 0.141686 0.681250 0.144028 0.679688 0.144028 0.675000 0.146370 0.673437 0.146370 0.667188 0.148712 0.665625 0.148712 0.660937 0.158080 0.654688 0.158080 0.651563 0.160422 0.650000 0.160422 0.648438 0.162763 0.646875 0.162763 0.631250 0.160422 0.629687 0.160422 0.628125 0.167447 0.623438 0.172131 0.623438 0.174473 0.621875 0.183841 0.621875 0.183841 0.598437 0.172131 0.598437 0.169789 0.600000 0.165105 0.600000 0.160422 0.603125 0.160422 0.604688 0.162763 0.606250 0.162763 0.609375 0.158080 0.612500 0.155738 0.612500 0.153396 0.614062 0.151054 0.614062 0.148712 0.615625 0.141686 0.610937 0.141686 0.606250 0.144028 0.604688 0.144028 0.601562 0.146370 0.600000 0.146370 0.598437 0.148712 0.596875 0.148712 0.578125 0.146370 0.576563 0.146370 0.575000 0.144028 0.573438 0.144028 0.571875 0.141686 0.570312 0.141686 0.568750 0.134660 0.564062 0.132318 0.564062 0.127635 0.560938 0.125293 0.560938 0.118267 0.556250 0.113583 0.556250 0.111241 0.554688 0.104215 0.554688 0.101874 0.553125 0.097190 0.553125 0.094848 0.551562 0.092506 0.551562 0.090164 0.550000 0.087822 0.551562 0.073770 0.551562 0.066745 0.556250 0.066745 0.557813 0.062061 0.560938 0.057377 0.560938 0.055035 0.562500 0.052693 0.562500 0.050351 0.564062 0.045667 0.564062 0.043326 0.565625
0 0.823185 0.459375 0.823185 0.507812 0.853630 0.507812 0.853630 0.503125 0.855972 0.501562 0.855972 0.500000 0.860656 0.496875 0.867682 0.496875 0.867682 0.493750 0.860656 0.493750 0.858314 0.492188 0.858314 0.487500 0.855972 0.485938 0.855972 0.481250 0.853630 0.479688 0.853630 0.478125 0.851288 0.476562 0.851288 0.473437 0.846604 0.470313 0.846604 0.468750 0.844262 0.467187 0.844262 0.465625 0.841920 0.464063 0.841920 0.459375
2 0.921546 0.459375 0.921546 0.464063 0.916862 0.467187 0.912178 0.467187 0.907494 0.470313 0.905152 0.470313 0.902810 0.471875 0.900468 0.471875 0.898126 0.473437 0.895785 0.473437 0.891101 0.476562 0.888759 0.476562 0.881733 0.481250 0.870023 0.481250 0.870023 0.501562 0.928571 0.501562 0.928571 0.496875 0.935597 0.492188 0.937939 0.492188 0.940281 0.490625 0.942623 0.490625 0.944965 0.489062 0.947307 0.489062 0.949649 0.487500 0.954333 0.487500 0.956674 0.485938 0.959016 0.485938 0.961358 0.484375 0.963700 0.484375 0.966042 0.482812 0.968384 0.482812 0.970726 0.481250 0.975410 0.481250 0.977752 0.479688 0.984778 0.479688 0.987119 0.478125 0.998829 0.478125 0.998829 0.459375
2 0.663934 0.509375 0.666276 0.509375 0.670960 0.512500 0.673302 0.512500 0.675644 0.510938 0.675644 0.507812 0.668618 0.503125 0.666276 0.503125 0.661592 0.500000 0.659251 0.500000 0.654567 0.496875 0.652225 0.498437 0.652225 0.503125 0.654567 0.503125 0.656909 0.504687 0.659251 0.504687 0.661592 0.506250 0.661592 0.507812 0.663934 0.509375 0.654567 0.517187 0.652225 0.517187 0.649883 0.515625 0.645199 0.515625 0.640515 0.512500 0.635831 0.512500 0.633489 0.510938 0.603045 0.510938 0.600703 0.512500 0.574941 0.512500 0.572600 0.510938 0.560890 0.510938 0.558548 0.509375 0.553864 0.509375 0.551522 0.507812 0.539813 0.507812 0.537471 0.506250 0.514051 0.506250 0.511710 0.504687 0.502342 0.504687 0.500000 0.503125 0.495316 0.503125 0.492974 0.501562 0.488290 0.501562 0.485948 0.500000 0.485948 0.498437 0.483607 0.496875 0.483607 0.490625 0.481265 0.490625 0.481265 0.496875 0.476581 0.500000 0.467213 0.500000 0.462529 0.503125 0.457845 0.503125 0.450820 0.507812 0.450820 0.509375 0.448478 0.510938 0.439110 0.510938 0.436768 0.512500 0.434426 0.512500 0.432084 0.514063 0.429742 0.514063 0.427400 0.515625 0.413349 0.515625 0.411007 0.517187 0.394614 0.517187 0.392272 0.518750 0.385246 0.518750 0.382904 0.517187 0.350117 0.517187 0.347775 0.518750 0.317330 0.518750 0.314988 0.520312 0.312646 0.520312 0.307963 0.523438 0.305621 0.523438 0.300937 0.526563 0.298595 0.526563 0.296253 0.528125 0.291569 0.528125 0.289227 0.529688 0.279859 0.529688 0.277518 0.531250 0.272834 0.531250 0.270492 0.532812 0.265808 0.532812 0.263466 0.534375 0.261124 0.534375 0.254098 0.539062 0.251756 0.539062 0.249415 0.540625 0.249415 0.542188 0.237705 0.550000 0.237705 0.551562 0.228337 0.557813 0.228337 0.559375 0.225995 0.560938 0.225995 0.562500 0.223653 0.564062 0.223653 0.565625 0.221311 0.567187 0.221311 0.568750 0.218970 0.570312 0.218970 0.575000 0.216628 0.576563 0.216628 0.582812 0.200234 0.593750 0.200234 0.595312 0.197892 0.596875 0.197892 0.598437 0.195550 0.600000 0.195550 0.609375 0.193208 0.610937 0.193208 0.612500 0.190867 0.614062 0.190867 0.615625 0.188525 0.617188 0.188525 0.618750 0.186183 0.620313 0.186183 0.621875 0.183841 0.623438 0.183841 0.625000 0.179157 0.628125 0.181499 0.629687 0.181499 0.639063 0.179157 0.640625 0.179157 0.642187 0.176815 0.643750 0.176815 0.646875 0.174473 0.648438 0.174473 0.651563 0.172131 0.653125 0.172131 0.657812 0.169789 0.659375 0.169789 0.660937 0.167447 0.662500 0.167447 0.665625 0.165105 0.667188 0.165105 0.668750 0.162763 0.670313 0.162763 0.671875 0.160422 0.673437 0.160422 0.675000 0.158080 0.676562 0.158080 0.679688 0.155738 0.681250 0.155738 0.684375 0.153396 0.685938 0.153396 0.690625 0.151054 0.692187 0.151054 0.693750 0.148712 0.695312 0.148712 0.701563 0.146370 0.703125 0.146370 0.709375 0.144028 0.710938 0.144028 0.715625 0.141686 0.717188 0.141686 0.718750 0.139344 0.720312 0.139344 0.725000 0.137002 0.726562 0.137002 0.759375 0.139344 0.760938 0.139344 0.773438 0.141686 0.775000 0.141686 0.784375 0.144028 0.785937 0.144028 0.815625 0.146370 0.817187 0.146370 0.821875 0.148712 0.823438 0.148712 0.826563 0.151054 0.828125 0.151054 0.842188 0.148712 0.843750 0.148712 0.845312 0.146370 0.846875 0.146370 0.848437 0.141686 0.851562 0.139344 0.851562 0.134660 0.854688 0.129977 0.854688 0.127635 0.856250 0.118267 0.856250 0.115925 0.857813 0.111241 0.857813 0.108899 0.859375 0.101874 0.859375 0.099532 0.860937 0.097190 0.860937 0.094848 0.862500 0.090164 0.862500 0.087822 0.864062 0.080796 0.864062 0.078454 0.865625 0.076112 0.865625 0.073770 0.867188 0.069087 0.867188 0.066745 0.868750 0.064403 0.868750 0.062061 0.870313 0.059719 0.870313 0.055035 0.873438 0.052693 0.873438 0.048009 0.876562 0.045667 0.876562 0.036300 0.882812 0.033958 0.882812 0.026932 0.887500 0.017564 0.887500 0.017564 0.918750 0.026932 0.918750 0.029274 0.920313 0.031616 0.920313 0.033958 0.921875 0.038642 0.921875 0.040984 0.923437 0.050351 0.923437 0.052693 0.925000 0.066745 0.925000 0.069087 0.926562 0.078454 0.926562 0.080796 0.928125 0.097190 0.928125 0.099532 0.929688 0.111241 0.929688 0.113583 0.931250 0.115925 0.931250 0.118267 0.932813 0.120609 0.932813 0.125293 0.935938 0.127635 0.935938 0.132318 0.939062 0.132318 0.940625 0.134660 0.942187 0.134660 0.943750 0.137002 0.945312 0.137002 0.948438 0.139344 0.950000 0.139344 0.954687 0.141686 0.956250 0.141686 0.967188 0.139344 0.968750 0.139344 0.970312 0.137002 0.971875 0.137002 0.975000 0.134660 0.976562 0.134660 0.979688 0.132318 0.981250 0.132318 0.984375 0.129977 0.985937 0.129977 0.987500 0.127635 0.989062 0.127635 0.998438 0.998829 0.998438 0.998829 0.912500 0.991803 0.912500 0.987119 0.909375 0.987119 0.907812 0.989461 0.906250 0.989461 0.904688 0.991803 0.903125 0.998829 0.903125 0.998829 0.900000 0.991803 0.900000 0.989461 0.898438 0.989461 0.896875 0.991803 0.895312 0.998829 0.895312 0.998829 0.720312 0.991803 0.720312 0.982436 0.714063 0.982436 0.712500 0.980094 0.710938 0.980094 0.707812 0.977752 0.706250 0.977752 0.704687 0.975410 0.703125 0.975410 0.700000 0.973068 0.698438 0.973068 0.695312 0.970726 0.693750 0.963700 0.693750 0.959016 0.690625 0.954333 0.690625 0.951991 0.689062 0.942623 0.689062 0.940281 0.687500 0.935597 0.687500 0.933255 0.685938 0.930913 0.685938 0.926230 0.682813 0.926230 0.681250 0.928571 0.679688 0.928571 0.675000 0.933255 0.671875 0.935597 0.671875 0.942623 0.667188 0.954333 0.667188 0.956674 0.665625 0.966042 0.665625 0.968384 0.664062 0.970726 0.664062 0.970726 0.662500 0.973068 0.660937 0.973068 0.656250 0.977752 0.653125 0.977752 0.648438 0.980094 0.646875 0.980094 0.643750 0.984778 0.640625 0.984778 0.639063 0.982436 0.637500 0.982436 0.635938 0.980094 0.634375 0.980094 0.632812 0.984778 0.629687 0.984778 0.628125 0.987119 0.626562 0.987119 0.618750 0.989461 0.617188 0.998829 0.617188 0.998829 0.504687 0.989461 0.504687 0.987119 0.503125 0.980094 0.503125 0.977752 0.501562 0.977752 0.500000 0.975410 0.498437 0.975410 0.490625 0.942623 0.490625 0.942623 0.495313 0.937939 0.498437 0.935597 0.498437 0.933255 0.500000 0.928571 0.500000 0.926230 0.501562 0.919204 0.501562 0.916862 0.503125 0.912178 0.503125 0.909836 0.504687 0.884075 0.504687 0.881733 0.503125 0.862998 0.503125 0.860656 0.504687 0.848946 0.504687 0.846604 0.506250 0.837237 0.506250 0.834895 0.507812 0.820843 0.507812 0.818501 0.509375 0.811475 0.509375 0.818501 0.514063 0.811475 0.518750 0.809133 0.518750 0.806792 0.520312 0.804450 0.520312 0.802108 0.521875 0.799766 0.521875 0.795082 0.525000 0.792740 0.525000 0.788056 0.521875 0.788056 0.520312 0.783372 0.517187 0.781030 0.517187 0.778689 0.518750 0.769321 0.518750 0.766979 0.520312 0.764637 0.520312 0.757611 0.525000 0.757611 0.526563 0.755269 0.528125 0.755269 0.529688 0.752927 0.531250 0.752927 0.532812 0.738876 0.542188 0.738876 0.543750 0.736534 0.545313 0.736534 0.546875 0.734192 0.548437 0.734192 0.550000 0.729508 0.553125 0.724824 0.553125 0.722482 0.551562 0.720141 0.551562 0.715457 0.548437 0.715457 0.546875 0.713115 0.545313 0.713115 0.543750 0.710773 0.542188 0.710773 0.540625 0.699063 0.532812 0.696721 0.532812 0.692037 0.529688 0.687354 0.529688 0.685012 0.528125 0.677986 0.528125 0.673302 0.525000 0.666276 0.525000 0.663934 0.523438 0.661592 0.523438 0.659251 0.521875 0.659251 0.520312 0.654567 0.517187
2 0.980094 0.603125 0.980094 0.607813 0.973068 0.612500 0.970726 0.612500 0.970726 0.614062 0.968384 0.615625 0.968384 0.617188 0.963700 0.620313 0.963700 0.621875 0.961358 0.623438 0.961358 0.625000 0.949649 0.632812 0.949649 0.634375 0.947307 0.635938 0.944965 0.635938 0.942623 0.637500 0.942623 0.639063 0.933255 0.645312 0.933255 0.646875 0.930913 0.648438 0.930913 0.650000 0.928571 0.651563 0.928571 0.654688 0.926230 0.656250 0.926230 0.657812 0.921546 0.660937 0.921546 0.662500 0.914520 0.667188 0.907494 0.667188 0.907494 0.682813 0.998829 0.682813 0.998829 0.603125
2 0.148712 0.709375 0.148712 0.710938 0.146370 0.712500 0.146370 0.717188 0.144028 0.718750 0.144028 0.721875 0.141686 0.723437 0.141686 0.725000 0.139344 0.726562 0.139344 0.729688 0.137002 0.731250 0.137002 0.740625 0.139344 0.742188 0.139344 0.745313 0.141686 0.746875 0.141686 0.750000 0.144028 0.751562 0.144028 0.753125 0.146370 0.754687 0.146370 0.756250 0.148712 0.754687 0.148712 0.753125 0.151054 0.751562 0.151054 0.748438 0.153396 0.746875 0.153396 0.745313 0.155738 0.743750 0.155738 0.735937 0.153396 0.734375 0.153396 0.731250 0.151054 0.729688 0.151054 0.718750 0.153396 0.717188 0.153396 0.712500 0.148712 0.709375 0.155738 0.703125 0.158080 0.701563 0.956674 0.851562 0.956674 0.850000 0.947307 0.843750 0.944965 0.843750 0.940281 0.840625 0.165105 0.689062 0.165105 0.684375 0.158080 0.684375 0.158080 0.693750 0.158080 0.692187 0.160422 0.690625 0.162763 0.690625 0.165105 0.689062 0.940281 0.840625 0.940281 0.835938 0.937939 0.834375 0.937939 0.832812 0.935597 0.831250 0.935597 0.829687 0.919204 0.818750 0.916862 0.818750 0.914520 0.817187 0.900468 0.817187 0.898126 0.815625 0.865340 0.815625 0.862998 0.817187 0.830211 0.817187 0.827869 0.815625 0.788056 0.815625 0.785714 0.817187 0.757611 0.817187 0.755269 0.818750 0.752927 0.818750 0.748244 0.821875 0.748244 0.823438 0.745902 0.825000 0.745902 0.826563 0.743560 0.828125 0.745902 0.829687 0.745902 0.834375 0.748244 0.835938 0.748244 0.839063 0.750585 0.840625 0.750585 0.843750 0.748244 0.845312 0.750585 0.846875 0.750585 0.851562 0.752927 0.853125 0.752927 0.860937 0.755269 0.862500 0.755269 0.865625 0.757611 0.867188 0.757611 0.871875 0.759953 0.873438 0.759953 0.875000 0.764637 0.878125 0.764637 0.879687 0.769321 0.882812 0.769321 0.884375 0.778689 0.890625 0.781030 0.890625 0.785714 0.893750 0.785714 0.895312 0.792740 0.900000 0.792740 0.901563 0.806792 0.910937 0.806792 0.912500 0.809133 0.914062 0.811475 0.914062 0.820843 0.920313 0.823185 0.920313 0.827869 0.923437 0.830211 0.923437 0.832553 0.925000 0.834895 0.925000 0.837237 0.926562 0.848946 0.926562 0.851288 0.928125 0.860656 0.928125 0.862998 0.926562 0.865340 0.926562 0.867682 0.925000 0.879391 0.925000 0.884075 0.921875 0.886417 0.921875 0.888759 0.920313 0.916862 0.920313 0.919204 0.918750 0.933255 0.918750 0.935597 0.917188 0.940281 0.917188 0.942623 0.915625 0.951991 0.915625 0.954333 0.914062 0.956674 0.914062 0.959016 0.912500 0.961358 0.912500 0.963700 0.910937 0.966042 0.912500 0.968384 0.912500 0.970726 0.914062 0.973068 0.914062 0.975410 0.915625 0.980094 0.915625 0.982436 0.917188 0.984778 0.917188 0.987119 0.918750 0.989461 0.918750 0.991803 0.920313 0.998829 0.920313 0.998829 0.998438 0.125293 0.998438 0.125293 0.990625 0.127635 0.989062 0.127635 0.987500 0.129977 0.985937 0.129977 0.984375 0.132318 0.982813 0.132318 0.981250 0.134660 0.979688 0.134660 0.978125 0.137002 0.976562 0.137002 0.973437 0.139344 0.971875 0.139344 0.970312 0.141686 0.968750 0.141686 0.965625 0.144028 0.964063 0.144028 0.960938 0.141686 0.959375 0.141686 0.951563 0.139344 0.950000 0.139344 0.946875 0.134660 0.943750 0.134660 0.940625 0.129977 0.937500 0.129977 0.935938 0.125293 0.932813 0.122951 0.932813 0.120609 0.931250 0.115925 0.931250 0.113583 0.929688 0.104215 0.929688 0.101874 0.928125 0.083138 0.928125 0.080796 0.926562 0.069087 0.926562 0.066745 0.925000 0.050351 0.925000 0.048009 0.923437 0.040984 0.923437 0.038642 0.921875 0.026932 0.921875 0.026932 0.881250 0.036300 0.881250 0.040984 0.878125 0.043326 0.878125 0.048009 0.875000 0.050351 0.875000 0.055035 0.871875 0.057377 0.871875 0.062061 0.868750 0.066745 0.868750 0.069087 0.867188 0.071429 0.867188 0.073770 0.865625 0.076112 0.865625 0.078454 0.864062 0.083138 0.864062 0.085480 0.862500 0.092506 0.862500 0.094848 0.860937 0.097190 0.860937 0.099532 0.859375 0.104215 0.859375 0.106557 0.857813 0.113583 0.857813 0.115925 0.856250 0.129977 0.856250 0.132318 0.854688 0.148712 0.854688 0.155738 0.850000 0.160422 0.850000 0.162763 0.851562 0.165105 0.851562 0.172131 0.856250 0.174473 0.856250 0.176815 0.857813 0.179157 0.857813 0.193208 0.867188 0.197892 0.864062 0.197892 0.862500 0.200234 0.860937 0.200234 0.859375 0.202576 0.857813 0.202576 0.856250 0.204918 0.854688 0.204918 0.851562 0.207260 0.850000 0.207260 0.848437 0.209602 0.846875 0.209602 0.843750 0.211944 0.842188 0.211944 0.840625 0.214286 0.839063 0.214286 0.834375 0.216628 0.832812 0.216628 0.826563 0.218970 0.825000 0.218970 0.817187 0.221311 0.815625 0.221311 0.812500 0.223653 0.810938 0.223653 0.809375 0.225995 0.807813 0.225995 0.806250 0.228337 0.804688 0.228337 0.803125 0.233021 0.800000 0.233021 0.798437 0.235363 0.796875 0.235363 0.795313 0.237705 0.793750 0.237705 0.792188 0.240047 0.790625 0.240047 0.789062 0.244731 0.785937 0.244731 0.784375 0.249415 0.781250 0.249415 0.779688 0.254098 0.776563 0.254098 0.775000 0.256440 0.773438 0.256440 0.771875 0.258782 0.770312 0.258782 0.768750 0.261124 0.767187 0.261124 0.764063 0.265808 0.760938 0.265808 0.759375 0.268150 0.757812 0.268150 0.756250 0.275176 0.751562 0.275176 0.750000 0.279859 0.746875 0.279859 0.745313 0.286885 0.740625 0.286885 0.739062 0.305621 0.726562 0.307963 0.726562 0.319672 0.718750 0.322014 0.718750 0.329040 0.714063 0.331382 0.714063 0.333724 0.712500 0.336066 0.712500 0.338407 0.710938 0.340749 0.710938 0.343091 0.709375 0.347775 0.709375 0.350117 0.707812 0.361827 0.707812 0.364169 0.706250 0.380562 0.706250 0.382904 0.704687 0.394614 0.704687 0.396955 0.703125 0.401639 0.703125 0.403981 0.701563 0.413349 0.701563 0.415691 0.700000 0.425059 0.700000 0.427400 0.698438 0.432084 0.698438 0.434426 0.696875 0.436768 0.696875 0.439110 0.695312 0.441452 0.695312 0.443794 0.693750 0.446136 0.693750 0.453162 0.689062 0.453162 0.684375 0.973068 0.684375 0.973068 0.689062 0.980094 0.693750 0.980094 0.698438 0.982436 0.700000 0.982436 0.704687 0.984778 0.706250 0.984778 0.709375 0.987119 0.710938 0.987119 0.712500 0.991803 0.715625 0.998829 0.715625 0.998829 0.868750 0.991803 0.868750 0.989461 0.870313 0.989461 0.878125 0.987119 0.879687 0.987119 0.881250 0.984778 0.882812 0.984778 0.890625 0.980094 0.893750 0.975410 0.890625 0.975410 0.887500 0.973068 0.885938 0.973068 0.879687 0.975410 0.878125 0.973068 0.876562 0.973068 0.873438 0.968384 0.870313 0.968384 0.867188 0.966042 0.865625 0.966042 0.860937 0.963700 0.859375 0.963700 0.857813 0.961358 0.856250 0.961358 0.854688 0.956674 0.851562 0.158080 0.701563 0.158080 0.698438 0.155738 0.700000 0.155738 0.703125
2 0.263466 0.496875 0.263466 0.501562 0.249415 0.510938 0.249415 0.512500 0.242389 0.517187 0.242389 0.518750 0.240047 0.520312 0.240047 0.521875 0.237705 0.523438 0.237705 0.525000 0.230679 0.529688 0.230679 0.531250 0.228337 0.532812 0.228337 0.534375 0.225995 0.535937 0.225995 0.537500 0.221311 0.540625 0.221311 0.542188 0.218970 0.543750 0.218970 0.545313 0.216628 0.546875 0.216628 0.548437 0.209602 0.553125 0.209602 0.554688 0.204918 0.557813 0.204918 0.562500 0.202576 0.564062 0.202576 0.567187 0.200234 0.568750 0.200234 0.571875 0.197892 0.573438 0.197892 0.575000 0.195550 0.576563 0.195550 0.578125 0.193208 0.579687 0.193208 0.584375 0.190867 0.585938 0.190867 0.590625 0.181499 0.596875 0.172131 0.596875 0.169789 0.598437 0.144028 0.598437 0.141686 0.600000 0.137002 0.600000 0.134660 0.601562 0.134660 0.604688 0.132318 0.606250 0.132318 0.612500 0.134660 0.614062 0.134660 0.618750 0.137002 0.620313 0.137002 0.626562 0.139344 0.628125 0.139344 0.629687 0.146370 0.634375 0.148712 0.634375 0.153396 0.631250 0.160422 0.631250 0.162763 0.632812 0.162763 0.637500 0.165105 0.639063 0.162763 0.640625 0.162763 0.646875 0.160422 0.648438 0.160422 0.651563 0.151054 0.657812 0.151054 0.687500 0.148712 0.689062 0.148712 0.695312 0.146370 0.696875 0.146370 0.706250 0.144028 0.707812 0.144028 0.715625 0.141686 0.717188 0.141686 0.721875 0.139344 0.723437 0.139344 0.731250 0.137002 0.732813 0.137002 0.748438 0.134660 0.750000 0.134660 0.784375 0.137002 0.785937 0.137002 0.814062 0.139344 0.815625 0.139344 0.820312 0.141686 0.821875 0.141686 0.828125 0.144028 0.829687 0.144028 0.837500 0.141686 0.839063 0.141686 0.842188 0.144028 0.843750 0.144028 0.845312 0.146370 0.846875 0.146370 0.851562 0.211944 0.851562 0.211944 0.842188 0.214286 0.840625 0.214286 0.834375 0.216628 0.832812 0.216628 0.828125 0.218970 0.826563 0.218970 0.821875 0.221311 0.820312 0.221311 0.818750 0.223653 0.817187 0.223653 0.815625 0.225995 0.814062 0.225995 0.810938 0.228337 0.809375 0.228337 0.807813 0.230679 0.806250 0.230679 0.804688 0.233021 0.803125 0.233021 0.801562 0.235363 0.800000 0.235363 0.798437 0.237705 0.796875 0.237705 0.795313 0.242389 0.792188 0.242389 0.790625 0.244731 0.789062 0.244731 0.787500 0.247073 0.785937 0.247073 0.784375 0.251756 0.781250 0.251756 0.779688 0.256440 0.776563 0.256440 0.775000 0.261124 0.771875 0.261124 0.770312 0.265808 0.767187 0.265808 0.765625 0.279859 0.756250 0.279859 0.754687 0.284543 0.751562 0.284543 0.750000 0.296253 0.742188 0.296253 0.740625 0.300937 0.737500 0.300937 0.735937 0.312646 0.728125 0.314988 0.728125 0.314988 0.726562 0.322014 0.721875 0.322014 0.720312 0.324356 0.718750 0.326698 0.718750 0.329040 0.717188 0.331382 0.717188 0.338407 0.712500 0.340749 0.712500 0.343091 0.710938 0.345433 0.710938 0.347775 0.709375 0.352459 0.709375 0.354801 0.707812 0.361827 0.707812 0.364169 0.706250 0.382904 0.706250 0.385246 0.704687 0.399297 0.704687 0.401639 0.703125 0.411007 0.703125 0.413349 0.701563 0.420375 0.701563 0.422717 0.700000 0.427400 0.700000 0.429742 0.698438 0.436768 0.698438 0.439110 0.696875 0.446136 0.696875 0.448478 0.695312 0.453162 0.695312 0.455504 0.693750 0.464871 0.693750 0.467213 0.692187 0.469555 0.692187 0.471897 0.690625 0.500000 0.690625 0.502342 0.689062 0.553864 0.689062 0.556206 0.687500 0.574941 0.687500 0.577283 0.685938 0.603045 0.685938 0.605386 0.684375 0.670960 0.684375 0.673302 0.682813 0.703747 0.682813 0.706089 0.681250 0.710773 0.681250 0.713115 0.679688 0.717799 0.679688 0.720141 0.678125 0.731850 0.678125 0.734192 0.679688 0.736534 0.679688 0.738876 0.681250 0.741218 0.681250 0.743560 0.682813 0.764637 0.682813 0.766979 0.681250 0.774005 0.681250 0.776347 0.679688 0.783372 0.679688 0.785714 0.678125 0.802108 0.678125 0.802108 0.665625 0.792740 0.665625 0.788056 0.662500 0.788056 0.660937 0.785714 0.659375 0.785714 0.657812 0.783372 0.656250 0.783372 0.653125 0.776347 0.648438 0.776347 0.646875 0.774005 0.645312 0.774005 0.643750 0.769321 0.640625 0.769321 0.639063 0.766979 0.637500 0.766979 0.635938 0.764637 0.634375 0.764637 0.632812 0.759953 0.629687 0.759953 0.628125 0.757611 0.626562 0.757611 0.623438 0.755269 0.621875 0.755269 0.620313 0.752927 0.618750 0.752927 0.617188 0.750585 0.615625 0.750585 0.614062 0.748244 0.612500 0.748244 0.609375 0.745902 0.607813 0.745902 0.604688 0.743560 0.603125 0.743560 0.601562 0.741218 0.600000 0.741218 0.598437 0.738876 0.596875 0.738876 0.593750 0.736534 0.592188 0.736534 0.589063 0.734192 0.587500 0.734192 0.584375 0.731850 0.582812 0.731850 0.581250 0.729508 0.579687 0.729508 0.576563 0.727166 0.575000 0.727166 0.571875 0.724824 0.570312 0.724824 0.568750 0.722482 0.567187 0.722482 0.565625 0.720141 0.564062 0.720141 0.560938 0.717799 0.559375 0.717799 0.556250 0.715457 0.554688 0.715457 0.553125 0.713115 0.551562 0.713115 0.545313 0.710773 0.543750 0.710773 0.539062 0.708431 0.539062 0.701405 0.534375 0.701405 0.532812 0.696721 0.532812 0.694379 0.531250 0.692037 0.531250 0.689696 0.529688 0.687354 0.529688 0.682670 0.526563 0.682670 0.523438 0.680328 0.521875 0.680328 0.520312 0.677986 0.520312 0.663934 0.510938 0.663934 0.509375 0.661592 0.507812 0.659251 0.507812 0.652225 0.503125 0.652225 0.496875 0.642857 0.496875 0.642857 0.504687 0.640515 0.506250 0.638173 0.506250 0.635831 0.507812 0.633489 0.507812 0.631148 0.509375 0.628806 0.509375 0.626464 0.510938 0.614754 0.510938 0.612412 0.512500 0.570258 0.512500 0.567916 0.510938 0.558548 0.510938 0.556206 0.509375 0.544496 0.509375 0.542155 0.507812 0.539813 0.507812 0.537471 0.506250 0.532787 0.506250 0.530445 0.504687 0.504684 0.504687 0.502342 0.503125 0.500000 0.503125 0.497658 0.501562 0.497658 0.496875
0 0.092506 0.471875 0.092506 0.479688 0.090164 0.481250 0.090164 0.484375 0.087822 0.485938 0.087822 0.493750 0.085480 0.495313 0.085480 0.496875 0.087822 0.498437 0.087822 0.507812 0.085480 0.509375 0.085480 0.510938 0.076112 0.517187 0.073770 0.517187 0.071429 0.518750 0.064403 0.518750 0.062061 0.520312 0.045667 0.520312 0.045667 0.539062 0.052693 0.539062 0.062061 0.545313 0.087822 0.545313 0.090164 0.546875 0.094848 0.546875 0.097190 0.548437 0.099532 0.548437 0.101874 0.550000 0.104215 0.550000 0.106557 0.551562 0.111241 0.551562 0.113583 0.553125 0.118267 0.553125 0.120609 0.554688 0.122951 0.554688 0.129977 0.559375 0.132318 0.559375 0.137002 0.562500 0.148712 0.562500 0.148712 0.560938 0.151054 0.559375 0.151054 0.557813 0.153396 0.556250 0.153396 0.554688 0.162763 0.548437 0.162763 0.546875 0.167447 0.543750 0.174473 0.543750 0.174473 0.532812 0.167447 0.532812 0.162763 0.529688 0.162763 0.528125 0.153396 0.521875 0.151054 0.521875 0.148712 0.520312 0.146370 0.520312 0.144028 0.518750 0.141686 0.518750 0.134660 0.514063 0.134660 0.512500 0.132318 0.510938 0.132318 0.509375 0.129977 0.507812 0.129977 0.492188 0.127635 0.490625 0.127635 0.471875
0 0.022248 0.478125 0.022248 0.498437 0.017564 0.501562 0.015222 0.501562 0.008197 0.506250 0.003513 0.506250 0.001171 0.507812 0.000000 0.507812 0.000000 0.625000 0.000000 0.625000 0.000000 0.626562 0.000000 0.634375 0.000000 0.635938 0.000000 0.635938 0.000000 0.720312 0.031616 0.720312 0.031616 0.715625 0.033958 0.714063 0.033958 0.712500 0.036300 0.710938 0.036300 0.696875 0.038642 0.695312 0.038642 0.685938 0.040984 0.684375 0.040984 0.660937 0.043326 0.659375 0.043326 0.643750 0.040984 0.642187 0.040984 0.639063 0.038642 0.637500 0.038642 0.625000 0.040984 0.623438 0.040984 0.614062 0.043326 0.612500 0.043326 0.607813 0.045667 0.606250 0.045667 0.598437 0.048009 0.596875 0.048009 0.592188 0.050351 0.590625 0.050351 0.589063 0.048009 0.587500 0.048009 0.584375 0.045667 0.582812 0.045667 0.579687 0.043326 0.578125 0.043326 0.576563 0.040984 0.575000 0.040984 0.573438 0.038642 0.571875 0.038642 0.570312 0.036300 0.568750 0.036300 0.567187 0.033958 0.565625 0.033958 0.560938 0.036300 0.559375 0.036300 0.557813 0.040984 0.554688 0.040984 0.553125 0.043326 0.551562 0.043326 0.545313 0.040984 0.545313 0.031616 0.539062 0.031616 0.535937 0.026932 0.532812 0.026932 0.531250 0.022248 0.528125 0.022248 0.520312 0.026932 0.517187 0.029274 0.517187 0.031616 0.515625 0.038642 0.515625 0.040984 0.514063 0.040984 0.506250 0.038642 0.504687 0.038642 0.500000 0.040984 0.498437 0.040984 0.496875 0.045667 0.493750 0.045667 0.489062 0.048009 0.487500 0.048009 0.478125
0 0.804450 0.459375 0.804450 0.507812 0.830211 0.507812 0.830211 0.459375
0 0.816159 0.459375 0.816159 0.465625 0.813817 0.467187 0.804450 0.467187 0.804450 0.507812 0.839578 0.507812 0.839578 0.459375
