2 0.465625 0.861502 0.465625 0.924883 0.520312 0.924883 0.520312 0.889671 0.515625 0.889671 0.512500 0.884977 0.512500 0.882629 0.510938 0.880282 0.510938 0.877934 0.506250 0.870892 0.506250 0.861502
2 0.342187 0.636150 0.342187 0.643192 0.339063 0.647887 0.334375 0.647887 0.334375 0.690141 0.376563 0.690141 0.376563 0.636150
2 0.267188 0.692488 0.267188 0.701878 0.264062 0.706573 0.259375 0.706573 0.259375 0.765258 0.301562 0.765258 0.301562 0.692488
2 0.253125 0.514085 0.253125 0.521127 0.251563 0.523474 0.246875 0.523474 0.246875 0.568075 0.281250 0.568075 0.281250 0.561033 0.282813 0.558685 0.289062 0.558685 0.289062 0.535211 0.282813 0.535211 0.281250 0.532864 0.281250 0.528169 0.279687 0.525822 0.279687 0.514085
19 0.796875 0.457746 0.796875 0.492958 0.801562 0.492958 0.801562 0.485915 0.804688 0.481221 0.806250 0.481221 0.807813 0.478873 0.812500 0.485915 0.812500 0.492958 0.829687 0.492958 0.829687 0.485915 0.832812 0.481221 0.839063 0.481221 0.839063 0.457746
19 0.657812 0.448357 0.657812 0.457746 0.651563 0.467136 0.646875 0.467136 0.646875 0.492958 0.657812 0.492958 0.657812 0.485915 0.660937 0.481221 0.664062 0.481221 0.665625 0.478873 0.667188 0.481221 0.673437 0.481221 0.675000 0.483568 0.682813 0.483568 0.682813 0.448357
19 0.859375 0.607981 0.859375 0.617371 0.857813 0.619718 0.856250 0.619718 0.854688 0.622066 0.853125 0.622066 0.850000 0.626761 0.850000 0.629108 0.848437 0.631455 0.848437 0.633803 0.846875 0.636150 0.840625 0.636150 0.840625 0.661972 0.846875 0.661972 0.848437 0.659624 0.850000 0.659624 0.851562 0.657277 0.853125 0.657277 0.854688 0.654930 0.859375 0.654930 0.860937 0.657277 0.865625 0.657277 0.867188 0.654930 0.867188 0.652582 0.868750 0.650235 0.873438 0.650235 0.875000 0.652582 0.875000 0.654930 0.876562 0.657277 0.881250 0.657277 0.882812 0.654930 0.889063 0.654930 0.889063 0.645540 0.884375 0.645540 0.882812 0.643192 0.882812 0.638498 0.881250 0.636150 0.881250 0.622066 0.879687 0.619718 0.879687 0.617371 0.878125 0.615023 0.878125 0.607981
19 0.703125 0.438967 0.703125 0.460094 0.710938 0.460094 0.712500 0.462441 0.715625 0.462441 0.718750 0.467136 0.718750 0.474178 0.739062 0.474178 0.739062 0.438967
2 0.140625 0.241784 0.140625 0.286385 0.182812 0.286385 0.182812 0.255869 0.178125 0.255869 0.175000 0.251174 0.175000 0.241784
19 0.896875 0.438967 0.896875 0.464789 0.932813 0.464789 0.932813 0.438967
19 0.821875 0.485915 0.821875 0.492958 0.820312 0.495305 0.818750 0.495305 0.817187 0.497653 0.809375 0.497653 0.809375 0.518779 0.815625 0.518779 0.817187 0.521127 0.817187 0.523474 0.818750 0.525822 0.818750 0.530516 0.820312 0.532864 0.820312 0.539906 0.825000 0.539906 0.825000 0.530516 0.826563 0.528169 0.834375 0.528169 0.835938 0.525822 0.837500 0.525822 0.839063 0.523474 0.845312 0.523474 0.845312 0.509390 0.840625 0.509390 0.837500 0.504695 0.837500 0.502347 0.835938 0.500000 0.835938 0.495305 0.834375 0.492958 0.834375 0.485915
19 0.564062 0.438967 0.564062 0.446009 0.562500 0.448357 0.560938 0.448357 0.559375 0.450704 0.553125 0.450704 0.553125 0.469484 0.573438 0.469484 0.575000 0.471831 0.578125 0.471831 0.581250 0.476526 0.581250 0.483568 0.589063 0.483568 0.589063 0.438967
5 0.196875 0.194836 0.196875 0.258216 0.245312 0.258216 0.245312 0.194836
19 0.909375 0.664319 0.909375 0.671362 0.906250 0.676056 0.904688 0.676056 0.903125 0.678404 0.900000 0.678404 0.898438 0.680751 0.896875 0.680751 0.892187 0.687793 0.890625 0.687793 0.889063 0.690141 0.884375 0.690141 0.884375 0.701878 0.896875 0.701878 0.898438 0.704225 0.900000 0.704225 0.901563 0.706573 0.903125 0.706573 0.907812 0.713615 0.907812 0.715962 0.909375 0.718310 0.910937 0.715962 0.912500 0.715962 0.914062 0.713615 0.917188 0.713615 0.918750 0.711268 0.921875 0.711268 0.923437 0.713615 0.932813 0.713615 0.932813 0.676056 0.926562 0.676056 0.925000 0.673709 0.925000 0.664319
19 0.600000 0.382629 0.600000 0.392019 0.596875 0.396714 0.590625 0.396714 0.590625 0.427230 0.601562 0.427230 0.601562 0.415493 0.603125 0.413146 0.604688 0.413146 0.606250 0.410798 0.609375 0.410798 0.610937 0.413146 0.612500 0.413146 0.614062 0.415493 0.615625 0.415493 0.617188 0.413146 0.621875 0.413146 0.623438 0.410798 0.628125 0.410798 0.629687 0.413146 0.631250 0.413146 0.632812 0.415493 0.635938 0.415493 0.637500 0.413146 0.645312 0.413146 0.645312 0.382629
19 0.610937 0.288732 0.610937 0.300469 0.609375 0.302817 0.603125 0.302817 0.603125 0.323944 0.626562 0.323944 0.626562 0.288732
2 0.253125 0.232394 0.253125 0.267606 0.282813 0.267606 0.282813 0.232394
5 0.221875 0.373239 0.221875 0.483568 0.226562 0.483568 0.228125 0.485915 0.228125 0.492958 0.282813 0.492958 0.282813 0.460094 0.278125 0.460094 0.276563 0.457746 0.276563 0.448357 0.278125 0.446009 0.282813 0.446009 0.282813 0.399061 0.278125 0.399061 0.275000 0.394366 0.275000 0.387324 0.273438 0.384977 0.273438 0.373239
19 0.948438 0.438967 0.948438 0.450704 0.946875 0.453052 0.940625 0.453052 0.940625 0.474178 0.964063 0.474178 0.964063 0.438967
19 0.821875 0.403756 0.820312 0.406103 0.820312 0.417840 0.826563 0.417840 0.826563 0.403756 0.821875 0.403756 0.818750 0.399061 0.820312 0.396714 0.826563 0.396714 0.826563 0.373239 0.795313 0.373239 0.795313 0.384977 0.793750 0.387324 0.793750 0.389671 0.789062 0.396714 0.784375 0.396714 0.784375 0.417840 0.793750 0.417840 0.793750 0.410798 0.796875 0.406103 0.800000 0.406103 0.801562 0.403756 0.809375 0.403756 0.810938 0.401408 0.812500 0.401408 0.814062 0.399061 0.818750 0.399061
19 0.546875 0.373239 0.546875 0.436620 0.559375 0.436620 0.559375 0.427230 0.562500 0.422535 0.562500 0.420188 0.564062 0.417840 0.570312 0.417840 0.570312 0.373239
5 0.246875 0.269953 0.246875 0.352113 0.281250 0.352113 0.281250 0.338028 0.282813 0.335681 0.282813 0.323944 0.284375 0.321596 0.289062 0.321596 0.289062 0.269953
19 0.634375 0.673709 0.634375 0.718310 0.639063 0.718310 0.640625 0.720657 0.640625 0.727700 0.651563 0.727700 0.651563 0.718310 0.653125 0.715962 0.657812 0.715962 0.657812 0.673709
19 0.814062 0.260563 0.814062 0.267606 0.809375 0.274648 0.807813 0.274648 0.806250 0.276995 0.804688 0.276995 0.804688 0.279343 0.803125 0.281690 0.796875 0.281690 0.796875 0.302817 0.803125 0.302817 0.804688 0.300469 0.807813 0.300469 0.809375 0.298122 0.815625 0.298122 0.817187 0.300469 0.825000 0.300469 0.826563 0.302817 0.831250 0.302817 0.832812 0.305164 0.839063 0.305164 0.839063 0.260563
