0 0.587500 0.221698 0.587500 0.228774 0.584375 0.233491 0.582812 0.233491 0.581250 0.235849 0.579687 0.235849 0.575000 0.242925 0.575000 0.245283 0.570312 0.252358 0.570312 0.254717 0.568750 0.257075 0.568750 0.259434 0.567187 0.261792 0.567187 0.266509 0.560938 0.275943 0.560938 0.278302 0.562500 0.280660 0.562500 0.283019 0.564062 0.285377 0.564062 0.290094 0.565625 0.292453 0.565625 0.334906 0.567187 0.337264 0.567187 0.341981 0.568750 0.344340 0.568750 0.346698 0.570312 0.349057 0.570312 0.351415 0.571875 0.353774 0.571875 0.356132 0.575000 0.360849 0.575000 0.363208 0.584375 0.377358 0.585938 0.377358 0.592188 0.386792 0.592188 0.389151 0.593750 0.391509 0.592188 0.393868 0.592188 0.400943 0.590625 0.403302 0.590625 0.408019 0.589063 0.410377 0.589063 0.415094 0.587500 0.417453 0.587500 0.419811 0.585938 0.422170 0.585938 0.426887 0.584375 0.429245 0.584375 0.431604 0.582812 0.433962 0.582812 0.441038 0.581250 0.443396 0.581250 0.476415 0.582812 0.478774 0.582812 0.492925 0.581250 0.495283 0.581250 0.521226 0.579687 0.523585 0.579687 0.525943 0.578125 0.528302 0.578125 0.530660 0.575000 0.535377 0.575000 0.537736 0.571875 0.542453 0.571875 0.544811 0.568750 0.549528 0.568750 0.551887 0.567187 0.554245 0.567187 0.556604 0.565625 0.558962 0.565625 0.561321 0.556250 0.575472 0.554688 0.575472 0.553125 0.577830 0.550000 0.577830 0.548437 0.580189 0.545313 0.580189 0.543750 0.582547 0.537500 0.582547 0.535937 0.584906 0.528125 0.584906 0.526563 0.587264 0.523438 0.587264 0.521875 0.589623 0.520312 0.589623 0.518750 0.591981 0.517187 0.591981 0.515625 0.594340 0.514063 0.594340 0.510938 0.599057 0.510938 0.601415 0.507812 0.606132 0.507812 0.608491 0.504687 0.613208 0.504687 0.615566 0.503125 0.617925 0.503125 0.622642 0.501562 0.625000 0.501562 0.627358 0.500000 0.629717 0.500000 0.632075 0.498437 0.634434 0.498437 0.641509 0.496875 0.643868 0.496875 0.650943 0.495313 0.653302 0.495313 0.655660 0.493750 0.658019 0.493750 0.660377 0.492188 0.662736 0.492188 0.669811 0.490625 0.672170 0.490625 0.679245 0.489062 0.681604 0.489062 0.686321 0.487500 0.688679 0.487500 0.693396 0.485938 0.695755 0.485938 0.707547 0.484375 0.709906 0.484375 0.714623 0.482812 0.716981 0.482812 0.719340 0.481250 0.721698 0.481250 0.728774 0.479688 0.731132 0.479688 0.738208 0.478125 0.740566 0.478125 0.742925 0.476562 0.745283 0.476562 0.747642 0.475000 0.750000 0.475000 0.752358 0.473437 0.754717 0.473437 0.759434 0.471875 0.761792 0.471875 0.766509 0.470313 0.768868 0.470313 0.780660 0.471875 0.783019 0.471875 0.785377 0.473437 0.787736 0.473437 0.790094 0.478125 0.797170 0.478125 0.799528 0.479688 0.801887 0.479688 0.804245 0.481250 0.806604 0.481250 0.808962 0.479688 0.811321 0.479688 0.816038 0.467187 0.834906 0.465625 0.834906 0.464063 0.837264 0.460938 0.837264 0.459375 0.839623 0.456250 0.839623 0.454688 0.841981 0.453125 0.841981 0.451562 0.844340 0.450000 0.844340 0.446875 0.849057 0.440625 0.849057 0.440625 0.867925 0.445312 0.867925 0.446875 0.870283 0.450000 0.870283 0.451562 0.872642 0.453125 0.872642 0.454688 0.875000 0.457812 0.875000 0.459375 0.877358 0.464063 0.877358 0.465625 0.879717 0.468750 0.879717 0.470313 0.877358 0.485938 0.877358 0.487500 0.875000 0.501562 0.875000 0.503125 0.872642 0.506250 0.872642 0.507812 0.870283 0.509375 0.870283 0.510938 0.867925 0.515625 0.867925 0.517187 0.865566 0.518750 0.865566 0.520312 0.863208 0.523438 0.863208 0.525000 0.860849 0.526563 0.860849 0.528125 0.863208 0.528125 0.865566 0.526563 0.867925 0.526563 0.870283 0.518750 0.882075 0.518750 0.884434 0.517187 0.886792 0.517187 0.889151 0.514063 0.893868 0.514063 0.896226 0.512500 0.898585 0.512500 0.900943 0.514063 0.903302 0.514063 0.917453 0.578125 0.917453 0.578125 0.908019 0.579687 0.905660 0.581250 0.905660 0.585938 0.898585 0.587500 0.898585 0.592188 0.891509 0.592188 0.889151 0.593750 0.886792 0.593750 0.877358 0.595312 0.875000 0.595312 0.870283 0.593750 0.867925 0.593750 0.849057 0.592188 0.846698 0.592188 0.839623 0.593750 0.837264 0.593750 0.827830 0.595312 0.825472 0.595312 0.823113 0.601562 0.813679 0.603125 0.813679 0.604688 0.816038 0.606250 0.816038 0.607813 0.818396 0.614062 0.818396 0.615625 0.816038 0.617188 0.816038 0.625000 0.804245 0.625000 0.783019 0.626562 0.780660 0.626562 0.757075 0.625000 0.754717 0.625000 0.728774 0.626562 0.726415 0.626562 0.700472 0.625000 0.698113 0.625000 0.686321 0.626562 0.683962 0.625000 0.681604 0.625000 0.655660 0.626562 0.653302 0.628125 0.653302 0.629687 0.650943 0.643750 0.650943 0.645312 0.653302 0.656250 0.653302 0.657812 0.655660 0.667188 0.655660 0.668750 0.653302 0.682813 0.653302 0.684375 0.655660 0.689062 0.655660 0.690625 0.658019 0.696875 0.658019 0.698438 0.655660 0.700000 0.655660 0.703125 0.650943 0.703125 0.648585 0.704687 0.646226 0.704687 0.641509 0.707812 0.636792 0.707812 0.634434 0.709375 0.632075 0.709375 0.629717 0.710938 0.627358 0.710938 0.620283 0.712500 0.617925 0.712500 0.608491 0.715625 0.603774 0.715625 0.601415 0.720312 0.594340 0.723437 0.594340 0.725000 0.591981 0.728125 0.591981 0.729688 0.589623 0.732813 0.589623 0.734375 0.587264 0.739062 0.587264 0.739062 0.523585 0.734375 0.523585 0.732813 0.521226 0.732813 0.518868 0.731250 0.516509 0.731250 0.511792 0.729688 0.509434 0.729688 0.502358 0.728125 0.500000 0.728125 0.492925 0.726562 0.490566 0.726562 0.481132 0.725000 0.478774 0.725000 0.471698 0.723437 0.469340 0.723437 0.462264 0.721875 0.459906 0.721875 0.450472 0.720312 0.448113 0.720312 0.443396 0.718750 0.441038 0.718750 0.436321 0.715625 0.431604 0.715625 0.429245 0.714063 0.426887 0.714063 0.424528 0.712500 0.422170 0.712500 0.417453 0.710938 0.415094 0.710938 0.412736 0.707812 0.408019 0.707812 0.405660 0.706250 0.403302 0.706250 0.400943 0.696875 0.386792 0.696875 0.384434 0.690625 0.375000 0.690625 0.372642 0.684375 0.363208 0.684375 0.360849 0.682813 0.360849 0.679688 0.356132 0.678125 0.356132 0.671875 0.346698 0.670313 0.346698 0.667188 0.341981 0.665625 0.341981 0.662500 0.337264 0.660937 0.337264 0.656250 0.330189 0.656250 0.327830 0.654688 0.325472 0.654688 0.323113 0.653125 0.320755 0.653125 0.318396 0.651563 0.316038 0.651563 0.301887 0.650000 0.299528 0.650000 0.280660 0.648438 0.278302 0.648438 0.271226 0.646875 0.268868 0.646875 0.266509 0.643750 0.261792 0.643750 0.259434 0.639063 0.252358 0.637500 0.252358 0.634375 0.247642 0.632812 0.247642 0.628125 0.240566 0.626562 0.240566 0.618750 0.228774 0.618750 0.221698
13 0.875000 0.926887 0.875000 0.929245 0.876562 0.929245 0.876562 0.926887 0.875000 0.926887 0.653125 0.747642 0.651563 0.750000 0.657812 0.764151 0.657812 0.766509 0.654688 0.771226 0.654688 0.773585 0.651563 0.778302 0.646875 0.778302 0.646875 0.806604 0.654688 0.806604 0.656250 0.804245 0.659375 0.804245 0.660937 0.801887 0.667188 0.801887 0.668750 0.804245 0.671875 0.804245 0.673437 0.806604 0.676562 0.806604 0.678125 0.808962 0.679688 0.808962 0.681250 0.811321 0.681250 0.813679 0.684375 0.818396 0.684375 0.820755 0.685938 0.823113 0.685938 0.827830 0.687500 0.830189 0.687500 0.834906 0.685938 0.837264 0.685938 0.846698 0.684375 0.849057 0.684375 0.863208 0.685938 0.865566 0.685938 0.898585 0.684375 0.900943 0.684375 0.912736 0.682813 0.915094 0.682813 0.917453 0.681250 0.919811 0.681250 0.948113 0.682813 0.950472 0.682813 0.955189 0.687500 0.955189 0.689062 0.952830 0.693750 0.952830 0.695312 0.950472 0.696875 0.950472 0.701563 0.943396 0.701563 0.941038 0.703125 0.938679 0.703125 0.926887 0.704687 0.924528 0.704687 0.919811 0.707812 0.915094 0.707812 0.912736 0.712500 0.905660 0.712500 0.903302 0.717188 0.896226 0.746875 0.896226 0.748438 0.898585 0.759375 0.898585 0.759375 0.893868 0.760938 0.891509 0.760938 0.889151 0.767187 0.879717 0.768750 0.879717 0.770312 0.877358 0.781250 0.877358 0.782812 0.879717 0.790625 0.879717 0.792188 0.882075 0.803125 0.882075 0.804688 0.884434 0.807813 0.884434 0.809375 0.886792 0.814062 0.886792 0.815625 0.889151 0.817187 0.889151 0.821875 0.896226 0.821875 0.898585 0.823438 0.900943 0.823438 0.903302 0.825000 0.905660 0.825000 0.910377 0.826563 0.912736 0.826563 0.917453 0.835938 0.931604 0.837500 0.931604 0.840625 0.936321 0.851562 0.936321 0.857813 0.926887 0.859375 0.926887 0.859375 0.919811 0.860937 0.917453 0.860937 0.915094 0.864062 0.910377 0.865625 0.910377 0.867188 0.908019 0.870313 0.908019 0.873438 0.912736 0.875000 0.912736 0.876562 0.915094 0.878125 0.915094 0.879687 0.912736 0.887500 0.912736 0.889063 0.910377 0.892187 0.910377 0.893750 0.912736 0.900000 0.912736 0.901563 0.915094 0.904688 0.915094 0.906250 0.917453 0.910937 0.917453 0.912500 0.919811 0.915625 0.919811 0.917188 0.917453 0.923437 0.917453 0.925000 0.915094 0.931250 0.915094 0.932813 0.912736 0.939062 0.912736 0.940625 0.915094 0.942187 0.915094 0.943750 0.917453 0.945312 0.917453 0.946875 0.919811 0.948438 0.919811 0.950000 0.922170 0.953125 0.922170 0.954687 0.924528 0.957812 0.924528 0.967188 0.938679 0.968750 0.938679 0.976562 0.950472 0.976562 0.971698 0.975000 0.974057 0.975000 0.992925 0.998438 0.992925 0.998438 0.483491 0.996875 0.483491 0.995313 0.481132 0.992188 0.481132 0.990625 0.478774 0.954687 0.478774 0.953125 0.476415 0.948438 0.476415 0.946875 0.474057 0.939062 0.474057 0.937500 0.471698 0.932813 0.471698 0.931250 0.469340 0.914062 0.469340 0.912500 0.466981 0.906250 0.466981 0.903125 0.462264 0.901563 0.462264 0.900000 0.459906 0.896875 0.459906 0.893750 0.455189 0.892187 0.455189 0.890625 0.452830 0.889063 0.452830 0.887500 0.450472 0.879687 0.450472 0.878125 0.448113 0.876562 0.448113 0.875000 0.450472 0.870313 0.450472 0.868750 0.452830 0.867188 0.452830 0.864062 0.457547 0.862500 0.457547 0.860937 0.459906 0.859375 0.459906 0.857813 0.462264 0.856250 0.462264 0.854688 0.464623 0.853125 0.464623 0.851562 0.466981 0.845312 0.466981 0.843750 0.464623 0.840625 0.464623 0.839063 0.462264 0.835938 0.462264 0.834375 0.459906 0.829687 0.459906 0.828125 0.457547 0.810938 0.457547 0.809375 0.455189 0.792188 0.455189 0.790625 0.452830 0.746875 0.452830 0.745313 0.450472 0.737500 0.450472 0.735937 0.452830 0.728125 0.452830 0.726562 0.455189 0.726562 0.469340 0.728125 0.471698 0.728125 0.485849 0.729688 0.488208 0.729688 0.492925 0.731250 0.495283 0.731250 0.504717 0.732813 0.507075 0.732813 0.518868 0.734375 0.521226 0.734375 0.525943 0.735937 0.528302 0.735937 0.533019 0.737500 0.535377 0.737500 0.547170 0.739062 0.549528 0.739062 0.566038 0.740625 0.568396 0.740625 0.577830 0.739062 0.580189 0.739062 0.582547 0.737500 0.584906 0.737500 0.587264 0.735937 0.589623 0.734375 0.589623 0.732813 0.591981 0.731250 0.591981 0.729688 0.594340 0.726562 0.594340 0.725000 0.596698 0.721875 0.596698 0.717188 0.603774 0.717188 0.606132 0.715625 0.608491 0.715625 0.617925 0.714063 0.620283 0.714063 0.627358 0.712500 0.629717 0.712500 0.634434 0.710938 0.636792 0.710938 0.639151 0.709375 0.641509 0.709375 0.643868 0.707812 0.646226 0.707812 0.648585 0.706250 0.650943 0.706250 0.653302 0.701563 0.660377 0.698438 0.660377 0.696875 0.662736 0.682813 0.662736 0.681250 0.660377 0.678125 0.660377 0.676562 0.658019 0.646875 0.658019 0.646875 0.714623 0.657812 0.714623 0.659375 0.716981 0.660937 0.716981 0.667188 0.726415 0.667188 0.728774 0.668750 0.731132 0.668750 0.733491 0.673437 0.740566 0.673437 0.742925 0.675000 0.745283 0.675000 0.752358 0.673437 0.754717 0.673437 0.764151 0.675000 0.764151 0.681250 0.773585 0.682813 0.773585 0.684375 0.775943 0.684375 0.780660 0.682813 0.783019 0.682813 0.787736 0.678125 0.794811 0.676562 0.794811 0.671875 0.787736 0.671875 0.775943 0.670313 0.773585 0.670313 0.771226 0.667188 0.766509 0.667188 0.761792 0.665625 0.759434 0.664062 0.759434 0.662500 0.761792 0.660937 0.761792 0.659375 0.764151 0.657812 0.764151 0.651563 0.750000 0.646875 0.750000 0.646875 0.735849 0.651563 0.735849 0.653125 0.738208 0.653125 0.747642
14 0.146875 0.608491 0.146875 0.667453 0.151562 0.667453 0.160938 0.681604 0.160938 0.683962 0.154687 0.693396 0.157813 0.698113 0.159375 0.698113 0.162500 0.693396 0.171875 0.693396 0.175000 0.698113 0.176563 0.698113 0.179688 0.702830 0.181250 0.702830 0.182812 0.705189 0.189063 0.705189 0.190625 0.707547 0.195312 0.707547 0.196875 0.709906 0.198437 0.709906 0.200000 0.712264 0.200000 0.714623 0.201562 0.716981 0.201562 0.728774 0.209375 0.728774 0.209375 0.719340 0.210938 0.716981 0.210938 0.714623 0.212500 0.712264 0.212500 0.709906 0.223438 0.693396 0.223438 0.688679 0.228125 0.681604 0.232812 0.681604 0.232812 0.658019 0.226562 0.658019 0.225000 0.655660 0.220313 0.655660 0.218750 0.658019 0.217187 0.658019 0.215625 0.660377 0.214062 0.660377 0.212500 0.662736 0.210938 0.662736 0.207813 0.667453 0.204688 0.667453 0.203125 0.669811 0.189063 0.669811 0.181250 0.658019 0.181250 0.655660 0.179688 0.655660 0.176563 0.650943 0.175000 0.650943 0.170312 0.643868 0.168750 0.643868 0.162500 0.634434 0.162500 0.629717 0.160938 0.627358 0.160938 0.617925 0.159375 0.615566 0.159375 0.608491
0 0.429688 0.297170 0.429688 0.308962 0.428125 0.311321 0.428125 0.318396 0.426562 0.320755 0.426562 0.327830 0.425000 0.330189 0.425000 0.337264 0.423438 0.339623 0.423438 0.344340 0.418750 0.351415 0.417188 0.351415 0.414062 0.356132 0.409375 0.356132 0.409375 0.382075 0.415625 0.382075 0.417188 0.384434 0.417188 0.386792 0.418750 0.389151 0.418750 0.393868 0.420312 0.396226 0.420312 0.400943 0.421875 0.403302 0.421875 0.408019 0.423438 0.410377 0.423438 0.417453 0.425000 0.419811 0.431250 0.419811 0.432813 0.422170 0.437500 0.422170 0.439063 0.424528 0.450000 0.424528 0.451562 0.422170 0.457812 0.422170 0.459375 0.419811 0.462500 0.419811 0.464063 0.422170 0.470313 0.422170 0.470313 0.403302 0.465625 0.403302 0.464063 0.400943 0.464063 0.398585 0.462500 0.396226 0.462500 0.389151 0.464063 0.386792 0.464063 0.382075 0.465625 0.379717 0.470313 0.379717 0.470313 0.375000 0.465625 0.375000 0.464063 0.372642 0.464063 0.367925 0.462500 0.365566 0.462500 0.363208 0.454688 0.351415 0.454688 0.339623 0.456250 0.337264 0.456250 0.334906 0.457812 0.332547 0.457812 0.327830 0.459375 0.325472 0.459375 0.320755 0.457812 0.318396 0.457812 0.311321 0.456250 0.308962 0.456250 0.297170
14 0.146875 0.608491 0.146875 0.665094 0.153125 0.665094 0.157813 0.672170 0.157813 0.681604 0.195312 0.681604 0.195312 0.667453 0.190625 0.667453 0.185937 0.660377 0.184375 0.660377 0.179688 0.653302 0.178125 0.653302 0.176563 0.650943 0.175000 0.650943 0.171875 0.646226 0.170312 0.646226 0.167187 0.641509 0.165625 0.641509 0.162500 0.636792 0.162500 0.632075 0.160938 0.629717 0.160938 0.622642 0.159375 0.620283 0.159375 0.608491
13 0.076563 0.325472 0.076563 0.332547 0.073437 0.337264 0.071875 0.337264 0.067188 0.344340 0.065625 0.344340 0.064062 0.346698 0.060938 0.346698 0.059375 0.349057 0.057813 0.349057 0.056250 0.351415 0.054688 0.351415 0.053125 0.353774 0.048437 0.353774 0.046875 0.356132 0.037500 0.356132 0.035937 0.353774 0.031250 0.353774 0.029687 0.351415 0.026563 0.351415 0.025000 0.349057 0.021875 0.349057 0.020312 0.346698 0.015625 0.346698 0.014062 0.344340 0.010937 0.344340 0.009375 0.341981 0.003125 0.341981 0.001563 0.339623 0.000000 0.339623 0.000000 0.521226 0.007812 0.521226 0.007812 0.514151 0.009375 0.511792 0.009375 0.507075 0.010937 0.504717 0.010937 0.502358 0.012500 0.500000 0.012500 0.495283 0.017188 0.488208 0.020312 0.488208 0.021875 0.485849 0.021875 0.483491 0.025000 0.478774 0.025000 0.476415 0.026563 0.474057 0.026563 0.469340 0.032812 0.459906 0.034375 0.459906 0.037500 0.464623 0.037500 0.483491 0.039062 0.485849 0.039062 0.490566 0.042188 0.495283 0.042188 0.497642 0.043750 0.500000 0.043750 0.504717 0.045313 0.507075 0.045313 0.509434 0.048437 0.514151 0.048437 0.521226 0.084375 0.521226 0.084375 0.511792 0.085938 0.509434 0.085938 0.507075 0.087500 0.504717 0.087500 0.500000 0.085938 0.497642 0.085938 0.492925 0.084375 0.490566 0.084375 0.488208 0.081250 0.483491 0.081250 0.481132 0.079687 0.478774 0.079687 0.471698 0.078125 0.469340 0.078125 0.457547 0.089062 0.441038 0.090625 0.441038 0.090625 0.438679 0.093750 0.433962 0.093750 0.431604 0.096875 0.426887 0.101562 0.426887 0.101562 0.334906 0.090625 0.334906 0.089062 0.332547 0.089062 0.325472
14 0.160938 0.688679 0.159375 0.688679 0.157813 0.691038 0.156250 0.691038 0.156250 0.700472 0.160938 0.700472 0.160938 0.688679 0.164062 0.686321 0.165625 0.686321 0.168750 0.681604 0.170312 0.681604 0.171875 0.679245 0.178125 0.679245 0.179688 0.681604 0.187500 0.681604 0.189063 0.679245 0.190625 0.679245 0.193750 0.683962 0.193750 0.688679 0.192188 0.691038 0.192188 0.700472 0.201562 0.700472 0.201562 0.672170 0.193750 0.672170 0.192188 0.669811 0.190625 0.669811 0.189063 0.667453 0.189063 0.665094 0.185937 0.660377 0.184375 0.660377 0.179688 0.653302 0.178125 0.653302 0.176563 0.650943 0.175000 0.650943 0.170312 0.643868 0.168750 0.643868 0.162500 0.634434 0.162500 0.629717 0.160938 0.627358 0.160938 0.608491 0.146875 0.608491 0.146875 0.667453 0.153125 0.667453 0.164062 0.683962 0.164062 0.686321
14 0.159375 0.655660 0.159375 0.686321 0.164062 0.686321 0.167187 0.691038 0.170312 0.691038 0.173438 0.695755 0.175000 0.695755 0.178125 0.700472 0.179688 0.700472 0.181250 0.702830 0.182812 0.702830 0.184375 0.705189 0.190625 0.705189 0.192188 0.707547 0.196875 0.707547 0.201562 0.714623 0.201562 0.719340 0.203125 0.721698 0.203125 0.728774 0.209375 0.728774 0.209375 0.719340 0.210938 0.716981 0.210938 0.714623 0.212500 0.712264 0.212500 0.709906 0.221875 0.695755 0.221875 0.693396 0.223438 0.691038 0.223438 0.688679 0.225000 0.686321 0.225000 0.683962 0.226562 0.681604 0.232812 0.681604 0.232812 0.655660 0.210938 0.655660 0.210938 0.662736 0.207813 0.667453 0.206250 0.667453 0.204688 0.669811 0.198437 0.669811 0.196875 0.672170 0.190625 0.672170 0.189063 0.674528 0.185937 0.674528 0.184375 0.676887 0.175000 0.676887 0.171875 0.672170 0.175000 0.667453 0.175000 0.665094 0.176563 0.662736 0.176563 0.655660
0 0.084375 0.250000 0.084375 0.334906 0.095312 0.334906 0.100000 0.341981 0.100000 0.370283 0.106250 0.370283 0.106250 0.346698 0.104687 0.344340 0.104687 0.337264 0.103125 0.334906 0.103125 0.325472 0.104687 0.323113 0.104687 0.320755 0.106250 0.318396 0.106250 0.316038 0.109375 0.311321 0.114063 0.311321 0.114063 0.285377 0.109375 0.285377 0.106250 0.280660 0.106250 0.278302 0.104687 0.275943 0.104687 0.273585 0.103125 0.271226 0.103125 0.268868 0.101562 0.266509 0.101562 0.261792 0.100000 0.259434 0.100000 0.250000
0 0.260938 0.316038 0.260938 0.327830 0.259375 0.330189 0.259375 0.332547 0.257812 0.334906 0.253125 0.334906 0.253125 0.417453 0.262500 0.417453 0.264062 0.415094 0.265625 0.415094 0.267188 0.417453 0.268750 0.417453 0.270312 0.419811 0.270312 0.426887 0.276563 0.426887 0.276563 0.415094 0.278125 0.412736 0.278125 0.398585 0.284375 0.389151 0.295312 0.389151 0.295312 0.363208 0.290625 0.363208 0.285937 0.356132 0.285937 0.353774 0.284375 0.351415 0.284375 0.349057 0.281250 0.344340 0.281250 0.339623 0.279687 0.337264 0.279687 0.316038
0 0.332812 0.259434 0.332812 0.268868 0.329688 0.273585 0.329688 0.278302 0.328125 0.280660 0.328125 0.294811 0.326562 0.297170 0.326562 0.299528 0.320312 0.308962 0.318750 0.308962 0.317187 0.311321 0.315625 0.311321 0.314063 0.313679 0.312500 0.313679 0.304688 0.325472 0.304688 0.327830 0.303125 0.330189 0.296875 0.330189 0.296875 0.370283 0.301562 0.370283 0.301562 0.367925 0.303125 0.365566 0.303125 0.351415 0.304688 0.349057 0.304688 0.344340 0.307813 0.339623 0.310937 0.339623 0.312500 0.337264 0.323438 0.337264 0.325000 0.339623 0.332812 0.339623 0.334375 0.341981 0.342187 0.341981 0.343750 0.344340 0.345313 0.344340 0.346875 0.346698 0.350000 0.346698 0.351562 0.349057 0.353125 0.349057 0.354688 0.351415 0.356250 0.351415 0.357812 0.353774 0.360938 0.353774 0.362500 0.356132 0.367188 0.356132 0.368750 0.358491 0.371875 0.358491 0.373437 0.360849 0.376563 0.360849 0.378125 0.363208 0.385938 0.363208 0.387500 0.365566 0.393750 0.365566 0.395312 0.367925 0.400000 0.367925 0.401563 0.370283 0.404687 0.370283 0.407813 0.375000 0.410937 0.375000 0.410937 0.372642 0.412500 0.370283 0.412500 0.356132 0.410937 0.353774 0.410937 0.351415 0.404687 0.341981 0.401563 0.341981 0.400000 0.339623 0.398438 0.339623 0.396875 0.337264 0.390625 0.337264 0.385938 0.330189 0.384375 0.330189 0.381250 0.325472 0.379687 0.325472 0.371875 0.313679 0.371875 0.311321 0.370313 0.308962 0.370313 0.306604 0.368750 0.304245 0.368750 0.301887 0.367188 0.299528 0.367188 0.292453 0.365625 0.290094 0.365625 0.287736 0.364062 0.285377 0.364062 0.283019 0.362500 0.280660 0.362500 0.278302 0.360938 0.275943 0.360938 0.271226 0.359375 0.268868 0.359375 0.259434
0 0.332812 0.259434 0.332812 0.268868 0.329688 0.273585 0.329688 0.278302 0.328125 0.280660 0.328125 0.285377 0.326562 0.287736 0.326562 0.299528 0.320312 0.308962 0.318750 0.308962 0.317187 0.311321 0.315625 0.311321 0.314063 0.313679 0.312500 0.313679 0.309375 0.318396 0.303125 0.318396 0.303125 0.339623 0.309375 0.339623 0.310937 0.337264 0.325000 0.337264 0.326562 0.339623 0.332812 0.339623 0.334375 0.341981 0.340625 0.341981 0.342187 0.344340 0.345313 0.344340 0.346875 0.346698 0.348437 0.346698 0.350000 0.349057 0.351562 0.349057 0.353125 0.351415 0.354688 0.351415 0.356250 0.353774 0.360938 0.353774 0.362500 0.356132 0.367188 0.356132 0.368750 0.358491 0.371875 0.358491 0.373437 0.360849 0.375000 0.360849 0.376563 0.363208 0.376563 0.370283 0.412500 0.370283 0.412500 0.356132 0.410937 0.353774 0.410937 0.351415 0.404687 0.341981 0.401563 0.341981 0.400000 0.339623 0.398438 0.339623 0.396875 0.337264 0.390625 0.337264 0.385938 0.330189 0.384375 0.330189 0.379687 0.323113 0.378125 0.323113 0.371875 0.313679 0.371875 0.311321 0.370313 0.308962 0.370313 0.306604 0.368750 0.304245 0.368750 0.299528 0.367188 0.297170 0.367188 0.292453 0.365625 0.290094 0.365625 0.287736 0.364062 0.285377 0.364062 0.283019 0.362500 0.280660 0.362500 0.278302 0.360938 0.275943 0.360938 0.271226 0.359375 0.268868 0.359375 0.259434
13 0.153125 0.457547 0.153125 0.594340 0.160938 0.594340 0.162500 0.596698 0.170312 0.596698 0.171875 0.599057 0.173438 0.599057 0.175000 0.601415 0.181250 0.601415 0.182812 0.603774 0.187500 0.603774 0.189063 0.606132 0.193750 0.606132 0.198437 0.613208 0.198437 0.615566 0.200000 0.617925 0.200000 0.625000 0.207813 0.625000 0.207813 0.615566 0.209375 0.613208 0.209375 0.608491 0.212500 0.603774 0.215625 0.603774 0.217187 0.601415 0.221875 0.601415 0.223438 0.599057 0.225000 0.599057 0.231250 0.589623 0.231250 0.587264 0.234375 0.582547 0.240625 0.582547 0.242188 0.580189 0.246875 0.580189 0.253125 0.589623 0.251563 0.591981 0.251563 0.625000 0.310937 0.625000 0.310937 0.601415 0.312500 0.599057 0.312500 0.584906 0.314063 0.582547 0.314063 0.575472 0.312500 0.573113 0.312500 0.570755 0.304688 0.558962 0.304688 0.554245 0.306250 0.551887 0.306250 0.547170 0.310937 0.540094 0.312500 0.540094 0.315625 0.535377 0.317187 0.535377 0.318750 0.533019 0.321875 0.533019 0.323438 0.530660 0.325000 0.530660 0.326562 0.528302 0.328125 0.528302 0.331250 0.523585 0.332812 0.523585 0.334375 0.521226 0.339063 0.521226 0.339063 0.457547
