17 0.315625 0.415691 0.312500 0.420375 0.312500 0.427400 0.314063 0.429742 0.317187 0.429742 0.318750 0.432084 0.320312 0.432084 0.321875 0.429742 0.325000 0.429742 0.325000 0.425059 0.320312 0.418033 0.318750 0.418033 0.317187 0.415691 0.315625 0.415691 0.309375 0.396955 0.329688 0.411007 0.331250 0.413349 0.331250 0.420375 0.329688 0.422717 0.329688 0.429742 0.331250 0.429742 0.332812 0.432084 0.334375 0.432084 0.335938 0.434426 0.335938 0.436768 0.340625 0.443794 0.340625 0.446136 0.342187 0.448478 0.342187 0.450820 0.343750 0.453162 0.343750 0.485948 0.348437 0.485948 0.350000 0.483607 0.351562 0.483607 0.354688 0.488290 0.354688 0.490632 0.356250 0.492974 0.356250 0.516393 0.357812 0.518735 0.357812 0.535129 0.359375 0.537471 0.359375 0.549180 0.356250 0.553864 0.356250 0.556206 0.351562 0.563232 0.340625 0.563232 0.337500 0.558548 0.337500 0.549180 0.339063 0.546838 0.339063 0.544496 0.340625 0.542155 0.340625 0.537471 0.342187 0.535129 0.342187 0.530445 0.340625 0.528103 0.340625 0.525761 0.339063 0.523419 0.339063 0.521077 0.337500 0.518735 0.337500 0.516393 0.332812 0.509368 0.331250 0.509368 0.329688 0.507026 0.328125 0.507026 0.325000 0.502342 0.325000 0.500000 0.326562 0.497658 0.326562 0.492974 0.325000 0.490632 0.325000 0.485948 0.321875 0.481265 0.320312 0.481265 0.318750 0.478923 0.312500 0.478923 0.310937 0.476581 0.309375 0.476581 0.307813 0.478923 0.306250 0.478923 0.303125 0.483607 0.303125 0.485948 0.301562 0.488290 0.301562 0.490632 0.296875 0.497658 0.289062 0.497658 0.284375 0.490632 0.284375 0.488290 0.281250 0.483607 0.281250 0.481265 0.279687 0.478923 0.279687 0.460187 0.281250 0.457845 0.281250 0.455504 0.285937 0.448478 0.285937 0.446136 0.287500 0.443794 0.287500 0.441452 0.289062 0.439110 0.287500 0.436768 0.287500 0.434426 0.285937 0.432084 0.285937 0.429742 0.284375 0.429742 0.282813 0.427400 0.279687 0.427400 0.278125 0.425059 0.276563 0.425059 0.275000 0.422717 0.273438 0.422717 0.271875 0.420375 0.270312 0.420375 0.268750 0.418033 0.267188 0.418033 0.265625 0.415691 0.264062 0.415691 0.262500 0.413349 0.260938 0.413349 0.259375 0.411007 0.257812 0.411007 0.253125 0.403981 0.251563 0.403981 0.250000 0.401639 0.246875 0.401639 0.245312 0.399297 0.242188 0.399297 0.240625 0.396955 0.229687 0.396955 0.228125 0.394614 0.220313 0.394614 0.218750 0.392272 0.210938 0.392272 0.209375 0.394614 0.189063 0.394614 0.187500 0.396955 0.179688 0.396955 0.178125 0.399297 0.164062 0.399297 0.162500 0.401639 0.159375 0.401639 0.157813 0.403981 0.150000 0.403981 0.148438 0.406323 0.142188 0.406323 0.140625 0.408665 0.139062 0.408665 0.137500 0.411007 0.135937 0.411007 0.134375 0.413349 0.132812 0.413349 0.121875 0.429742 0.121875 0.432084 0.120312 0.434426 0.120312 0.436768 0.117188 0.441452 0.117188 0.443794 0.115625 0.446136 0.115625 0.448478 0.114063 0.450820 0.114063 0.453162 0.112500 0.455504 0.112500 0.460187 0.110937 0.462529 0.110937 0.467213 0.109375 0.469555 0.109375 0.476581 0.107813 0.478923 0.107813 0.488290 0.106250 0.490632 0.106250 0.500000 0.104687 0.502342 0.104687 0.518735 0.103125 0.521077 0.103125 0.535129 0.101562 0.537471 0.101562 0.546838 0.100000 0.549180 0.100000 0.565574 0.098438 0.567916 0.098438 0.577283 0.096875 0.579625 0.096875 0.584309 0.095312 0.586651 0.095312 0.591335 0.093750 0.593677 0.093750 0.603045 0.092188 0.605386 0.092188 0.617096 0.090625 0.619438 0.090625 0.621780 0.089062 0.624122 0.084375 0.624122 0.084375 0.692037 0.096875 0.692037 0.098438 0.694379 0.109375 0.694379 0.114063 0.687354 0.114063 0.682670 0.115625 0.680328 0.115625 0.670960 0.117188 0.668618 0.117188 0.659251 0.118750 0.656909 0.118750 0.647541 0.120312 0.645199 0.120312 0.638173 0.121875 0.635831 0.121875 0.631148 0.123438 0.628806 0.123438 0.612412 0.125000 0.610070 0.125000 0.600703 0.126563 0.598361 0.126563 0.596019 0.128125 0.593677 0.128125 0.588993 0.129688 0.586651 0.129688 0.577283 0.131250 0.574941 0.131250 0.567916 0.132812 0.565574 0.135937 0.570258 0.135937 0.574941 0.137500 0.577283 0.137500 0.605386 0.135937 0.607728 0.135937 0.621780 0.134375 0.624122 0.134375 0.628806 0.132812 0.631148 0.132812 0.633489 0.131250 0.635831 0.131250 0.638173 0.129688 0.640515 0.129688 0.647541 0.128125 0.649883 0.128125 0.703747 0.126563 0.706089 0.126563 0.731850 0.125000 0.734192 0.125000 0.778689 0.126563 0.781030 0.126563 0.785714 0.128125 0.788056 0.128125 0.792740 0.129688 0.795082 0.129688 0.797424 0.131250 0.799766 0.131250 0.804450 0.132812 0.806792 0.132812 0.809133 0.134375 0.811475 0.134375 0.816159 0.139062 0.823185 0.146875 0.823185 0.148438 0.820843 0.148438 0.818501 0.151562 0.813817 0.151562 0.802108 0.150000 0.799766 0.150000 0.797424 0.148438 0.795082 0.148438 0.790398 0.146875 0.788056 0.146875 0.781030 0.145313 0.778689 0.145313 0.769321 0.143750 0.766979 0.143750 0.710773 0.145313 0.708431 0.145313 0.703747 0.146875 0.701405 0.146875 0.696721 0.148438 0.694379 0.148438 0.687354 0.150000 0.685012 0.150000 0.680328 0.153125 0.675644 0.154687 0.677986 0.154687 0.680328 0.156250 0.682670 0.156250 0.685012 0.157813 0.687354 0.157813 0.689696 0.159375 0.692037 0.159375 0.699063 0.160938 0.701405 0.160938 0.713115 0.162500 0.715457 0.162500 0.724824 0.164062 0.727166 0.164062 0.734192 0.165625 0.736534 0.165625 0.743560 0.167187 0.745902 0.167187 0.759953 0.168750 0.762295 0.168750 0.769321 0.170312 0.771663 0.170312 0.774005 0.171875 0.776347 0.171875 0.778689 0.173438 0.781030 0.173438 0.785714 0.175000 0.788056 0.175000 0.792740 0.176563 0.795082 0.176563 0.797424 0.175000 0.799766 0.175000 0.813817 0.178125 0.818501 0.178125 0.820843 0.181250 0.825527 0.182812 0.825527 0.184375 0.827869 0.187500 0.827869 0.189063 0.830211 0.190625 0.827869 0.192188 0.827869 0.193750 0.825527 0.193750 0.820843 0.195312 0.818501 0.195312 0.809133 0.193750 0.806792 0.193750 0.792740 0.192188 0.790398 0.192188 0.785714 0.190625 0.783372 0.190625 0.776347 0.189063 0.774005 0.189063 0.769321 0.187500 0.766979 0.187500 0.757611 0.185937 0.755269 0.185937 0.748244 0.184375 0.745902 0.184375 0.734192 0.182812 0.731850 0.182812 0.722482 0.181250 0.720141 0.181250 0.710773 0.179688 0.708431 0.179688 0.680328 0.181250 0.677986 0.181250 0.670960 0.182812 0.668618 0.182812 0.666276 0.184375 0.663934 0.184375 0.661592 0.185937 0.659251 0.185937 0.656909 0.187500 0.654567 0.187500 0.652225 0.200000 0.633489 0.200000 0.631148 0.204688 0.624122 0.204688 0.621780 0.207813 0.617096 0.207813 0.614754 0.212500 0.607728 0.212500 0.605386 0.226562 0.584309 0.228125 0.584309 0.229687 0.581967 0.231250 0.581967 0.232812 0.579625 0.248437 0.579625 0.250000 0.581967 0.254687 0.581967 0.256250 0.584309 0.262500 0.584309 0.264062 0.586651 0.270312 0.586651 0.271875 0.588993 0.275000 0.588993 0.276563 0.591335 0.279687 0.591335 0.281250 0.593677 0.296875 0.593677 0.298438 0.596019 0.304688 0.596019 0.306250 0.598361 0.318750 0.598361 0.320312 0.596019 0.326562 0.596019 0.328125 0.598361 0.329688 0.598361 0.332812 0.603045 0.332812 0.605386 0.334375 0.607728 0.337500 0.603045 0.340625 0.603045 0.342187 0.605386 0.342187 0.610070 0.343750 0.612412 0.343750 0.617096 0.345313 0.619438 0.345313 0.647541 0.343750 0.649883 0.343750 0.654567 0.342187 0.656909 0.342187 0.659251 0.340625 0.661592 0.340625 0.663934 0.342187 0.666276 0.342187 0.668618 0.343750 0.670960 0.343750 0.677986 0.345313 0.680328 0.345313 0.724824 0.343750 0.727166 0.343750 0.738876 0.342187 0.741218 0.342187 0.778689 0.343750 0.781030 0.343750 0.785714 0.345313 0.788056 0.345313 0.790398 0.346875 0.790398 0.348437 0.792740 0.350000 0.792740 0.351562 0.795082 0.353125 0.795082 0.354688 0.797424 0.360938 0.797424 0.362500 0.795082 0.364062 0.795082 0.365625 0.792740 0.365625 0.776347 0.364062 0.774005 0.364062 0.729508 0.365625 0.727166 0.365625 0.713115 0.367188 0.710773 0.367188 0.706089 0.368750 0.703747 0.368750 0.701405 0.370313 0.699063 0.370313 0.694379 0.371875 0.692037 0.371875 0.682670 0.373437 0.680328 0.373437 0.668618 0.375000 0.666276 0.375000 0.663934 0.376563 0.661592 0.376563 0.635831 0.378125 0.633489 0.378125 0.631148 0.379687 0.628806 0.379687 0.626464 0.381250 0.624122 0.381250 0.619438 0.382812 0.617096 0.382812 0.610070 0.387500 0.603045 0.387500 0.600703 0.389062 0.598361 0.389062 0.586651 0.390625 0.584309 0.390625 0.579625 0.392188 0.577283 0.392188 0.572600 0.393750 0.570258 0.393750 0.567916 0.396875 0.563232 0.396875 0.560890 0.400000 0.556206 0.400000 0.553864 0.401563 0.551522 0.401563 0.549180 0.403125 0.546838 0.403125 0.544496 0.404687 0.542155 0.404687 0.537471 0.406250 0.535129 0.406250 0.525761 0.407813 0.523419 0.407813 0.516393 0.409375 0.514051 0.409375 0.511710 0.410937 0.509368 0.410937 0.502342 0.412500 0.500000 0.412500 0.492974 0.414062 0.490632 0.414062 0.488290 0.417188 0.483607 0.417188 0.481265 0.421875 0.474239 0.421875 0.471897 0.426562 0.464871 0.426562 0.460187 0.428125 0.457845 0.428125 0.455504 0.435937 0.443794 0.435937 0.441452 0.439063 0.436768 0.439063 0.434426 0.442187 0.429742 0.442187 0.427400 0.443750 0.425059 0.443750 0.422717 0.445312 0.420375 0.445312 0.418033 0.446875 0.415691 0.446875 0.413349 0.448438 0.411007 0.448438 0.408665 0.454688 0.399297 0.456250 0.399297 0.457812 0.396955 0.464063 0.396955 0.465625 0.399297 0.467187 0.399297 0.468750 0.401639 0.476562 0.401639 0.478125 0.399297 0.479688 0.399297 0.481250 0.401639 0.482812 0.401639 0.484375 0.399297 0.485938 0.399297 0.487500 0.396955 0.493750 0.396955 0.495313 0.394614 0.496875 0.396955 0.500000 0.396955 0.501562 0.399297 0.503125 0.399297 0.507812 0.392272 0.507812 0.387588 0.506250 0.385246 0.506250 0.375878 0.504687 0.373536 0.504687 0.364169 0.503125 0.361827 0.503125 0.357143 0.501562 0.354801 0.501562 0.345433 0.500000 0.343091 0.500000 0.338407 0.498437 0.336066 0.498437 0.333724 0.496875 0.331382 0.496875 0.329040 0.495313 0.326698 0.495313 0.324356 0.492188 0.319672 0.492188 0.317330 0.490625 0.314988 0.490625 0.312646 0.489062 0.310304 0.489062 0.307963 0.484375 0.300937 0.482812 0.300937 0.479688 0.296253 0.478125 0.296253 0.476562 0.293911 0.475000 0.293911 0.473437 0.291569 0.462500 0.291569 0.460938 0.293911 0.454688 0.293911 0.453125 0.296253 0.448438 0.296253 0.446875 0.298595 0.445312 0.298595 0.443750 0.300937 0.442187 0.300937 0.440625 0.303279 0.439063 0.303279 0.434375 0.310304 0.432813 0.310304 0.429688 0.314988 0.428125 0.314988 0.425000 0.319672 0.423438 0.319672 0.421875 0.322014 0.420312 0.322014 0.415625 0.329040 0.414062 0.329040 0.410937 0.333724 0.409375 0.333724 0.407813 0.336066 0.406250 0.336066 0.404687 0.338407 0.403125 0.338407 0.401563 0.340749 0.400000 0.340749 0.398438 0.343091 0.396875 0.343091 0.395312 0.345433 0.393750 0.345433 0.390625 0.350117 0.389062 0.350117 0.385938 0.354801 0.384375 0.354801 0.379687 0.361827 0.378125 0.361827 0.375000 0.366511 0.371875 0.366511 0.370313 0.368852 0.368750 0.368852 0.364062 0.375878 0.362500 0.375878 0.359375 0.380562 0.357812 0.380562 0.356250 0.382904 0.356250 0.385246 0.353125 0.389930 0.351562 0.389930 0.350000 0.392272 0.346875 0.392272 0.345313 0.394614 0.343750 0.394614 0.342187 0.396955 0.340625 0.396955 0.339063 0.399297 0.337500 0.399297 0.329688 0.411007 0.309375 0.396955 0.309375 0.394614 0.310937 0.392272 0.307813 0.392272 0.307813 0.394614 0.309375 0.396955
0 0.596875 0.382904 0.596875 0.392272 0.593750 0.396955 0.593750 0.399297 0.592188 0.401639 0.592188 0.403981 0.590625 0.406323 0.590625 0.411007 0.589063 0.413349 0.589063 0.425059 0.590625 0.427400 0.590625 0.436768 0.581250 0.450820 0.579687 0.450820 0.571875 0.462529 0.571875 0.464871 0.568750 0.469555 0.568750 0.471897 0.562500 0.481265 0.562500 0.483607 0.557813 0.490632 0.553125 0.490632 0.553125 0.558548 0.557813 0.558548 0.560938 0.563232 0.560938 0.565574 0.562500 0.567916 0.562500 0.588993 0.564062 0.591335 0.564062 0.596019 0.565625 0.598361 0.565625 0.603045 0.567187 0.605386 0.567187 0.612412 0.568750 0.614754 0.568750 0.621780 0.570312 0.624122 0.570312 0.628806 0.571875 0.631148 0.571875 0.633489 0.575000 0.638173 0.575000 0.640515 0.576563 0.642857 0.576563 0.645199 0.578125 0.647541 0.578125 0.649883 0.579687 0.652225 0.579687 0.654567 0.581250 0.656909 0.581250 0.659251 0.582812 0.661592 0.582812 0.663934 0.584375 0.666276 0.584375 0.670960 0.585938 0.673302 0.585938 0.682670 0.587500 0.685012 0.587500 0.701405 0.585938 0.703747 0.585938 0.706089 0.584375 0.708431 0.584375 0.717799 0.585938 0.720141 0.587500 0.720141 0.589063 0.722482 0.600000 0.722482 0.601562 0.720141 0.609375 0.720141 0.610937 0.717799 0.612500 0.717799 0.615625 0.713115 0.615625 0.710773 0.617188 0.708431 0.617188 0.694379 0.618750 0.692037 0.618750 0.675644 0.617188 0.673302 0.617188 0.666276 0.615625 0.663934 0.615625 0.654567 0.614062 0.652225 0.614062 0.642857 0.612500 0.640515 0.612500 0.638173 0.610937 0.635831 0.610937 0.631148 0.609375 0.628806 0.609375 0.626464 0.607813 0.624122 0.607813 0.619438 0.606250 0.617096 0.606250 0.614754 0.609375 0.610070 0.609375 0.607728 0.617188 0.596019 0.618750 0.596019 0.623438 0.588993 0.625000 0.588993 0.628125 0.584309 0.629687 0.584309 0.632812 0.579625 0.634375 0.579625 0.640625 0.570258 0.642187 0.570258 0.642187 0.567916 0.643750 0.565574 0.643750 0.549180 0.642187 0.546838 0.642187 0.544496 0.637500 0.537471 0.635938 0.537471 0.631250 0.530445 0.631250 0.492974 0.634375 0.488290 0.635938 0.488290 0.639063 0.483607 0.646875 0.483607 0.653125 0.492974 0.656250 0.492974 0.657812 0.495316 0.657812 0.502342 0.664062 0.502342 0.664062 0.481265 0.657812 0.481265 0.656250 0.478923 0.656250 0.476581 0.645312 0.460187 0.643750 0.460187 0.639063 0.453162 0.637500 0.453162 0.634375 0.448478 0.632812 0.448478 0.631250 0.446136 0.628125 0.446136 0.626562 0.443794 0.625000 0.443794 0.618750 0.434426 0.618750 0.422717 0.617188 0.420375 0.617188 0.411007 0.615625 0.408665 0.615625 0.403981 0.614062 0.401639 0.614062 0.396955 0.610937 0.392272 0.610937 0.382904
3 0.668750 0.439110 0.668750 0.446136 0.667188 0.448478 0.667188 0.450820 0.664062 0.455504 0.664062 0.464871 0.662500 0.467213 0.662500 0.474239 0.660937 0.476581 0.660937 0.485948 0.659375 0.488290 0.659375 0.497658 0.657812 0.500000 0.657812 0.514051 0.656250 0.516393 0.656250 0.525761 0.654688 0.528103 0.654688 0.532787 0.653125 0.535129 0.653125 0.539813 0.651563 0.542155 0.653125 0.544496 0.653125 0.551522 0.651563 0.553864 0.651563 0.558548 0.648438 0.563232 0.648438 0.565574 0.637500 0.581967 0.635938 0.581967 0.632812 0.586651 0.631250 0.586651 0.628125 0.591335 0.626562 0.591335 0.623438 0.596019 0.621875 0.596019 0.612500 0.610070 0.612500 0.612412 0.609375 0.617096 0.609375 0.619438 0.610937 0.621780 0.610937 0.628806 0.612500 0.631148 0.612500 0.635831 0.614062 0.638173 0.614062 0.649883 0.615625 0.652225 0.615625 0.661592 0.617188 0.663934 0.617188 0.673302 0.618750 0.675644 0.618750 0.710773 0.612500 0.720141 0.610937 0.720141 0.609375 0.722482 0.592188 0.722482 0.590625 0.720141 0.589063 0.720141 0.584375 0.713115 0.584375 0.701405 0.585938 0.699063 0.585938 0.692037 0.584375 0.689696 0.584375 0.670960 0.582812 0.668618 0.582812 0.666276 0.581250 0.663934 0.581250 0.659251 0.579687 0.656909 0.579687 0.654567 0.578125 0.652225 0.578125 0.649883 0.575000 0.645199 0.575000 0.642857 0.573438 0.640515 0.573438 0.638173 0.571875 0.635831 0.571875 0.633489 0.570312 0.631148 0.570312 0.628806 0.567187 0.624122 0.567187 0.621780 0.565625 0.619438 0.565625 0.617096 0.564062 0.614754 0.564062 0.607728 0.557813 0.598361 0.557813 0.596019 0.551562 0.586651 0.550000 0.586651 0.539062 0.570258 0.521875 0.570258 0.518750 0.574941 0.517187 0.574941 0.514063 0.579625 0.512500 0.579625 0.510938 0.581967 0.507812 0.581967 0.503125 0.574941 0.503125 0.572600 0.501562 0.572600 0.498437 0.567916 0.498437 0.565574 0.495313 0.560890 0.492188 0.560890 0.490625 0.558548 0.489062 0.560890 0.487500 0.560890 0.485938 0.563232 0.484375 0.563232 0.482812 0.565574 0.481250 0.565574 0.479688 0.567916 0.479688 0.570258 0.478125 0.572600 0.478125 0.577283 0.467187 0.593677 0.465625 0.593677 0.465625 0.596019 0.464063 0.598361 0.464063 0.600703 0.462500 0.603045 0.462500 0.605386 0.460938 0.607728 0.460938 0.610070 0.459375 0.612412 0.459375 0.614754 0.456250 0.619438 0.456250 0.621780 0.454688 0.624122 0.454688 0.628806 0.453125 0.631148 0.453125 0.635831 0.451562 0.638173 0.451562 0.647541 0.450000 0.649883 0.450000 0.656909 0.448438 0.659251 0.448438 0.668618 0.446875 0.670960 0.446875 0.673302 0.445312 0.675644 0.440625 0.675644 0.440625 0.685012 0.445312 0.685012 0.448438 0.689696 0.448438 0.692037 0.454688 0.701405 0.454688 0.706089 0.456250 0.708431 0.456250 0.713115 0.457812 0.715457 0.457812 0.717799 0.459375 0.720141 0.459375 0.722482 0.460938 0.722482 0.464063 0.727166 0.465625 0.727166 0.467187 0.729508 0.470313 0.729508 0.471875 0.731850 0.473437 0.731850 0.476562 0.736534 0.478125 0.736534 0.479688 0.738876 0.479688 0.741218 0.482812 0.745902 0.482812 0.748244 0.485938 0.752927 0.485938 0.755269 0.490625 0.762295 0.492188 0.762295 0.496875 0.769321 0.498437 0.769321 0.503125 0.776347 0.506250 0.776347 0.507812 0.778689 0.514063 0.778689 0.515625 0.781030 0.526563 0.781030 0.528125 0.778689 0.532812 0.778689 0.534375 0.776347 0.537500 0.776347 0.540625 0.771663 0.542188 0.771663 0.546875 0.764637 0.548437 0.764637 0.551562 0.759953 0.553125 0.759953 0.557813 0.752927 0.560938 0.752927 0.562500 0.750585 0.584375 0.750585 0.585938 0.752927 0.593750 0.752927 0.595312 0.755269 0.609375 0.755269 0.614062 0.762295 0.614062 0.764637 0.615625 0.766979 0.615625 0.769321 0.617188 0.769321 0.620313 0.774005 0.621875 0.774005 0.623438 0.771663 0.625000 0.771663 0.626562 0.769321 0.626562 0.764637 0.628125 0.762295 0.628125 0.759953 0.631250 0.755269 0.637500 0.755269 0.639063 0.757611 0.654688 0.757611 0.656250 0.755269 0.659375 0.755269 0.660937 0.757611 0.667188 0.757611 0.668750 0.759953 0.670313 0.759953 0.671875 0.762295 0.675000 0.757611 0.676562 0.757611 0.678125 0.755269 0.679688 0.755269 0.681250 0.752927 0.690625 0.752927 0.693750 0.757611 0.695312 0.757611 0.701563 0.766979 0.703125 0.766979 0.709375 0.776347 0.710938 0.776347 0.714063 0.781030 0.715625 0.781030 0.718750 0.785714 0.718750 0.792740 0.757812 0.792740 0.757812 0.785714 0.762500 0.778689 0.764063 0.778689 0.767187 0.774005 0.768750 0.774005 0.778125 0.759953 0.778125 0.757611 0.779688 0.755269 0.779688 0.752927 0.781250 0.750585 0.781250 0.748244 0.782812 0.745902 0.782812 0.743560 0.784375 0.741218 0.784375 0.738876 0.785937 0.736534 0.785937 0.729508 0.787500 0.727166 0.787500 0.661592 0.778125 0.647541 0.776563 0.647541 0.773438 0.642857 0.771875 0.642857 0.770312 0.640515 0.768750 0.640515 0.765625 0.635831 0.764063 0.635831 0.762500 0.633489 0.757812 0.633489 0.756250 0.631148 0.748438 0.631148 0.746875 0.628806 0.743750 0.628806 0.742188 0.626464 0.740625 0.626464 0.734375 0.617096 0.734375 0.612412 0.735937 0.610070 0.735937 0.598361 0.737500 0.596019 0.735937 0.593677 0.735937 0.584309 0.734375 0.581967 0.734375 0.570258 0.732813 0.567916 0.732813 0.563232 0.731250 0.560890 0.731250 0.556206 0.729688 0.553864 0.729688 0.549180 0.721875 0.537471 0.720312 0.537471 0.717188 0.532787 0.715625 0.532787 0.707812 0.521077 0.707812 0.518735 0.704687 0.514051 0.704687 0.511710 0.700000 0.504684 0.700000 0.502342 0.698438 0.500000 0.698438 0.497658 0.696875 0.495316 0.696875 0.492974 0.695312 0.490632 0.695312 0.488290 0.693750 0.485948 0.693750 0.483607 0.692187 0.481265 0.692187 0.476581 0.690625 0.474239 0.690625 0.471897 0.687500 0.467213 0.687500 0.464871 0.685938 0.462529 0.685938 0.460187 0.684375 0.457845 0.684375 0.455504 0.679688 0.448478 0.679688 0.439110
0 0.453125 0.448478 0.453125 0.457845 0.454688 0.460187 0.454688 0.467213 0.453125 0.469555 0.453125 0.474239 0.448438 0.481265 0.448438 0.483607 0.446875 0.485948 0.446875 0.488290 0.439063 0.500000 0.434375 0.500000 0.434375 0.532787 0.439063 0.532787 0.440625 0.535129 0.440625 0.539813 0.442187 0.542155 0.442187 0.546838 0.443750 0.549180 0.443750 0.553864 0.445312 0.556206 0.445312 0.558548 0.448438 0.563232 0.448438 0.567916 0.450000 0.570258 0.450000 0.579625 0.451562 0.581967 0.451562 0.614754 0.459375 0.614754 0.459375 0.603045 0.460938 0.600703 0.460938 0.596019 0.467187 0.586651 0.467187 0.581967 0.468750 0.579625 0.468750 0.577283 0.470313 0.574941 0.470313 0.570258 0.471875 0.567916 0.471875 0.565574 0.473437 0.563232 0.473437 0.558548 0.475000 0.556206 0.475000 0.551522 0.479688 0.544496 0.481250 0.544496 0.482812 0.542155 0.489062 0.542155 0.489062 0.500000 0.482812 0.500000 0.481250 0.497658 0.481250 0.492974 0.479688 0.490632 0.479688 0.483607 0.475000 0.476581 0.475000 0.471897 0.473437 0.469555 0.473437 0.460187 0.475000 0.457845 0.475000 0.448478
0 0.525000 0.439110 0.525000 0.448478 0.523438 0.450820 0.523438 0.455504 0.521875 0.457845 0.521875 0.462529 0.520312 0.464871 0.520312 0.471897 0.518750 0.474239 0.518750 0.476581 0.515625 0.481265 0.515625 0.483607 0.512500 0.488290 0.512500 0.490632 0.507812 0.497658 0.503125 0.497658 0.503125 0.514051 0.507812 0.514051 0.510938 0.518735 0.510938 0.521077 0.512500 0.523419 0.512500 0.525761 0.515625 0.530445 0.515625 0.539813 0.517187 0.542155 0.517187 0.546838 0.518750 0.549180 0.518750 0.551522 0.526563 0.563232 0.529688 0.563232 0.531250 0.565574 0.537500 0.565574 0.539062 0.567916 0.540625 0.567916 0.548437 0.579625 0.548437 0.586651 0.564062 0.586651 0.564062 0.537471 0.559375 0.537471 0.557813 0.535129 0.557813 0.532787 0.556250 0.530445 0.556250 0.521077 0.554688 0.518735 0.554688 0.492974 0.553125 0.492974 0.548437 0.485948 0.548437 0.483607 0.546875 0.481265 0.546875 0.478923 0.545313 0.476581 0.545313 0.474239 0.543750 0.471897 0.543750 0.464871 0.545313 0.462529 0.545313 0.439110
0 0.317187 0.415691 0.317187 0.418033 0.318750 0.420375 0.318750 0.422717 0.321875 0.427400 0.318750 0.432084 0.317187 0.432084 0.315625 0.434426 0.314063 0.434426 0.310937 0.439110 0.310937 0.450820 0.315625 0.457845 0.315625 0.460187 0.317187 0.462529 0.317187 0.464871 0.318750 0.467213 0.318750 0.469555 0.320312 0.471897 0.320312 0.474239 0.321875 0.476581 0.321875 0.483607 0.323438 0.485948 0.323438 0.504684 0.326562 0.509368 0.326562 0.511710 0.329688 0.516393 0.329688 0.518735 0.332812 0.523419 0.332812 0.525761 0.334375 0.528103 0.334375 0.565574 0.332812 0.567916 0.332812 0.577283 0.376563 0.577283 0.376563 0.525761 0.371875 0.525761 0.368750 0.521077 0.368750 0.518735 0.365625 0.514051 0.365625 0.511710 0.362500 0.507026 0.362500 0.495316 0.360938 0.492974 0.362500 0.490632 0.362500 0.483607 0.360938 0.481265 0.360938 0.474239 0.359375 0.471897 0.359375 0.469555 0.357812 0.467213 0.357812 0.464871 0.356250 0.462529 0.356250 0.457845 0.353125 0.453162 0.353125 0.450820 0.350000 0.446136 0.350000 0.443794 0.345313 0.436768 0.343750 0.436768 0.342187 0.434426 0.340625 0.434426 0.339063 0.432084 0.337500 0.432084 0.335938 0.429742 0.334375 0.429742 0.332812 0.427400 0.332812 0.425059 0.331250 0.422717 0.331250 0.420375 0.329688 0.420375 0.328125 0.418033 0.326562 0.418033 0.325000 0.415691 0.323438 0.415691 0.320312 0.411007 0.317187 0.415691 0.307813 0.411007 0.306250 0.411007 0.304688 0.408665 0.303125 0.408665 0.301562 0.406323 0.301562 0.401639 0.300000 0.399297 0.300000 0.389930 0.304688 0.382904 0.315625 0.382904 0.317187 0.380562 0.320312 0.380562 0.323438 0.375878 0.323438 0.366511 0.321875 0.364169 0.321875 0.361827 0.317187 0.354801 0.317187 0.352459 0.315625 0.350117 0.315625 0.347775 0.314063 0.345433 0.314063 0.343091 0.312500 0.340749 0.312500 0.333724 0.310937 0.331382 0.310937 0.324356 0.309375 0.322014 0.309375 0.317330 0.307813 0.314988 0.307813 0.312646 0.306250 0.310304 0.306250 0.298595 0.304688 0.296253 0.304688 0.282201 0.303125 0.279859 0.303125 0.270492 0.301562 0.268150 0.301562 0.263466 0.303125 0.261124 0.303125 0.240047 0.304688 0.237705 0.304688 0.209602 0.303125 0.207260 0.303125 0.202576 0.301562 0.200234 0.301562 0.197892 0.300000 0.195550 0.300000 0.186183 0.267188 0.186183 0.267188 0.195550 0.264062 0.200234 0.264062 0.202576 0.262500 0.204918 0.262500 0.214286 0.260938 0.216628 0.260938 0.247073 0.259375 0.249415 0.259375 0.254098 0.257812 0.256440 0.257812 0.261124 0.256250 0.263466 0.256250 0.268150 0.254687 0.270492 0.254687 0.272834 0.253125 0.275176 0.253125 0.279859 0.251563 0.282201 0.251563 0.286885 0.250000 0.289227 0.250000 0.293911 0.248437 0.296253 0.248437 0.305621 0.246875 0.307963 0.246875 0.322014 0.245312 0.324356 0.245312 0.338407 0.246875 0.340749 0.246875 0.352459 0.242188 0.359485 0.234375 0.359485 0.234375 0.385246 0.239063 0.385246 0.243750 0.392272 0.245312 0.392272 0.251563 0.401639 0.253125 0.401639 0.254687 0.403981 0.256250 0.403981 0.257812 0.406323 0.259375 0.406323 0.260938 0.408665 0.262500 0.408665 0.264062 0.411007 0.265625 0.411007 0.267188 0.413349 0.268750 0.413349 0.270312 0.415691 0.271875 0.415691 0.275000 0.420375 0.276563 0.420375 0.278125 0.422717 0.281250 0.422717 0.282813 0.425059 0.298438 0.425059 0.307813 0.411007
0 0.734375 0.439110 0.734375 0.453162 0.732813 0.455504 0.732813 0.469555 0.731250 0.471897 0.731250 0.476581 0.729688 0.478923 0.729688 0.483607 0.726562 0.488290 0.721875 0.488290 0.721875 0.539813 0.728125 0.539813 0.735937 0.551522 0.735937 0.556206 0.737500 0.558548 0.737500 0.574941 0.739062 0.577283 0.739062 0.581967 0.740625 0.584309 0.740625 0.586651 0.742188 0.588993 0.742188 0.593677 0.743750 0.596019 0.743750 0.614754 0.742188 0.617096 0.742188 0.624122 0.740625 0.626464 0.740625 0.633489 0.764063 0.633489 0.764063 0.556206 0.759375 0.556206 0.757812 0.553864 0.757812 0.530445 0.756250 0.528103 0.756250 0.502342 0.754687 0.500000 0.754687 0.495316 0.753125 0.492974 0.753125 0.490632 0.751562 0.488290 0.750000 0.488290 0.748438 0.485948 0.748438 0.474239 0.751562 0.469555 0.751562 0.464871 0.753125 0.462529 0.753125 0.455504 0.751562 0.453162 0.751562 0.439110
0 0.951563 0.457845 0.951563 0.467213 0.953125 0.469555 0.953125 0.483607 0.951563 0.485948 0.951563 0.488290 0.950000 0.490632 0.948438 0.490632 0.943750 0.497658 0.943750 0.500000 0.939062 0.507026 0.934375 0.507026 0.934375 0.532787 0.939062 0.532787 0.942187 0.537471 0.942187 0.539813 0.943750 0.542155 0.943750 0.546838 0.945312 0.549180 0.945312 0.556206 0.946875 0.558548 0.946875 0.579625 0.945312 0.581967 0.945312 0.591335 0.943750 0.593677 0.943750 0.617096 0.942187 0.619438 0.942187 0.631148 0.945312 0.635831 0.950000 0.635831 0.951563 0.638173 0.960938 0.638173 0.962500 0.635831 0.965625 0.635831 0.965625 0.628806 0.967188 0.626464 0.967188 0.617096 0.968750 0.614754 0.968750 0.596019 0.970312 0.593677 0.970312 0.584309 0.971875 0.581967 0.971875 0.563232 0.973437 0.560890 0.973437 0.551522 0.975000 0.549180 0.975000 0.546838 0.978125 0.542155 0.982813 0.542155 0.982813 0.502342 0.976562 0.502342 0.970312 0.492974 0.970312 0.457845
0 0.770312 0.485948 0.770312 0.495316 0.765625 0.502342 0.764063 0.502342 0.762500 0.504684 0.762500 0.507026 0.759375 0.511710 0.753125 0.511710 0.753125 0.532787 0.757812 0.532787 0.760938 0.537471 0.760938 0.539813 0.759375 0.542155 0.759375 0.544496 0.757812 0.546838 0.753125 0.546838 0.753125 0.570258 0.757812 0.570258 0.759375 0.572600 0.759375 0.574941 0.760938 0.577283 0.760938 0.584309 0.762500 0.586651 0.762500 0.598361 0.764063 0.600703 0.764063 0.607728 0.762500 0.610070 0.762500 0.612412 0.760938 0.614754 0.760938 0.617096 0.759375 0.619438 0.753125 0.619438 0.753125 0.626464 0.760938 0.626464 0.762500 0.628806 0.764063 0.628806 0.767187 0.633489 0.767187 0.642857 0.782812 0.642857 0.782812 0.617096 0.784375 0.614754 0.784375 0.610070 0.785937 0.607728 0.785937 0.605386 0.787500 0.603045 0.787500 0.600703 0.789062 0.598361 0.789062 0.593677 0.790625 0.591335 0.790625 0.584309 0.792188 0.581967 0.792188 0.574941 0.793750 0.572600 0.793750 0.553864 0.792188 0.551522 0.792188 0.537471 0.790625 0.535129 0.790625 0.528103 0.789062 0.525761 0.789062 0.516393 0.787500 0.514051 0.787500 0.502342 0.785937 0.500000 0.785937 0.495316 0.784375 0.492974 0.784375 0.485948
0 0.989062 0.457845 0.989062 0.471897 0.987500 0.474239 0.987500 0.481265 0.985937 0.483607 0.985937 0.488290 0.984375 0.490632 0.984375 0.492974 0.982813 0.495316 0.982813 0.497658 0.981250 0.500000 0.981250 0.502342 0.979688 0.504684 0.979688 0.514051 0.981250 0.516393 0.981250 0.544496 0.979688 0.546838 0.979688 0.565574 0.981250 0.567916 0.981250 0.570258 0.979688 0.572600 0.979688 0.574941 0.978125 0.577283 0.971875 0.577283 0.971875 0.642857 0.992188 0.642857 0.992188 0.628806 0.993750 0.626464 0.993750 0.624122 0.995313 0.621780 0.998438 0.621780 0.998438 0.457845
0 0.428125 0.457845 0.428125 0.474239 0.423438 0.481265 0.421875 0.481265 0.414062 0.492974 0.409375 0.492974 0.409375 0.549180 0.439063 0.549180 0.439063 0.537471 0.437500 0.535129 0.437500 0.525761 0.435937 0.523419 0.435937 0.511710 0.437500 0.509368 0.437500 0.502342 0.442187 0.495316 0.442187 0.492974 0.443750 0.490632 0.443750 0.488290 0.445312 0.485948 0.445312 0.483607 0.446875 0.481265 0.451562 0.481265 0.451562 0.457845
0 0.809375 0.591335 0.807813 0.593677 0.807813 0.603045 0.806250 0.605386 0.806250 0.633489 0.814062 0.633489 0.814062 0.612412 0.815625 0.610070 0.815625 0.600703 0.809375 0.591335 0.828125 0.537471 0.826563 0.539813 0.826563 0.544496 0.825000 0.546838 0.825000 0.563232 0.826563 0.565574 0.826563 0.567916 0.825000 0.570258 0.825000 0.572600 0.821875 0.577283 0.821875 0.579625 0.820312 0.581967 0.806250 0.560890 0.801562 0.476581 0.801562 0.467213 0.796875 0.467213 0.796875 0.476581 0.801562 0.476581 0.806250 0.560890 0.806250 0.558548 0.804688 0.556206 0.804688 0.553864 0.801562 0.549180 0.796875 0.549180 0.796875 0.497658 0.807813 0.497658 0.810938 0.492974 0.810938 0.488290 0.812500 0.485948 0.812500 0.476581 0.814062 0.474239 0.814062 0.467213 0.832812 0.467213 0.832812 0.537471 0.828125 0.537471
0 0.814062 0.467213 0.814062 0.481265 0.812500 0.483607 0.812500 0.490632 0.810938 0.492974 0.810938 0.495316 0.809375 0.497658 0.806250 0.497658 0.804688 0.500000 0.803125 0.500000 0.800000 0.495316 0.800000 0.490632 0.798437 0.488290 0.798437 0.483607 0.790625 0.483607 0.790625 0.532787 0.795313 0.532787 0.798437 0.537471 0.798437 0.539813 0.800000 0.542155 0.800000 0.544496 0.801562 0.546838 0.801562 0.549180 0.803125 0.551522 0.803125 0.553864 0.804688 0.556206 0.804688 0.558548 0.806250 0.560890 0.806250 0.572600 0.803125 0.577283 0.801562 0.577283 0.798437 0.581967 0.798437 0.584309 0.796875 0.586651 0.790625 0.586651 0.790625 0.588993 0.796875 0.588993 0.798437 0.591335 0.801562 0.591335 0.804688 0.596019 0.804688 0.603045 0.806250 0.605386 0.806250 0.612412 0.804688 0.614754 0.804688 0.628806 0.803125 0.631148 0.803125 0.635831 0.801562 0.638173 0.801562 0.652225 0.807813 0.652225 0.807813 0.645199 0.815625 0.633489 0.815625 0.619438 0.817187 0.617096 0.817187 0.610070 0.818750 0.607728 0.818750 0.598361 0.820312 0.596019 0.820312 0.586651 0.821875 0.584309 0.821875 0.581967 0.823438 0.579625 0.823438 0.577283 0.825000 0.574941 0.825000 0.570258 0.826563 0.567916 0.825000 0.565574 0.825000 0.544496 0.826563 0.542155 0.826563 0.537471 0.828125 0.535129 0.832812 0.535129 0.832812 0.478923 0.828125 0.478923 0.826563 0.476581 0.826563 0.467213
0 0.718750 0.448478 0.718750 0.455504 0.717188 0.457845 0.717188 0.460187 0.714063 0.464871 0.709375 0.464871 0.709375 0.530445 0.723437 0.530445 0.723437 0.516393 0.725000 0.514051 0.725000 0.490632 0.726562 0.488290 0.726562 0.485948 0.728125 0.483607 0.732813 0.483607 0.732813 0.464871 0.728125 0.464871 0.725000 0.460187 0.725000 0.448478
0 0.898438 0.476581 0.898438 0.485948 0.896875 0.488290 0.896875 0.490632 0.895312 0.492974 0.895312 0.500000 0.893750 0.502342 0.893750 0.509368 0.892187 0.511710 0.892187 0.514051 0.890625 0.516393 0.890625 0.518735 0.889063 0.521077 0.889063 0.523419 0.887500 0.525761 0.887500 0.530445 0.885938 0.532787 0.885938 0.535129 0.882812 0.539813 0.878125 0.539813 0.878125 0.579625 0.887500 0.579625 0.889063 0.577283 0.890625 0.577283 0.892187 0.579625 0.892187 0.581967 0.893750 0.584309 0.893750 0.619438 0.898438 0.626464 0.898438 0.628806 0.900000 0.631148 0.900000 0.642857 0.904688 0.642857 0.904688 0.600703 0.903125 0.598361 0.903125 0.593677 0.904688 0.591335 0.904688 0.586651 0.907812 0.581967 0.909375 0.581967 0.909375 0.579625 0.914062 0.572600 0.920313 0.572600 0.921875 0.570258 0.923437 0.570258 0.925000 0.567916 0.925000 0.553864 0.923437 0.551522 0.923437 0.539813 0.921875 0.537471 0.921875 0.530445 0.920313 0.528103 0.920313 0.504684 0.921875 0.502342 0.921875 0.492974 0.920313 0.490632 0.920313 0.488290 0.918750 0.485948 0.918750 0.476581
0 0.812500 0.467213 0.812500 0.483607 0.810938 0.485948 0.810938 0.490632 0.807813 0.495316 0.803125 0.495316 0.803125 0.563232 0.807813 0.563232 0.809375 0.565574 0.810938 0.565574 0.812500 0.567916 0.814062 0.567916 0.815625 0.570258 0.815625 0.577283 0.825000 0.577283 0.825000 0.546838 0.826563 0.544496 0.826563 0.539813 0.828125 0.537471 0.832812 0.537471 0.832812 0.467213
0 0.828125 0.467213 0.828125 0.577283 0.835938 0.577283 0.835938 0.567916 0.837500 0.565574 0.837500 0.546838 0.840625 0.542155 0.840625 0.539813 0.842188 0.537471 0.843750 0.537471 0.845312 0.535129 0.857813 0.535129 0.857813 0.490632 0.851562 0.490632 0.848437 0.485948 0.848437 0.467213
3 0.781250 0.635831 0.781250 0.626464 0.779688 0.624122 0.768750 0.624122 0.767187 0.626464 0.768750 0.628806 0.768750 0.633489 0.770312 0.635831 0.773438 0.635831 0.778125 0.642857 0.779688 0.640515 0.779688 0.638173 0.781250 0.635831 0.801562 0.633489 0.801562 0.642857 0.803125 0.645199 0.804688 0.642857 0.807813 0.642857 0.809375 0.640515 0.810938 0.640515 0.812500 0.638173 0.815625 0.638173 0.817187 0.635831 0.818750 0.635831 0.820312 0.633489 0.821875 0.633489 0.823438 0.635831 0.823438 0.640515 0.825000 0.642857 0.825000 0.645199 0.826563 0.647541 0.826563 0.649883 0.834375 0.649883 0.837500 0.654567 0.837500 0.661592 0.873438 0.661592 0.873438 0.652225 0.878125 0.645199 0.878125 0.642857 0.879687 0.640515 0.879687 0.638173 0.881250 0.635831 0.881250 0.631148 0.884375 0.626464 0.889063 0.626464 0.889063 0.612412 0.884375 0.612412 0.879687 0.605386 0.879687 0.603045 0.878125 0.600703 0.878125 0.593677 0.876562 0.591335 0.876562 0.586651 0.875000 0.584309 0.875000 0.581967 0.873438 0.579625 0.873438 0.570258 0.871875 0.567916 0.871875 0.560890 0.870313 0.558548 0.860937 0.572600 0.860937 0.574941 0.857813 0.579625 0.854688 0.579625 0.853125 0.581967 0.851562 0.579625 0.850000 0.579625 0.846875 0.574941 0.845312 0.574941 0.843750 0.572600 0.842188 0.572600 0.840625 0.570258 0.854688 0.551522 0.853125 0.553864 0.773438 0.539813 0.771875 0.537471 0.771875 0.532787 0.770312 0.535129 0.770312 0.537471 0.768750 0.539813 0.773438 0.539813 0.853125 0.553864 0.846875 0.553864 0.845312 0.551522 0.846875 0.549180 0.848437 0.549180 0.851562 0.544496 0.853125 0.544496 0.853125 0.546838 0.856250 0.551522 0.854688 0.551522 0.840625 0.570258 0.839063 0.570258 0.837500 0.572600 0.832812 0.572600 0.831250 0.574941 0.829687 0.574941 0.828125 0.577283 0.826563 0.574941 0.825000 0.574941 0.821875 0.570258 0.821875 0.567916 0.820312 0.565574 0.818750 0.565574 0.815625 0.560890 0.810938 0.560890 0.809375 0.558548 0.807813 0.560890 0.806250 0.560890 0.804688 0.563232 0.803125 0.563232 0.800000 0.567916 0.800000 0.570258 0.798437 0.572600 0.798437 0.579625 0.796875 0.581967 0.796875 0.593677 0.798437 0.596019 0.798437 0.600703 0.801562 0.605386 0.801562 0.607728 0.803125 0.610070 0.803125 0.612412 0.804688 0.614754 0.804688 0.626464 0.803125 0.628806 0.803125 0.631148 0.801562 0.633489
