1 0.651563 0.792056 0.650000 0.794393 0.650000 0.834112 0.645312 0.841121 0.643750 0.841121 0.642187 0.838785 0.637500 0.838785 0.635938 0.836449 0.632812 0.836449 0.631250 0.834112 0.623438 0.834112 0.620313 0.838785 0.618750 0.838785 0.617188 0.841121 0.607813 0.841121 0.606250 0.843458 0.604688 0.843458 0.603125 0.845794 0.601562 0.845794 0.598437 0.850467 0.596875 0.850467 0.590625 0.859813 0.584375 0.859813 0.584375 0.885514 0.589063 0.885514 0.593750 0.892523 0.593750 0.894860 0.595312 0.897196 0.595312 0.899533 0.596875 0.901869 0.598437 0.901869 0.600000 0.904206 0.601562 0.904206 0.603125 0.906542 0.610937 0.906542 0.612500 0.908879 0.617188 0.908879 0.618750 0.911215 0.620313 0.911215 0.623438 0.915888 0.623438 0.922897 0.646875 0.922897 0.646875 0.915888 0.651563 0.908879 0.659375 0.908879 0.660937 0.906542 0.665625 0.906542 0.667188 0.904206 0.668750 0.904206 0.670313 0.901869 0.671875 0.901869 0.673437 0.899533 0.676562 0.899533 0.678125 0.897196 0.690625 0.897196 0.692187 0.899533 0.695312 0.899533 0.698438 0.904206 0.700000 0.904206 0.703125 0.908879 0.704687 0.908879 0.706250 0.911215 0.707812 0.911215 0.710938 0.915888 0.710938 0.922897 0.726562 0.922897 0.726562 0.915888 0.729688 0.911215 0.731250 0.911215 0.732813 0.908879 0.734375 0.908879 0.739062 0.901869 0.745313 0.901869 0.745313 0.843458 0.740625 0.843458 0.734375 0.834112 0.732813 0.834112 0.726562 0.824766 0.725000 0.824766 0.723437 0.822430 0.721875 0.822430 0.720312 0.820093 0.718750 0.820093 0.717188 0.817757 0.707812 0.817757 0.704687 0.813084 0.703125 0.813084 0.701563 0.810748 0.693750 0.810748 0.692187 0.813084 0.690625 0.813084 0.690625 0.817757 0.692187 0.820093 0.692187 0.831776 0.687500 0.838785 0.681250 0.838785 0.679688 0.836449 0.678125 0.836449 0.670313 0.824766 0.670313 0.822430 0.668750 0.820093 0.670313 0.817757 0.670313 0.810748 0.671875 0.808411 0.671875 0.801402 0.664062 0.801402 0.662500 0.799065 0.659375 0.799065 0.656250 0.794393 0.654688 0.794393 0.653125 0.792056
0 0.401563 0.757009 0.401563 0.785047 0.400000 0.787383 0.400000 0.796729 0.398438 0.799065 0.398438 0.803738 0.395312 0.808411 0.390625 0.808411 0.390625 0.850467 0.396875 0.850467 0.398438 0.852804 0.398438 0.855140 0.403125 0.862150 0.403125 0.864486 0.404687 0.866822 0.404687 0.883178 0.403125 0.885514 0.403125 0.890187 0.401563 0.892523 0.401563 0.904206 0.414062 0.904206 0.414062 0.892523 0.415625 0.890187 0.415625 0.883178 0.417188 0.880841 0.417188 0.876168 0.418750 0.873832 0.418750 0.871495 0.420312 0.869159 0.420312 0.866822 0.421875 0.864486 0.426562 0.864486 0.426562 0.785047 0.421875 0.785047 0.418750 0.780374 0.418750 0.773364 0.417188 0.771028 0.417188 0.766355 0.415625 0.764019 0.415625 0.757009
0 0.303125 0.766355 0.303125 0.799065 0.307813 0.799065 0.310937 0.803738 0.309375 0.806075 0.309375 0.808411 0.307813 0.810748 0.303125 0.810748 0.303125 0.838785 0.307813 0.838785 0.307813 0.831776 0.310937 0.827103 0.310937 0.824766 0.312500 0.822430 0.312500 0.820093 0.314063 0.817757 0.315625 0.817757 0.317187 0.820093 0.317187 0.822430 0.318750 0.824766 0.318750 0.827103 0.321875 0.831776 0.321875 0.838785 0.326562 0.838785 0.326562 0.780374 0.321875 0.780374 0.318750 0.775701 0.318750 0.766355
13 0.465625 0.845794 0.465625 0.857477 0.473437 0.857477 0.475000 0.859813 0.478125 0.859813 0.484375 0.869159 0.487500 0.869159 0.493750 0.878505 0.493750 0.892523 0.495313 0.894860 0.495313 0.904206 0.509375 0.904206 0.509375 0.890187 0.510938 0.887850 0.510938 0.873832 0.514063 0.869159 0.515625 0.869159 0.517187 0.866822 0.523438 0.866822 0.525000 0.869159 0.529688 0.869159 0.531250 0.871495 0.535937 0.871495 0.537500 0.873832 0.540625 0.873832 0.542188 0.876168 0.543750 0.876168 0.550000 0.885514 0.550000 0.904206 0.570312 0.904206 0.570312 0.885514 0.568750 0.883178 0.568750 0.880841 0.567187 0.878505 0.567187 0.876168 0.576563 0.862150 0.582812 0.862150 0.582812 0.813084 0.490625 0.813084 0.490625 0.820093 0.492188 0.822430 0.492188 0.824766 0.493750 0.827103 0.493750 0.834112 0.495313 0.836449 0.495313 0.841121 0.493750 0.843458 0.492188 0.843458 0.490625 0.845794 0.487500 0.845794 0.485938 0.843458 0.478125 0.843458 0.476562 0.845794 0.465625 0.845794 0.465625 0.831776 0.471875 0.831776 0.471875 0.813084 0.465625 0.813084 0.465625 0.831776
0 0.209375 0.766355 0.209375 0.773364 0.207813 0.775701 0.203125 0.775701 0.203125 0.848131 0.226562 0.848131 0.226562 0.780374 0.221875 0.780374 0.218750 0.775701 0.218750 0.766355
7 0.259375 0.738318 0.259375 0.794393 0.265625 0.794393 0.270312 0.801402 0.270312 0.810748 0.275000 0.810748 0.275000 0.801402 0.276563 0.799065 0.284375 0.799065 0.287500 0.803738 0.287500 0.810748 0.301562 0.810748 0.301562 0.738318
3 0.103125 0.850467 0.103125 0.943925 0.109375 0.943925 0.110937 0.946262 0.110937 0.948598 0.114063 0.953271 0.114063 0.955607 0.117188 0.960280 0.117188 0.962617 0.118750 0.962617 0.121875 0.967290 0.123438 0.967290 0.125000 0.964953 0.129688 0.964953 0.131250 0.962617 0.132812 0.962617 0.134375 0.960280 0.137500 0.960280 0.139062 0.957944 0.140625 0.957944 0.143750 0.953271 0.145313 0.953271 0.146875 0.950935 0.151562 0.950935 0.151562 0.913551 0.145313 0.913551 0.143750 0.911215 0.143750 0.908879 0.142188 0.906542 0.142188 0.904206 0.140625 0.901869 0.140625 0.897196 0.137500 0.892523 0.137500 0.890187 0.135937 0.887850 0.135937 0.876168 0.137500 0.873832 0.137500 0.871495 0.139062 0.869159 0.139062 0.850467
7 0.000000 0.691589 0.000000 0.885514 0.023438 0.885514 0.023438 0.878505 0.025000 0.876168 0.026563 0.876168 0.028125 0.873832 0.039062 0.873832 0.040625 0.876168 0.046875 0.876168 0.048437 0.878505 0.048437 0.885514 0.053125 0.885514 0.053125 0.878505 0.054688 0.876168 0.057813 0.876168 0.060938 0.871495 0.062500 0.871495 0.064062 0.869159 0.067188 0.869159 0.068750 0.866822 0.071875 0.866822 0.073437 0.864486 0.076563 0.864486 0.078125 0.862150 0.079687 0.862150 0.085938 0.852804 0.087500 0.852804 0.089062 0.850467 0.092188 0.850467 0.093750 0.848131 0.095312 0.848131 0.095312 0.845794 0.096875 0.843458 0.096875 0.841121 0.098438 0.838785 0.098438 0.836449 0.103125 0.829439 0.107813 0.829439 0.107813 0.754673 0.101562 0.754673 0.100000 0.752336 0.098438 0.752336 0.095312 0.747664 0.093750 0.747664 0.090625 0.742991 0.089062 0.742991 0.082813 0.733645 0.081250 0.733645 0.079687 0.731308 0.078125 0.731308 0.073437 0.724299 0.071875 0.724299 0.067188 0.717290 0.067188 0.712617 0.065625 0.710280 0.065625 0.707944 0.059375 0.698598 0.059375 0.691589
0 0.112500 0.785047 0.112500 0.794393 0.110937 0.796729 0.110937 0.799065 0.109375 0.801402 0.109375 0.803738 0.107813 0.806075 0.107813 0.822430 0.106250 0.824766 0.106250 0.829439 0.104687 0.831776 0.104687 0.834112 0.101562 0.838785 0.096875 0.838785 0.096875 0.859813 0.103125 0.859813 0.104687 0.862150 0.104687 0.866822 0.106250 0.869159 0.106250 0.883178 0.107813 0.885514 0.107813 0.892523 0.109375 0.892523 0.110937 0.890187 0.117188 0.890187 0.118750 0.887850 0.126563 0.887850 0.128125 0.890187 0.129688 0.890187 0.131250 0.892523 0.132812 0.892523 0.135937 0.897196 0.135937 0.899533 0.139062 0.904206 0.139062 0.906542 0.143750 0.913551 0.143750 0.920561 0.142188 0.922897 0.142188 0.925234 0.140625 0.927570 0.140625 0.929907 0.137500 0.934579 0.137500 0.936916 0.134375 0.941589 0.132812 0.941589 0.128125 0.948598 0.125000 0.948598 0.123438 0.946262 0.120312 0.946262 0.115625 0.939252 0.114063 0.939252 0.114063 0.950935 0.115625 0.953271 0.115625 0.955607 0.118750 0.960280 0.118750 0.969626 0.131250 0.969626 0.131250 0.960280 0.132812 0.957944 0.134375 0.957944 0.135937 0.955607 0.139062 0.955607 0.140625 0.953271 0.142188 0.953271 0.145313 0.948598 0.145313 0.943925 0.146875 0.941589 0.146875 0.913551 0.148438 0.911215 0.148438 0.908879 0.150000 0.906542 0.150000 0.904206 0.151562 0.901869 0.151562 0.899533 0.153125 0.897196 0.157813 0.897196 0.157813 0.894860 0.153125 0.894860 0.150000 0.890187 0.150000 0.883178 0.148438 0.880841 0.148438 0.866822 0.151562 0.862150 0.157813 0.862150 0.157813 0.841121 0.153125 0.841121 0.146875 0.831776 0.146875 0.829439 0.145313 0.829439 0.140625 0.822430 0.140625 0.820093 0.137500 0.815421 0.137500 0.813084 0.135937 0.810748 0.135937 0.803738 0.134375 0.801402 0.134375 0.785047
0 0.690625 0.719626 0.690625 0.792056 0.714063 0.792056 0.714063 0.778037 0.709375 0.778037 0.706250 0.773364 0.706250 0.719626
9 0.971875 0.392523 0.971875 0.504673 0.976562 0.504673 0.978125 0.507009 0.978125 0.509346 0.979688 0.511682 0.979688 0.521028 0.998438 0.521028 0.998438 0.392523
0 0.617188 0.719626 0.617188 0.728972 0.614062 0.733645 0.609375 0.733645 0.609375 0.773364 0.625000 0.773364 0.625000 0.761682 0.628125 0.757009 0.632812 0.757009 0.632812 0.719626
2 0.134375 0.775701 0.134375 0.808411 0.150000 0.808411 0.151562 0.806075 0.164062 0.806075 0.164062 0.775701
0 0.914062 0.158879 0.914062 0.172897 0.912500 0.175234 0.912500 0.186916 0.910937 0.189252 0.910937 0.193925 0.907812 0.198598 0.903125 0.198598 0.903125 0.226636 0.907812 0.226636 0.918750 0.242991 0.918750 0.245327 0.923437 0.252336 0.923437 0.257009 0.925000 0.259346 0.925000 0.264019 0.926562 0.266355 0.926562 0.278037 0.928125 0.280374 0.928125 0.287383 0.940625 0.287383 0.940625 0.278037 0.942187 0.275701 0.942187 0.271028 0.943750 0.268692 0.942187 0.266355 0.942187 0.259346 0.940625 0.257009 0.940625 0.245327 0.939062 0.242991 0.939062 0.240654 0.940625 0.238318 0.940625 0.231308 0.945312 0.224299 0.951563 0.224299 0.946875 0.224299 0.945312 0.221963 0.943750 0.221963 0.942187 0.219626 0.942187 0.217290 0.940625 0.214953 0.940625 0.210280 0.939062 0.207944 0.939062 0.205607 0.935938 0.200935 0.935938 0.198598 0.934375 0.196262 0.934375 0.191589 0.931250 0.186916 0.931250 0.182243 0.929688 0.179907 0.929688 0.175234 0.928125 0.172897 0.928125 0.170561 0.926562 0.168224 0.926562 0.158879
