0 0.209375 0.353556 0.209375 0.376569 0.204688 0.382845 0.203125 0.382845 0.201562 0.384937 0.200000 0.384937 0.196875 0.389121 0.195312 0.389121 0.189063 0.397490 0.187500 0.397490 0.179688 0.407950 0.179688 0.410042 0.176563 0.414226 0.171875 0.414226 0.171875 0.424686 0.176563 0.424686 0.190625 0.443515 0.192188 0.443515 0.198437 0.451883 0.198437 0.453975 0.200000 0.456067 0.200000 0.458159 0.203125 0.462343 0.204688 0.462343 0.206250 0.464435 0.207813 0.464435 0.210938 0.468619 0.210938 0.474895 0.209375 0.476987 0.209375 0.479079 0.207813 0.481172 0.195312 0.481172 0.190625 0.474895 0.187500 0.474895 0.185937 0.476987 0.184375 0.476987 0.184375 0.479079 0.185937 0.479079 0.190625 0.485356 0.190625 0.487448 0.193750 0.491632 0.193750 0.493724 0.195312 0.495816 0.195312 0.502092 0.196875 0.504184 0.196875 0.508368 0.198437 0.510460 0.198437 0.516736 0.200000 0.518828 0.200000 0.541841 0.198437 0.543933 0.198437 0.548117 0.200000 0.550209 0.200000 0.589958 0.198437 0.592050 0.198437 0.610879 0.218750 0.610879 0.218750 0.602510 0.217187 0.600418 0.217187 0.596234 0.215625 0.594142 0.215625 0.592050 0.214062 0.589958 0.214062 0.575314 0.215625 0.573222 0.215625 0.564854 0.217187 0.562761 0.217187 0.554393 0.218750 0.552301 0.218750 0.543933 0.220313 0.541841 0.220313 0.539749 0.221875 0.537657 0.223438 0.539749 0.225000 0.539749 0.229687 0.546025 0.229687 0.581590 0.228125 0.583682 0.228125 0.589958 0.226562 0.592050 0.226562 0.594142 0.225000 0.596234 0.225000 0.600418 0.226562 0.602510 0.226562 0.610879 0.242188 0.610879 0.242188 0.602510 0.245312 0.598326 0.245312 0.596234 0.246875 0.594142 0.246875 0.592050 0.245312 0.589958 0.245312 0.585774 0.243750 0.583682 0.243750 0.560669 0.245312 0.558577 0.245312 0.527197 0.246875 0.525105 0.246875 0.523013 0.248437 0.520921 0.248437 0.472803 0.246875 0.470711 0.246875 0.460251 0.251563 0.453975 0.257812 0.453975 0.257812 0.422594 0.253125 0.422594 0.251563 0.420502 0.251563 0.418410 0.250000 0.416318 0.250000 0.412134 0.248437 0.410042 0.248437 0.407950 0.243750 0.401674 0.243750 0.399582 0.234375 0.387029 0.234375 0.384937 0.232812 0.382845 0.232812 0.364017 0.231250 0.361925 0.231250 0.353556
2 0.950000 0.286611 0.950000 0.292887 0.948438 0.294979 0.946875 0.294979 0.945312 0.297071 0.942187 0.297071 0.940625 0.299163 0.939062 0.299163 0.937500 0.301255 0.935938 0.301255 0.932813 0.305439 0.929688 0.305439 0.928125 0.307531 0.926562 0.307531 0.925000 0.309623 0.923437 0.309623 0.920313 0.313808 0.918750 0.313808 0.917188 0.315900 0.914062 0.315900 0.912500 0.317992 0.904688 0.317992 0.903125 0.320084 0.896875 0.320084 0.895312 0.322176 0.893750 0.322176 0.887500 0.330544 0.887500 0.332636 0.885938 0.334728 0.885938 0.336820 0.882812 0.341004 0.878125 0.341004 0.878125 0.374477 0.893750 0.374477 0.895312 0.376569 0.900000 0.376569 0.901563 0.378661 0.903125 0.378661 0.904688 0.380753 0.906250 0.380753 0.909375 0.384937 0.910937 0.384937 0.914062 0.389121 0.920313 0.389121 0.921875 0.387029 0.928125 0.387029 0.929688 0.384937 0.932813 0.384937 0.934375 0.382845 0.942187 0.382845 0.943750 0.384937 0.946875 0.384937 0.948438 0.387029 0.950000 0.387029 0.951563 0.389121 0.953125 0.389121 0.954687 0.391213 0.956250 0.391213 0.959375 0.395397 0.959375 0.401674 0.979688 0.401674 0.979688 0.393305 0.981250 0.391213 0.982813 0.391213 0.984375 0.389121 0.985937 0.389121 0.987500 0.387029 0.990625 0.387029 0.992188 0.384937 0.995313 0.384937 0.996875 0.382845 0.998438 0.382845 0.998438 0.286611
2 0.625000 0.269874 0.625000 0.276151 0.623438 0.278243 0.621875 0.278243 0.620313 0.280335 0.617188 0.280335 0.615625 0.282427 0.614062 0.282427 0.600000 0.301255 0.598437 0.301255 0.593750 0.307531 0.592188 0.307531 0.587500 0.313808 0.587500 0.317992 0.585938 0.320084 0.585938 0.322176 0.582812 0.326360 0.578125 0.326360 0.578125 0.368201 0.601562 0.368201 0.603125 0.370293 0.607813 0.370293 0.612500 0.376569 0.612500 0.378661 0.614062 0.380753 0.615625 0.380753 0.618750 0.384937 0.620313 0.384937 0.623438 0.389121 0.626562 0.389121 0.628125 0.391213 0.629687 0.391213 0.631250 0.393305 0.632812 0.393305 0.634375 0.395397 0.634375 0.401674 0.642187 0.401674 0.642187 0.395397 0.643750 0.393305 0.645312 0.393305 0.646875 0.391213 0.648438 0.391213 0.651563 0.387029 0.653125 0.387029 0.656250 0.382845 0.657812 0.382845 0.659375 0.380753 0.664062 0.380753 0.665625 0.378661 0.681250 0.378661 0.682813 0.376569 0.685938 0.376569 0.687500 0.378661 0.689062 0.378661 0.690625 0.376569 0.701563 0.376569 0.703125 0.374477 0.710938 0.374477 0.712500 0.376569 0.737500 0.376569 0.739062 0.378661 0.742188 0.378661 0.743750 0.380753 0.746875 0.380753 0.750000 0.384937 0.751562 0.384937 0.753125 0.387029 0.756250 0.387029 0.757812 0.389121 0.760938 0.389121 0.762500 0.391213 0.785937 0.391213 0.787500 0.389121 0.789062 0.389121 0.803125 0.370293 0.806250 0.370293 0.807813 0.368201 0.809375 0.368201 0.815625 0.359833 0.820312 0.359833 0.820312 0.332636 0.815625 0.332636 0.809375 0.324268 0.807813 0.324268 0.806250 0.322176 0.803125 0.322176 0.801562 0.320084 0.798437 0.320084 0.796875 0.317992 0.790625 0.317992 0.789062 0.315900 0.782812 0.315900 0.781250 0.313808 0.776563 0.313808 0.775000 0.311715 0.764063 0.311715 0.762500 0.309623 0.759375 0.309623 0.757812 0.307531 0.756250 0.307531 0.751562 0.301255 0.750000 0.301255 0.745313 0.294979 0.743750 0.294979 0.742188 0.292887 0.739062 0.292887 0.735937 0.288703 0.734375 0.288703 0.732813 0.286611 0.731250 0.286611 0.728125 0.282427 0.726562 0.282427 0.725000 0.280335 0.723437 0.280335 0.721875 0.278243 0.720312 0.278243 0.718750 0.276151 0.718750 0.269874
2 0.035937 0.303347 0.035937 0.309623 0.032812 0.313808 0.031250 0.313808 0.028125 0.317992 0.014062 0.317992 0.012500 0.320084 0.004688 0.320084 0.003125 0.317992 0.000000 0.317992 0.000000 0.393305 0.006250 0.393305 0.007812 0.395397 0.007812 0.401674 0.037500 0.401674 0.037500 0.395397 0.039062 0.393305 0.040625 0.393305 0.042188 0.391213 0.135937 0.391213 0.139062 0.395397 0.139062 0.401674 0.173438 0.401674 0.173438 0.395397 0.176563 0.391213 0.178125 0.391213 0.179688 0.389121 0.182812 0.389121 0.184375 0.387029 0.187500 0.387029 0.189063 0.384937 0.190625 0.384937 0.192188 0.382845 0.195312 0.382845 0.196875 0.380753 0.198437 0.380753 0.200000 0.378661 0.207813 0.378661 0.207813 0.366109 0.201562 0.366109 0.198437 0.361925 0.196875 0.361925 0.195312 0.359833 0.187500 0.359833 0.185937 0.357741 0.184375 0.357741 0.181250 0.353556 0.181250 0.349372 0.179688 0.347280 0.179688 0.343096 0.176563 0.338912 0.175000 0.338912 0.173438 0.336820 0.170312 0.336820 0.168750 0.334728 0.160938 0.334728 0.159375 0.332636 0.134375 0.332636 0.128125 0.324268 0.126563 0.324268 0.123438 0.320084 0.121875 0.320084 0.120312 0.317992 0.117188 0.317992 0.115625 0.315900 0.114063 0.315900 0.109375 0.309623 0.109375 0.303347
2 0.321875 0.294979 0.321875 0.301255 0.317187 0.307531 0.315625 0.307531 0.312500 0.311715 0.312500 0.313808 0.310937 0.315900 0.310937 0.320084 0.312500 0.322176 0.312500 0.324268 0.314063 0.326360 0.314063 0.328452 0.312500 0.330544 0.312500 0.332636 0.309375 0.336820 0.309375 0.338912 0.303125 0.347280 0.301562 0.347280 0.300000 0.349372 0.298438 0.349372 0.290625 0.359833 0.287500 0.359833 0.285937 0.357741 0.284375 0.357741 0.281250 0.353556 0.281250 0.351464 0.279687 0.349372 0.278125 0.349372 0.276563 0.347280 0.271875 0.347280 0.271875 0.382845 0.285937 0.382845 0.287500 0.384937 0.290625 0.384937 0.292188 0.387029 0.293750 0.387029 0.295312 0.389121 0.295312 0.391213 0.296875 0.393305 0.296875 0.401674 0.310937 0.401674 0.310937 0.393305 0.312500 0.391213 0.323438 0.391213 0.326562 0.395397 0.326562 0.401674 0.365625 0.401674 0.365625 0.395397 0.367188 0.393305 0.376563 0.393305 0.378125 0.391213 0.392188 0.391213 0.393750 0.389121 0.414062 0.389121 0.415625 0.391213 0.417188 0.391213 0.420312 0.395397 0.420312 0.401674 0.451562 0.401674 0.451562 0.395397 0.454688 0.391213 0.457812 0.391213 0.460938 0.387029 0.462500 0.387029 0.465625 0.382845 0.467187 0.382845 0.468750 0.380753 0.476562 0.380753 0.476562 0.347280 0.470313 0.347280 0.468750 0.345188 0.467187 0.345188 0.465625 0.343096 0.462500 0.343096 0.460938 0.341004 0.457812 0.341004 0.456250 0.338912 0.451562 0.338912 0.450000 0.336820 0.446875 0.336820 0.445312 0.334728 0.431250 0.334728 0.429688 0.332636 0.425000 0.332636 0.423438 0.330544 0.421875 0.330544 0.420312 0.328452 0.417188 0.328452 0.415625 0.326360 0.412500 0.326360 0.410937 0.324268 0.409375 0.324268 0.407813 0.322176 0.406250 0.322176 0.404687 0.320084 0.403125 0.320084 0.401563 0.317992 0.400000 0.317992 0.398438 0.315900 0.396875 0.315900 0.395312 0.313808 0.393750 0.313808 0.390625 0.309623 0.387500 0.309623 0.385938 0.307531 0.384375 0.307531 0.382812 0.305439 0.381250 0.305439 0.378125 0.301255 0.378125 0.294979
2 0.000000 0.253138 0.000000 0.313808 0.004688 0.313808 0.006250 0.315900 0.009375 0.315900 0.010937 0.313808 0.026563 0.313808 0.028125 0.311715 0.032812 0.311715 0.032812 0.274059 0.026563 0.274059 0.021875 0.267782 0.020312 0.267782 0.018750 0.265690 0.017188 0.265690 0.012500 0.259414 0.012500 0.253138
25 0.200000 0.320084 0.200000 0.326360 0.196875 0.330544 0.195312 0.330544 0.193750 0.332636 0.192188 0.332636 0.190625 0.334728 0.189063 0.334728 0.187500 0.336820 0.185937 0.336820 0.182812 0.341004 0.171875 0.341004 0.171875 0.393305 0.196875 0.393305 0.196875 0.384937 0.198437 0.382845 0.200000 0.382845 0.203125 0.378661 0.204688 0.378661 0.204688 0.372385 0.203125 0.370293 0.206250 0.366109 0.207813 0.366109 0.209375 0.364017 0.212500 0.364017 0.214062 0.361925 0.217187 0.361925 0.218750 0.359833 0.228125 0.359833 0.235938 0.370293 0.235938 0.378661 0.240625 0.384937 0.240625 0.393305 0.270312 0.393305 0.270312 0.387029 0.271875 0.384937 0.276563 0.384937 0.278125 0.382845 0.287500 0.382845 0.289062 0.380753 0.295312 0.380753 0.295312 0.364017 0.290625 0.364017 0.289062 0.361925 0.289062 0.359833 0.285937 0.355649 0.284375 0.355649 0.281250 0.351464 0.281250 0.349372 0.279687 0.349372 0.273438 0.341004 0.271875 0.341004 0.270312 0.338912 0.268750 0.338912 0.265625 0.334728 0.264062 0.334728 0.262500 0.332636 0.259375 0.332636 0.257812 0.330544 0.256250 0.330544 0.253125 0.326360 0.253125 0.320084
2 0.878125 0.286611 0.878125 0.317992 0.926562 0.317992 0.926562 0.297071 0.920313 0.297071 0.917188 0.292887 0.917188 0.286611
2 0.210938 0.311715 0.210938 0.317992 0.209375 0.320084 0.207813 0.320084 0.206250 0.322176 0.204688 0.322176 0.203125 0.324268 0.201562 0.324268 0.198437 0.328452 0.196875 0.328452 0.195312 0.330544 0.193750 0.330544 0.192188 0.332636 0.190625 0.332636 0.189063 0.334728 0.187500 0.334728 0.185937 0.336820 0.184375 0.336820 0.181250 0.341004 0.179688 0.341004 0.176563 0.345188 0.171875 0.345188 0.171875 0.389121 0.187500 0.389121 0.189063 0.387029 0.192188 0.387029 0.193750 0.384937 0.196875 0.384937 0.198437 0.382845 0.200000 0.382845 0.201562 0.380753 0.203125 0.380753 0.204688 0.378661 0.206250 0.378661 0.206250 0.374477 0.207813 0.372385 0.207813 0.368201 0.209375 0.366109 0.210938 0.366109 0.212500 0.364017 0.214062 0.364017 0.215625 0.361925 0.220313 0.361925 0.221875 0.359833 0.223438 0.361925 0.228125 0.361925 0.229687 0.364017 0.231250 0.364017 0.235938 0.370293 0.235938 0.374477 0.237500 0.376569 0.237500 0.378661 0.239063 0.380753 0.242188 0.380753 0.243750 0.382845 0.264062 0.382845 0.265625 0.380753 0.270312 0.380753 0.271875 0.378661 0.278125 0.378661 0.279687 0.376569 0.281250 0.376569 0.281250 0.372385 0.284375 0.368201 0.285937 0.370293 0.285937 0.372385 0.287500 0.374477 0.289062 0.374477 0.290625 0.376569 0.295312 0.376569 0.295312 0.324268 0.290625 0.324268 0.289062 0.326360 0.287500 0.326360 0.285937 0.328452 0.284375 0.328452 0.282813 0.330544 0.282813 0.332636 0.281250 0.334728 0.281250 0.336820 0.279687 0.338912 0.279687 0.341004 0.278125 0.343096 0.276563 0.343096 0.275000 0.341004 0.273438 0.341004 0.271875 0.338912 0.270312 0.338912 0.268750 0.336820 0.267188 0.336820 0.265625 0.334728 0.264062 0.334728 0.262500 0.332636 0.260938 0.332636 0.259375 0.330544 0.256250 0.330544 0.253125 0.326360 0.251563 0.326360 0.248437 0.322176 0.245312 0.322176 0.242188 0.317992 0.242188 0.311715
2 0.382812 0.278243 0.382812 0.286611 0.381250 0.288703 0.381250 0.290795 0.379687 0.292887 0.379687 0.294979 0.378125 0.297071 0.371875 0.297071 0.371875 0.309623 0.378125 0.309623 0.379687 0.307531 0.381250 0.307531 0.382812 0.305439 0.384375 0.307531 0.387500 0.307531 0.389062 0.309623 0.393750 0.309623 0.395312 0.311715 0.403125 0.311715 0.407813 0.317992 0.409375 0.317992 0.410937 0.320084 0.414062 0.320084 0.415625 0.322176 0.417188 0.322176 0.418750 0.324268 0.420312 0.324268 0.421875 0.326360 0.425000 0.326360 0.426562 0.328452 0.437500 0.328452 0.439063 0.330544 0.448438 0.330544 0.450000 0.332636 0.462500 0.332636 0.464063 0.330544 0.465625 0.330544 0.465625 0.326360 0.467187 0.324268 0.467187 0.301255 0.465625 0.299163 0.465625 0.297071 0.464063 0.294979 0.464063 0.292887 0.465625 0.290795 0.467187 0.290795 0.468750 0.288703 0.476562 0.288703 0.476562 0.278243
