5 0.563232 0.296875 0.563232 0.301562 0.560890 0.303125 0.558548 0.303125 0.556206 0.304688 0.549180 0.304688 0.546838 0.306250 0.542155 0.306250 0.539813 0.307813 0.537471 0.307813 0.535129 0.309375 0.530445 0.309375 0.528103 0.310937 0.525761 0.310937 0.523419 0.312500 0.521077 0.312500 0.516393 0.315625 0.514051 0.315625 0.511710 0.317187 0.511710 0.318750 0.507026 0.321875 0.507026 0.323438 0.504684 0.325000 0.504684 0.326562 0.502342 0.328125 0.502342 0.334375 0.500000 0.335938 0.500000 0.350000 0.497658 0.351562 0.497658 0.356250 0.492974 0.359375 0.485948 0.359375 0.485948 0.376563 0.492974 0.376563 0.495316 0.378125 0.495316 0.384375 0.497658 0.385938 0.497658 0.456250 0.495316 0.457812 0.495316 0.468750 0.497658 0.470313 0.497658 0.518750 0.500000 0.520312 0.500000 0.545313 0.497658 0.546875 0.497658 0.567187 0.495316 0.568750 0.495316 0.571875 0.497658 0.573438 0.497658 0.579687 0.495316 0.581250 0.495316 0.592188 0.492974 0.593750 0.485948 0.593750 0.485948 0.621875 0.492974 0.621875 0.495316 0.623438 0.495316 0.626562 0.497658 0.628125 0.497658 0.629687 0.500000 0.631250 0.500000 0.632812 0.504684 0.635938 0.507026 0.635938 0.511710 0.639063 0.514051 0.639063 0.516393 0.640625 0.516393 0.642187 0.518735 0.643750 0.518735 0.645312 0.523419 0.648438 0.525761 0.646875 0.530445 0.646875 0.532787 0.645312 0.532787 0.643750 0.539813 0.639063 0.598361 0.639063 0.600703 0.640625 0.610070 0.640625 0.612412 0.642187 0.621780 0.642187 0.624122 0.643750 0.633489 0.643750 0.635831 0.645312 0.687354 0.645312 0.689696 0.643750 0.738876 0.643750 0.741218 0.645312 0.745902 0.645312 0.750585 0.648438 0.752927 0.648438 0.755269 0.650000 0.757611 0.650000 0.762295 0.653125 0.762295 0.657812 0.790398 0.657812 0.790398 0.653125 0.799766 0.646875 0.799766 0.645312 0.811475 0.637500 0.820843 0.637500 0.820843 0.567187 0.813817 0.567187 0.811475 0.565625 0.811475 0.551562 0.809133 0.550000 0.809133 0.540625 0.806792 0.539062 0.806792 0.526563 0.809133 0.525000 0.809133 0.518750 0.811475 0.517187 0.811475 0.515625 0.813817 0.514063 0.820843 0.514063 0.820843 0.432813 0.813817 0.432813 0.811475 0.431250 0.811475 0.423438 0.809133 0.421875 0.809133 0.414062 0.806792 0.412500 0.806792 0.401563 0.804450 0.400000 0.804450 0.370313 0.802108 0.368750 0.802108 0.328125 0.799766 0.326562 0.799766 0.320312 0.797424 0.318750 0.797424 0.317187 0.795082 0.315625 0.795082 0.314063 0.792740 0.312500 0.790398 0.312500 0.785714 0.309375 0.781030 0.309375 0.778689 0.307813 0.774005 0.307813 0.771663 0.306250 0.764637 0.306250 0.762295 0.304688 0.757611 0.304688 0.752927 0.301562 0.752927 0.296875
5 0.209602 0.340625 0.209602 0.345313 0.207260 0.346875 0.202576 0.346875 0.200234 0.348437 0.195550 0.348437 0.193208 0.350000 0.190867 0.350000 0.188525 0.351562 0.186183 0.351562 0.183841 0.353125 0.179157 0.353125 0.176815 0.354688 0.172131 0.354688 0.169789 0.356250 0.167447 0.356250 0.165105 0.357812 0.160422 0.357812 0.158080 0.359375 0.155738 0.359375 0.148712 0.364062 0.139344 0.364062 0.139344 0.517187 0.146370 0.517187 0.148712 0.518750 0.148712 0.523438 0.151054 0.525000 0.151054 0.540625 0.153396 0.542188 0.153396 0.560938 0.155738 0.562500 0.155738 0.565625 0.153396 0.567187 0.153396 0.581250 0.155738 0.582812 0.155738 0.585938 0.158080 0.587500 0.158080 0.592188 0.160422 0.593750 0.160422 0.606250 0.162763 0.607813 0.162763 0.625000 0.165105 0.626562 0.165105 0.628125 0.167447 0.629687 0.167447 0.631250 0.169789 0.631250 0.174473 0.634375 0.188525 0.634375 0.190867 0.635938 0.197892 0.635938 0.200234 0.637500 0.214286 0.637500 0.216628 0.635938 0.228337 0.635938 0.230679 0.634375 0.237705 0.634375 0.240047 0.632812 0.261124 0.632812 0.263466 0.631250 0.307963 0.631250 0.310304 0.629687 0.364169 0.629687 0.366511 0.631250 0.373536 0.631250 0.375878 0.632812 0.382904 0.632812 0.385246 0.634375 0.392272 0.634375 0.394614 0.635938 0.427400 0.635938 0.429742 0.634375 0.432084 0.634375 0.434426 0.632812 0.436768 0.632812 0.436768 0.631250 0.439110 0.629687 0.439110 0.628125 0.441452 0.626562 0.441452 0.623438 0.443794 0.621875 0.443794 0.620313 0.448478 0.617188 0.450820 0.617188 0.455504 0.614062 0.464871 0.614062 0.464871 0.539062 0.457845 0.539062 0.455504 0.537500 0.455504 0.532812 0.453162 0.531250 0.453162 0.526563 0.455504 0.525000 0.455504 0.521875 0.457845 0.520312 0.464871 0.520312 0.464871 0.509375 0.457845 0.509375 0.455504 0.507812 0.455504 0.506250 0.453162 0.504687 0.453162 0.498437 0.450820 0.496875 0.450820 0.478125 0.453162 0.476562 0.450820 0.475000 0.450820 0.457812 0.448478 0.456250 0.448478 0.446875 0.446136 0.445312 0.446136 0.439063 0.443794 0.437500 0.443794 0.421875 0.441452 0.420312 0.441452 0.403125 0.439110 0.401563 0.439110 0.392188 0.436768 0.390625 0.436768 0.385938 0.434426 0.384375 0.434426 0.381250 0.420375 0.371875 0.418033 0.371875 0.396955 0.357812 0.396955 0.356250 0.380562 0.345313 0.380562 0.340625
2 0.879391 0.515625 0.879391 0.520312 0.870023 0.526563 0.870023 0.528125 0.865340 0.531250 0.865340 0.532812 0.862998 0.534375 0.862998 0.535937 0.858314 0.539062 0.858314 0.540625 0.844262 0.550000 0.844262 0.551562 0.839578 0.554688 0.832553 0.554688 0.832553 0.607813 0.886417 0.607813 0.886417 0.601562 0.891101 0.598437 0.891101 0.596875 0.893443 0.595312 0.893443 0.592188 0.895785 0.590625 0.895785 0.570312 0.898126 0.568750 0.898126 0.560938 0.900468 0.559375 0.900468 0.557813 0.909836 0.551562 0.909836 0.550000 0.923888 0.540625 0.926230 0.540625 0.928571 0.539062 0.940281 0.539062 0.942623 0.540625 0.949649 0.540625 0.951991 0.542188 0.956674 0.542188 0.959016 0.540625 0.961358 0.540625 0.968384 0.535937 0.968384 0.534375 0.970726 0.532812 0.980094 0.532812 0.980094 0.515625
0 0.563232 0.484375 0.563232 0.490625 0.560890 0.492188 0.560890 0.501562 0.558548 0.503125 0.558548 0.504687 0.556206 0.506250 0.556206 0.507812 0.549180 0.512500 0.542155 0.512500 0.542155 0.532812 0.605386 0.532812 0.605386 0.512500 0.596019 0.512500 0.593677 0.510938 0.593677 0.509375 0.591335 0.507812 0.591335 0.504687 0.588993 0.503125 0.588993 0.490625 0.591335 0.489062 0.591335 0.484375
2 0.970726 0.534375 0.970726 0.540625 0.968384 0.542188 0.968384 0.548437 0.966042 0.550000 0.966042 0.554688 0.963700 0.556250 0.963700 0.559375 0.959016 0.562500 0.959016 0.564062 0.951991 0.568750 0.944965 0.568750 0.944965 0.682813 0.954333 0.682813 0.959016 0.685938 0.984778 0.685938 0.987119 0.684375 0.998829 0.684375 0.998829 0.534375
2 0.973068 0.523438 0.961358 0.531250 0.959016 0.531250 0.954333 0.534375 0.947307 0.534375 0.944965 0.532812 0.942623 0.532812 0.940281 0.534375 0.935597 0.534375 0.930913 0.537500 0.928571 0.537500 0.921546 0.542188 0.921546 0.543750 0.919204 0.545313 0.916862 0.545313 0.916862 0.546875 0.914520 0.548437 0.914520 0.550000 0.912178 0.551562 0.912178 0.553125 0.905152 0.557813 0.905152 0.559375 0.902810 0.560938 0.902810 0.562500 0.898126 0.565625 0.888759 0.565625 0.888759 0.635938 0.898126 0.635938 0.905152 0.640625 0.905152 0.645312 0.935597 0.645312 0.935597 0.637500 0.937939 0.635938 0.937939 0.634375 0.942623 0.631250 0.942623 0.626562 0.944965 0.625000 0.944965 0.617188 0.942623 0.615625 0.942623 0.612500 0.944965 0.610937 0.944965 0.585938 0.947307 0.584375 0.947307 0.581250 0.949649 0.579687 0.949649 0.578125 0.951991 0.576563 0.951991 0.571875 0.954333 0.570312 0.954333 0.568750 0.956674 0.567187 0.956674 0.565625 0.961358 0.562500 0.961358 0.559375 0.963700 0.557813 0.963700 0.556250 0.966042 0.554688 0.966042 0.551562 0.968384 0.550000 0.968384 0.545313 0.970726 0.543750 0.970726 0.542188 0.973068 0.540625 0.980094 0.540625 0.980094 0.523438
2 0.448478 0.515625 0.448478 0.545313 0.455504 0.545313 0.457845 0.546875 0.457845 0.550000 0.460187 0.551562 0.460187 0.560938 0.462529 0.562500 0.462529 0.570312 0.464871 0.571875 0.464871 0.575000 0.467213 0.576563 0.471897 0.573438 0.478923 0.573438 0.481265 0.571875 0.502342 0.571875 0.502342 0.515625
2 0.813817 0.509375 0.813817 0.514063 0.811475 0.515625 0.804450 0.515625 0.804450 0.564062 0.811475 0.564062 0.816159 0.567187 0.816159 0.568750 0.818501 0.570312 0.818501 0.571875 0.820843 0.571875 0.823185 0.573438 0.830211 0.573438 0.830211 0.570312 0.832553 0.568750 0.832553 0.565625 0.834895 0.564062 0.834895 0.560938 0.837237 0.559375 0.837237 0.546875 0.839578 0.545313 0.839578 0.542188 0.837237 0.540625 0.848946 0.532812 0.851288 0.532812 0.855972 0.529688 0.858314 0.529688 0.865340 0.525000 0.867682 0.525000 0.872365 0.521875 0.881733 0.521875 0.884075 0.520312 0.895785 0.520312 0.895785 0.509375
2 0.813817 0.509375 0.813817 0.557813 0.832553 0.557813 0.832553 0.551562 0.830211 0.550000 0.830211 0.545313 0.825527 0.542188 0.825527 0.540625 0.823185 0.539062 0.825527 0.537500 0.825527 0.535937 0.832553 0.531250 0.834895 0.531250 0.837237 0.532812 0.841920 0.532812 0.844262 0.531250 0.848946 0.531250 0.851288 0.529688 0.853630 0.529688 0.855972 0.528125 0.858314 0.528125 0.867682 0.521875 0.870023 0.521875 0.872365 0.520312 0.881733 0.520312 0.884075 0.518750 0.895785 0.518750 0.895785 0.509375
2 0.980094 0.509375 0.980094 0.517187 0.977752 0.518750 0.977752 0.521875 0.975410 0.523438 0.975410 0.525000 0.973068 0.526563 0.973068 0.528125 0.970726 0.529688 0.970726 0.531250 0.968384 0.532812 0.968384 0.535937 0.966042 0.537500 0.966042 0.540625 0.963700 0.542188 0.963700 0.548437 0.961358 0.550000 0.961358 0.557813 0.959016 0.559375 0.959016 0.562500 0.956674 0.564062 0.956674 0.567187 0.951991 0.570312 0.949649 0.568750 0.947307 0.568750 0.944965 0.567187 0.935597 0.567187 0.935597 0.650000 0.942623 0.650000 0.944965 0.651563 0.944965 0.653125 0.947307 0.654688 0.947307 0.665625 0.949649 0.667188 0.949649 0.673437 0.951991 0.675000 0.951991 0.679688 0.954333 0.681250 0.954333 0.682813 0.956674 0.684375 0.956674 0.689062 1.000000 0.689062 1.000000 0.684375 1.000000 0.684375 0.998829 0.682813 0.998829 0.681250 0.996487 0.679688 0.996487 0.676562 0.998829 0.675000 0.998829 0.670313 0.996487 0.668750 0.996487 0.660937 0.998829 0.659375 0.998829 0.654688 1.000000 0.653125 1.000000 0.653125 1.000000 0.653125 0.998829 0.651563 0.998829 0.648438 0.996487 0.646875 0.996487 0.637500 0.998829 0.635938 0.998829 0.628125 1.000000 0.626562 1.000000 0.626562 1.000000 0.509375
2 0.907494 0.539062 0.907494 0.539062 0.914520 0.532812 0.916862 0.532812 0.919204 0.531250 0.923888 0.531250 0.926230 0.529688 0.933255 0.529688 0.933255 0.515625 0.823185 0.515625 0.823185 0.526563 0.832553 0.526563 0.839578 0.521875 0.841920 0.521875 0.848946 0.526563 0.848946 0.532812 0.846604 0.534375 0.846604 0.535937 0.841920 0.539062 0.839578 0.539062 0.839578 0.540625 0.837237 0.542188 0.837237 0.543750 0.834895 0.545313 0.834895 0.548437 0.832553 0.550000 0.832553 0.551562 0.830211 0.553125 0.823185 0.553125 0.823185 0.595312 0.834895 0.595312 0.839578 0.598437 0.839578 0.607813 0.851288 0.607813 0.851288 0.593750 0.848946 0.592188 0.848946 0.582812 0.844262 0.579687 0.844262 0.573438 0.846604 0.571875 0.846604 0.562500 0.848946 0.560938 0.848946 0.556250 0.851288 0.554688 0.851288 0.540625 0.855972 0.537500 0.858314 0.537500 0.865340 0.532812 0.867682 0.532812 0.879391 0.525000 0.884075 0.525000 0.886417 0.523438 0.891101 0.523438 0.893443 0.521875 0.898126 0.521875 0.905152 0.526563 0.905152 0.528125 0.909836 0.531250 0.912178 0.531250 0.914520 0.532812
