0 0.731850 0.410937 0.729508 0.412500 0.727166 0.412500 0.727166 0.414062 0.724824 0.415625 0.724824 0.420312 0.722482 0.421875 0.722482 0.423438 0.717799 0.426562 0.715457 0.426562 0.713115 0.428125 0.710773 0.428125 0.710773 0.429688 0.706089 0.432813 0.703747 0.432813 0.701405 0.434375 0.701405 0.451562 0.699063 0.453125 0.699063 0.454688 0.696721 0.456250 0.696721 0.459375 0.694379 0.460938 0.694379 0.462500 0.689696 0.465625 0.682670 0.465625 0.682670 0.520312 0.689696 0.520312 0.694379 0.523438 0.694379 0.525000 0.696721 0.526563 0.696721 0.531250 0.699063 0.532812 0.699063 0.562500 0.696721 0.564062 0.696721 0.584375 0.699063 0.585938 0.699063 0.603125 0.701405 0.604688 0.701405 0.610937 0.703747 0.612500 0.703747 0.620313 0.750585 0.620313 0.750585 0.615625 0.748244 0.614062 0.748244 0.609375 0.745902 0.607813 0.745902 0.589063 0.748244 0.587500 0.748244 0.578125 0.750585 0.576563 0.750585 0.562500 0.752927 0.560938 0.752927 0.550000 0.755269 0.548437 0.755269 0.545313 0.757611 0.543750 0.757611 0.542188 0.762295 0.539062 0.762295 0.535937 0.764637 0.534375 0.764637 0.532812 0.766979 0.531250 0.766979 0.529688 0.776347 0.523438 0.778689 0.523438 0.785714 0.518750 0.792740 0.518750 0.792740 0.485938 0.785714 0.485938 0.781030 0.482812 0.781030 0.478125 0.778689 0.476562 0.778689 0.462500 0.776347 0.460938 0.776347 0.457812 0.778689 0.456250 0.778689 0.448438 0.781030 0.446875 0.781030 0.435937 0.778689 0.434375 0.778689 0.432813 0.776347 0.431250 0.776347 0.429688 0.771663 0.426562 0.771663 0.425000 0.769321 0.423438 0.769321 0.421875 0.766979 0.420312 0.764637 0.420312 0.759953 0.417188 0.759953 0.415625 0.757611 0.415625 0.755269 0.414062 0.752927 0.414062 0.750585 0.412500 0.745902 0.412500 0.743560 0.410937
0 0.596019 0.421875 0.596019 0.426562 0.588993 0.431250 0.588993 0.432813 0.584309 0.435937 0.584309 0.437500 0.581967 0.439063 0.581967 0.440625 0.577283 0.443750 0.577283 0.445312 0.574941 0.446875 0.574941 0.448438 0.572600 0.450000 0.572600 0.454688 0.570258 0.456250 0.570258 0.462500 0.567916 0.464063 0.567916 0.468750 0.565574 0.470313 0.565574 0.478125 0.563232 0.479688 0.563232 0.503125 0.565574 0.504687 0.565574 0.509375 0.563232 0.510938 0.563232 0.512500 0.558548 0.515625 0.551522 0.515625 0.551522 0.548437 0.558548 0.548437 0.560890 0.550000 0.560890 0.551562 0.563232 0.553125 0.563232 0.560938 0.560890 0.562500 0.560890 0.570312 0.558548 0.571875 0.551522 0.571875 0.551522 0.592188 0.560890 0.592188 0.567916 0.596875 0.567916 0.601562 0.598361 0.601562 0.598361 0.592188 0.600703 0.590625 0.600703 0.579687 0.603045 0.578125 0.603045 0.576563 0.605386 0.575000 0.607728 0.575000 0.610070 0.576563 0.612412 0.576563 0.614754 0.578125 0.614754 0.579687 0.621780 0.579687 0.624122 0.578125 0.626464 0.578125 0.626464 0.576563 0.628806 0.575000 0.628806 0.571875 0.631148 0.570312 0.628806 0.568750 0.628806 0.564062 0.626464 0.562500 0.626464 0.557813 0.624122 0.556250 0.624122 0.546875 0.626464 0.545313 0.626464 0.539062 0.628806 0.537500 0.628806 0.531250 0.631148 0.529688 0.631148 0.523438 0.633489 0.521875 0.633489 0.518750 0.631148 0.517187 0.631148 0.509375 0.628806 0.507812 0.628806 0.498437 0.626464 0.496875 0.626464 0.493750 0.628806 0.492188 0.628806 0.485938 0.631148 0.484375 0.631148 0.479688 0.635831 0.476562 0.642857 0.476562 0.642857 0.453125 0.635831 0.453125 0.631148 0.450000 0.631148 0.448438 0.628806 0.446875 0.628806 0.445312 0.621780 0.440625 0.621780 0.439063 0.617096 0.435937 0.617096 0.434375 0.612412 0.431250 0.612412 0.429688 0.610070 0.429688 0.607728 0.428125 0.607728 0.421875
25 0.307963 0.396875 0.307963 0.403125 0.305621 0.404687 0.303279 0.404687 0.300937 0.406250 0.298595 0.406250 0.296253 0.407813 0.291569 0.407813 0.289227 0.409375 0.286885 0.409375 0.284543 0.410937 0.282201 0.410937 0.279859 0.412500 0.277518 0.412500 0.275176 0.414062 0.272834 0.414062 0.270492 0.415625 0.268150 0.415625 0.263466 0.418750 0.261124 0.418750 0.251756 0.425000 0.249415 0.425000 0.242389 0.429688 0.240047 0.429688 0.225995 0.439063 0.225995 0.440625 0.218970 0.445312 0.218970 0.446875 0.204918 0.456250 0.195550 0.456250 0.195550 0.490625 0.202576 0.490625 0.211944 0.496875 0.214286 0.496875 0.216628 0.498437 0.223653 0.498437 0.225995 0.500000 0.237705 0.500000 0.240047 0.501562 0.244731 0.501562 0.247073 0.500000 0.275176 0.500000 0.277518 0.501562 0.286885 0.501562 0.289227 0.503125 0.289227 0.507812 0.317330 0.507812 0.317330 0.503125 0.326698 0.496875 0.331382 0.496875 0.333724 0.495313 0.336066 0.495313 0.338407 0.493750 0.340749 0.493750 0.343091 0.492188 0.350117 0.492188 0.352459 0.490625 0.354801 0.490625 0.359485 0.487500 0.361827 0.487500 0.364169 0.485938 0.366511 0.485938 0.368852 0.484375 0.371194 0.484375 0.373536 0.482812 0.378220 0.482812 0.380562 0.481250 0.385246 0.481250 0.387588 0.479688 0.392272 0.479688 0.394614 0.478125 0.401639 0.478125 0.403981 0.476562 0.406323 0.476562 0.408665 0.475000 0.411007 0.475000 0.413349 0.473437 0.415691 0.473437 0.420375 0.470313 0.420375 0.467187 0.422717 0.465625 0.422717 0.462500 0.429742 0.457812 0.429742 0.456250 0.439110 0.450000 0.446136 0.450000 0.446136 0.426562 0.439110 0.426562 0.429742 0.420312 0.427400 0.420312 0.425059 0.418750 0.422717 0.418750 0.420375 0.417188 0.415691 0.417188 0.408665 0.412500 0.408665 0.410937 0.399297 0.404687 0.396955 0.404687 0.394614 0.403125 0.385246 0.403125 0.382904 0.404687 0.380562 0.403125 0.378220 0.403125 0.375878 0.401563 0.375878 0.396875
2 0.000000 0.415625 0.000000 0.695312 0.090164 0.695312 0.090164 0.689062 0.092506 0.687500 0.092506 0.675000 0.094848 0.673437 0.094848 0.668750 0.097190 0.667188 0.097190 0.664062 0.099532 0.662500 0.099532 0.657812 0.101874 0.656250 0.101874 0.643750 0.104215 0.642187 0.104215 0.626562 0.106557 0.625000 0.106557 0.615625 0.108899 0.614062 0.108899 0.610937 0.111241 0.609375 0.118267 0.609375 0.118267 0.581250 0.111241 0.581250 0.108899 0.579687 0.108899 0.565625 0.106557 0.564062 0.106557 0.559375 0.104215 0.557813 0.104215 0.548437 0.101874 0.546875 0.101874 0.532812 0.099532 0.531250 0.099532 0.528125 0.097190 0.526563 0.097190 0.523438 0.094848 0.521875 0.094848 0.520312 0.092506 0.518750 0.092506 0.517187 0.087822 0.514063 0.087822 0.512500 0.085480 0.510938 0.085480 0.509375 0.083138 0.507812 0.083138 0.506250 0.078454 0.503125 0.078454 0.500000 0.076112 0.498437 0.076112 0.484375 0.078454 0.482812 0.078454 0.479688 0.080796 0.478125 0.080796 0.475000 0.078454 0.473437 0.078454 0.470313 0.076112 0.468750 0.076112 0.467187 0.073770 0.465625 0.073770 0.464063 0.071429 0.464063 0.069087 0.462500 0.066745 0.462500 0.064403 0.460938 0.055035 0.460938 0.052693 0.459375 0.045667 0.459375 0.043326 0.457812 0.040984 0.457812 0.029274 0.450000 0.029274 0.448438 0.026932 0.446875 0.026932 0.443750 0.024590 0.442187 0.024590 0.440625 0.022248 0.439063 0.022248 0.426562 0.024590 0.425000 0.024590 0.423438 0.026932 0.421875 0.026932 0.415625
2 0.000000 0.378125 0.000000 0.429688 0.008197 0.429688 0.012881 0.432813 0.012881 0.434375 0.017564 0.437500 0.017564 0.439063 0.024590 0.443750 0.024590 0.445312 0.029274 0.448438 0.029274 0.450000 0.033958 0.453125 0.033958 0.454688 0.043326 0.460938 0.055035 0.460938 0.057377 0.462500 0.066745 0.462500 0.073770 0.467187 0.073770 0.468750 0.076112 0.470313 0.076112 0.473437 0.078454 0.475000 0.078454 0.478125 0.076112 0.479688 0.076112 0.481250 0.073770 0.482812 0.073770 0.485938 0.071429 0.487500 0.071429 0.489062 0.073770 0.490625 0.073770 0.492188 0.076112 0.493750 0.076112 0.495313 0.078454 0.496875 0.078454 0.498437 0.080796 0.500000 0.080796 0.501562 0.083138 0.503125 0.083138 0.504687 0.087822 0.507812 0.087822 0.509375 0.092506 0.512500 0.092506 0.514063 0.097190 0.517187 0.097190 0.518750 0.099532 0.520312 0.099532 0.523438 0.101874 0.525000 0.101874 0.531250 0.104215 0.532812 0.104215 0.543750 0.106557 0.545313 0.106557 0.557813 0.108899 0.559375 0.108899 0.562500 0.111241 0.564062 0.111241 0.567187 0.113583 0.568750 0.113583 0.570312 0.115925 0.571875 0.115925 0.575000 0.120609 0.578125 0.122951 0.578125 0.125293 0.579687 0.127635 0.579687 0.129977 0.581250 0.132318 0.581250 0.137002 0.584375 0.137002 0.589063 0.139344 0.589063 0.139344 0.584375 0.144028 0.581250 0.146370 0.581250 0.146370 0.579687 0.148712 0.578125 0.148712 0.576563 0.151054 0.575000 0.151054 0.571875 0.153396 0.570312 0.153396 0.568750 0.155738 0.567187 0.155738 0.565625 0.167447 0.557813 0.172131 0.557813 0.174473 0.556250 0.183841 0.556250 0.186183 0.554688 0.188525 0.554688 0.195550 0.550000 0.195550 0.548437 0.197892 0.546875 0.197892 0.543750 0.200234 0.542188 0.200234 0.534375 0.197892 0.532812 0.197892 0.526563 0.200234 0.525000 0.200234 0.521875 0.204918 0.518750 0.204918 0.517187 0.207260 0.515625 0.207260 0.514063 0.209602 0.512500 0.209602 0.510938 0.214286 0.507812 0.221311 0.507812 0.214286 0.507812 0.211944 0.506250 0.211944 0.503125 0.209602 0.501562 0.209602 0.500000 0.207260 0.498437 0.207260 0.495313 0.204918 0.493750 0.204918 0.490625 0.202576 0.489062 0.202576 0.487500 0.200234 0.485938 0.200234 0.484375 0.197892 0.482812 0.197892 0.479688 0.195550 0.478125 0.195550 0.473437 0.193208 0.471875 0.193208 0.465625 0.195550 0.464063 0.195550 0.460938 0.197892 0.459375 0.197892 0.457812 0.202576 0.454688 0.202576 0.453125 0.204918 0.451562 0.204918 0.440625 0.202576 0.439063 0.202576 0.435937 0.200234 0.434375 0.200234 0.429688 0.197892 0.428125 0.197892 0.423438 0.195550 0.421875 0.195550 0.418750 0.193208 0.417188 0.193208 0.414062 0.190867 0.412500 0.190867 0.410937 0.188525 0.409375 0.188525 0.406250 0.186183 0.404687 0.186183 0.403125 0.174473 0.395312 0.169789 0.395312 0.167447 0.393750 0.165105 0.393750 0.162763 0.392188 0.160422 0.392188 0.158080 0.390625 0.151054 0.390625 0.148712 0.389062 0.146370 0.389062 0.144028 0.387500 0.141686 0.387500 0.139344 0.385938 0.134660 0.385938 0.132318 0.384375 0.108899 0.384375 0.106557 0.382812 0.106557 0.378125
25 0.588993 0.396875 0.588993 0.401563 0.581967 0.406250 0.579625 0.406250 0.577283 0.407813 0.574941 0.407813 0.572600 0.409375 0.570258 0.409375 0.565574 0.412500 0.563232 0.412500 0.560890 0.414062 0.558548 0.414062 0.556206 0.415625 0.553864 0.415625 0.549180 0.418750 0.542155 0.418750 0.542155 0.425000 0.579625 0.425000 0.581967 0.426562 0.593677 0.426562 0.596019 0.425000 0.612412 0.425000 0.614754 0.426562 0.617096 0.426562 0.619438 0.425000 0.628806 0.425000 0.631148 0.423438 0.642857 0.423438 0.645199 0.421875 0.654567 0.421875 0.656909 0.423438 0.673302 0.423438 0.675644 0.421875 0.677986 0.421875 0.680328 0.420312 0.689696 0.420312 0.689696 0.415625 0.682670 0.415625 0.677986 0.412500 0.677986 0.410937 0.663934 0.401563 0.663934 0.396875
25 0.720141 0.371875 0.720141 0.376563 0.715457 0.379687 0.713115 0.379687 0.710773 0.381250 0.708431 0.381250 0.703747 0.384375 0.701405 0.384375 0.699063 0.385938 0.696721 0.385938 0.694379 0.387500 0.689696 0.387500 0.687354 0.389062 0.680328 0.389062 0.677986 0.390625 0.663934 0.390625 0.663934 0.404687 0.673302 0.404687 0.675644 0.403125 0.696721 0.403125 0.699063 0.404687 0.708431 0.404687 0.710773 0.406250 0.724824 0.406250 0.727166 0.407813 0.734192 0.407813 0.736534 0.409375 0.736534 0.414062 0.797424 0.414062 0.797424 0.409375 0.799766 0.407813 0.806792 0.407813 0.809133 0.406250 0.816159 0.406250 0.818501 0.407813 0.823185 0.407813 0.825527 0.409375 0.825527 0.414062 0.839578 0.414062 0.839578 0.395312 0.832553 0.395312 0.830211 0.393750 0.827869 0.393750 0.820843 0.389062 0.818501 0.389062 0.816159 0.387500 0.813817 0.387500 0.811475 0.385938 0.809133 0.385938 0.802108 0.381250 0.799766 0.381250 0.797424 0.379687 0.795082 0.379687 0.792740 0.378125 0.790398 0.378125 0.788056 0.376563 0.788056 0.371875
25 0.963700 0.340625 0.963700 0.345313 0.959016 0.348437 0.956674 0.348437 0.954333 0.350000 0.949649 0.350000 0.947307 0.351562 0.944965 0.351562 0.942623 0.353125 0.940281 0.353125 0.935597 0.356250 0.933255 0.356250 0.930913 0.357812 0.928571 0.357812 0.926230 0.359375 0.923888 0.359375 0.921546 0.360938 0.919204 0.360938 0.916862 0.362500 0.914520 0.362500 0.912178 0.364062 0.907494 0.364062 0.905152 0.365625 0.902810 0.365625 0.900468 0.367188 0.898126 0.367188 0.895785 0.368750 0.893443 0.368750 0.888759 0.371875 0.886417 0.371875 0.881733 0.375000 0.879391 0.375000 0.872365 0.379687 0.870023 0.379687 0.853630 0.390625 0.853630 0.392188 0.848946 0.395312 0.848946 0.396875 0.841920 0.401563 0.841920 0.403125 0.830211 0.410937 0.830211 0.412500 0.823185 0.417188 0.823185 0.418750 0.818501 0.421875 0.818501 0.423438 0.813817 0.426562 0.813817 0.428125 0.806792 0.432813 0.806792 0.434375 0.799766 0.439063 0.799766 0.440625 0.797424 0.442187 0.797424 0.443750 0.792740 0.446875 0.785714 0.446875 0.785714 0.473437 0.795082 0.473437 0.797424 0.471875 0.811475 0.471875 0.813817 0.473437 0.844262 0.473437 0.846604 0.475000 0.851288 0.475000 0.853630 0.476562 0.860656 0.476562 0.862998 0.478125 0.865340 0.478125 0.867682 0.479688 0.872365 0.479688 0.877049 0.482812 0.879391 0.482812 0.881733 0.484375 0.884075 0.484375 0.886417 0.485938 0.905152 0.485938 0.907494 0.484375 0.912178 0.484375 0.914520 0.482812 0.919204 0.482812 0.921546 0.481250 0.928571 0.481250 0.930913 0.479688 0.935597 0.479688 0.937939 0.478125 0.942623 0.478125 0.944965 0.476562 0.947307 0.476562 0.949649 0.475000 0.951991 0.475000 0.954333 0.473437 0.959016 0.473437 0.961358 0.471875 0.968384 0.471875 0.970726 0.470313 0.977752 0.470313 0.980094 0.468750 0.987119 0.468750 0.989461 0.467187 0.998829 0.467187 0.998829 0.340625
0 0.279859 0.535937 0.279859 0.542188 0.286885 0.542188 0.289227 0.540625 0.289227 0.537500 0.286885 0.535937 0.279859 0.535937 0.279859 0.531250 0.286885 0.531250 0.289227 0.529688 0.296253 0.529688 0.300937 0.532812 0.300937 0.535937 0.305621 0.539062 0.305621 0.540625 0.307963 0.542188 0.307963 0.545313 0.305621 0.546875 0.305621 0.551562 0.303279 0.553125 0.303279 0.564062 0.300937 0.565625 0.300937 0.568750 0.298595 0.570312 0.298595 0.571875 0.293911 0.575000 0.293911 0.576563 0.291569 0.578125 0.291569 0.581250 0.289227 0.582812 0.289227 0.595312 0.286885 0.596875 0.279859 0.596875 0.279859 0.659375 0.286885 0.659375 0.289227 0.660937 0.289227 0.662500 0.291569 0.664062 0.291569 0.670313 0.293911 0.671875 0.293911 0.693750 0.291569 0.695312 0.291569 0.696875 0.293911 0.698438 0.293911 0.707812 0.371194 0.707812 0.371194 0.698438 0.368852 0.696875 0.368852 0.685938 0.366511 0.684375 0.366511 0.676562 0.368852 0.675000 0.368852 0.671875 0.371194 0.670313 0.371194 0.667188 0.375878 0.664062 0.375878 0.662500 0.380562 0.659375 0.378220 0.657812 0.375878 0.657812 0.373536 0.656250 0.373536 0.640625 0.375878 0.639063 0.375878 0.634375 0.378220 0.632812 0.378220 0.628125 0.380562 0.626562 0.380562 0.623438 0.382904 0.621875 0.389930 0.621875 0.389930 0.615625 0.382904 0.615625 0.380562 0.614062 0.380562 0.612500 0.378220 0.610937 0.378220 0.604688 0.375878 0.603125 0.375878 0.596875 0.373536 0.595312 0.373536 0.592188 0.371194 0.590625 0.371194 0.589063 0.368852 0.587500 0.368852 0.585938 0.364169 0.582812 0.364169 0.581250 0.359485 0.578125 0.359485 0.576563 0.357143 0.575000 0.357143 0.573438 0.354801 0.571875 0.354801 0.568750 0.352459 0.567187 0.352459 0.559375 0.350117 0.557813 0.350117 0.551562 0.347775 0.550000 0.347775 0.540625 0.345433 0.539062 0.345433 0.532812 0.347775 0.531250 0.347775 0.526563 0.357143 0.520312 0.357143 0.518750 0.359485 0.517187 0.359485 0.512500 0.361827 0.510938 0.361827 0.500000 0.364169 0.498437 0.364169 0.484375 0.354801 0.484375 0.354801 0.489062 0.350117 0.492188 0.345433 0.492188 0.343091 0.493750 0.340749 0.493750 0.338407 0.495313 0.336066 0.495313 0.331382 0.498437 0.329040 0.498437 0.324356 0.501562 0.322014 0.501562 0.319672 0.503125 0.317330 0.503125 0.314988 0.504687 0.310304 0.504687 0.307963 0.506250 0.279859 0.506250 0.279859 0.531250
9 0.289227 0.265625 0.289227 0.326562 0.333724 0.326562 0.333724 0.265625
2 0.073770 0.384375 0.073770 0.392188 0.083138 0.392188 0.085480 0.393750 0.085480 0.395312 0.087822 0.396875 0.087822 0.400000 0.092506 0.403125 0.092506 0.404687 0.094848 0.406250 0.094848 0.409375 0.097190 0.410937 0.097190 0.415625 0.099532 0.417188 0.099532 0.420312 0.101874 0.421875 0.101874 0.423438 0.104215 0.425000 0.104215 0.429688 0.106557 0.431250 0.106557 0.446875 0.108899 0.448438 0.108899 0.454688 0.111241 0.456250 0.111241 0.462500 0.113583 0.464063 0.113583 0.517187 0.111241 0.518750 0.111241 0.521875 0.108899 0.523438 0.108899 0.526563 0.106557 0.528125 0.106557 0.535937 0.108899 0.537500 0.108899 0.557813 0.111241 0.559375 0.111241 0.564062 0.113583 0.565625 0.113583 0.567187 0.115925 0.568750 0.115925 0.576563 0.151054 0.576563 0.151054 0.571875 0.153396 0.570312 0.153396 0.567187 0.155738 0.565625 0.155738 0.564062 0.165105 0.557813 0.167447 0.557813 0.169789 0.556250 0.181499 0.556250 0.183841 0.554688 0.186183 0.554688 0.188525 0.553125 0.190867 0.553125 0.195550 0.550000 0.195550 0.548437 0.197892 0.546875 0.197892 0.528125 0.195550 0.526563 0.197892 0.525000 0.197892 0.521875 0.200234 0.520312 0.200234 0.518750 0.204918 0.515625 0.204918 0.514063 0.209602 0.510938 0.209602 0.509375 0.211944 0.507812 0.211944 0.506250 0.209602 0.504687 0.209602 0.500000 0.207260 0.498437 0.207260 0.495313 0.204918 0.493750 0.204918 0.490625 0.202576 0.489062 0.202576 0.487500 0.197892 0.484375 0.197892 0.482812 0.195550 0.481250 0.195550 0.475000 0.193208 0.473437 0.193208 0.462500 0.195550 0.460938 0.195550 0.459375 0.197892 0.457812 0.197892 0.456250 0.202576 0.453125 0.202576 0.445312 0.200234 0.443750 0.200234 0.439063 0.197892 0.437500 0.197892 0.434375 0.195550 0.432813 0.195550 0.428125 0.193208 0.426562 0.193208 0.423438 0.190867 0.421875 0.190867 0.420312 0.188525 0.418750 0.188525 0.414062 0.186183 0.412500 0.186183 0.409375 0.183841 0.407813 0.183841 0.404687 0.179157 0.401563 0.179157 0.400000 0.174473 0.396875 0.172131 0.396875 0.169789 0.395312 0.167447 0.395312 0.165105 0.393750 0.162763 0.393750 0.160422 0.392188 0.158080 0.392188 0.153396 0.389062 0.153396 0.384375
0 0.984778 0.421875 0.984778 0.439063 0.987119 0.440625 0.987119 0.453125 0.984778 0.454688 0.984778 0.457812 0.982436 0.459375 0.982436 0.460938 0.980094 0.462500 0.980094 0.464063 0.977752 0.465625 0.975410 0.465625 0.973068 0.467187 0.968384 0.467187 0.966042 0.468750 0.963700 0.468750 0.961358 0.470313 0.959016 0.470313 0.954333 0.473437 0.951991 0.473437 0.949649 0.475000 0.947307 0.475000 0.944965 0.476562 0.942623 0.476562 0.940281 0.478125 0.937939 0.478125 0.930913 0.482812 0.930913 0.492188 0.933255 0.493750 0.933255 0.548437 0.930913 0.550000 0.930913 0.556250 0.933255 0.557813 0.933255 0.571875 0.930913 0.573438 0.930913 0.581250 0.928571 0.582812 0.928571 0.596875 0.930913 0.598437 0.930913 0.643750 0.933255 0.645312 0.933255 0.646875 0.930913 0.648438 0.930913 0.665625 0.928571 0.667188 0.928571 0.695312 0.926230 0.696875 0.926230 0.700000 0.923888 0.701563 0.916862 0.701563 0.916862 0.914062 0.998829 0.914062 0.998829 0.421875
9 0.000000 0.090625 0.000000 0.157813 0.022248 0.157813 0.022248 0.153125 0.026932 0.150000 0.033958 0.150000 0.033958 0.090625
0 0.987119 0.446875 0.987119 0.454688 0.984778 0.456250 0.984778 0.459375 0.982436 0.460938 0.982436 0.462500 0.977752 0.465625 0.975410 0.465625 0.973068 0.467187 0.968384 0.467187 0.966042 0.468750 0.961358 0.468750 0.956674 0.471875 0.954333 0.471875 0.951991 0.473437 0.949649 0.473437 0.944965 0.476562 0.940281 0.476562 0.937939 0.478125 0.935597 0.478125 0.930913 0.481250 0.930913 0.492188 0.933255 0.493750 0.933255 0.531250 0.935597 0.532812 0.935597 0.534375 0.933255 0.535937 0.933255 0.548437 0.930913 0.550000 0.930913 0.556250 0.933255 0.557813 0.933255 0.570312 0.930913 0.571875 0.930913 0.579687 0.928571 0.581250 0.928571 0.587500 0.926230 0.589063 0.926230 0.592188 0.928571 0.593750 0.928571 0.598437 0.930913 0.600000 0.930913 0.664062 0.928571 0.665625 0.928571 0.692187 0.926230 0.693750 0.926230 0.703125 0.923888 0.704687 0.923888 0.714063 0.921546 0.715625 0.921546 0.725000 0.919204 0.726562 0.919204 0.735937 0.916862 0.737500 0.916862 0.743750 0.914520 0.745313 0.914520 0.750000 0.912178 0.751562 0.912178 0.756250 0.909836 0.757812 0.909836 0.768750 0.907494 0.770312 0.907494 0.789062 0.905152 0.790625 0.905152 0.807813 0.902810 0.809375 0.902810 0.820312 0.900468 0.821875 0.900468 0.831250 0.898126 0.832812 0.898126 0.840625 0.895785 0.842188 0.895785 0.856250 0.893443 0.857813 0.893443 0.871875 0.891101 0.873438 0.891101 0.882812 0.888759 0.884375 0.888759 0.889063 0.886417 0.890625 0.886417 0.895312 0.884075 0.896875 0.884075 0.901563 0.881733 0.903125 0.881733 0.906250 0.879391 0.907812 0.879391 0.909375 0.877049 0.910937 0.870023 0.910937 0.870023 0.995313 0.998829 0.995313 0.998829 0.446875
25 0.722482 0.371875 0.722482 0.376563 0.720141 0.378125 0.717799 0.378125 0.715457 0.379687 0.713115 0.379687 0.710773 0.381250 0.708431 0.381250 0.703747 0.384375 0.701405 0.384375 0.699063 0.385938 0.696721 0.385938 0.694379 0.387500 0.687354 0.387500 0.685012 0.389062 0.680328 0.389062 0.677986 0.390625 0.673302 0.390625 0.670960 0.392188 0.663934 0.392188 0.663934 0.404687 0.703747 0.404687 0.706089 0.406250 0.713115 0.406250 0.715457 0.407813 0.729508 0.407813 0.731850 0.409375 0.741218 0.409375 0.743560 0.410937 0.750585 0.410937 0.752927 0.412500 0.759953 0.412500 0.762295 0.414062 0.778689 0.414062 0.781030 0.412500 0.790398 0.412500 0.792740 0.410937 0.816159 0.410937 0.818501 0.412500 0.823185 0.412500 0.825527 0.410937 0.827869 0.410937 0.830211 0.409375 0.832553 0.409375 0.832553 0.407813 0.841920 0.401563 0.848946 0.401563 0.848946 0.396875 0.834895 0.396875 0.832553 0.395312 0.830211 0.395312 0.827869 0.393750 0.825527 0.393750 0.818501 0.389062 0.816159 0.389062 0.813817 0.387500 0.811475 0.387500 0.804450 0.382812 0.802108 0.382812 0.799766 0.381250 0.797424 0.381250 0.795082 0.379687 0.792740 0.379687 0.788056 0.376563 0.788056 0.371875
