5 0.371875 0.187500 0.371875 0.193750 0.370313 0.195833 0.368750 0.195833 0.367188 0.197917 0.357812 0.197917 0.356250 0.200000 0.350000 0.200000 0.348437 0.202083 0.346875 0.202083 0.345313 0.204167 0.343750 0.204167 0.342187 0.206250 0.339063 0.206250 0.337500 0.208333 0.332812 0.208333 0.331250 0.210417 0.329688 0.210417 0.328125 0.212500 0.326562 0.212500 0.325000 0.214583 0.323438 0.214583 0.321875 0.216667 0.318750 0.216667 0.317187 0.218750 0.315625 0.218750 0.314063 0.220833 0.312500 0.220833 0.310937 0.222917 0.307813 0.222917 0.306250 0.225000 0.304688 0.225000 0.301562 0.229167 0.300000 0.229167 0.298438 0.231250 0.296875 0.231250 0.293750 0.235417 0.292188 0.235417 0.285937 0.243750 0.285937 0.245833 0.282813 0.250000 0.282813 0.252083 0.281250 0.254167 0.281250 0.258333 0.279687 0.260417 0.279687 0.266667 0.278125 0.268750 0.278125 0.272917 0.276563 0.275000 0.276563 0.285417 0.275000 0.287500 0.275000 0.300000 0.273438 0.302083 0.273438 0.308333 0.271875 0.310417 0.271875 0.316667 0.270312 0.318750 0.270312 0.325000 0.268750 0.327083 0.268750 0.335417 0.267188 0.337500 0.267188 0.345833 0.265625 0.347917 0.265625 0.354167 0.264062 0.356250 0.264062 0.366667 0.262500 0.368750 0.262500 0.385417 0.260938 0.387500 0.260938 0.400000 0.259375 0.402083 0.259375 0.410417 0.257812 0.412500 0.257812 0.420833 0.256250 0.422917 0.256250 0.431250 0.254687 0.433333 0.254687 0.441667 0.253125 0.443750 0.253125 0.450000 0.251563 0.452083 0.246875 0.452083 0.246875 0.718750 0.251563 0.718750 0.253125 0.720833 0.253125 0.731250 0.254687 0.733333 0.254687 0.743750 0.256250 0.745833 0.256250 0.750000 0.257812 0.752083 0.257812 0.754167 0.262500 0.760417 0.265625 0.760417 0.267188 0.762500 0.275000 0.762500 0.276563 0.764583 0.290625 0.764583 0.292188 0.766667 0.337500 0.766667 0.339063 0.768750 0.351562 0.768750 0.353125 0.770833 0.415625 0.770833 0.417188 0.768750 0.446875 0.768750 0.448438 0.770833 0.457812 0.770833 0.459375 0.772917 0.495313 0.772917 0.496875 0.775000 0.509375 0.775000 0.510938 0.772917 0.512500 0.772917 0.514063 0.770833 0.515625 0.770833 0.518750 0.766667 0.518750 0.764583 0.521875 0.760417 0.521875 0.756250 0.523438 0.754167 0.523438 0.747917 0.525000 0.745833 0.521875 0.741667 0.521875 0.739583 0.520312 0.737500 0.520312 0.729167 0.518750 0.727083 0.518750 0.720833 0.517187 0.718750 0.517187 0.716667 0.515625 0.714583 0.515625 0.712500 0.514063 0.710417 0.514063 0.708333 0.512500 0.706250 0.512500 0.702083 0.510938 0.700000 0.510938 0.695833 0.509375 0.693750 0.509375 0.687500 0.507812 0.685417 0.507812 0.662500 0.509375 0.660417 0.509375 0.647917 0.510938 0.645833 0.510938 0.631250 0.512500 0.629167 0.512500 0.620833 0.514063 0.618750 0.514063 0.612500 0.515625 0.610417 0.515625 0.604167 0.517187 0.602083 0.517187 0.600000 0.518750 0.597917 0.518750 0.595833 0.520312 0.593750 0.520312 0.591667 0.521875 0.589583 0.521875 0.583333 0.523438 0.581250 0.523438 0.577083 0.526563 0.572917 0.526563 0.566667 0.528125 0.564583 0.528125 0.560417 0.542188 0.541667 0.545313 0.541667 0.546875 0.539583 0.557813 0.539583 0.559375 0.541667 0.560938 0.541667 0.564062 0.545833 0.565625 0.545833 0.568750 0.550000 0.568750 0.552083 0.576563 0.562500 0.576563 0.564583 0.578125 0.566667 0.578125 0.570833 0.579687 0.572917 0.579687 0.575000 0.581250 0.577083 0.581250 0.579167 0.582812 0.581250 0.582812 0.587500 0.584375 0.589583 0.584375 0.591667 0.585938 0.593750 0.585938 0.597917 0.587500 0.600000 0.587500 0.606250 0.589063 0.608333 0.589063 0.616667 0.590625 0.618750 0.590625 0.620833 0.592188 0.622917 0.592188 0.625000 0.593750 0.627083 0.593750 0.629167 0.595312 0.631250 0.595312 0.635417 0.596875 0.637500 0.596875 0.639583 0.598437 0.641667 0.598437 0.643750 0.600000 0.645833 0.600000 0.647917 0.601562 0.650000 0.601562 0.654167 0.603125 0.656250 0.603125 0.658333 0.607813 0.664583 0.607813 0.666667 0.609375 0.668750 0.609375 0.670833 0.612500 0.675000 0.612500 0.677083 0.614062 0.679167 0.614062 0.681250 0.615625 0.683333 0.615625 0.685417 0.617188 0.687500 0.617188 0.689583 0.620313 0.693750 0.620313 0.695833 0.621875 0.697917 0.623438 0.697917 0.625000 0.700000 0.626562 0.700000 0.631250 0.693750 0.634375 0.693750 0.635938 0.691667 0.639063 0.691667 0.640625 0.689583 0.643750 0.689583 0.645312 0.687500 0.648438 0.687500 0.650000 0.685417 0.651563 0.685417 0.653125 0.683333 0.653125 0.681250 0.654688 0.679167 0.654688 0.677083 0.657812 0.672917 0.657812 0.670833 0.667188 0.658333 0.668750 0.658333 0.671875 0.654167 0.676562 0.654167 0.676562 0.556250 0.671875 0.556250 0.670313 0.554167 0.670313 0.550000 0.668750 0.547917 0.668750 0.533333 0.667188 0.531250 0.667188 0.508333 0.665625 0.506250 0.665625 0.470833 0.664062 0.468750 0.664062 0.433333 0.662500 0.431250 0.662500 0.412500 0.660937 0.410417 0.660937 0.402083 0.659375 0.400000 0.659375 0.395833 0.657812 0.393750 0.657812 0.391667 0.653125 0.385417 0.653125 0.383333 0.646875 0.375000 0.645312 0.375000 0.637500 0.364583 0.635938 0.364583 0.626562 0.352083 0.625000 0.352083 0.610937 0.333333 0.609375 0.333333 0.592188 0.310417 0.590625 0.310417 0.584375 0.302083 0.582812 0.302083 0.570312 0.285417 0.568750 0.285417 0.562500 0.277083 0.560938 0.277083 0.557813 0.272917 0.556250 0.272917 0.548437 0.262500 0.546875 0.262500 0.542188 0.256250 0.540625 0.256250 0.537500 0.252083 0.535937 0.252083 0.529688 0.243750 0.528125 0.243750 0.514063 0.225000 0.514063 0.222917 0.512500 0.220833 0.512500 0.216667 0.510938 0.214583 0.510938 0.212500 0.506250 0.206250 0.504687 0.206250 0.503125 0.204167 0.500000 0.204167 0.498437 0.202083 0.495313 0.202083 0.493750 0.200000 0.490625 0.200000 0.489062 0.197917 0.485938 0.197917 0.484375 0.195833 0.482812 0.195833 0.481250 0.193750 0.481250 0.187500
0 0.540625 0.537500 0.540625 0.543750 0.539062 0.545833 0.539062 0.547917 0.532812 0.556250 0.532812 0.558333 0.531250 0.560417 0.531250 0.564583 0.529688 0.566667 0.529688 0.568750 0.528125 0.570833 0.528125 0.575000 0.526563 0.577083 0.526563 0.581250 0.525000 0.583333 0.525000 0.585417 0.523438 0.587500 0.523438 0.589583 0.521875 0.591667 0.521875 0.593750 0.520312 0.595833 0.520312 0.600000 0.518750 0.602083 0.518750 0.610417 0.517187 0.612500 0.517187 0.616667 0.515625 0.618750 0.515625 0.620833 0.514063 0.622917 0.509375 0.622917 0.509375 0.708333 0.515625 0.708333 0.517187 0.710417 0.518750 0.710417 0.525000 0.718750 0.525000 0.720833 0.526563 0.722917 0.526563 0.727083 0.528125 0.729167 0.528125 0.731250 0.529688 0.733333 0.529688 0.735417 0.531250 0.737500 0.531250 0.739583 0.535937 0.745833 0.535937 0.747917 0.540625 0.754167 0.540625 0.756250 0.545313 0.762500 0.545313 0.764583 0.546875 0.766667 0.546875 0.768750 0.548437 0.770833 0.548437 0.772917 0.550000 0.775000 0.550000 0.777083 0.551562 0.779167 0.551562 0.781250 0.553125 0.783333 0.553125 0.785417 0.554688 0.787500 0.554688 0.793750 0.556250 0.795833 0.556250 0.802083 0.557813 0.804167 0.557813 0.812500 0.559375 0.814583 0.559375 0.862500 0.557813 0.864583 0.557813 0.868750 0.556250 0.870833 0.556250 0.875000 0.554688 0.877083 0.554688 0.883333 0.553125 0.885417 0.553125 0.908333 0.554688 0.910417 0.554688 0.920833 0.556250 0.922917 0.556250 0.929167 0.557813 0.931250 0.557813 0.933333 0.559375 0.935417 0.559375 0.943750 0.573438 0.943750 0.573438 0.931250 0.575000 0.929167 0.575000 0.927083 0.573438 0.925000 0.573438 0.902083 0.575000 0.900000 0.575000 0.897917 0.576563 0.895833 0.578125 0.895833 0.579687 0.897917 0.579687 0.900000 0.581250 0.902083 0.589063 0.902083 0.590625 0.900000 0.590625 0.897917 0.592188 0.895833 0.592188 0.883333 0.590625 0.881250 0.590625 0.870833 0.589063 0.868750 0.589063 0.864583 0.587500 0.862500 0.587500 0.852083 0.585938 0.850000 0.585938 0.831250 0.587500 0.829167 0.587500 0.806250 0.589063 0.804167 0.589063 0.777083 0.587500 0.775000 0.587500 0.770833 0.585938 0.768750 0.585938 0.764583 0.584375 0.762500 0.584375 0.710417 0.585938 0.708333 0.585938 0.706250 0.589063 0.702083 0.590625 0.702083 0.592188 0.700000 0.593750 0.700000 0.596875 0.695833 0.598437 0.695833 0.600000 0.697917 0.601562 0.697917 0.603125 0.700000 0.606250 0.700000 0.607813 0.702083 0.610937 0.702083 0.615625 0.708333 0.620313 0.708333 0.620313 0.693750 0.615625 0.693750 0.612500 0.689583 0.612500 0.685417 0.610937 0.683333 0.610937 0.679167 0.609375 0.677083 0.609375 0.675000 0.607813 0.672917 0.607813 0.670833 0.604688 0.666667 0.604688 0.664583 0.601562 0.660417 0.601562 0.658333 0.600000 0.656250 0.600000 0.654167 0.598437 0.652083 0.598437 0.650000 0.596875 0.647917 0.596875 0.643750 0.593750 0.639583 0.593750 0.637500 0.592188 0.635417 0.592188 0.633333 0.590625 0.631250 0.590625 0.629167 0.589063 0.627083 0.589063 0.625000 0.587500 0.622917 0.587500 0.616667 0.585938 0.614583 0.585938 0.606250 0.584375 0.604167 0.584375 0.595833 0.582812 0.593750 0.582812 0.591667 0.581250 0.589583 0.581250 0.585417 0.579687 0.583333 0.579687 0.577083 0.578125 0.575000 0.578125 0.570833 0.576563 0.568750 0.576563 0.566667 0.575000 0.564583 0.575000 0.562500 0.570312 0.556250 0.570312 0.554167 0.565625 0.547917 0.565625 0.545833 0.564062 0.543750 0.564062 0.537500
2 0.684375 0.554167 0.684375 0.602083 0.696875 0.602083 0.696875 0.595833 0.698438 0.593750 0.700000 0.593750 0.701563 0.591667 0.706250 0.591667 0.707812 0.593750 0.709375 0.593750 0.710938 0.595833 0.710938 0.602083 0.717188 0.602083 0.717188 0.593750 0.721875 0.587500 0.726562 0.587500 0.726562 0.570833 0.721875 0.570833 0.718750 0.566667 0.718750 0.564583 0.717188 0.562500 0.717188 0.554167
26 0.595312 0.691667 0.593750 0.693750 0.593750 0.695833 0.592188 0.697917 0.592188 0.700000 0.590625 0.702083 0.584375 0.702083 0.584375 0.775000 0.600000 0.775000 0.601562 0.777083 0.603125 0.775000 0.606250 0.775000 0.607813 0.772917 0.609375 0.772917 0.614062 0.766667 0.620313 0.766667 0.620313 0.714583 0.615625 0.714583 0.610937 0.708333 0.610937 0.706250 0.609375 0.704167 0.609375 0.700000 0.607813 0.697917 0.607813 0.695833 0.606250 0.693750 0.603125 0.693750 0.601562 0.691667
0 0.796875 0.554167 0.796875 0.610417 0.801562 0.610417 0.806250 0.616667 0.806250 0.618750 0.807813 0.620833 0.807813 0.622917 0.809375 0.625000 0.809375 0.627083 0.810938 0.629167 0.810938 0.631250 0.812500 0.633333 0.812500 0.643750 0.818750 0.643750 0.818750 0.633333 0.821875 0.629167 0.823438 0.631250 0.825000 0.631250 0.828125 0.635417 0.832812 0.635417 0.832812 0.622917 0.828125 0.622917 0.825000 0.618750 0.825000 0.614583 0.823438 0.612500 0.823438 0.608333 0.825000 0.606250 0.825000 0.589583 0.823438 0.587500 0.823438 0.581250 0.821875 0.579167 0.821875 0.575000 0.820312 0.572917 0.820312 0.568750 0.818750 0.566667 0.818750 0.554167
0 0.840625 0.537500 0.840625 0.600000 0.845312 0.600000 0.846875 0.602083 0.845312 0.604167 0.840625 0.604167 0.840625 0.620833 0.845312 0.620833 0.846875 0.618750 0.846875 0.612500 0.848437 0.610417 0.848437 0.606250 0.850000 0.604167 0.851562 0.604167 0.854688 0.608333 0.854688 0.614583 0.856250 0.616667 0.856250 0.635417 0.868750 0.635417 0.868750 0.602083 0.870313 0.600000 0.870313 0.595833 0.871875 0.593750 0.876562 0.593750 0.876562 0.570833 0.871875 0.570833 0.868750 0.566667 0.868750 0.564583 0.867188 0.562500 0.867188 0.560417 0.865625 0.558333 0.865625 0.556250 0.860937 0.550000 0.860937 0.547917 0.859375 0.545833 0.859375 0.537500
26 0.582812 0.700000 0.582812 0.706250 0.584375 0.708333 0.584375 0.712500 0.582812 0.714583 0.582812 0.756250 0.584375 0.758333 0.584375 0.762500 0.585938 0.764583 0.585938 0.766667 0.587500 0.768750 0.587500 0.777083 0.612500 0.777083 0.612500 0.768750 0.614062 0.766667 0.620313 0.766667 0.620313 0.712500 0.614062 0.712500 0.612500 0.710417 0.612500 0.708333 0.610937 0.706250 0.610937 0.704167 0.609375 0.702083 0.609375 0.697917 0.604688 0.691667 0.595312 0.691667 0.593750 0.693750 0.593750 0.695833 0.589063 0.702083 0.587500 0.700000 0.582812 0.700000 0.579687 0.697917 0.581250 0.695833 0.578125 0.691667 0.578125 0.689583 0.573438 0.683333 0.573438 0.681250 0.565625 0.670833 0.565625 0.666667 0.559375 0.658333 0.576563 0.641667 0.578125 0.639583 0.578125 0.635417 0.576563 0.633333 0.576563 0.641667 0.559375 0.658333 0.546875 0.658333 0.546875 0.664583 0.551562 0.664583 0.554688 0.668750 0.554688 0.670833 0.556250 0.672917 0.557813 0.672917 0.559375 0.675000 0.560938 0.675000 0.565625 0.681250 0.567187 0.681250 0.568750 0.683333 0.568750 0.685417 0.571875 0.689583 0.573438 0.689583 0.575000 0.691667 0.575000 0.693750 0.578125 0.697917 0.579687 0.697917
0 0.746875 0.537500 0.746875 0.610417 0.764063 0.610417 0.764063 0.537500
2 0.721875 0.545833 0.721875 0.585417 0.751562 0.585417 0.751562 0.545833
9 0.734375 0.412500 0.734375 0.485417 0.770312 0.485417 0.770312 0.412500
0 0.821875 0.545833 0.821875 0.610417 0.839063 0.610417 0.839063 0.545833
0 0.853125 0.537500 0.853125 0.635417 0.859375 0.635417 0.860937 0.633333 0.865625 0.633333 0.865625 0.631250 0.867188 0.629167 0.867188 0.606250 0.870313 0.602083 0.876562 0.602083 0.876562 0.562500 0.871875 0.562500 0.868750 0.558333 0.868750 0.556250 0.867188 0.554167 0.867188 0.547917 0.865625 0.545833 0.865625 0.537500
0 0.840625 0.545833 0.840625 0.552083 0.837500 0.556250 0.828125 0.556250 0.828125 0.606250 0.832812 0.606250 0.837500 0.612500 0.837500 0.614583 0.842188 0.620833 0.842188 0.627083 0.851562 0.627083 0.851562 0.545833
0 0.846875 0.545833 0.846875 0.602083 0.851562 0.602083 0.854688 0.606250 0.854688 0.614583 0.856250 0.616667 0.856250 0.635417 0.867188 0.635417 0.867188 0.612500 0.868750 0.610417 0.868750 0.604167 0.870313 0.602083 0.870313 0.597917 0.871875 0.595833 0.876562 0.595833 0.876562 0.568750 0.871875 0.568750 0.868750 0.564583 0.868750 0.562500 0.867188 0.560417 0.867188 0.558333 0.865625 0.556250 0.865625 0.545833
0 0.834375 0.554167 0.834375 0.618750 0.851562 0.618750 0.851562 0.575000 0.846875 0.575000 0.843750 0.570833 0.843750 0.558333 0.840625 0.554167
9 0.696875 0.429167 0.696875 0.485417 0.712500 0.485417 0.712500 0.477083 0.715625 0.472917 0.720312 0.472917 0.720312 0.429167
