5 0.146875 0.169456 0.146875 0.175732 0.145313 0.177824 0.143750 0.177824 0.142188 0.179916 0.137500 0.179916 0.135937 0.182008 0.129688 0.182008 0.128125 0.184100 0.123438 0.184100 0.121875 0.186192 0.114063 0.186192 0.112500 0.188285 0.109375 0.188285 0.107813 0.190377 0.106250 0.190377 0.104687 0.192469 0.103125 0.192469 0.100000 0.196653 0.098438 0.196653 0.092188 0.205021 0.092188 0.209205 0.090625 0.211297 0.090625 0.213389 0.089062 0.215481 0.089062 0.221757 0.087500 0.223849 0.087500 0.248954 0.085938 0.251046 0.085938 0.267782 0.084375 0.269874 0.084375 0.278243 0.082813 0.280335 0.082813 0.288703 0.081250 0.290795 0.081250 0.301255 0.079687 0.303347 0.079687 0.324268 0.078125 0.326360 0.078125 0.334728 0.076563 0.336820 0.076563 0.345188 0.075000 0.347280 0.075000 0.359833 0.073437 0.361925 0.073437 0.382845 0.071875 0.384937 0.071875 0.393305 0.070312 0.395397 0.070312 0.416318 0.068750 0.418410 0.068750 0.451883 0.070312 0.453975 0.070312 0.460251 0.071875 0.462343 0.071875 0.464435 0.073437 0.466527 0.073437 0.474895 0.075000 0.476987 0.075000 0.487448 0.073437 0.489540 0.073437 0.508368 0.071875 0.510460 0.071875 0.516736 0.070312 0.518828 0.070312 0.525105 0.068750 0.527197 0.068750 0.533473 0.067188 0.535565 0.067188 0.537657 0.062500 0.543933 0.057813 0.543933 0.056250 0.546025 0.054688 0.546025 0.053125 0.548117 0.050000 0.548117 0.048437 0.546025 0.043750 0.546025 0.042188 0.543933 0.034375 0.543933 0.034375 0.702929 0.370313 0.702929 0.370313 0.696653 0.371875 0.694561 0.379687 0.694561 0.381250 0.696653 0.381250 0.702929 0.385938 0.702929 0.385938 0.696653 0.387500 0.694561 0.393750 0.694561 0.395312 0.692469 0.410937 0.692469 0.412500 0.694561 0.431250 0.694561 0.432813 0.696653 0.432813 0.702929 0.464063 0.702929 0.464063 0.696653 0.465625 0.694561 0.468750 0.694561 0.470313 0.692469 0.521875 0.692469 0.523438 0.690377 0.542188 0.690377 0.543750 0.688285 0.587500 0.688285 0.589063 0.686192 0.618750 0.686192 0.620313 0.688285 0.623438 0.688285 0.625000 0.686192 0.637500 0.686192 0.639063 0.684100 0.654688 0.684100 0.656250 0.686192 0.660937 0.686192 0.662500 0.684100 0.682813 0.684100 0.684375 0.682008 0.692187 0.682008 0.693750 0.679916 0.696875 0.679916 0.698438 0.677824 0.707812 0.677824 0.709375 0.675732 0.756250 0.675732 0.757812 0.677824 0.759375 0.677824 0.760938 0.675732 0.771875 0.675732 0.773438 0.673640 0.779688 0.673640 0.781250 0.671548 0.795313 0.671548 0.796875 0.669456 0.814062 0.669456 0.815625 0.667364 0.839063 0.667364 0.840625 0.665272 0.845312 0.665272 0.846875 0.663180 0.854688 0.663180 0.856250 0.661088 0.892187 0.661088 0.893750 0.663180 0.896875 0.663180 0.898438 0.661088 0.907812 0.661088 0.907812 0.368201 0.903125 0.368201 0.901563 0.366109 0.901563 0.357741 0.900000 0.355649 0.900000 0.330544 0.898438 0.328452 0.898438 0.286611 0.896875 0.284519 0.896875 0.274059 0.895312 0.271967 0.895312 0.265690 0.893750 0.263598 0.893750 0.261506 0.892187 0.259414 0.892187 0.257322 0.889063 0.253138 0.887500 0.253138 0.885938 0.251046 0.881250 0.251046 0.879687 0.248954 0.862500 0.248954 0.860937 0.246862 0.843750 0.246862 0.842188 0.244770 0.832812 0.244770 0.831250 0.242678 0.817187 0.242678 0.815625 0.240586 0.800000 0.240586 0.798437 0.238494 0.787500 0.238494 0.785937 0.236402 0.778125 0.236402 0.776563 0.234310 0.765625 0.234310 0.764063 0.232218 0.751562 0.232218 0.750000 0.230126 0.740625 0.230126 0.739062 0.228033 0.706250 0.228033 0.704687 0.225941 0.698438 0.225941 0.696875 0.223849 0.675000 0.223849 0.673437 0.221757 0.659375 0.221757 0.657812 0.219665 0.651563 0.219665 0.650000 0.217573 0.635938 0.217573 0.634375 0.215481 0.618750 0.215481 0.617188 0.213389 0.609375 0.213389 0.607813 0.211297 0.596875 0.211297 0.595312 0.209205 0.587500 0.209205 0.585938 0.207113 0.567187 0.207113 0.565625 0.205021 0.543750 0.205021 0.542188 0.202929 0.531250 0.202929 0.529688 0.200837 0.514063 0.200837 0.512500 0.198745 0.492188 0.198745 0.490625 0.196653 0.478125 0.196653 0.476562 0.194561 0.470313 0.194561 0.468750 0.192469 0.457812 0.192469 0.456250 0.190377 0.442187 0.190377 0.440625 0.188285 0.421875 0.188285 0.420312 0.186192 0.412500 0.186192 0.410937 0.184100 0.404687 0.184100 0.403125 0.182008 0.392188 0.182008 0.390625 0.179916 0.368750 0.179916 0.367188 0.177824 0.356250 0.177824 0.354688 0.175732 0.354688 0.169456
2 0.989062 0.562761 0.989062 0.571130 0.984375 0.577406 0.984375 0.579498 0.981250 0.583682 0.981250 0.585774 0.979688 0.587866 0.979688 0.589958 0.976562 0.594142 0.976562 0.596234 0.975000 0.598326 0.975000 0.600418 0.973437 0.602510 0.973437 0.606695 0.970312 0.610879 0.965625 0.610879 0.965625 0.646443 0.971875 0.646443 0.978125 0.654812 0.978125 0.661088 0.998438 0.661088 0.998438 0.562761
0 0.721875 0.294979 0.721875 0.301255 0.726562 0.301255 0.728125 0.303347 0.728125 0.309623 0.729688 0.311715 0.729688 0.326360 0.728125 0.328452 0.728125 0.330544 0.726562 0.332636 0.721875 0.332636 0.721875 0.345188 0.726562 0.345188 0.728125 0.347280 0.728125 0.378661 0.729688 0.380753 0.729688 0.382845 0.731250 0.384937 0.731250 0.393305 0.764063 0.393305 0.764063 0.384937 0.765625 0.382845 0.765625 0.380753 0.767187 0.378661 0.767187 0.374477 0.768750 0.372385 0.768750 0.366109 0.771875 0.361925 0.776563 0.361925 0.776563 0.343096 0.770312 0.343096 0.768750 0.341004 0.768750 0.338912 0.765625 0.334728 0.764063 0.334728 0.762500 0.332636 0.760938 0.332636 0.759375 0.330544 0.757812 0.330544 0.754687 0.326360 0.754687 0.324268 0.753125 0.322176 0.753125 0.311715 0.751562 0.309623 0.751562 0.294979
2 0.000000 0.537657 0.000000 0.711297 0.059375 0.711297 0.059375 0.700837 0.060938 0.698745 0.060938 0.671548 0.062500 0.669456 0.062500 0.650628 0.064062 0.648536 0.064062 0.644351 0.065625 0.642259 0.070312 0.642259 0.070312 0.537657
0 0.800000 0.504184 0.800000 0.520921 0.801562 0.523013 0.801562 0.539749 0.800000 0.541841 0.800000 0.550209 0.798437 0.552301 0.798437 0.556485 0.795313 0.560669 0.790625 0.560669 0.790625 0.604603 0.795313 0.604603 0.796875 0.606695 0.801562 0.606695 0.803125 0.608787 0.809375 0.608787 0.810938 0.610879 0.812500 0.610879 0.814062 0.612971 0.812500 0.615063 0.804688 0.615063 0.803125 0.617155 0.796875 0.617155 0.795313 0.615063 0.790625 0.615063 0.790625 0.669456 0.832812 0.669456 0.832812 0.661088 0.834375 0.658996 0.835938 0.658996 0.840625 0.652720 0.845312 0.652720 0.845312 0.619247 0.839063 0.619247 0.837500 0.617155 0.832812 0.617155 0.831250 0.615063 0.828125 0.615063 0.826563 0.612971 0.829687 0.608787 0.835938 0.608787 0.837500 0.606695 0.839063 0.606695 0.840625 0.604603 0.845312 0.604603 0.845312 0.569038 0.840625 0.569038 0.839063 0.566946 0.839063 0.562761 0.837500 0.560669 0.837500 0.554393 0.835938 0.552301 0.835938 0.550209 0.825000 0.535565 0.825000 0.533473 0.823438 0.531381 0.823438 0.529289 0.821875 0.527197 0.821875 0.523013 0.820312 0.520921 0.820312 0.504184
0 0.465625 0.278243 0.465625 0.290795 0.464063 0.292887 0.464063 0.301255 0.465625 0.303347 0.465625 0.313808 0.462500 0.317992 0.459375 0.317992 0.457812 0.320084 0.456250 0.320084 0.456250 0.326360 0.454688 0.328452 0.454688 0.332636 0.451562 0.336820 0.446875 0.336820 0.446875 0.376569 0.495313 0.376569 0.495313 0.332636 0.490625 0.332636 0.489062 0.330544 0.489062 0.322176 0.490625 0.320084 0.495313 0.320084 0.490625 0.320084 0.489062 0.317992 0.489062 0.315900 0.487500 0.313808 0.487500 0.303347 0.485938 0.301255 0.485938 0.288703 0.484375 0.286611 0.484375 0.278243
2 0.000000 0.830544 0.000000 1.000000 0.301562 1.000000 0.301562 0.993724 0.293750 0.993724 0.292188 0.991632 0.290625 0.991632 0.289062 0.989540 0.287500 0.989540 0.285937 0.987448 0.284375 0.987448 0.282813 0.985356 0.279687 0.985356 0.278125 0.983264 0.276563 0.983264 0.275000 0.981172 0.273438 0.981172 0.271875 0.979079 0.268750 0.979079 0.267188 0.976987 0.264062 0.976987 0.262500 0.974895 0.260938 0.974895 0.259375 0.972803 0.257812 0.972803 0.256250 0.970711 0.253125 0.970711 0.251563 0.968619 0.250000 0.968619 0.248437 0.966527 0.246875 0.966527 0.243750 0.962343 0.242188 0.962343 0.240625 0.960251 0.239063 0.960251 0.237500 0.958159 0.235938 0.958159 0.232812 0.953975 0.231250 0.953975 0.228125 0.949791 0.226562 0.949791 0.225000 0.947699 0.223438 0.947699 0.221875 0.945607 0.218750 0.945607 0.217187 0.943515 0.215625 0.943515 0.214062 0.941423 0.212500 0.941423 0.210938 0.939331 0.209375 0.939331 0.206250 0.935146 0.204688 0.935146 0.203125 0.933054 0.201562 0.933054 0.200000 0.930962 0.198437 0.930962 0.196875 0.928870 0.195312 0.928870 0.193750 0.926778 0.192188 0.926778 0.190625 0.924686 0.189063 0.924686 0.187500 0.922594 0.184375 0.922594 0.182812 0.920502 0.181250 0.920502 0.179688 0.918410 0.178125 0.918410 0.176563 0.916318 0.173438 0.916318 0.171875 0.914226 0.170312 0.914226 0.168750 0.912134 0.167187 0.912134 0.165625 0.910042 0.162500 0.910042 0.160938 0.907950 0.159375 0.907950 0.157813 0.905858 0.156250 0.905858 0.154687 0.903766 0.153125 0.903766 0.151562 0.901674 0.150000 0.901674 0.148438 0.899582 0.146875 0.899582 0.145313 0.897490 0.143750 0.897490 0.140625 0.893305 0.139062 0.893305 0.135937 0.889121 0.134375 0.889121 0.131250 0.884937 0.129688 0.884937 0.128125 0.882845 0.126563 0.882845 0.125000 0.880753 0.123438 0.880753 0.121875 0.878661 0.118750 0.878661 0.117188 0.876569 0.115625 0.876569 0.114063 0.874477 0.110937 0.874477 0.109375 0.872385 0.107813 0.872385 0.106250 0.870293 0.104687 0.870293 0.103125 0.868201 0.101562 0.868201 0.100000 0.866109 0.098438 0.866109 0.096875 0.864017 0.095312 0.864017 0.093750 0.861925 0.092188 0.861925 0.090625 0.859833 0.089062 0.859833 0.087500 0.857741 0.084375 0.857741 0.082813 0.855649 0.081250 0.855649 0.079687 0.853557 0.078125 0.853557 0.076563 0.851464 0.071875 0.851464 0.070312 0.849372 0.065625 0.849372 0.064062 0.847280 0.060938 0.847280 0.059375 0.845188 0.056250 0.845188 0.054688 0.843096 0.050000 0.843096 0.048437 0.841004 0.045313 0.841004 0.043750 0.838912 0.042188 0.838912 0.040625 0.836820 0.040625 0.830544
0 0.796875 0.512552 0.796875 0.610879 0.839063 0.610879 0.839063 0.548117 0.834375 0.548117 0.829687 0.541841 0.828125 0.541841 0.825000 0.537657 0.825000 0.535565 0.823438 0.533473 0.823438 0.531381 0.821875 0.529289 0.821875 0.527197 0.820312 0.525105 0.820312 0.512552
0 0.668750 0.546025 0.668750 0.552301 0.667188 0.554393 0.667188 0.571130 0.665625 0.573222 0.665625 0.577406 0.664062 0.579498 0.662500 0.579498 0.659375 0.583682 0.653125 0.583682 0.653125 0.610879 0.701563 0.610879 0.701563 0.587866 0.696875 0.587866 0.693750 0.583682 0.693750 0.579498 0.692187 0.577406 0.692187 0.573222 0.690625 0.571130 0.690625 0.566946 0.689062 0.564854 0.689062 0.558577 0.687500 0.556485 0.687500 0.546025
0 0.329688 0.261506 0.329688 0.269874 0.328125 0.271967 0.328125 0.280335 0.326562 0.282427 0.326562 0.292887 0.320312 0.301255 0.317187 0.301255 0.315625 0.303347 0.312500 0.303347 0.310937 0.305439 0.309375 0.305439 0.307813 0.307531 0.306250 0.305439 0.301562 0.305439 0.296875 0.299163 0.295312 0.299163 0.292188 0.294979 0.292188 0.292887 0.290625 0.290795 0.290625 0.284519 0.289062 0.282427 0.284375 0.282427 0.284375 0.359833 0.306250 0.359833 0.307813 0.361925 0.307813 0.368201 0.370313 0.368201 0.370313 0.311715 0.365625 0.311715 0.362500 0.307531 0.360938 0.307531 0.357812 0.303347 0.353125 0.303347 0.350000 0.299163 0.350000 0.271967 0.351562 0.269874 0.351562 0.261506
