0 0.776563 0.216667 0.776563 0.225000 0.773438 0.230556 0.771875 0.230556 0.768750 0.236111 0.768750 0.238889 0.767187 0.241667 0.767187 0.244444 0.765625 0.247222 0.765625 0.255556 0.764063 0.258333 0.764063 0.266667 0.762500 0.269444 0.762500 0.297222 0.760938 0.300000 0.760938 0.316667 0.759375 0.319444 0.759375 0.322222 0.751562 0.336111 0.750000 0.336111 0.746875 0.341667 0.745313 0.341667 0.743750 0.344444 0.742188 0.344444 0.739062 0.350000 0.737500 0.350000 0.737500 0.352778 0.734375 0.358333 0.734375 0.361111 0.732813 0.363889 0.732813 0.366667 0.731250 0.369444 0.731250 0.372222 0.729688 0.375000 0.729688 0.380556 0.728125 0.383333 0.728125 0.394444 0.726562 0.397222 0.726562 0.402778 0.725000 0.405556 0.725000 0.408333 0.723437 0.411111 0.723437 0.413889 0.721875 0.416667 0.721875 0.419444 0.718750 0.425000 0.718750 0.427778 0.717188 0.430556 0.717188 0.433333 0.715625 0.436111 0.715625 0.447222 0.717188 0.450000 0.717188 0.452778 0.723437 0.463889 0.725000 0.463889 0.726562 0.466667 0.731250 0.466667 0.734375 0.472222 0.734375 0.475000 0.735937 0.477778 0.735937 0.486111 0.734375 0.488889 0.734375 0.494444 0.732813 0.497222 0.732813 0.500000 0.731250 0.502778 0.731250 0.511111 0.729688 0.513889 0.729688 0.572222 0.731250 0.575000 0.731250 0.608333 0.732813 0.611111 0.732813 0.622222 0.734375 0.625000 0.734375 0.630556 0.735937 0.633333 0.735937 0.641667 0.737500 0.644444 0.737500 0.655556 0.739062 0.658333 0.739062 0.669444 0.740625 0.672222 0.740625 0.686111 0.742188 0.688889 0.742188 0.705556 0.743750 0.708333 0.743750 0.716667 0.745313 0.719444 0.745313 0.725000 0.746875 0.727778 0.746875 0.736111 0.748438 0.738889 0.748438 0.777778 0.746875 0.780556 0.746875 0.783333 0.748438 0.786111 0.748438 0.788889 0.750000 0.791667 0.750000 0.802778 0.771875 0.802778 0.771875 0.780556 0.770312 0.777778 0.770312 0.758333 0.768750 0.755556 0.768750 0.638889 0.770312 0.636111 0.770312 0.633333 0.771875 0.630556 0.776563 0.630556 0.779688 0.636111 0.779688 0.644444 0.781250 0.647222 0.781250 0.652778 0.782812 0.655556 0.782812 0.666667 0.784375 0.669444 0.784375 0.683333 0.785937 0.686111 0.785937 0.711111 0.787500 0.713889 0.787500 0.725000 0.789062 0.727778 0.789062 0.738889 0.790625 0.741667 0.790625 0.750000 0.792188 0.752778 0.792188 0.763889 0.793750 0.766667 0.793750 0.772222 0.795313 0.775000 0.795313 0.783333 0.796875 0.786111 0.796875 0.791667 0.798437 0.794444 0.798437 0.802778 0.812500 0.802778 0.812500 0.794444 0.815625 0.788889 0.815625 0.786111 0.817187 0.783333 0.817187 0.777778 0.815625 0.775000 0.815625 0.772222 0.814062 0.769444 0.814062 0.766667 0.812500 0.763889 0.812500 0.761111 0.810938 0.758333 0.810938 0.750000 0.809375 0.747222 0.809375 0.730556 0.807813 0.727778 0.807813 0.725000 0.809375 0.722222 0.809375 0.694444 0.810938 0.691667 0.810938 0.658333 0.809375 0.655556 0.809375 0.627778 0.810938 0.625000 0.810938 0.583333 0.812500 0.580556 0.812500 0.563889 0.814062 0.561111 0.814062 0.544444 0.812500 0.541667 0.812500 0.525000 0.810938 0.522222 0.810938 0.511111 0.809375 0.508333 0.809375 0.491667 0.807813 0.488889 0.807813 0.466667 0.809375 0.463889 0.809375 0.455556 0.810938 0.452778 0.810938 0.447222 0.812500 0.444444 0.812500 0.441667 0.814062 0.438889 0.814062 0.436111 0.815625 0.433333 0.815625 0.427778 0.817187 0.425000 0.817187 0.391667 0.818750 0.388889 0.818750 0.372222 0.817187 0.369444 0.817187 0.366667 0.815625 0.363889 0.815625 0.361111 0.814062 0.358333 0.814062 0.355556 0.809375 0.347222 0.809375 0.344444 0.807813 0.341667 0.807813 0.333333 0.806250 0.330556 0.806250 0.300000 0.807813 0.297222 0.807813 0.283333 0.806250 0.280556 0.806250 0.272222 0.804688 0.269444 0.804688 0.266667 0.803125 0.263889 0.803125 0.261111 0.801562 0.258333 0.801562 0.252778 0.793750 0.238889 0.793750 0.236111 0.790625 0.230556 0.790625 0.227778 0.789062 0.225000 0.789062 0.216667
0 0.242188 0.194444 0.242188 0.208333 0.243750 0.211111 0.243750 0.233333 0.242188 0.236111 0.242188 0.238889 0.239063 0.244444 0.234375 0.244444 0.234375 0.280556 0.239063 0.280556 0.240625 0.283333 0.240625 0.294444 0.242188 0.297222 0.242188 0.311111 0.243750 0.313889 0.243750 0.380556 0.262500 0.380556 0.262500 0.372222 0.264062 0.369444 0.264062 0.366667 0.265625 0.363889 0.270312 0.363889 0.270312 0.230556 0.265625 0.230556 0.262500 0.225000 0.262500 0.219444 0.260938 0.216667 0.260938 0.194444
0 0.196875 0.183333 0.196875 0.197222 0.195312 0.200000 0.195312 0.216667 0.193750 0.219444 0.193750 0.227778 0.192188 0.230556 0.192188 0.233333 0.189063 0.238889 0.184375 0.238889 0.184375 0.300000 0.189063 0.300000 0.192188 0.305556 0.192188 0.308333 0.193750 0.311111 0.193750 0.316667 0.195312 0.319444 0.195312 0.325000 0.201562 0.336111 0.201562 0.338889 0.203125 0.341667 0.203125 0.344444 0.204688 0.347222 0.204688 0.352778 0.206250 0.355556 0.206250 0.369444 0.207813 0.372222 0.207813 0.380556 0.209375 0.383333 0.209375 0.391667 0.225000 0.391667 0.225000 0.383333 0.228125 0.377778 0.232812 0.377778 0.232812 0.363889 0.228125 0.363889 0.226562 0.361111 0.226562 0.352778 0.228125 0.350000 0.232812 0.350000 0.232812 0.275000 0.226562 0.275000 0.220313 0.263889 0.220313 0.261111 0.218750 0.258333 0.218750 0.241667 0.217187 0.238889 0.217187 0.225000 0.215625 0.222222 0.215625 0.219444 0.214062 0.216667 0.214062 0.202778 0.212500 0.200000 0.212500 0.183333
17 0.446875 0.891667 0.446875 0.900000 0.448438 0.902778 0.448438 0.925000 0.460938 0.925000 0.460938 0.916667 0.462500 0.913889 0.462500 0.894444 0.460938 0.891667 0.446875 0.891667 0.435937 0.863889 0.437500 0.861111 0.437500 0.855556 0.439063 0.852778 0.439063 0.827778 0.443750 0.819444 0.445312 0.819444 0.446875 0.816667 0.446875 0.813889 0.448438 0.811111 0.448438 0.805556 0.450000 0.802778 0.450000 0.794444 0.451562 0.791667 0.451562 0.741667 0.450000 0.738889 0.450000 0.736111 0.451562 0.733333 0.451562 0.716667 0.453125 0.713889 0.453125 0.711111 0.454688 0.708333 0.454688 0.705556 0.456250 0.702778 0.456250 0.700000 0.467187 0.680556 0.468750 0.680556 0.471875 0.675000 0.476562 0.675000 0.478125 0.672222 0.479688 0.672222 0.481250 0.669444 0.484375 0.669444 0.484375 0.666667 0.485938 0.663889 0.487500 0.663889 0.495313 0.650000 0.496875 0.650000 0.496875 0.647222 0.504687 0.633333 0.504687 0.630556 0.506250 0.627778 0.506250 0.625000 0.509375 0.619444 0.509375 0.616667 0.510938 0.613889 0.510938 0.611111 0.512500 0.608333 0.512500 0.605556 0.514063 0.602778 0.514063 0.600000 0.515625 0.597222 0.515625 0.594444 0.517187 0.591667 0.517187 0.588889 0.518750 0.586111 0.518750 0.583333 0.520312 0.580556 0.520312 0.577778 0.523438 0.572222 0.523438 0.569444 0.525000 0.566667 0.525000 0.563889 0.526563 0.561111 0.526563 0.558333 0.528125 0.555556 0.528125 0.552778 0.529688 0.550000 0.529688 0.547222 0.531250 0.544444 0.531250 0.541667 0.535937 0.533333 0.535937 0.530556 0.540625 0.522222 0.542188 0.522222 0.546875 0.513889 0.548437 0.513889 0.551562 0.508333 0.567187 0.508333 0.568750 0.505556 0.587500 0.505556 0.589063 0.502778 0.600000 0.502778 0.601562 0.505556 0.614062 0.505556 0.615625 0.508333 0.626562 0.508333 0.628125 0.505556 0.629687 0.505556 0.631250 0.502778 0.635938 0.502778 0.637500 0.500000 0.643750 0.500000 0.645312 0.497222 0.653125 0.497222 0.654688 0.494444 0.656250 0.494444 0.659375 0.488889 0.660937 0.488889 0.664062 0.483333 0.664062 0.480556 0.667188 0.475000 0.667188 0.472222 0.668750 0.469444 0.668750 0.466667 0.671875 0.461111 0.673437 0.461111 0.675000 0.458333 0.678125 0.458333 0.679688 0.461111 0.682813 0.461111 0.684375 0.463889 0.685938 0.461111 0.687500 0.461111 0.687500 0.458333 0.689062 0.455556 0.689062 0.450000 0.700000 0.430556 0.700000 0.377778 0.698438 0.375000 0.698438 0.361111 0.700000 0.358333 0.700000 0.352778 0.701563 0.350000 0.701563 0.336111 0.703125 0.333333 0.703125 0.327778 0.707812 0.319444 0.709375 0.319444 0.710938 0.316667 0.717188 0.316667 0.718750 0.319444 0.726562 0.319444 0.729688 0.313889 0.729688 0.311111 0.731250 0.308333 0.731250 0.302778 0.732813 0.300000 0.732813 0.291667 0.734375 0.288889 0.734375 0.283333 0.735937 0.280556 0.735937 0.261111 0.737500 0.258333 0.737500 0.219444 0.735937 0.216667 0.735937 0.211111 0.734375 0.208333 0.734375 0.202778 0.732813 0.200000 0.732813 0.197222 0.731250 0.194444 0.731250 0.191667 0.729688 0.188889 0.729688 0.183333 0.728125 0.180556 0.712500 0.180556 0.710938 0.183333 0.706250 0.183333 0.704687 0.180556 0.692187 0.180556 0.690625 0.183333 0.687500 0.183333 0.685938 0.186111 0.684375 0.186111 0.682813 0.188889 0.679688 0.188889 0.678125 0.191667 0.676562 0.191667 0.673437 0.197222 0.671875 0.197222 0.668750 0.202778 0.667188 0.202778 0.665625 0.205556 0.664062 0.205556 0.662500 0.208333 0.659375 0.208333 0.657812 0.211111 0.656250 0.211111 0.654688 0.213889 0.648438 0.213889 0.646875 0.216667 0.635938 0.216667 0.634375 0.213889 0.632812 0.216667 0.621875 0.216667 0.620313 0.219444 0.618750 0.219444 0.617188 0.222222 0.615625 0.222222 0.614062 0.225000 0.612500 0.225000 0.606250 0.236111 0.606250 0.238889 0.604688 0.241667 0.604688 0.244444 0.603125 0.247222 0.595312 0.247222 0.593750 0.244444 0.590625 0.244444 0.589063 0.241667 0.587500 0.241667 0.585938 0.238889 0.584375 0.238889 0.582812 0.236111 0.575000 0.236111 0.573438 0.233333 0.567187 0.233333 0.565625 0.230556 0.559375 0.230556 0.557813 0.227778 0.551562 0.227778 0.550000 0.225000 0.543750 0.225000 0.542188 0.222222 0.518750 0.222222 0.515625 0.227778 0.512500 0.227778 0.510938 0.230556 0.509375 0.230556 0.507812 0.233333 0.506250 0.233333 0.503125 0.238889 0.496875 0.238889 0.495313 0.241667 0.492188 0.241667 0.490625 0.244444 0.487500 0.244444 0.485938 0.247222 0.481250 0.247222 0.479688 0.250000 0.470313 0.250000 0.468750 0.252778 0.464063 0.252778 0.462500 0.255556 0.459375 0.255556 0.457812 0.258333 0.456250 0.258333 0.454688 0.261111 0.453125 0.261111 0.451562 0.263889 0.448438 0.263889 0.446875 0.266667 0.445312 0.266667 0.443750 0.269444 0.442187 0.269444 0.440625 0.272222 0.429688 0.272222 0.428125 0.275000 0.426562 0.275000 0.425000 0.277778 0.423438 0.277778 0.421875 0.280556 0.420312 0.280556 0.418750 0.283333 0.415625 0.283333 0.412500 0.288889 0.410937 0.288889 0.398438 0.311111 0.398438 0.313889 0.396875 0.316667 0.396875 0.319444 0.395312 0.322222 0.395312 0.325000 0.390625 0.333333 0.390625 0.336111 0.389062 0.338889 0.389062 0.344444 0.387500 0.347222 0.387500 0.352778 0.384375 0.358333 0.384375 0.366667 0.382812 0.369444 0.382812 0.386111 0.381250 0.388889 0.381250 0.438889 0.382812 0.441667 0.382812 0.486111 0.384375 0.488889 0.384375 0.522222 0.382812 0.525000 0.382812 0.527778 0.384375 0.530556 0.384375 0.550000 0.382812 0.552778 0.382812 0.600000 0.381250 0.602778 0.381250 0.627778 0.379687 0.630556 0.379687 0.655556 0.381250 0.658333 0.381250 0.669444 0.382812 0.672222 0.382812 0.677778 0.384375 0.680556 0.384375 0.683333 0.385938 0.686111 0.385938 0.688889 0.387500 0.691667 0.387500 0.694444 0.390625 0.700000 0.390625 0.702778 0.392188 0.705556 0.392188 0.708333 0.393750 0.711111 0.393750 0.713889 0.395312 0.716667 0.395312 0.719444 0.396875 0.722222 0.396875 0.727778 0.398438 0.730556 0.398438 0.736111 0.400000 0.738889 0.400000 0.747222 0.401563 0.750000 0.401563 0.763889 0.403125 0.766667 0.403125 0.777778 0.404687 0.780556 0.404687 0.783333 0.406250 0.786111 0.406250 0.791667 0.407813 0.794444 0.407813 0.797222 0.412500 0.805556 0.414062 0.805556 0.417188 0.811111 0.417188 0.813889 0.418750 0.816667 0.418750 0.819444 0.420312 0.822222 0.420312 0.830556 0.421875 0.833333 0.421875 0.838889 0.423438 0.841667 0.423438 0.847222 0.425000 0.850000 0.425000 0.852778 0.426562 0.855556 0.426562 0.858333 0.428125 0.861111 0.429688 0.861111 0.431250 0.863889 0.435937 0.863889
0 0.121875 0.183333 0.121875 0.197222 0.120312 0.200000 0.120312 0.211111 0.118750 0.213889 0.118750 0.216667 0.117188 0.219444 0.117188 0.222222 0.114063 0.227778 0.109375 0.227778 0.109375 0.275000 0.114063 0.275000 0.115625 0.277778 0.115625 0.302778 0.117188 0.305556 0.117188 0.319444 0.118750 0.322222 0.118750 0.372222 0.120312 0.375000 0.120312 0.391667 0.150000 0.391667 0.150000 0.316667 0.153125 0.311111 0.154687 0.311111 0.156250 0.308333 0.164062 0.308333 0.164062 0.286111 0.159375 0.286111 0.156250 0.280556 0.156250 0.269444 0.154687 0.266667 0.154687 0.255556 0.153125 0.252778 0.153125 0.244444 0.151562 0.241667 0.151562 0.236111 0.150000 0.233333 0.150000 0.230556 0.148438 0.227778 0.148438 0.222222 0.146875 0.219444 0.146875 0.211111 0.145313 0.208333 0.145313 0.202778 0.143750 0.200000 0.143750 0.197222 0.142188 0.194444 0.142188 0.183333
0 0.959375 0.250000 0.959375 0.261111 0.957812 0.263889 0.953125 0.263889 0.953125 0.413889 0.984375 0.413889 0.984375 0.402778 0.985937 0.400000 0.985937 0.380556 0.987500 0.377778 0.987500 0.372222 0.992188 0.363889 0.992188 0.358333 0.996875 0.350000 0.998438 0.350000 0.998438 0.311111 0.996875 0.311111 0.995313 0.308333 0.995313 0.305556 0.993750 0.302778 0.993750 0.300000 0.987500 0.288889 0.985937 0.288889 0.982813 0.283333 0.982813 0.269444 0.981250 0.266667 0.981250 0.250000
0 0.000000 0.138889 0.000000 0.277778 0.001563 0.277778 0.004688 0.283333 0.004688 0.286111 0.007812 0.291667 0.007812 0.302778 0.026563 0.302778 0.026563 0.283333 0.021875 0.283333 0.018750 0.277778 0.018750 0.275000 0.017188 0.272222 0.017188 0.252778 0.015625 0.250000 0.015625 0.244444 0.017188 0.241667 0.017188 0.225000 0.018750 0.222222 0.018750 0.188889 0.017188 0.186111 0.017188 0.177778 0.015625 0.175000 0.015625 0.158333 0.014062 0.155556 0.014062 0.150000 0.012500 0.147222 0.012500 0.138889
0 0.960938 0.433333 0.959375 0.436111 0.953125 0.436111 0.953125 0.483333 0.962500 0.483333 0.967188 0.491667 0.967188 0.502778 0.982813 0.502778 0.982813 0.494444 0.984375 0.491667 0.984375 0.441667 0.982813 0.438889 0.981250 0.438889 0.979688 0.436111 0.973437 0.436111 0.971875 0.433333 0.960938 0.433333 0.962500 0.408333 0.982813 0.408333 0.984375 0.405556 0.984375 0.400000 0.985937 0.397222 0.985937 0.383333 0.987500 0.380556 0.987500 0.375000 0.990625 0.369444 0.990625 0.366667 0.992188 0.363889 0.992188 0.361111 0.995313 0.355556 0.995313 0.352778 0.996875 0.350000 0.998438 0.350000 0.998438 0.308333 0.996875 0.308333 0.993750 0.302778 0.993750 0.300000 0.982813 0.280556 0.982813 0.263889 0.981250 0.261111 0.981250 0.252778 0.979688 0.250000 0.979688 0.238889 0.964063 0.238889 0.964063 0.250000 0.957812 0.261111 0.953125 0.261111 0.953125 0.402778 0.959375 0.402778 0.962500 0.408333
0 0.312500 0.161111 0.312500 0.169444 0.307813 0.177778 0.303125 0.177778 0.303125 0.188889 0.307813 0.188889 0.314063 0.177778 0.317187 0.177778 0.320312 0.172222 0.321875 0.175000 0.321875 0.191667 0.320312 0.194444 0.320312 0.202778 0.318750 0.205556 0.318750 0.208333 0.314063 0.216667 0.310937 0.211111 0.310937 0.208333 0.309375 0.205556 0.309375 0.202778 0.307813 0.200000 0.303125 0.200000 0.303125 0.222222 0.310937 0.222222 0.314063 0.216667 0.317187 0.222222 0.317187 0.230556 0.315625 0.233333 0.315625 0.244444 0.317187 0.247222 0.317187 0.277778 0.315625 0.280556 0.315625 0.286111 0.314063 0.288889 0.314063 0.294444 0.312500 0.297222 0.312500 0.305556 0.310937 0.308333 0.310937 0.319444 0.309375 0.322222 0.309375 0.325000 0.307813 0.327778 0.303125 0.327778 0.303125 0.358333 0.315625 0.358333 0.315625 0.350000 0.320312 0.341667 0.321875 0.341667 0.323438 0.344444 0.326562 0.344444 0.329688 0.350000 0.329688 0.358333 0.334375 0.358333 0.334375 0.344444 0.335938 0.341667 0.335938 0.325000 0.334375 0.322222 0.334375 0.316667 0.332812 0.313889 0.332812 0.300000 0.334375 0.297222 0.334375 0.294444 0.335938 0.291667 0.335938 0.286111 0.337500 0.283333 0.337500 0.266667 0.339063 0.263889 0.339063 0.250000 0.337500 0.247222 0.337500 0.219444 0.335938 0.216667 0.335938 0.200000 0.334375 0.197222 0.334375 0.161111
0 0.070312 0.183333 0.070312 0.191667 0.068750 0.194444 0.068750 0.197222 0.065625 0.202778 0.065625 0.205556 0.064062 0.208333 0.064062 0.216667 0.062500 0.219444 0.062500 0.227778 0.059375 0.233333 0.059375 0.236111 0.057813 0.238889 0.057813 0.241667 0.056250 0.244444 0.056250 0.250000 0.054688 0.252778 0.054688 0.263889 0.053125 0.266667 0.053125 0.283333 0.051562 0.286111 0.046875 0.286111 0.046875 0.294444 0.051562 0.294444 0.054688 0.300000 0.054688 0.308333 0.056250 0.311111 0.056250 0.336111 0.057813 0.338889 0.057813 0.347222 0.059375 0.350000 0.059375 0.358333 0.060938 0.361111 0.060938 0.380556 0.062500 0.383333 0.062500 0.391667 0.101562 0.391667 0.101562 0.294444 0.096875 0.294444 0.092188 0.286111 0.092188 0.280556 0.090625 0.277778 0.090625 0.269444 0.089062 0.266667 0.089062 0.261111 0.087500 0.258333 0.087500 0.250000 0.085938 0.247222 0.085938 0.238889 0.084375 0.236111 0.084375 0.227778 0.082813 0.225000 0.082813 0.219444 0.081250 0.216667 0.081250 0.211111 0.079687 0.208333 0.079687 0.202778 0.078125 0.200000 0.078125 0.197222 0.076563 0.194444 0.076563 0.183333
0 0.909375 0.250000 0.909375 0.311111 0.917188 0.311111 0.918750 0.313889 0.918750 0.322222 0.917188 0.325000 0.917188 0.336111 0.932813 0.336111 0.937500 0.344444 0.939062 0.344444 0.940625 0.347222 0.940625 0.355556 0.942187 0.358333 0.942187 0.380556 0.940625 0.383333 0.940625 0.386111 0.939062 0.388889 0.935938 0.383333 0.932813 0.383333 0.932813 0.386111 0.931250 0.388889 0.931250 0.391667 0.929688 0.394444 0.929688 0.397222 0.928125 0.400000 0.926562 0.400000 0.925000 0.397222 0.925000 0.383333 0.923437 0.380556 0.923437 0.377778 0.921875 0.375000 0.921875 0.372222 0.918750 0.372222 0.917188 0.375000 0.915625 0.375000 0.914062 0.377778 0.909375 0.377778 0.909375 0.386111 0.915625 0.386111 0.917188 0.388889 0.917188 0.397222 0.914062 0.402778 0.909375 0.402778 0.909375 0.413889 0.964063 0.413889 0.964063 0.313889 0.959375 0.313889 0.956250 0.308333 0.956250 0.302778 0.954687 0.300000 0.954687 0.297222 0.953125 0.294444 0.953125 0.291667 0.951563 0.288889 0.950000 0.288889 0.946875 0.283333 0.946875 0.280556 0.945312 0.277778 0.945312 0.275000 0.943750 0.272222 0.943750 0.266667 0.942187 0.263889 0.942187 0.250000
0 0.632812 0.544444 0.634375 0.547222 0.634375 0.552778 0.639063 0.552778 0.639063 0.525000 0.634375 0.525000 0.632812 0.527778 0.632812 0.544444 0.620313 0.541667 0.618750 0.538889 0.618750 0.525000 0.620313 0.522222 0.620313 0.511111 0.623438 0.505556 0.626562 0.505556 0.625000 0.505556 0.623438 0.502778 0.615625 0.502778 0.614062 0.500000 0.612500 0.500000 0.610937 0.497222 0.607813 0.497222 0.606250 0.494444 0.604688 0.494444 0.603125 0.491667 0.592188 0.491667 0.590625 0.488889 0.585938 0.488889 0.584375 0.486111 0.582812 0.486111 0.581250 0.483333 0.581250 0.472222 0.564062 0.472222 0.564062 0.486111 0.562500 0.488889 0.562500 0.491667 0.560938 0.494444 0.560938 0.533333 0.562500 0.536111 0.562500 0.547222 0.564062 0.550000 0.564062 0.552778 0.565625 0.555556 0.565625 0.558333 0.567187 0.561111 0.567187 0.563889 0.570312 0.569444 0.570312 0.572222 0.571875 0.575000 0.571875 0.577778 0.573438 0.580556 0.573438 0.588889 0.575000 0.591667 0.575000 0.594444 0.576563 0.597222 0.576563 0.600000 0.578125 0.602778 0.578125 0.611111 0.579687 0.613889 0.579687 0.622222 0.578125 0.625000 0.578125 0.669444 0.576563 0.672222 0.576563 0.675000 0.575000 0.677778 0.575000 0.683333 0.571875 0.688889 0.571875 0.691667 0.570312 0.694444 0.570312 0.697222 0.568750 0.700000 0.568750 0.705556 0.567187 0.708333 0.567187 0.713889 0.565625 0.716667 0.565625 0.725000 0.564062 0.727778 0.564062 0.733333 0.562500 0.736111 0.562500 0.741667 0.560938 0.744444 0.560938 0.755556 0.559375 0.758333 0.559375 0.769444 0.557813 0.772222 0.553125 0.772222 0.553125 0.822222 0.557813 0.822222 0.559375 0.825000 0.560938 0.825000 0.562500 0.827778 0.562500 0.836111 0.604688 0.836111 0.604688 0.822222 0.607813 0.816667 0.607813 0.811111 0.609375 0.808333 0.609375 0.805556 0.614062 0.797222 0.615625 0.797222 0.618750 0.791667 0.620313 0.791667 0.625000 0.783333 0.625000 0.769444 0.621875 0.763889 0.621875 0.761111 0.618750 0.755556 0.618750 0.752778 0.617188 0.750000 0.617188 0.744444 0.615625 0.741667 0.615625 0.733333 0.614062 0.730556 0.614062 0.705556 0.615625 0.702778 0.615625 0.675000 0.617188 0.672222 0.617188 0.655556 0.618750 0.652778 0.618750 0.597222 0.620313 0.594444 0.620313 0.541667
0 0.265625 0.183333 0.265625 0.302778 0.281250 0.302778 0.281250 0.294444 0.284375 0.288889 0.289062 0.288889 0.289062 0.183333
0 0.307813 0.161111 0.307813 0.169444 0.301562 0.180556 0.296875 0.180556 0.296875 0.280556 0.315625 0.280556 0.315625 0.255556 0.317187 0.252778 0.317187 0.219444 0.318750 0.216667 0.318750 0.186111 0.317187 0.183333 0.317187 0.161111
0 0.935938 0.430556 0.929688 0.430556 0.928125 0.433333 0.923437 0.433333 0.921875 0.436111 0.909375 0.436111 0.909375 0.480556 0.954687 0.480556 0.954687 0.469444 0.953125 0.466667 0.953125 0.455556 0.956250 0.450000 0.964063 0.450000 0.964063 0.444444 0.959375 0.444444 0.957812 0.447222 0.951563 0.447222 0.950000 0.444444 0.950000 0.441667 0.946875 0.436111 0.943750 0.436111 0.942187 0.433333 0.937500 0.433333 0.935938 0.430556 0.934375 0.411111 0.935938 0.408333 0.946875 0.408333 0.948438 0.405556 0.964063 0.405556 0.964063 0.305556 0.957812 0.305556 0.954687 0.300000 0.954687 0.297222 0.951563 0.291667 0.950000 0.291667 0.942187 0.277778 0.942187 0.275000 0.940625 0.272222 0.940625 0.269444 0.942187 0.266667 0.942187 0.250000 0.923437 0.250000 0.923437 0.277778 0.920313 0.283333 0.918750 0.280556 0.909375 0.280556 0.909375 0.338889 0.921875 0.338889 0.923437 0.336111 0.932813 0.336111 0.940625 0.350000 0.940625 0.361111 0.939062 0.363889 0.937500 0.363889 0.935938 0.366667 0.928125 0.366667 0.926562 0.363889 0.923437 0.363889 0.921875 0.361111 0.915625 0.361111 0.914062 0.358333 0.909375 0.358333 0.909375 0.388889 0.914062 0.388889 0.915625 0.391667 0.915625 0.402778 0.917188 0.405556 0.920313 0.405556 0.921875 0.408333 0.931250 0.408333 0.932813 0.411111 0.934375 0.411111
26 0.134375 0.261111 0.134375 0.277778 0.139062 0.277778 0.142188 0.283333 0.142188 0.313889 0.170312 0.313889 0.170312 0.297222 0.164062 0.297222 0.160938 0.291667 0.160938 0.288889 0.159375 0.286111 0.159375 0.283333 0.157813 0.280556 0.157813 0.275000 0.154687 0.269444 0.154687 0.261111
0 0.860937 0.238889 0.860937 0.247222 0.859375 0.250000 0.859375 0.263889 0.857813 0.266667 0.857813 0.269444 0.851562 0.280556 0.846875 0.280556 0.846875 0.363889 0.851562 0.363889 0.854688 0.369444 0.854688 0.394444 0.853125 0.397222 0.853125 0.413889 0.868750 0.413889 0.868750 0.388889 0.870313 0.386111 0.870313 0.358333 0.871875 0.355556 0.871875 0.352778 0.878125 0.341667 0.878125 0.338889 0.879687 0.336111 0.879687 0.333333 0.884375 0.325000 0.889063 0.325000 0.889063 0.291667 0.882812 0.291667 0.876562 0.280556 0.876562 0.266667 0.875000 0.263889 0.875000 0.238889
0 0.521875 0.572222 0.521875 0.586111 0.520312 0.588889 0.520312 0.591667 0.515625 0.600000 0.514063 0.600000 0.512500 0.602778 0.512500 0.605556 0.509375 0.611111 0.509375 0.613889 0.507812 0.616667 0.507812 0.622222 0.506250 0.625000 0.506250 0.627778 0.504687 0.630556 0.504687 0.633333 0.498437 0.644444 0.498437 0.647222 0.495313 0.652778 0.493750 0.652778 0.489062 0.661111 0.487500 0.661111 0.484375 0.666667 0.484375 0.669444 0.479688 0.677778 0.479688 0.680556 0.476562 0.686111 0.476562 0.688889 0.473437 0.694444 0.473437 0.697222 0.470313 0.702778 0.470313 0.705556 0.468750 0.708333 0.468750 0.711111 0.467187 0.713889 0.467187 0.716667 0.465625 0.719444 0.465625 0.725000 0.464063 0.727778 0.464063 0.733333 0.462500 0.736111 0.462500 0.761111 0.460938 0.763889 0.460938 0.772222 0.459375 0.775000 0.459375 0.777778 0.457812 0.780556 0.457812 0.783333 0.456250 0.786111 0.456250 0.791667 0.453125 0.797222 0.446875 0.797222 0.440625 0.808333 0.428125 0.808333 0.428125 0.872222 0.432813 0.872222 0.435937 0.877778 0.435937 0.883333 0.432813 0.888889 0.428125 0.888889 0.428125 0.916667 0.434375 0.916667 0.439063 0.925000 0.439063 0.936111 0.468750 0.936111 0.468750 0.922222 0.470313 0.919444 0.470313 0.902778 0.468750 0.900000 0.468750 0.891667 0.473437 0.883333 0.475000 0.883333 0.476562 0.880556 0.482812 0.880556 0.484375 0.877778 0.487500 0.877778 0.489062 0.875000 0.490625 0.875000 0.492188 0.872222 0.495313 0.872222 0.495313 0.866667 0.493750 0.863889 0.493750 0.861111 0.490625 0.861111 0.489062 0.858333 0.484375 0.858333 0.479688 0.850000 0.479688 0.827778 0.481250 0.825000 0.481250 0.822222 0.482812 0.819444 0.482812 0.816667 0.484375 0.813889 0.484375 0.811111 0.485938 0.808333 0.485938 0.805556 0.487500 0.802778 0.487500 0.797222 0.489062 0.794444 0.489062 0.791667 0.492188 0.786111 0.492188 0.783333 0.493750 0.780556 0.493750 0.777778 0.495313 0.775000 0.496875 0.775000 0.500000 0.780556 0.500000 0.783333 0.503125 0.788889 0.503125 0.797222 0.504687 0.800000 0.504687 0.836111 0.506250 0.838889 0.506250 0.850000 0.507812 0.852778 0.507812 0.855556 0.509375 0.858333 0.512500 0.858333 0.514063 0.861111 0.521875 0.861111 0.523438 0.858333 0.526563 0.858333 0.528125 0.855556 0.534375 0.855556 0.535937 0.852778 0.542188 0.852778 0.543750 0.850000 0.545313 0.850000 0.546875 0.847222 0.548437 0.847222 0.550000 0.844444 0.551562 0.844444 0.553125 0.841667 0.554688 0.841667 0.556250 0.838889 0.556250 0.836111 0.559375 0.830556 0.564062 0.830556 0.564062 0.822222 0.556250 0.822222 0.554688 0.819444 0.551562 0.819444 0.550000 0.816667 0.543750 0.816667 0.542188 0.813889 0.539062 0.813889 0.532812 0.802778 0.532812 0.800000 0.531250 0.797222 0.531250 0.791667 0.529688 0.788889 0.529688 0.786111 0.528125 0.783333 0.528125 0.777778 0.526563 0.775000 0.526563 0.761111 0.525000 0.758333 0.525000 0.719444 0.526563 0.716667 0.526563 0.705556 0.528125 0.702778 0.528125 0.680556 0.526563 0.677778 0.526563 0.669444 0.525000 0.666667 0.525000 0.661111 0.523438 0.658333 0.523438 0.652778 0.521875 0.650000 0.521875 0.644444 0.520312 0.641667 0.520312 0.633333 0.521875 0.630556 0.521875 0.627778 0.523438 0.625000 0.523438 0.622222 0.528125 0.613889 0.528125 0.597222 0.525000 0.591667 0.526563 0.588889 0.526563 0.572222
0 0.371875 0.172222 0.371875 0.186111 0.376563 0.186111 0.378125 0.188889 0.378125 0.194444 0.376563 0.197222 0.371875 0.197222 0.371875 0.291667 0.378125 0.291667 0.382812 0.300000 0.382812 0.305556 0.384375 0.308333 0.384375 0.313889 0.385938 0.316667 0.385938 0.325000 0.393750 0.325000 0.393750 0.313889 0.395312 0.311111 0.395312 0.308333 0.396875 0.305556 0.396875 0.300000 0.398438 0.297222 0.398438 0.291667 0.403125 0.283333 0.407813 0.283333 0.407813 0.202778 0.403125 0.202778 0.400000 0.197222 0.400000 0.194444 0.398438 0.191667 0.398438 0.188889 0.396875 0.186111 0.396875 0.172222
5 0.917188 0.172222 0.917188 0.180556 0.914062 0.186111 0.909375 0.186111 0.909375 0.247222 0.939062 0.247222 0.940625 0.250000 0.942187 0.250000 0.943750 0.252778 0.945312 0.252778 0.946875 0.255556 0.951563 0.255556 0.953125 0.258333 0.957812 0.258333 0.962500 0.250000 0.965625 0.250000 0.967188 0.247222 0.978125 0.247222 0.979688 0.250000 0.982813 0.250000 0.984375 0.252778 0.985937 0.252778 0.987500 0.250000 0.993750 0.250000 0.995313 0.247222 0.998438 0.247222 0.998438 0.172222
0 0.803125 0.227778 0.803125 0.344444 0.807813 0.344444 0.814062 0.355556 0.814062 0.358333 0.818750 0.366667 0.818750 0.391667 0.820312 0.394444 0.820312 0.402778 0.823438 0.402778 0.823438 0.366667 0.825000 0.363889 0.825000 0.361111 0.828125 0.355556 0.832812 0.355556 0.832812 0.258333 0.826563 0.258333 0.823438 0.252778 0.821875 0.252778 0.818750 0.247222 0.818750 0.244444 0.817187 0.241667 0.817187 0.227778
0 0.048437 0.127778 0.048437 0.138889 0.046875 0.141667 0.046875 0.144444 0.045313 0.147222 0.045313 0.150000 0.040625 0.158333 0.034375 0.158333 0.034375 0.269444 0.039062 0.269444 0.040625 0.272222 0.040625 0.280556 0.042188 0.283333 0.042188 0.288889 0.043750 0.291667 0.043750 0.302778 0.053125 0.302778 0.053125 0.272222 0.054688 0.269444 0.054688 0.244444 0.056250 0.241667 0.056250 0.236111 0.057813 0.233333 0.057813 0.230556 0.059375 0.227778 0.059375 0.225000 0.060938 0.222222 0.060938 0.213889 0.062500 0.211111 0.062500 0.208333 0.065625 0.202778 0.070312 0.202778 0.070312 0.147222 0.065625 0.147222 0.062500 0.141667 0.062500 0.127778
