25 0.137500 0.592010 0.137500 0.599274 0.135937 0.601695 0.134375 0.601695 0.131250 0.606538 0.129688 0.606538 0.128125 0.608959 0.126563 0.608959 0.120312 0.618644 0.118750 0.618644 0.114063 0.625908 0.112500 0.625908 0.109375 0.630751 0.107813 0.630751 0.106250 0.633172 0.104687 0.633172 0.101562 0.638015 0.100000 0.638015 0.096875 0.642857 0.095312 0.642857 0.090625 0.650121 0.089062 0.650121 0.082813 0.659806 0.081250 0.659806 0.078125 0.664649 0.076563 0.664649 0.075000 0.667070 0.073437 0.667070 0.070312 0.671913 0.068750 0.671913 0.059375 0.686441 0.057813 0.686441 0.056250 0.688862 0.054688 0.688862 0.053125 0.691283 0.051562 0.691283 0.050000 0.693705 0.048437 0.693705 0.045313 0.698547 0.043750 0.698547 0.042188 0.700969 0.040625 0.700969 0.037500 0.705811 0.035937 0.705811 0.034375 0.708232 0.032812 0.708232 0.031250 0.710654 0.029687 0.710654 0.028125 0.713075 0.026563 0.713075 0.025000 0.715496 0.023438 0.715496 0.020312 0.720339 0.018750 0.720339 0.017188 0.722760 0.015625 0.722760 0.014062 0.725182 0.012500 0.725182 0.010937 0.727603 0.009375 0.727603 0.007812 0.730024 0.004688 0.730024 0.003125 0.732446 0.000000 0.732446 0.000000 1.000000 0.371875 1.000000 0.371875 0.996368 0.373437 0.993947 0.373437 0.989104 0.375000 0.986683 0.375000 0.984262 0.376563 0.981840 0.376563 0.972155 0.378125 0.969734 0.378125 0.964891 0.379687 0.962470 0.379687 0.955206 0.381250 0.952784 0.381250 0.940678 0.382812 0.938257 0.382812 0.928571 0.384375 0.926150 0.384375 0.918886 0.385938 0.916465 0.385938 0.909201 0.387500 0.906780 0.387500 0.899516 0.389062 0.897094 0.389062 0.889831 0.390625 0.887409 0.390625 0.877724 0.392188 0.875303 0.392188 0.865617 0.393750 0.863196 0.393750 0.855932 0.395312 0.853511 0.395312 0.843826 0.396875 0.841404 0.396875 0.836562 0.398438 0.834140 0.398438 0.829298 0.400000 0.826877 0.400000 0.822034 0.403125 0.817191 0.407813 0.817191 0.407813 0.788136 0.403125 0.788136 0.400000 0.783293 0.398438 0.783293 0.396875 0.780872 0.396875 0.778450 0.390625 0.768765 0.390625 0.766344 0.385938 0.759080 0.385938 0.756659 0.384375 0.754237 0.384375 0.751816 0.382812 0.749395 0.382812 0.746973 0.379687 0.742131 0.379687 0.739709 0.375000 0.732446 0.375000 0.730024 0.373437 0.727603 0.373437 0.725182 0.370313 0.720339 0.370313 0.717918 0.368750 0.715496 0.368750 0.713075 0.365625 0.708232 0.365625 0.705811 0.356250 0.691283 0.354688 0.691283 0.343750 0.674334 0.343750 0.671913 0.335938 0.659806 0.335938 0.657385 0.331250 0.650121 0.331250 0.647700 0.329688 0.645278 0.329688 0.642857 0.326562 0.638015 0.326562 0.635593 0.323438 0.630751 0.323438 0.628329 0.315625 0.616223 0.315625 0.613801 0.314063 0.613801 0.310937 0.608959 0.307813 0.608959 0.306250 0.606538 0.262500 0.606538 0.260938 0.604116 0.228125 0.604116 0.226562 0.601695 0.214062 0.601695 0.212500 0.599274 0.212500 0.592010
25 0.803125 0.349879 0.803125 0.357143 0.800000 0.361985 0.796875 0.361985 0.795313 0.364407 0.792188 0.364407 0.790625 0.366828 0.787500 0.366828 0.785937 0.369249 0.784375 0.369249 0.782812 0.371671 0.779688 0.371671 0.778125 0.374092 0.775000 0.374092 0.773438 0.376513 0.770312 0.376513 0.768750 0.378935 0.765625 0.378935 0.764063 0.381356 0.760938 0.381356 0.759375 0.383777 0.757812 0.383777 0.756250 0.386199 0.754687 0.386199 0.753125 0.388620 0.750000 0.388620 0.748438 0.391041 0.745313 0.391041 0.743750 0.393462 0.740625 0.393462 0.739062 0.395884 0.737500 0.395884 0.735937 0.398305 0.734375 0.398305 0.732813 0.400726 0.731250 0.400726 0.729688 0.403148 0.728125 0.403148 0.726562 0.405569 0.723437 0.405569 0.721875 0.407990 0.720312 0.407990 0.718750 0.410412 0.717188 0.410412 0.715625 0.412833 0.714063 0.412833 0.712500 0.415254 0.710938 0.415254 0.709375 0.417676 0.707812 0.417676 0.704687 0.422518 0.703125 0.422518 0.700000 0.427361 0.700000 0.437046 0.701563 0.439467 0.701563 0.446731 0.703125 0.449153 0.703125 0.458838 0.704687 0.461259 0.704687 0.470944 0.706250 0.473366 0.706250 0.483051 0.707812 0.485472 0.707812 0.495157 0.709375 0.497579 0.709375 0.512107 0.710938 0.514528 0.710938 0.519370 0.712500 0.521792 0.712500 0.524213 0.717188 0.531477 0.720312 0.531477 0.721875 0.533898 0.723437 0.533898 0.725000 0.536320 0.728125 0.536320 0.729688 0.538741 0.732813 0.538741 0.734375 0.541162 0.737500 0.541162 0.739062 0.543584 0.740625 0.543584 0.742188 0.546005 0.745313 0.546005 0.746875 0.548426 0.748438 0.548426 0.750000 0.550847 0.751562 0.550847 0.753125 0.553269 0.754687 0.553269 0.757812 0.558111 0.759375 0.558111 0.760938 0.560533 0.762500 0.560533 0.764063 0.562954 0.765625 0.562954 0.767187 0.565375 0.768750 0.565375 0.770312 0.567797 0.771875 0.567797 0.775000 0.572639 0.776563 0.572639 0.778125 0.575061 0.779688 0.575061 0.782812 0.579903 0.784375 0.579903 0.785937 0.582324 0.787500 0.582324 0.789062 0.584746 0.790625 0.584746 0.792188 0.587167 0.793750 0.587167 0.796875 0.592010 0.800000 0.592010 0.801562 0.594431 0.803125 0.594431 0.807813 0.601695 0.809375 0.601695 0.814062 0.608959 0.815625 0.608959 0.817187 0.611380 0.818750 0.611380 0.821875 0.616223 0.823438 0.616223 0.825000 0.618644 0.828125 0.618644 0.829687 0.621065 0.848437 0.621065 0.850000 0.623487 0.864062 0.623487 0.865625 0.625908 0.873438 0.625908 0.875000 0.628329 0.881250 0.628329 0.882812 0.625908 0.884375 0.625908 0.885938 0.628329 0.896875 0.628329 0.898438 0.630751 0.907812 0.630751 0.909375 0.633172 0.912500 0.633172 0.914062 0.635593 0.915625 0.635593 0.917188 0.638015 0.923437 0.638015 0.925000 0.635593 0.932813 0.635593 0.934375 0.638015 0.939062 0.638015 0.940625 0.640436 0.943750 0.640436 0.945312 0.642857 0.953125 0.642857 0.954687 0.645278 0.962500 0.645278 0.964063 0.647700 0.965625 0.645278 0.971875 0.645278 0.973437 0.642857 0.975000 0.642857 0.976562 0.640436 0.979688 0.640436 0.981250 0.638015 0.982813 0.638015 0.985937 0.633172 0.987500 0.633172 0.995313 0.621065 0.998438 0.621065 0.998438 0.507264 0.996875 0.507264 0.992188 0.500000 0.992188 0.497579 0.987500 0.490315 0.987500 0.487893 0.978125 0.473366 0.978125 0.470944 0.973437 0.463680 0.973437 0.461259 0.970312 0.456416 0.970312 0.453995 0.967188 0.449153 0.967188 0.446731 0.962500 0.439467 0.962500 0.437046 0.950000 0.417676 0.948438 0.417676 0.946875 0.415254 0.945312 0.415254 0.943750 0.412833 0.942187 0.412833 0.940625 0.410412 0.937500 0.410412 0.935938 0.407990 0.932813 0.407990 0.931250 0.405569 0.928125 0.405569 0.926562 0.403148 0.925000 0.403148 0.923437 0.400726 0.920313 0.400726 0.918750 0.398305 0.917188 0.398305 0.915625 0.395884 0.914062 0.395884 0.912500 0.393462 0.910937 0.393462 0.909375 0.391041 0.907812 0.391041 0.904688 0.386199 0.903125 0.386199 0.900000 0.381356 0.898438 0.381356 0.895312 0.376513 0.893750 0.376513 0.892187 0.374092 0.890625 0.374092 0.889063 0.371671 0.884375 0.371671 0.882812 0.369249 0.867188 0.369249 0.865625 0.366828 0.857813 0.366828 0.856250 0.364407 0.850000 0.364407 0.848437 0.361985 0.839063 0.361985 0.835938 0.357143 0.835938 0.349879
0 0.553125 0.301453 0.553125 0.311138 0.551562 0.313559 0.551562 0.320823 0.550000 0.323245 0.550000 0.354722 0.551562 0.357143 0.551562 0.369249 0.548437 0.374092 0.548437 0.376513 0.539062 0.391041 0.537500 0.391041 0.532812 0.398305 0.532812 0.400726 0.531250 0.403148 0.531250 0.405569 0.529688 0.407990 0.529688 0.410412 0.526563 0.415254 0.521875 0.415254 0.521875 0.490315 0.526563 0.490315 0.528125 0.492736 0.531250 0.492736 0.532812 0.495157 0.534375 0.495157 0.537500 0.500000 0.537500 0.502421 0.539062 0.504843 0.539062 0.507264 0.540625 0.509685 0.540625 0.514528 0.542188 0.516949 0.542188 0.548426 0.543750 0.550847 0.543750 0.562954 0.545313 0.565375 0.545313 0.572639 0.546875 0.575061 0.546875 0.582324 0.548437 0.584746 0.548437 0.592010 0.550000 0.594431 0.550000 0.601695 0.551562 0.604116 0.551562 0.611380 0.553125 0.613801 0.553125 0.621065 0.554688 0.623487 0.554688 0.630751 0.556250 0.633172 0.556250 0.647700 0.557813 0.650121 0.557813 0.679177 0.559375 0.681598 0.559375 0.688862 0.560938 0.691283 0.560938 0.708232 0.562500 0.710654 0.562500 0.754237 0.564062 0.756659 0.564062 0.759080 0.571875 0.771186 0.575000 0.771186 0.576563 0.773608 0.579687 0.773608 0.581250 0.776029 0.581250 0.783293 0.582812 0.783293 0.582812 0.776029 0.587500 0.768765 0.587500 0.763923 0.590625 0.759080 0.592188 0.759080 0.593750 0.761501 0.593750 0.763923 0.595312 0.766344 0.595312 0.768765 0.596875 0.771186 0.600000 0.771186 0.601562 0.773608 0.603125 0.773608 0.604688 0.771186 0.606250 0.771186 0.607813 0.768765 0.610937 0.768765 0.612500 0.766344 0.618750 0.766344 0.620313 0.763923 0.626562 0.763923 0.626562 0.751816 0.620313 0.751816 0.618750 0.749395 0.618750 0.746973 0.617188 0.744552 0.617188 0.734867 0.615625 0.732446 0.615625 0.725182 0.614062 0.722760 0.614062 0.717918 0.610937 0.713075 0.610937 0.710654 0.609375 0.708232 0.609375 0.703390 0.607813 0.700969 0.607813 0.691283 0.606250 0.688862 0.606250 0.657385 0.607813 0.654964 0.607813 0.640436 0.609375 0.638015 0.609375 0.633172 0.610937 0.630751 0.610937 0.625908 0.612500 0.623487 0.612500 0.616223 0.614062 0.613801 0.614062 0.604116 0.612500 0.601695 0.612500 0.599274 0.607813 0.592010 0.607813 0.587167 0.606250 0.584746 0.606250 0.579903 0.607813 0.577482 0.607813 0.567797 0.609375 0.565375 0.609375 0.553269 0.610937 0.550847 0.610937 0.538741 0.612500 0.536320 0.612500 0.529056 0.614062 0.526634 0.614062 0.521792 0.615625 0.519370 0.615625 0.516949 0.618750 0.512107 0.618750 0.509685 0.621875 0.504843 0.626562 0.504843 0.626562 0.475787 0.621875 0.475787 0.617188 0.468523 0.617188 0.466102 0.615625 0.463680 0.615625 0.461259 0.609375 0.451574 0.609375 0.449153 0.607813 0.446731 0.596875 0.446731 0.585938 0.429782 0.584375 0.429782 0.581250 0.424939 0.581250 0.422518 0.579687 0.420097 0.579687 0.417676 0.575000 0.410412 0.573438 0.410412 0.570312 0.405569 0.570312 0.403148 0.568750 0.400726 0.568750 0.393462 0.570312 0.391041 0.570312 0.388620 0.571875 0.386199 0.571875 0.383777 0.576563 0.376513 0.576563 0.374092 0.579687 0.369249 0.579687 0.364407 0.582812 0.359564 0.582812 0.357143 0.584375 0.354722 0.584375 0.352300 0.585938 0.349879 0.585938 0.325666 0.584375 0.323245 0.584375 0.318402 0.582812 0.315981 0.582812 0.313559 0.581250 0.311138 0.581250 0.301453
0 0.382812 0.407990 0.382812 0.417676 0.376563 0.427361 0.376563 0.432203 0.375000 0.434625 0.375000 0.437046 0.373437 0.439467 0.373437 0.444310 0.371875 0.446731 0.371875 0.456416 0.370313 0.458838 0.370313 0.470944 0.368750 0.473366 0.368750 0.483051 0.367188 0.485472 0.367188 0.495157 0.365625 0.497579 0.365625 0.500000 0.364062 0.502421 0.364062 0.504843 0.362500 0.507264 0.362500 0.509685 0.359375 0.514528 0.359375 0.516949 0.357812 0.519370 0.357812 0.524213 0.356250 0.526634 0.356250 0.533898 0.354688 0.536320 0.354688 0.550847 0.353125 0.553269 0.353125 0.558111 0.351562 0.560533 0.346875 0.560533 0.346875 0.671913 0.351562 0.671913 0.354688 0.676755 0.354688 0.679177 0.356250 0.681598 0.356250 0.684019 0.359375 0.688862 0.360938 0.688862 0.364062 0.693705 0.365625 0.693705 0.375000 0.708232 0.375000 0.710654 0.378125 0.715496 0.378125 0.717918 0.379687 0.720339 0.379687 0.722760 0.381250 0.725182 0.381250 0.727603 0.382812 0.730024 0.382812 0.732446 0.384375 0.734867 0.384375 0.737288 0.385938 0.739709 0.385938 0.746973 0.387500 0.749395 0.387500 0.754237 0.389062 0.756659 0.389062 0.759080 0.395312 0.768765 0.395312 0.771186 0.404687 0.785714 0.404687 0.788136 0.407813 0.792978 0.407813 0.797821 0.409375 0.800242 0.409375 0.834140 0.407813 0.836562 0.406250 0.836562 0.404687 0.838983 0.403125 0.838983 0.403125 0.841404 0.401563 0.843826 0.401563 0.848668 0.400000 0.851090 0.400000 0.916465 0.401563 0.918886 0.401563 0.926150 0.403125 0.928571 0.403125 0.938257 0.445312 0.938257 0.445312 0.928571 0.448438 0.923729 0.448438 0.904358 0.446875 0.901937 0.446875 0.894673 0.445312 0.892252 0.445312 0.877724 0.446875 0.875303 0.446875 0.846247 0.448438 0.843826 0.448438 0.817191 0.450000 0.814770 0.450000 0.766344 0.451562 0.763923 0.451562 0.746973 0.453125 0.744552 0.453125 0.737288 0.454688 0.734867 0.454688 0.725182 0.456250 0.722760 0.456250 0.715496 0.457812 0.713075 0.457812 0.700969 0.459375 0.698547 0.459375 0.686441 0.460938 0.684019 0.460938 0.679177 0.462500 0.676755 0.462500 0.667070 0.460938 0.664649 0.460938 0.662228 0.456250 0.654964 0.456250 0.652542 0.453125 0.647700 0.453125 0.642857 0.451562 0.640436 0.451562 0.633172 0.450000 0.630751 0.450000 0.616223 0.448438 0.613801 0.448438 0.599274 0.446875 0.596852 0.446875 0.589588 0.445312 0.587167 0.445312 0.582324 0.443750 0.579903 0.443750 0.565375 0.445312 0.562954 0.445312 0.560533 0.446875 0.558111 0.450000 0.562954 0.451562 0.562954 0.453125 0.565375 0.454688 0.565375 0.456250 0.567797 0.457812 0.567797 0.465625 0.579903 0.467187 0.579903 0.470313 0.584746 0.473437 0.579903 0.473437 0.577482 0.475000 0.575061 0.475000 0.567797 0.473437 0.565375 0.473437 0.560533 0.471875 0.558111 0.471875 0.550847 0.470313 0.548426 0.470313 0.546005 0.468750 0.543584 0.468750 0.541162 0.467187 0.538741 0.467187 0.536320 0.465625 0.533898 0.465625 0.531477 0.464063 0.529056 0.464063 0.526634 0.460938 0.521792 0.460938 0.519370 0.451562 0.504843 0.450000 0.504843 0.446875 0.500000 0.446875 0.497579 0.445312 0.497579 0.437500 0.485472 0.435937 0.485472 0.426562 0.470944 0.426562 0.466102 0.425000 0.463680 0.425000 0.456416 0.423438 0.453995 0.423438 0.449153 0.421875 0.446731 0.421875 0.441889 0.420312 0.439467 0.420312 0.437046 0.418750 0.434625 0.418750 0.432203 0.417188 0.429782 0.417188 0.424939 0.415625 0.422518 0.415625 0.417676 0.414062 0.415254 0.414062 0.407990
0 0.696875 0.749395 0.696875 0.761501 0.701563 0.761501 0.701563 0.749395 0.696875 0.749395 0.696875 0.744552 0.701563 0.744552 0.723437 0.754237 0.723437 0.763923 0.721875 0.766344 0.721875 0.778450 0.720312 0.780872 0.720312 0.790557 0.718750 0.792978 0.718750 0.802663 0.717188 0.805085 0.717188 0.817191 0.715625 0.819613 0.715625 0.826877 0.714063 0.829298 0.714063 0.841404 0.712500 0.843826 0.712500 0.851090 0.710938 0.853511 0.710938 0.858353 0.709375 0.860775 0.709375 0.865617 0.707812 0.868039 0.707812 0.872881 0.706250 0.875303 0.706250 0.877724 0.704687 0.880145 0.704687 0.884988 0.701563 0.889831 0.696875 0.889831 0.696875 0.921308 0.701563 0.921308 0.704687 0.926150 0.704687 0.935835 0.706250 0.938257 0.706250 0.976998 0.707812 0.979419 0.707812 0.996368 0.706250 0.998789 0.706250 1.000000 0.882812 1.000000 0.882812 0.998789 0.884375 0.996368 0.884375 0.991525 0.885938 0.989104 0.885938 0.950363 0.887500 0.947942 0.887500 0.928571 0.890625 0.923729 0.892187 0.926150 0.892187 0.935835 0.893750 0.938257 0.893750 0.945521 0.895312 0.947942 0.895312 0.950363 0.896875 0.952784 0.896875 0.955206 0.898438 0.957627 0.898438 0.967312 0.900000 0.969734 0.900000 0.979419 0.901563 0.981840 0.901563 0.991525 0.900000 0.993947 0.900000 1.000000 0.939062 1.000000 0.939062 0.930993 0.934375 0.930993 0.932813 0.928571 0.932813 0.926150 0.931250 0.923729 0.931250 0.916465 0.929688 0.914044 0.929688 0.909201 0.928125 0.906780 0.928125 0.899516 0.926562 0.897094 0.926562 0.884988 0.925000 0.882567 0.925000 0.870460 0.923437 0.868039 0.923437 0.858353 0.921875 0.855932 0.921875 0.848668 0.920313 0.846247 0.920313 0.834140 0.921875 0.831719 0.921875 0.826877 0.923437 0.824455 0.923437 0.822034 0.925000 0.819613 0.925000 0.814770 0.926562 0.812349 0.926562 0.771186 0.925000 0.768765 0.925000 0.754237 0.923437 0.751816 0.923437 0.742131 0.921875 0.739709 0.921875 0.700969 0.923437 0.698547 0.923437 0.667070 0.926562 0.662228 0.928125 0.662228 0.929688 0.664649 0.932813 0.664649 0.934375 0.667070 0.939062 0.667070 0.939062 0.645278 0.929688 0.645278 0.928125 0.647700 0.925000 0.647700 0.923437 0.650121 0.920313 0.650121 0.918750 0.647700 0.917188 0.647700 0.912500 0.640436 0.910937 0.640436 0.909375 0.638015 0.907812 0.638015 0.906250 0.635593 0.904688 0.635593 0.903125 0.633172 0.898438 0.633172 0.896875 0.630751 0.884375 0.630751 0.882812 0.628329 0.879687 0.628329 0.878125 0.625908 0.854688 0.625908 0.853125 0.623487 0.832812 0.623487 0.831250 0.621065 0.826563 0.621065 0.825000 0.618644 0.821875 0.618644 0.815625 0.608959 0.814062 0.608959 0.810938 0.604116 0.809375 0.604116 0.806250 0.599274 0.804688 0.599274 0.801562 0.594431 0.800000 0.594431 0.796875 0.589588 0.796875 0.582324 0.782812 0.582324 0.782812 0.589588 0.775000 0.601695 0.773438 0.601695 0.771875 0.604116 0.768750 0.604116 0.767187 0.606538 0.764063 0.606538 0.762500 0.608959 0.760938 0.608959 0.757812 0.613801 0.756250 0.613801 0.743750 0.633172 0.743750 0.635593 0.742188 0.638015 0.742188 0.640436 0.739062 0.645278 0.739062 0.650121 0.737500 0.652542 0.737500 0.657385 0.735937 0.659806 0.735937 0.669492 0.734375 0.671913 0.734375 0.679177 0.732813 0.681598 0.732813 0.698547 0.731250 0.700969 0.731250 0.713075 0.729688 0.715496 0.729688 0.722760 0.728125 0.725182 0.728125 0.732446 0.726562 0.734867 0.726562 0.742131 0.725000 0.744552 0.725000 0.751816 0.723437 0.754237 0.701563 0.744552 0.701563 0.737288 0.703125 0.734867 0.703125 0.708232 0.704687 0.705811 0.704687 0.691283 0.703125 0.688862 0.703125 0.650121 0.701563 0.647700 0.701563 0.616223 0.696875 0.616223 0.696875 0.744552
0 0.684375 0.434625 0.682813 0.437046 0.681250 0.437046 0.679688 0.439467 0.673437 0.439467 0.671875 0.441889 0.670313 0.439467 0.667188 0.439467 0.665625 0.437046 0.660937 0.437046 0.659375 0.439467 0.656250 0.439467 0.651563 0.446731 0.651563 0.449153 0.653125 0.451574 0.653125 0.453995 0.650000 0.458838 0.646875 0.458838 0.646875 0.461259 0.637500 0.475787 0.635938 0.475787 0.634375 0.478208 0.632812 0.478208 0.632812 0.480630 0.629687 0.485472 0.629687 0.487893 0.628125 0.490315 0.628125 0.492736 0.626562 0.495157 0.626562 0.502421 0.625000 0.504843 0.625000 0.509685 0.623438 0.512107 0.623438 0.514528 0.621875 0.516949 0.621875 0.521792 0.618750 0.526634 0.618750 0.529056 0.617188 0.531477 0.617188 0.533898 0.615625 0.536320 0.615625 0.538741 0.614062 0.541162 0.614062 0.546005 0.612500 0.548426 0.612500 0.553269 0.610937 0.555690 0.610937 0.572639 0.612500 0.575061 0.614062 0.575061 0.618750 0.582324 0.618750 0.584746 0.620313 0.587167 0.620313 0.596852 0.618750 0.599274 0.618750 0.601695 0.620313 0.604116 0.620313 0.608959 0.621875 0.608959 0.623438 0.611380 0.625000 0.611380 0.626562 0.613801 0.628125 0.613801 0.632812 0.621065 0.632812 0.623487 0.634375 0.625908 0.634375 0.633172 0.635938 0.635593 0.635938 0.710654 0.634375 0.713075 0.634375 0.720339 0.632812 0.722760 0.632812 0.790557 0.631250 0.792978 0.631250 0.834140 0.629687 0.836562 0.629687 0.892252 0.631250 0.894673 0.631250 0.904358 0.632812 0.906780 0.632812 0.909201 0.634375 0.911622 0.634375 0.918886 0.689062 0.918886 0.689062 0.909201 0.695312 0.899516 0.695312 0.897094 0.696875 0.894673 0.696875 0.884988 0.698438 0.882567 0.696875 0.880145 0.696875 0.851090 0.698438 0.848668 0.698438 0.809927 0.700000 0.807506 0.700000 0.792978 0.701563 0.790557 0.701563 0.780872 0.703125 0.778450 0.703125 0.773608 0.704687 0.771186 0.704687 0.744552 0.706250 0.742131 0.706250 0.727603 0.707812 0.725182 0.707812 0.722760 0.709375 0.720339 0.714063 0.720339 0.714063 0.684019 0.709375 0.684019 0.707812 0.681598 0.707812 0.657385 0.706250 0.654964 0.706250 0.638015 0.704687 0.635593 0.704687 0.613801 0.703125 0.611380 0.703125 0.596852 0.701563 0.594431 0.701563 0.589588 0.703125 0.587167 0.703125 0.560533 0.704687 0.558111 0.704687 0.546005 0.706250 0.543584 0.706250 0.526634 0.704687 0.524213 0.704687 0.521792 0.703125 0.519370 0.703125 0.483051 0.701563 0.480630 0.701563 0.470944 0.700000 0.468523 0.700000 0.463680 0.698438 0.461259 0.698438 0.446731 0.696875 0.444310 0.696875 0.439467 0.693750 0.434625
0 0.240625 0.359564 0.240625 0.369249 0.235938 0.376513 0.235938 0.378935 0.232812 0.383777 0.232812 0.386199 0.231250 0.388620 0.231250 0.391041 0.229687 0.393462 0.229687 0.410412 0.228125 0.412833 0.228125 0.420097 0.225000 0.424939 0.225000 0.427361 0.221875 0.432203 0.218750 0.432203 0.217187 0.434625 0.209375 0.434625 0.209375 0.444310 0.214062 0.444310 0.217187 0.449153 0.217187 0.453995 0.218750 0.456416 0.218750 0.458838 0.221875 0.463680 0.221875 0.466102 0.223438 0.468523 0.223438 0.470944 0.226562 0.475787 0.226562 0.478208 0.228125 0.480630 0.228125 0.483051 0.229687 0.485472 0.229687 0.490315 0.231250 0.492736 0.231250 0.497579 0.232812 0.500000 0.232812 0.502421 0.234375 0.504843 0.234375 0.507264 0.235938 0.509685 0.235938 0.512107 0.237500 0.514528 0.237500 0.516949 0.239063 0.519370 0.239063 0.538741 0.237500 0.541162 0.237500 0.548426 0.235938 0.550847 0.235938 0.560533 0.234375 0.562954 0.235938 0.565375 0.235938 0.570218 0.237500 0.572639 0.237500 0.577482 0.239063 0.579903 0.239063 0.592010 0.245312 0.601695 0.245312 0.608959 0.256250 0.608959 0.256250 0.599274 0.257812 0.596852 0.257812 0.594431 0.259375 0.592010 0.256250 0.587167 0.256250 0.582324 0.254687 0.579903 0.254687 0.575061 0.256250 0.572639 0.256250 0.555690 0.257812 0.553269 0.257812 0.550847 0.262500 0.543584 0.262500 0.541162 0.264062 0.538741 0.271875 0.538741 0.281250 0.553269 0.281250 0.555690 0.282813 0.558111 0.282813 0.575061 0.284375 0.577482 0.284375 0.596852 0.287500 0.601695 0.287500 0.608959 0.303125 0.608959 0.303125 0.601695 0.306250 0.596852 0.314063 0.596852 0.314063 0.562954 0.307813 0.562954 0.306250 0.560533 0.306250 0.558111 0.304688 0.555690 0.304688 0.553269 0.303125 0.550847 0.303125 0.543584 0.301562 0.541162 0.301562 0.538741 0.300000 0.536320 0.300000 0.531477 0.298438 0.529056 0.298438 0.524213 0.296875 0.521792 0.296875 0.516949 0.295312 0.514528 0.295312 0.512107 0.293750 0.509685 0.293750 0.507264 0.292188 0.504843 0.292188 0.502421 0.290625 0.500000 0.290625 0.490315 0.289062 0.487893 0.289062 0.480630 0.287500 0.478208 0.287500 0.475787 0.284375 0.470944 0.284375 0.468523 0.279687 0.461259 0.279687 0.458838 0.278125 0.456416 0.278125 0.453995 0.276563 0.451574 0.276563 0.449153 0.275000 0.446731 0.275000 0.439467 0.276563 0.437046 0.276563 0.429782 0.278125 0.427361 0.278125 0.410412 0.276563 0.407990 0.276563 0.398305 0.275000 0.395884 0.275000 0.393462 0.273438 0.391041 0.273438 0.386199 0.265625 0.374092 0.262500 0.374092 0.260938 0.371671 0.257812 0.371671 0.254687 0.366828 0.254687 0.359564
25 0.590625 0.354722 0.589063 0.357143 0.587500 0.357143 0.582812 0.364407 0.582812 0.366828 0.581250 0.369249 0.581250 0.371671 0.576563 0.378935 0.576563 0.381356 0.571875 0.388620 0.565625 0.388620 0.565625 0.403148 0.570312 0.403148 0.571875 0.405569 0.573438 0.405569 0.575000 0.407990 0.576563 0.407990 0.578125 0.410412 0.579687 0.410412 0.581250 0.412833 0.582812 0.412833 0.584375 0.415254 0.585938 0.415254 0.587500 0.412833 0.590625 0.412833 0.592188 0.415254 0.595312 0.415254 0.598437 0.420097 0.601562 0.420097 0.603125 0.422518 0.607813 0.422518 0.609375 0.424939 0.610937 0.424939 0.615625 0.432203 0.631250 0.432203 0.632812 0.434625 0.653125 0.434625 0.654688 0.437046 0.668750 0.437046 0.670313 0.439467 0.671875 0.439467 0.673437 0.437046 0.679688 0.437046 0.681250 0.434625 0.684375 0.434625 0.685938 0.432203 0.687500 0.432203 0.689062 0.429782 0.693750 0.429782 0.695312 0.427361 0.696875 0.427361 0.698438 0.424939 0.700000 0.424939 0.701563 0.422518 0.703125 0.422518 0.704687 0.420097 0.706250 0.420097 0.707812 0.417676 0.709375 0.417676 0.710938 0.415254 0.712500 0.415254 0.714063 0.412833 0.715625 0.412833 0.717188 0.410412 0.718750 0.410412 0.720312 0.407990 0.721875 0.407990 0.723437 0.405569 0.725000 0.405569 0.726562 0.403148 0.729688 0.403148 0.731250 0.400726 0.732813 0.400726 0.734375 0.398305 0.737500 0.398305 0.739062 0.395884 0.740625 0.395884 0.742188 0.393462 0.743750 0.393462 0.745313 0.391041 0.748438 0.391041 0.750000 0.388620 0.753125 0.388620 0.754687 0.386199 0.756250 0.386199 0.759375 0.381356 0.760938 0.381356 0.762500 0.378935 0.770312 0.378935 0.770312 0.376513 0.764063 0.376513 0.762500 0.374092 0.762500 0.371671 0.757812 0.364407 0.757812 0.361985 0.754687 0.357143 0.754687 0.354722 0.748438 0.345036 0.746875 0.345036 0.742188 0.337772 0.742188 0.335351 0.735937 0.325666 0.734375 0.325666 0.728125 0.315981 0.728125 0.313559 0.725000 0.308717 0.723437 0.308717 0.721875 0.306295 0.718750 0.306295 0.717188 0.303874 0.709375 0.303874 0.707812 0.301453 0.701563 0.301453 0.700000 0.299031 0.696875 0.299031 0.695312 0.296610 0.692187 0.296610 0.690625 0.294189 0.685938 0.294189 0.684375 0.291768 0.681250 0.291768 0.679688 0.289346 0.679688 0.282082 0.657812 0.282082 0.657812 0.289346 0.654688 0.294189 0.653125 0.294189 0.651563 0.296610 0.650000 0.296610 0.646875 0.301453 0.645312 0.301453 0.643750 0.303874 0.642187 0.303874 0.640625 0.306295 0.639063 0.306295 0.635938 0.311138 0.634375 0.311138 0.631250 0.315981 0.631250 0.318402 0.621875 0.332930 0.620313 0.332930 0.618750 0.335351 0.617188 0.335351 0.615625 0.337772 0.614062 0.337772 0.612500 0.340194 0.610937 0.340194 0.609375 0.342615 0.607813 0.342615 0.606250 0.345036 0.603125 0.345036 0.601562 0.347458 0.600000 0.347458 0.598437 0.349879 0.596875 0.349879 0.595312 0.352300 0.593750 0.352300 0.592188 0.354722 0.590625 0.354722 0.573438 0.299031 0.576563 0.294189 0.576563 0.291768 0.578125 0.289346 0.578125 0.282082 0.565625 0.282082 0.565625 0.299031 0.573438 0.299031
26 0.440625 0.504843 0.440625 0.589588 0.445312 0.589588 0.446875 0.592010 0.446875 0.594431 0.448438 0.596852 0.448438 0.613801 0.450000 0.616223 0.450000 0.625908 0.451562 0.628329 0.451562 0.633172 0.453125 0.635593 0.453125 0.640436 0.454688 0.642857 0.454688 0.645278 0.456250 0.647700 0.456250 0.657385 0.471875 0.657385 0.471875 0.647700 0.478125 0.638015 0.482812 0.638015 0.482812 0.606538 0.476562 0.606538 0.473437 0.601695 0.473437 0.599274 0.471875 0.596852 0.471875 0.594431 0.468750 0.589588 0.468750 0.587167 0.460938 0.575061 0.460938 0.572639 0.457812 0.567797 0.457812 0.565375 0.453125 0.558111 0.453125 0.555690 0.451562 0.553269 0.451562 0.550847 0.448438 0.546005 0.448438 0.543584 0.446875 0.541162 0.446875 0.514528 0.445312 0.512107 0.445312 0.504843
25 0.529688 0.204600 0.529688 0.211864 0.526563 0.216707 0.520312 0.216707 0.515625 0.223971 0.512500 0.223971 0.510938 0.226392 0.507812 0.226392 0.501562 0.236077 0.498437 0.236077 0.496875 0.238499 0.495313 0.238499 0.493750 0.240920 0.492188 0.240920 0.490625 0.243341 0.489062 0.243341 0.487500 0.245763 0.485938 0.245763 0.484375 0.248184 0.482812 0.248184 0.478125 0.255448 0.476562 0.255448 0.462500 0.277240 0.462500 0.279661 0.451562 0.296610 0.446875 0.296610 0.446875 0.318402 0.515625 0.318402 0.515625 0.311138 0.517187 0.308717 0.540625 0.308717 0.542188 0.306295 0.543750 0.306295 0.545313 0.303874 0.557813 0.303874 0.559375 0.301453 0.570312 0.301453 0.571875 0.299031 0.582812 0.299031 0.584375 0.296610 0.595312 0.296610 0.596875 0.294189 0.621875 0.294189 0.623438 0.291768 0.648438 0.291768 0.650000 0.289346 0.654688 0.289346 0.656250 0.291768 0.664062 0.291768 0.664062 0.274818 0.656250 0.274818 0.654688 0.272397 0.653125 0.272397 0.632812 0.240920 0.631250 0.240920 0.628125 0.236077 0.626562 0.236077 0.623438 0.231235 0.621875 0.231235 0.620313 0.228814 0.617188 0.228814 0.615625 0.226392 0.612500 0.226392 0.610937 0.223971 0.609375 0.223971 0.607813 0.221550 0.606250 0.221550 0.604688 0.219128 0.600000 0.219128 0.598437 0.216707 0.592188 0.216707 0.590625 0.214286 0.587500 0.214286 0.585938 0.211864 0.585938 0.204600
25 0.000000 0.446731 0.000000 0.458838 0.001563 0.458838 0.003125 0.461259 0.003125 0.463680 0.004688 0.466102 0.004688 0.468523 0.003125 0.470944 0.003125 0.483051 0.001563 0.485472 0.000000 0.485472 0.000000 0.558111 0.001563 0.558111 0.003125 0.560533 0.003125 0.565375 0.004688 0.567797 0.004688 0.589588 0.045313 0.589588 0.045313 0.579903 0.050000 0.572639 0.051562 0.572639 0.056250 0.565375 0.057813 0.565375 0.059375 0.562954 0.064062 0.562954 0.064062 0.543584 0.059375 0.543584 0.053125 0.533898 0.053125 0.531477 0.050000 0.526634 0.050000 0.524213 0.046875 0.519370 0.046875 0.516949 0.045313 0.514528 0.045313 0.512107 0.042188 0.507264 0.042188 0.504843 0.040625 0.502421 0.040625 0.500000 0.035937 0.492736 0.035937 0.490315 0.029687 0.480630 0.028125 0.480630 0.020312 0.468523 0.018750 0.468523 0.015625 0.463680 0.015625 0.458838 0.017188 0.456416 0.017188 0.446731
26 0.428125 0.485472 0.428125 0.492736 0.429688 0.495157 0.429688 0.497579 0.431250 0.500000 0.431250 0.502421 0.432813 0.504843 0.432813 0.509685 0.435937 0.514528 0.435937 0.521792 0.437500 0.524213 0.437500 0.531477 0.439063 0.533898 0.439063 0.538741 0.442187 0.543584 0.442187 0.548426 0.443750 0.550847 0.443750 0.572639 0.445312 0.575061 0.445312 0.584746 0.446875 0.587167 0.446875 0.594431 0.448438 0.596852 0.448438 0.611380 0.450000 0.613801 0.450000 0.623487 0.451562 0.625908 0.451562 0.633172 0.453125 0.635593 0.453125 0.640436 0.454688 0.642857 0.454688 0.645278 0.456250 0.647700 0.456250 0.657385 0.471875 0.657385 0.471875 0.647700 0.478125 0.638015 0.482812 0.638015 0.482812 0.606538 0.476562 0.606538 0.473437 0.601695 0.473437 0.599274 0.471875 0.596852 0.471875 0.594431 0.468750 0.589588 0.468750 0.587167 0.462500 0.577482 0.462500 0.575061 0.459375 0.570218 0.459375 0.567797 0.453125 0.558111 0.453125 0.555690 0.451562 0.553269 0.451562 0.550847 0.448438 0.546005 0.448438 0.541162 0.446875 0.538741 0.446875 0.504843 0.445312 0.502421 0.445312 0.500000 0.443750 0.497579 0.443750 0.495157 0.442187 0.492736 0.442187 0.485472
25 0.996875 0.357143 0.998438 0.357143 0.998438 0.349879 0.996875 0.349879 0.996875 0.357143 0.993750 0.369249 0.990625 0.369249 0.989062 0.366828 0.987500 0.366828 0.985937 0.364407 0.981250 0.364407 0.979688 0.361985 0.976562 0.361985 0.975000 0.359564 0.973437 0.359564 0.971875 0.357143 0.971875 0.349879 0.865625 0.349879 0.865625 0.369249 0.873438 0.369249 0.875000 0.371671 0.887500 0.371671 0.889063 0.374092 0.890625 0.374092 0.892187 0.376513 0.895312 0.376513 0.896875 0.378935 0.900000 0.378935 0.903125 0.383777 0.903125 0.386199 0.904688 0.388620 0.907812 0.388620 0.909375 0.391041 0.910937 0.391041 0.914062 0.395884 0.915625 0.395884 0.917188 0.398305 0.920313 0.398305 0.921875 0.400726 0.925000 0.400726 0.926562 0.403148 0.929688 0.403148 0.931250 0.405569 0.934375 0.405569 0.935938 0.407990 0.939062 0.407990 0.940625 0.410412 0.943750 0.410412 0.946875 0.415254 0.948438 0.415254 0.951563 0.420097 0.953125 0.420097 0.962500 0.434625 0.962500 0.437046 0.967188 0.444310 0.967188 0.446731 0.970312 0.451574 0.970312 0.453995 0.973437 0.458838 0.973437 0.461259 0.975000 0.463680 0.975000 0.466102 0.978125 0.470944 0.978125 0.473366 0.989062 0.490315 0.989062 0.492736 0.990625 0.495157 0.990625 0.502421 0.998438 0.502421 0.998438 0.371671 0.995313 0.371671 0.993750 0.369249
25 0.142188 0.204600 0.142188 0.211864 0.140625 0.214286 0.139062 0.214286 0.137500 0.216707 0.132812 0.216707 0.131250 0.219128 0.129688 0.219128 0.128125 0.221550 0.125000 0.221550 0.123438 0.223971 0.121875 0.223971 0.120312 0.226392 0.118750 0.226392 0.110937 0.238499 0.109375 0.238499 0.104687 0.245763 0.103125 0.245763 0.089062 0.267554 0.087500 0.267554 0.085938 0.269976 0.085938 0.272397 0.084375 0.274818 0.082813 0.274818 0.079687 0.279661 0.079687 0.282082 0.078125 0.284504 0.078125 0.286925 0.076563 0.289346 0.071875 0.289346 0.076563 0.289346 0.079687 0.294189 0.082813 0.294189 0.084375 0.296610 0.089062 0.296610 0.090625 0.299031 0.092188 0.299031 0.093750 0.301453 0.096875 0.301453 0.098438 0.303874 0.100000 0.303874 0.101562 0.306295 0.104687 0.306295 0.106250 0.308717 0.107813 0.308717 0.109375 0.311138 0.115625 0.311138 0.117188 0.313559 0.126563 0.313559 0.128125 0.315981 0.134375 0.315981 0.135937 0.318402 0.157813 0.318402 0.159375 0.320823 0.167187 0.320823 0.168750 0.323245 0.170312 0.323245 0.171875 0.325666 0.173438 0.325666 0.175000 0.328087 0.175000 0.337772 0.210938 0.337772 0.210938 0.330508 0.212500 0.328087 0.217187 0.328087 0.218750 0.325666 0.228125 0.325666 0.229687 0.323245 0.256250 0.323245 0.257812 0.325666 0.264062 0.325666 0.265625 0.323245 0.281250 0.323245 0.282813 0.320823 0.304688 0.320823 0.306250 0.318402 0.307813 0.318402 0.310937 0.313559 0.312500 0.313559 0.314063 0.311138 0.315625 0.311138 0.317187 0.308717 0.320312 0.308717 0.321875 0.306295 0.326562 0.306295 0.328125 0.303874 0.332812 0.303874 0.332812 0.289346 0.328125 0.289346 0.326562 0.286925 0.325000 0.286925 0.309375 0.262712 0.309375 0.260291 0.304688 0.253027 0.304688 0.250605 0.303125 0.250605 0.298438 0.243341 0.296875 0.243341 0.293750 0.238499 0.292188 0.238499 0.287500 0.231235 0.285937 0.231235 0.284375 0.228814 0.282813 0.228814 0.281250 0.226392 0.279687 0.226392 0.278125 0.223971 0.276563 0.223971 0.275000 0.221550 0.271875 0.221550 0.270312 0.219128 0.262500 0.219128 0.260938 0.216707 0.251563 0.216707 0.250000 0.214286 0.248437 0.214286 0.246875 0.211864 0.246875 0.204600
26 0.440625 0.553269 0.440625 0.589588 0.445312 0.589588 0.446875 0.592010 0.446875 0.594431 0.448438 0.596852 0.448438 0.611380 0.450000 0.613801 0.450000 0.623487 0.451562 0.625908 0.451562 0.633172 0.453125 0.635593 0.453125 0.638015 0.454688 0.640436 0.454688 0.645278 0.456250 0.647700 0.456250 0.657385 0.471875 0.657385 0.471875 0.647700 0.478125 0.638015 0.482812 0.638015 0.482812 0.606538 0.476562 0.606538 0.473437 0.601695 0.473437 0.599274 0.471875 0.596852 0.471875 0.594431 0.467187 0.587167 0.467187 0.584746 0.460938 0.575061 0.460938 0.572639 0.456250 0.565375 0.456250 0.562954 0.454688 0.560533 0.454688 0.553269
0 0.926562 0.630751 0.926562 0.638015 0.921875 0.645278 0.915625 0.645278 0.915625 0.759080 0.920313 0.759080 0.921875 0.761501 0.921875 0.773608 0.923437 0.776029 0.923437 0.792978 0.921875 0.795399 0.921875 0.800242 0.920313 0.802663 0.915625 0.802663 0.915625 0.880145 0.939062 0.880145 0.939062 0.870460 0.940625 0.868039 0.940625 0.860775 0.942187 0.858353 0.942187 0.790557 0.943750 0.788136 0.943750 0.730024 0.942187 0.727603 0.942187 0.715496 0.940625 0.713075 0.940625 0.708232 0.939062 0.705811 0.939062 0.671913 0.940625 0.669492 0.940625 0.664649 0.942187 0.662228 0.942187 0.647700 0.939062 0.642857 0.937500 0.642857 0.935938 0.640436 0.935938 0.630751
25 0.000000 0.340194 0.000000 0.456416 0.004688 0.456416 0.006250 0.458838 0.007812 0.458838 0.009375 0.461259 0.010937 0.461259 0.014062 0.466102 0.015625 0.466102 0.020312 0.473366 0.021875 0.473366 0.023438 0.475787 0.025000 0.475787 0.028125 0.480630 0.029687 0.480630 0.031250 0.483051 0.031250 0.492736 0.042188 0.492736 0.042188 0.485472 0.048437 0.475787 0.050000 0.475787 0.050000 0.473366 0.053125 0.468523 0.053125 0.466102 0.065625 0.446731 0.067188 0.446731 0.071875 0.439467 0.073437 0.439467 0.078125 0.432203 0.079687 0.432203 0.082813 0.427361 0.085938 0.427361 0.087500 0.424939 0.089062 0.424939 0.090625 0.422518 0.090625 0.417676 0.093750 0.412833 0.093750 0.410412 0.096875 0.405569 0.096875 0.403148 0.103125 0.393462 0.107813 0.393462 0.107813 0.378935 0.100000 0.378935 0.098438 0.376513 0.093750 0.376513 0.092188 0.374092 0.089062 0.374092 0.087500 0.371671 0.085938 0.371671 0.084375 0.369249 0.082813 0.369249 0.081250 0.366828 0.079687 0.366828 0.078125 0.364407 0.075000 0.364407 0.073437 0.361985 0.068750 0.361985 0.067188 0.359564 0.065625 0.359564 0.064062 0.357143 0.060938 0.357143 0.059375 0.354722 0.054688 0.354722 0.053125 0.352300 0.046875 0.352300 0.045313 0.349879 0.043750 0.349879 0.042188 0.347458 0.042188 0.340194
25 0.142188 0.204600 0.142188 0.211864 0.140625 0.214286 0.139062 0.214286 0.137500 0.216707 0.134375 0.216707 0.132812 0.219128 0.129688 0.219128 0.128125 0.221550 0.125000 0.221550 0.121875 0.226392 0.120312 0.226392 0.118750 0.228814 0.117188 0.228814 0.109375 0.240920 0.107813 0.240920 0.103125 0.248184 0.101562 0.248184 0.089062 0.267554 0.087500 0.267554 0.085938 0.269976 0.085938 0.272397 0.084375 0.274818 0.082813 0.274818 0.079687 0.279661 0.079687 0.282082 0.078125 0.284504 0.078125 0.286925 0.076563 0.289346 0.071875 0.289346 0.071875 0.291768 0.078125 0.291768 0.079687 0.294189 0.081250 0.294189 0.082813 0.296610 0.087500 0.296610 0.089062 0.299031 0.092188 0.299031 0.093750 0.301453 0.095312 0.301453 0.096875 0.303874 0.100000 0.303874 0.101562 0.306295 0.103125 0.306295 0.104687 0.308717 0.106250 0.308717 0.107813 0.311138 0.112500 0.311138 0.114063 0.313559 0.121875 0.313559 0.123438 0.315981 0.131250 0.315981 0.132812 0.318402 0.135937 0.318402 0.137500 0.320823 0.146875 0.320823 0.148438 0.318402 0.153125 0.318402 0.154687 0.320823 0.162500 0.320823 0.164062 0.323245 0.167187 0.323245 0.168750 0.325666 0.170312 0.325666 0.171875 0.328087 0.173438 0.328087 0.176563 0.332930 0.178125 0.332930 0.184375 0.342615 0.187500 0.342615 0.189063 0.345036 0.190625 0.345036 0.192188 0.347458 0.193750 0.347458 0.195312 0.349879 0.196875 0.349879 0.198437 0.352300 0.201562 0.352300 0.203125 0.354722 0.204688 0.354722 0.207813 0.359564 0.209375 0.359564 0.210938 0.361985 0.212500 0.361985 0.214062 0.364407 0.215625 0.364407 0.217187 0.361985 0.218750 0.361985 0.220313 0.359564 0.220313 0.347458 0.218750 0.345036 0.218750 0.337772 0.220313 0.335351 0.221875 0.335351 0.225000 0.330508 0.226562 0.330508 0.228125 0.328087 0.229687 0.328087 0.231250 0.325666 0.242188 0.325666 0.243750 0.328087 0.259375 0.328087 0.260938 0.325666 0.267188 0.325666 0.268750 0.323245 0.303125 0.323245 0.304688 0.320823 0.306250 0.320823 0.307813 0.318402 0.309375 0.318402 0.312500 0.313559 0.314063 0.313559 0.315625 0.311138 0.318750 0.311138 0.320312 0.308717 0.323438 0.308717 0.325000 0.306295 0.332812 0.306295 0.332812 0.289346 0.326562 0.289346 0.320312 0.279661 0.318750 0.279661 0.315625 0.274818 0.315625 0.272397 0.309375 0.262712 0.309375 0.260291 0.301562 0.248184 0.300000 0.248184 0.295312 0.240920 0.293750 0.240920 0.289062 0.233656 0.287500 0.233656 0.285937 0.231235 0.284375 0.231235 0.282813 0.228814 0.281250 0.228814 0.279687 0.226392 0.278125 0.226392 0.276563 0.223971 0.275000 0.223971 0.273438 0.221550 0.271875 0.221550 0.270312 0.219128 0.260938 0.219128 0.259375 0.216707 0.251563 0.216707 0.250000 0.214286 0.248437 0.214286 0.246875 0.211864 0.246875 0.204600
25 0.143750 0.311138 0.143750 0.318402 0.142188 0.320823 0.140625 0.320823 0.139062 0.323245 0.137500 0.323245 0.125000 0.342615 0.125000 0.345036 0.120312 0.352300 0.120312 0.354722 0.114063 0.364407 0.114063 0.369249 0.112500 0.371671 0.112500 0.374092 0.110937 0.376513 0.110937 0.378935 0.107813 0.383777 0.107813 0.386199 0.103125 0.393462 0.103125 0.395884 0.101562 0.398305 0.101562 0.400726 0.096875 0.407990 0.096875 0.415254 0.095312 0.417676 0.095312 0.422518 0.093750 0.424939 0.093750 0.437046 0.092188 0.439467 0.092188 0.444310 0.090625 0.446731 0.090625 0.453995 0.089062 0.456416 0.090625 0.458838 0.090625 0.483051 0.089062 0.485472 0.089062 0.536320 0.087500 0.538741 0.087500 0.546005 0.085938 0.548426 0.085938 0.550847 0.082813 0.555690 0.078125 0.555690 0.078125 0.616223 0.082813 0.616223 0.085938 0.621065 0.085938 0.628329 0.117188 0.628329 0.117188 0.618644 0.121875 0.611380 0.123438 0.611380 0.129688 0.601695 0.131250 0.601695 0.132812 0.599274 0.135937 0.599274 0.137500 0.596852 0.140625 0.596852 0.142188 0.594431 0.223438 0.594431 0.225000 0.592010 0.225000 0.589588 0.226562 0.587167 0.226562 0.579903 0.228125 0.577482 0.228125 0.575061 0.229687 0.572639 0.229687 0.570218 0.231250 0.567797 0.231250 0.565375 0.234375 0.560533 0.239063 0.560533 0.239063 0.500000 0.234375 0.500000 0.229687 0.492736 0.229687 0.487893 0.228125 0.485472 0.228125 0.483051 0.225000 0.478208 0.225000 0.475787 0.220313 0.468523 0.220313 0.466102 0.218750 0.463680 0.218750 0.458838 0.217187 0.456416 0.217187 0.451574 0.215625 0.449153 0.215625 0.446731 0.214062 0.444310 0.214062 0.441889 0.206250 0.429782 0.206250 0.427361 0.201562 0.420097 0.201562 0.417676 0.200000 0.415254 0.200000 0.412833 0.198437 0.410412 0.198437 0.405569 0.195312 0.400726 0.195312 0.398305 0.193750 0.395884 0.193750 0.393462 0.192188 0.391041 0.192188 0.386199 0.190625 0.383777 0.190625 0.381356 0.189063 0.378935 0.189063 0.364407 0.192188 0.359564 0.193750 0.359564 0.189063 0.352300 0.189063 0.349879 0.187500 0.347458 0.184375 0.347458 0.179688 0.340194 0.178125 0.340194 0.170312 0.328087 0.168750 0.328087 0.167187 0.325666 0.165625 0.325666 0.164062 0.323245 0.159375 0.323245 0.157813 0.320823 0.156250 0.320823 0.154687 0.318402 0.154687 0.311138
