0 0.084375 0.217452 0.084375 0.231302 0.082813 0.234072 0.082813 0.256233 0.084375 0.259003 0.084375 0.283934 0.082813 0.286704 0.082813 0.289474 0.076563 0.300554 0.075000 0.300554 0.064062 0.319945 0.064062 0.322715 0.062500 0.325485 0.062500 0.328255 0.060938 0.331025 0.060938 0.336565 0.059375 0.339335 0.059375 0.342105 0.057813 0.344875 0.053125 0.344875 0.053125 0.397507 0.057813 0.397507 0.060938 0.403047 0.060938 0.405817 0.062500 0.408587 0.062500 0.411357 0.064062 0.414127 0.064062 0.427978 0.065625 0.430748 0.065625 0.441828 0.067188 0.444598 0.067188 0.450139 0.068750 0.452909 0.068750 0.463989 0.070312 0.466759 0.070312 0.477839 0.071875 0.480609 0.071875 0.483380 0.073437 0.486150 0.073437 0.488920 0.078125 0.497230 0.078125 0.502770 0.079687 0.505540 0.079687 0.516621 0.078125 0.519391 0.078125 0.533241 0.076563 0.536011 0.076563 0.555402 0.078125 0.558172 0.078125 0.627424 0.076563 0.630194 0.076563 0.635734 0.075000 0.638504 0.075000 0.666205 0.073437 0.668975 0.073437 0.710526 0.071875 0.713296 0.071875 0.716066 0.068750 0.721607 0.068750 0.724377 0.067188 0.727147 0.067188 0.732687 0.065625 0.735457 0.065625 0.738227 0.067188 0.740997 0.068750 0.740997 0.070312 0.743767 0.078125 0.743767 0.081250 0.749307 0.081250 0.752078 0.082813 0.754848 0.082813 0.757618 0.087500 0.765928 0.089062 0.765928 0.092188 0.771468 0.092188 0.779778 0.117188 0.779778 0.117188 0.771468 0.120312 0.765928 0.125000 0.765928 0.126563 0.768698 0.143750 0.768698 0.145313 0.771468 0.145313 0.779778 0.151562 0.779778 0.151562 0.771468 0.153125 0.768698 0.154687 0.768698 0.156250 0.765928 0.164062 0.765928 0.164062 0.746537 0.159375 0.746537 0.148438 0.727147 0.148438 0.724377 0.146875 0.721607 0.146875 0.716066 0.142188 0.707756 0.142188 0.704986 0.139062 0.699446 0.139062 0.680055 0.140625 0.677285 0.140625 0.621884 0.142188 0.619114 0.142188 0.613573 0.143750 0.610803 0.143750 0.608033 0.146875 0.602493 0.148438 0.602493 0.150000 0.599723 0.151562 0.599723 0.153125 0.596953 0.154687 0.596953 0.156250 0.594183 0.156250 0.591413 0.159375 0.585873 0.164062 0.585873 0.164062 0.577562 0.159375 0.577562 0.157813 0.574792 0.157813 0.569252 0.156250 0.566482 0.156250 0.555402 0.154687 0.552632 0.154687 0.536011 0.153125 0.533241 0.153125 0.475069 0.151562 0.472299 0.151562 0.458449 0.150000 0.455679 0.150000 0.436288 0.148438 0.433518 0.148438 0.411357 0.146875 0.408587 0.146875 0.397507 0.145313 0.394737 0.145313 0.383657 0.143750 0.380886 0.143750 0.369806 0.142188 0.367036 0.142188 0.358726 0.140625 0.355956 0.140625 0.347645 0.139062 0.344875 0.139062 0.339335 0.137500 0.336565 0.137500 0.333795 0.135937 0.331025 0.135937 0.325485 0.134375 0.322715 0.134375 0.314404 0.132812 0.311634 0.132812 0.308864 0.131250 0.306094 0.131250 0.303324 0.129688 0.300554 0.129688 0.297784 0.128125 0.295014 0.128125 0.281163 0.126563 0.278393 0.126563 0.270083 0.125000 0.267313 0.125000 0.259003 0.123438 0.256233 0.123438 0.247922 0.121875 0.245152 0.121875 0.239612 0.120312 0.236842 0.120312 0.234072 0.118750 0.231302 0.118750 0.217452
5 0.626562 0.516621 0.621875 0.524931 0.623438 0.527701 0.625000 0.527701 0.626562 0.530471 0.628125 0.527701 0.628125 0.519391 0.626562 0.516621 0.626562 0.511080 0.626562 0.502770 0.628125 0.500000 0.628125 0.488920 0.626562 0.486150 0.626562 0.483380 0.621875 0.483380 0.620313 0.480609 0.625000 0.461219 0.628125 0.461219 0.628125 0.458449 0.629687 0.455679 0.629687 0.450139 0.631250 0.447368 0.631250 0.439058 0.632812 0.436288 0.632812 0.430748 0.634375 0.427978 0.634375 0.422438 0.635938 0.419668 0.635938 0.403047 0.640625 0.394737 0.642187 0.397507 0.645312 0.397507 0.650000 0.405817 0.650000 0.416898 0.651563 0.419668 0.651563 0.433518 0.650000 0.436288 0.650000 0.461219 0.651563 0.463989 0.651563 0.472299 0.650000 0.475069 0.650000 0.477839 0.648438 0.480609 0.648438 0.486150 0.646875 0.488920 0.646875 0.502770 0.648438 0.505540 0.648438 0.538781 0.646875 0.541551 0.646875 0.555402 0.645312 0.558172 0.645312 0.583102 0.646875 0.585873 0.646875 0.627424 0.648438 0.630194 0.648438 0.696676 0.650000 0.699446 0.650000 0.732687 0.651563 0.735457 0.651563 0.740997 0.653125 0.743767 0.653125 0.749307 0.654688 0.752078 0.654688 0.754848 0.662500 0.768698 0.664062 0.768698 0.665625 0.771468 0.673437 0.771468 0.675000 0.774238 0.676562 0.774238 0.684375 0.788089 0.685938 0.788089 0.689062 0.793629 0.692187 0.793629 0.693750 0.796399 0.696875 0.796399 0.698438 0.799169 0.701563 0.799169 0.704687 0.804709 0.706250 0.804709 0.707812 0.807479 0.710938 0.807479 0.712500 0.810249 0.717188 0.810249 0.718750 0.813019 0.723437 0.813019 0.725000 0.815789 0.729688 0.815789 0.731250 0.818560 0.735937 0.818560 0.737500 0.821330 0.742188 0.821330 0.743750 0.824100 0.746875 0.824100 0.748438 0.826870 0.751562 0.826870 0.753125 0.829640 0.756250 0.829640 0.757812 0.832410 0.762500 0.832410 0.764063 0.835180 0.767187 0.835180 0.768750 0.837950 0.771875 0.837950 0.773438 0.840720 0.776563 0.840720 0.778125 0.843490 0.782812 0.843490 0.784375 0.846260 0.795313 0.846260 0.796875 0.849030 0.837500 0.849030 0.839063 0.851801 0.860937 0.851801 0.862500 0.854571 0.889063 0.854571 0.890625 0.857341 0.901563 0.857341 0.903125 0.860111 0.907812 0.860111 0.909375 0.862881 0.912500 0.862881 0.914062 0.865651 0.917188 0.865651 0.918750 0.868421 0.920313 0.868421 0.921875 0.871191 0.921875 0.879501 0.998438 0.879501 0.998438 0.272853 0.996875 0.272853 0.992188 0.281163 0.989062 0.281163 0.987500 0.278393 0.987500 0.275623 0.985937 0.272853 0.990625 0.264543 0.992188 0.264543 0.993750 0.261773 0.993750 0.256233 0.995313 0.253463 0.995313 0.250693 0.996875 0.247922 0.998438 0.247922 0.998438 0.000000 0.734375 0.000000 0.734375 0.000000 0.732813 0.000000 0.723437 0.000000 0.721875 0.000000 0.704687 0.000000 0.703125 0.000000 0.684375 0.000000 0.682813 0.000000 0.676562 0.000000 0.675000 0.001385 0.670313 0.001385 0.668750 0.004155 0.664062 0.004155 0.662500 0.006925 0.662500 0.015235 0.659375 0.020776 0.654688 0.020776 0.653125 0.018006 0.651563 0.018006 0.650000 0.020776 0.643750 0.020776 0.642187 0.023546 0.640625 0.023546 0.639063 0.026316 0.637500 0.026316 0.635938 0.029086 0.632812 0.029086 0.631250 0.031856 0.626562 0.031856 0.623438 0.037396 0.621875 0.037396 0.621875 0.045706 0.620313 0.048476 0.620313 0.051247 0.621875 0.054017 0.621875 0.065097 0.623438 0.067867 0.623438 0.073407 0.621875 0.076177 0.621875 0.078947 0.618750 0.084488 0.615625 0.084488 0.614062 0.087258 0.600000 0.087258 0.598437 0.084488 0.584375 0.084488 0.582812 0.087258 0.578125 0.087258 0.578125 0.267313 0.604688 0.267313 0.606250 0.270083 0.607813 0.270083 0.609375 0.272853 0.609375 0.278393 0.610937 0.281163 0.610937 0.286704 0.612500 0.289474 0.612500 0.333795 0.614062 0.336565 0.614062 0.339335 0.612500 0.342105 0.612500 0.347645 0.610937 0.350415 0.610937 0.372576 0.614062 0.378116 0.614062 0.380886 0.617188 0.386427 0.617188 0.391967 0.618750 0.394737 0.618750 0.397507 0.620313 0.400277 0.620313 0.405817 0.618750 0.408587 0.618750 0.411357 0.612500 0.422438 0.606250 0.422438 0.604688 0.419668 0.603125 0.419668 0.600000 0.414127 0.598437 0.414127 0.595312 0.408587 0.592188 0.408587 0.590625 0.405817 0.585938 0.405817 0.584375 0.403047 0.578125 0.403047 0.578125 0.436288 0.582812 0.436288 0.584375 0.439058 0.589063 0.439058 0.590625 0.441828 0.592188 0.441828 0.593750 0.444598 0.598437 0.444598 0.601562 0.439058 0.604688 0.439058 0.606250 0.436288 0.610937 0.436288 0.612500 0.439058 0.615625 0.439058 0.620313 0.447368 0.620313 0.450139 0.621875 0.452909 0.621875 0.455679 0.625000 0.461219 0.620313 0.480609 0.607813 0.480609 0.606250 0.477839 0.593750 0.477839 0.592188 0.480609 0.592188 0.486150 0.600000 0.500000 0.600000 0.508310 0.596875 0.513850 0.596875 0.516621 0.593750 0.522161 0.593750 0.524931 0.592188 0.527701 0.592188 0.547091 0.587500 0.555402 0.587500 0.558172 0.585938 0.560942 0.585938 0.577562 0.584375 0.580332 0.584375 0.583102 0.585938 0.585873 0.585938 0.591413 0.587500 0.594183 0.589063 0.594183 0.590625 0.596953 0.592188 0.594183 0.595312 0.594183 0.596875 0.596953 0.598437 0.596953 0.606250 0.610803 0.609375 0.610803 0.615625 0.599723 0.615625 0.594183 0.617188 0.591413 0.617188 0.585873 0.618750 0.583102 0.618750 0.580332 0.617188 0.577562 0.617188 0.569252 0.615625 0.566482 0.615625 0.560942 0.612500 0.555402 0.609375 0.555402 0.606250 0.549861 0.606250 0.544321 0.604688 0.541551 0.604688 0.536011 0.610937 0.524931 0.610937 0.522161 0.612500 0.519391 0.612500 0.516621 0.617188 0.508310 0.618750 0.508310 0.620313 0.505540 0.625000 0.505540 0.626562 0.508310 0.626562 0.511080
0 0.290625 0.558172 0.290625 0.563712 0.289062 0.566482 0.289062 0.588643 0.290625 0.591413 0.295312 0.591413 0.295312 0.558172 0.290625 0.558172 0.279687 0.447368 0.279687 0.444598 0.282813 0.439058 0.282813 0.436288 0.284375 0.433518 0.284375 0.427978 0.285937 0.425208 0.284375 0.422438 0.284375 0.419668 0.282813 0.416898 0.282813 0.411357 0.281250 0.408587 0.281250 0.403047 0.282813 0.400277 0.282813 0.378116 0.281250 0.375346 0.281250 0.358726 0.262500 0.427978 0.262500 0.419668 0.260938 0.416898 0.260938 0.411357 0.259375 0.408587 0.259375 0.403047 0.257812 0.400277 0.257812 0.397507 0.256250 0.394737 0.256250 0.383657 0.254687 0.380886 0.254687 0.358726 0.253125 0.355956 0.253125 0.344875 0.251563 0.342105 0.251563 0.328255 0.245312 0.317175 0.245312 0.314404 0.243750 0.311634 0.243750 0.306094 0.242188 0.303324 0.243750 0.300554 0.243750 0.289474 0.245312 0.286704 0.245312 0.272853 0.243750 0.270083 0.243750 0.264543 0.242188 0.261773 0.242188 0.259003 0.240625 0.256233 0.240625 0.253463 0.237500 0.247922 0.237500 0.245152 0.228125 0.228532 0.228125 0.217452 0.201562 0.217452 0.201562 0.231302 0.200000 0.234072 0.200000 0.289474 0.201562 0.292244 0.201562 0.297784 0.200000 0.300554 0.200000 0.306094 0.192188 0.319945 0.192188 0.322715 0.190625 0.325485 0.190625 0.328255 0.187500 0.333795 0.187500 0.336565 0.184375 0.342105 0.184375 0.344875 0.179688 0.353186 0.179688 0.355956 0.176563 0.361496 0.171875 0.361496 0.171875 0.439058 0.176563 0.439058 0.181250 0.447368 0.181250 0.450139 0.182812 0.452909 0.182812 0.461219 0.184375 0.463989 0.184375 0.516621 0.185937 0.519391 0.185937 0.524931 0.189063 0.530471 0.189063 0.533241 0.190625 0.536011 0.190625 0.541551 0.192188 0.544321 0.192188 0.552632 0.193750 0.555402 0.193750 0.563712 0.195312 0.566482 0.195312 0.572022 0.196875 0.574792 0.196875 0.580332 0.198437 0.583102 0.198437 0.605263 0.196875 0.608033 0.196875 0.630194 0.195312 0.632964 0.195312 0.644044 0.193750 0.646814 0.193750 0.652355 0.192188 0.655125 0.192188 0.680055 0.193750 0.682826 0.193750 0.713296 0.195312 0.716066 0.195312 0.724377 0.198437 0.729917 0.198437 0.732687 0.200000 0.735457 0.200000 0.746537 0.198437 0.749307 0.198437 0.768698 0.225000 0.768698 0.225000 0.757618 0.223438 0.754848 0.223438 0.752078 0.221875 0.749307 0.221875 0.743767 0.220313 0.740997 0.220313 0.738227 0.218750 0.735457 0.218750 0.729917 0.220313 0.727147 0.220313 0.718837 0.221875 0.716066 0.225000 0.721607 0.225000 0.724377 0.226562 0.724377 0.228125 0.727147 0.234375 0.727147 0.234375 0.721607 0.232812 0.718837 0.232812 0.716066 0.229687 0.716066 0.228125 0.713296 0.221875 0.713296 0.220313 0.710526 0.220313 0.691136 0.221875 0.688366 0.221875 0.660665 0.223438 0.657895 0.223438 0.652355 0.231250 0.638504 0.231250 0.632964 0.234375 0.627424 0.240625 0.638504 0.240625 0.641274 0.242188 0.644044 0.242188 0.657895 0.243750 0.660665 0.243750 0.677285 0.245312 0.680055 0.245312 0.691136 0.246875 0.693906 0.246875 0.702216 0.248437 0.704986 0.248437 0.721607 0.246875 0.724377 0.246875 0.732687 0.245312 0.735457 0.245312 0.738227 0.246875 0.740997 0.246875 0.746537 0.254687 0.760388 0.254687 0.768698 0.295312 0.768698 0.295312 0.754848 0.290625 0.754848 0.287500 0.749307 0.287500 0.746537 0.285937 0.743767 0.285937 0.740997 0.284375 0.738227 0.284375 0.735457 0.282813 0.732687 0.282813 0.729917 0.281250 0.727147 0.281250 0.724377 0.273438 0.710526 0.273438 0.707756 0.271875 0.704986 0.271875 0.699446 0.270312 0.696676 0.270312 0.691136 0.268750 0.688366 0.268750 0.685596 0.267188 0.682826 0.267188 0.627424 0.268750 0.624654 0.268750 0.558172 0.267188 0.555402 0.267188 0.549861 0.265625 0.547091 0.265625 0.538781 0.264062 0.536011 0.259375 0.536011 0.256250 0.541551 0.254687 0.541551 0.253125 0.544321 0.251563 0.544321 0.246875 0.552632 0.245312 0.552632 0.243750 0.555402 0.242188 0.555402 0.240625 0.558172 0.234375 0.558172 0.232812 0.555402 0.231250 0.555402 0.225000 0.544321 0.225000 0.541551 0.223438 0.538781 0.223438 0.536011 0.221875 0.533241 0.221875 0.530471 0.220313 0.527701 0.220313 0.522161 0.218750 0.519391 0.218750 0.511080 0.217187 0.508310 0.217187 0.491690 0.218750 0.488920 0.218750 0.486150 0.220313 0.483380 0.220313 0.480609 0.226562 0.469529 0.228125 0.469529 0.231250 0.463989 0.234375 0.463989 0.235938 0.461219 0.239063 0.461219 0.240625 0.458449 0.242188 0.458449 0.253125 0.439058 0.254687 0.439058 0.257812 0.433518 0.259375 0.433518 0.262500 0.427978 0.281250 0.358726 0.282813 0.355956 0.282813 0.344875 0.281250 0.342105 0.281250 0.333795 0.279687 0.331025 0.279687 0.328255 0.278125 0.325485 0.281250 0.319945 0.282813 0.319945 0.284375 0.322715 0.284375 0.325485 0.285937 0.328255 0.285937 0.331025 0.289062 0.336565 0.295312 0.336565 0.295312 0.519391 0.290625 0.519391 0.281250 0.502770 0.281250 0.500000 0.279687 0.497230 0.278125 0.497230 0.275000 0.491690 0.275000 0.488920 0.271875 0.483380 0.271875 0.472299 0.273438 0.469529 0.273438 0.463989 0.275000 0.461219 0.275000 0.458449 0.278125 0.452909 0.278125 0.450139 0.279687 0.447368
0 0.265625 0.295014 0.265625 0.303324 0.260938 0.311634 0.260938 0.314404 0.257812 0.319945 0.257812 0.322715 0.256250 0.325485 0.256250 0.336565 0.254687 0.339335 0.254687 0.355956 0.253125 0.358726 0.253125 0.361496 0.254687 0.364266 0.254687 0.378116 0.256250 0.380886 0.256250 0.386427 0.257812 0.389197 0.257812 0.394737 0.259375 0.397507 0.259375 0.405817 0.260938 0.408587 0.260938 0.422438 0.262500 0.425208 0.262500 0.433518 0.260938 0.436288 0.260938 0.439058 0.257812 0.444598 0.257812 0.447368 0.256250 0.450139 0.256250 0.455679 0.254687 0.458449 0.254687 0.461219 0.256250 0.463989 0.256250 0.472299 0.257812 0.475069 0.257812 0.480609 0.259375 0.483380 0.259375 0.488920 0.260938 0.491690 0.260938 0.494460 0.262500 0.497230 0.262500 0.502770 0.264062 0.505540 0.264062 0.516621 0.265625 0.519391 0.265625 0.527701 0.267188 0.530471 0.267188 0.544321 0.268750 0.547091 0.268750 0.555402 0.270312 0.558172 0.270312 0.560942 0.271875 0.563712 0.271875 0.569252 0.273438 0.572022 0.273438 0.583102 0.275000 0.585873 0.275000 0.599723 0.278125 0.605263 0.278125 0.610803 0.279687 0.613573 0.278125 0.616343 0.278125 0.619114 0.276563 0.621884 0.271875 0.621884 0.271875 0.624654 0.270312 0.627424 0.270312 0.630194 0.268750 0.632964 0.268750 0.635734 0.265625 0.641274 0.265625 0.644044 0.259375 0.655125 0.257812 0.655125 0.253125 0.646814 0.246875 0.646814 0.246875 0.757618 0.284375 0.757618 0.284375 0.746537 0.282813 0.743767 0.282813 0.699446 0.284375 0.696676 0.284375 0.668975 0.282813 0.666205 0.282813 0.663435 0.281250 0.660665 0.281250 0.635734 0.282813 0.632964 0.287500 0.632964 0.289062 0.630194 0.290625 0.632964 0.290625 0.635734 0.292188 0.638504 0.292188 0.682826 0.293750 0.685596 0.293750 0.699446 0.295312 0.702216 0.295312 0.710526 0.296875 0.713296 0.296875 0.740997 0.298438 0.743767 0.298438 0.746537 0.300000 0.749307 0.300000 0.757618 0.332812 0.757618 0.332812 0.724377 0.328125 0.724377 0.325000 0.718837 0.323438 0.718837 0.314063 0.702216 0.314063 0.696676 0.312500 0.693906 0.312500 0.608033 0.310937 0.605263 0.310937 0.560942 0.309375 0.558172 0.309375 0.538781 0.307813 0.536011 0.307813 0.519391 0.306250 0.516621 0.306250 0.497230 0.304688 0.494460 0.304688 0.480609 0.306250 0.477839 0.306250 0.466759 0.307813 0.463989 0.307813 0.461219 0.309375 0.458449 0.309375 0.455679 0.310937 0.452909 0.310937 0.450139 0.312500 0.447368 0.312500 0.444598 0.314063 0.441828 0.314063 0.433518 0.312500 0.430748 0.312500 0.427978 0.310937 0.425208 0.310937 0.422438 0.309375 0.419668 0.309375 0.411357 0.307813 0.408587 0.307813 0.405817 0.306250 0.403047 0.306250 0.400277 0.304688 0.397507 0.304688 0.389197 0.303125 0.386427 0.303125 0.380886 0.296875 0.369806 0.296875 0.367036 0.295312 0.364266 0.295312 0.361496 0.293750 0.358726 0.293750 0.350415 0.292188 0.347645 0.292188 0.325485 0.290625 0.322715 0.290625 0.319945 0.289062 0.317175 0.289062 0.314404 0.287500 0.311634 0.287500 0.295014
2 0.164062 0.544321 0.162500 0.547091 0.164062 0.549861 0.164062 0.544321 0.162500 0.444598 0.165625 0.450139 0.165625 0.461219 0.164062 0.463989 0.162500 0.463989 0.160938 0.461219 0.159375 0.461219 0.153125 0.427978 0.153125 0.425208 0.151562 0.361496 0.153125 0.358726 0.287500 0.306094 0.289062 0.308864 0.289062 0.314404 0.290625 0.317175 0.290625 0.322715 0.292188 0.325485 0.292188 0.333795 0.293750 0.336565 0.293750 0.347645 0.295312 0.350415 0.295312 0.358726 0.296875 0.361496 0.296875 0.364266 0.301562 0.372576 0.301562 0.375346 0.304688 0.380886 0.304688 0.383657 0.306250 0.386427 0.306250 0.391967 0.307813 0.394737 0.307813 0.397507 0.309375 0.400277 0.309375 0.403047 0.310937 0.405817 0.310937 0.408587 0.312500 0.411357 0.312500 0.416898 0.314063 0.419668 0.314063 0.422438 0.315625 0.425208 0.315625 0.430748 0.317187 0.433518 0.317187 0.447368 0.314063 0.452909 0.314063 0.455679 0.312500 0.458449 0.312500 0.461219 0.310937 0.463989 0.310937 0.466759 0.309375 0.469529 0.309375 0.480609 0.307813 0.483380 0.307813 0.502770 0.309375 0.505540 0.309375 0.522161 0.310937 0.524931 0.310937 0.544321 0.312500 0.547091 0.312500 0.558172 0.314063 0.560942 0.314063 0.572022 0.315625 0.574792 0.315625 0.577562 0.317187 0.580332 0.317187 0.583102 0.318750 0.585873 0.326562 0.585873 0.328125 0.588643 0.331250 0.588643 0.332812 0.591413 0.335938 0.591413 0.337500 0.594183 0.340625 0.594183 0.359375 0.627424 0.362500 0.627424 0.364062 0.630194 0.371875 0.630194 0.373437 0.632964 0.395312 0.632964 0.396875 0.630194 0.404687 0.630194 0.406250 0.627424 0.407813 0.627424 0.412500 0.619114 0.414062 0.619114 0.417188 0.613573 0.417188 0.610803 0.426562 0.594183 0.426562 0.591413 0.432813 0.580332 0.434375 0.580332 0.435937 0.577562 0.437500 0.577562 0.439063 0.574792 0.443750 0.574792 0.445312 0.572022 0.451562 0.572022 0.453125 0.569252 0.460938 0.569252 0.462500 0.566482 0.468750 0.566482 0.470313 0.563712 0.476562 0.563712 0.478125 0.560942 0.482812 0.560942 0.485938 0.555402 0.487500 0.555402 0.492188 0.547091 0.492188 0.544321 0.493750 0.541551 0.493750 0.536011 0.495313 0.533241 0.495313 0.530471 0.496875 0.527701 0.501562 0.527701 0.501562 0.494460 0.496875 0.494460 0.493750 0.488920 0.493750 0.486150 0.490625 0.480609 0.490625 0.477839 0.489062 0.475069 0.489062 0.469529 0.487500 0.466759 0.487500 0.461219 0.485938 0.458449 0.485938 0.452909 0.484375 0.450139 0.484375 0.433518 0.482812 0.430748 0.482812 0.422438 0.481250 0.419668 0.481250 0.416898 0.479688 0.414127 0.479688 0.411357 0.475000 0.403047 0.473437 0.403047 0.471875 0.400277 0.470313 0.400277 0.468750 0.397507 0.467187 0.397507 0.465625 0.394737 0.462500 0.394737 0.460938 0.391967 0.456250 0.391967 0.454688 0.389197 0.448438 0.389197 0.446875 0.386427 0.443750 0.386427 0.442187 0.383657 0.437500 0.383657 0.435937 0.380886 0.431250 0.380886 0.429688 0.378116 0.421875 0.378116 0.420312 0.375346 0.417188 0.375346 0.415625 0.372576 0.414062 0.372576 0.412500 0.369806 0.410937 0.369806 0.409375 0.367036 0.406250 0.367036 0.404687 0.364266 0.403125 0.364266 0.401563 0.361496 0.400000 0.361496 0.398438 0.358726 0.396875 0.358726 0.395312 0.355956 0.393750 0.355956 0.390625 0.350415 0.389062 0.350415 0.387500 0.347645 0.385938 0.347645 0.384375 0.344875 0.381250 0.344875 0.379687 0.342105 0.376563 0.342105 0.375000 0.339335 0.373437 0.339335 0.371875 0.336565 0.370313 0.336565 0.368750 0.333795 0.365625 0.333795 0.364062 0.331025 0.362500 0.331025 0.360938 0.328255 0.359375 0.328255 0.357812 0.325485 0.354688 0.325485 0.353125 0.322715 0.351562 0.322715 0.350000 0.319945 0.348437 0.319945 0.346875 0.317175 0.345313 0.317175 0.342187 0.311634 0.339063 0.311634 0.337500 0.308864 0.334375 0.308864 0.332812 0.306094 0.331250 0.306094 0.329688 0.303324 0.328125 0.303324 0.326562 0.300554 0.320312 0.300554 0.318750 0.297784 0.310937 0.297784 0.309375 0.295014 0.306250 0.295014 0.304688 0.292244 0.304688 0.283934 0.293750 0.283934 0.293750 0.292244 0.290625 0.297784 0.289062 0.297784 0.289062 0.300554 0.287500 0.303324 0.287500 0.306094 0.153125 0.358726 0.151562 0.358726 0.151562 0.361496 0.153125 0.425208 0.153125 0.427978 0.159375 0.461219 0.159375 0.458449 0.157813 0.455679 0.157813 0.444598 0.162500 0.444598
26 0.246875 0.441828 0.245312 0.444598 0.245312 0.450139 0.242188 0.455679 0.240625 0.455679 0.235938 0.463989 0.234375 0.463989 0.231250 0.469529 0.229687 0.469529 0.226562 0.475069 0.225000 0.475069 0.223438 0.477839 0.221875 0.477839 0.220313 0.480609 0.218750 0.480609 0.215625 0.486150 0.209375 0.486150 0.209375 0.505540 0.214062 0.505540 0.217187 0.511080 0.217187 0.516621 0.218750 0.519391 0.218750 0.522161 0.220313 0.524931 0.220313 0.530471 0.221875 0.533241 0.221875 0.536011 0.228125 0.547091 0.228125 0.558172 0.248437 0.558172 0.248437 0.547091 0.250000 0.544321 0.251563 0.544321 0.254687 0.538781 0.256250 0.538781 0.257812 0.536011 0.264062 0.536011 0.264062 0.488920 0.259375 0.488920 0.254687 0.480609 0.254687 0.477839 0.253125 0.475069 0.253125 0.469529 0.251563 0.466759 0.251563 0.461219 0.250000 0.458449 0.251563 0.455679 0.251563 0.450139
26 0.178125 0.516621 0.178125 0.527701 0.176563 0.530471 0.176563 0.544321 0.175000 0.547091 0.175000 0.555402 0.173438 0.558172 0.173438 0.560942 0.167187 0.572022 0.167187 0.574792 0.165625 0.577562 0.159375 0.577562 0.159375 0.646814 0.192188 0.646814 0.192188 0.638504 0.193750 0.635734 0.193750 0.632964 0.196875 0.627424 0.201562 0.627424 0.201562 0.566482 0.196875 0.566482 0.193750 0.560942 0.193750 0.558172 0.192188 0.555402 0.192188 0.549861 0.190625 0.547091 0.190625 0.516621
26 0.237500 0.450139 0.237500 0.458449 0.234375 0.463989 0.232812 0.463989 0.228125 0.472299 0.226562 0.472299 0.223438 0.477839 0.221875 0.477839 0.220313 0.480609 0.217187 0.480609 0.214062 0.486150 0.209375 0.486150 0.209375 0.508310 0.214062 0.508310 0.217187 0.513850 0.217187 0.516621 0.218750 0.519391 0.218750 0.524931 0.220313 0.527701 0.220313 0.530471 0.221875 0.533241 0.221875 0.536011 0.228125 0.547091 0.228125 0.558172 0.248437 0.558172 0.248437 0.549861 0.253125 0.541551 0.254687 0.541551 0.256250 0.538781 0.257812 0.538781 0.262500 0.530471 0.262500 0.527701 0.264062 0.524931 0.264062 0.519391 0.262500 0.516621 0.262500 0.508310 0.260938 0.505540 0.260938 0.500000 0.259375 0.497230 0.259375 0.491690 0.256250 0.486150 0.256250 0.483380 0.254687 0.480609 0.254687 0.477839 0.253125 0.475069 0.253125 0.472299 0.251563 0.469529 0.251563 0.466759 0.248437 0.461219 0.248437 0.450139
0 0.923437 0.184211 0.923437 0.192521 0.921875 0.195291 0.921875 0.222992 0.923437 0.225762 0.923437 0.267313 0.925000 0.270083 0.925000 0.278393 0.926562 0.281163 0.926562 0.300554 0.925000 0.303324 0.925000 0.308864 0.923437 0.311634 0.923437 0.317175 0.920313 0.322715 0.920313 0.325485 0.917188 0.331025 0.917188 0.333795 0.914062 0.339335 0.909375 0.339335 0.909375 0.369806 0.998438 0.369806 0.998438 0.328255 0.996875 0.328255 0.995313 0.325485 0.995313 0.322715 0.993750 0.319945 0.993750 0.311634 0.992188 0.308864 0.992188 0.306094 0.987500 0.297784 0.987500 0.295014 0.985937 0.292244 0.985937 0.289474 0.981250 0.281163 0.979688 0.281163 0.978125 0.278393 0.976562 0.278393 0.975000 0.275623 0.973437 0.275623 0.971875 0.272853 0.967188 0.272853 0.960938 0.261773 0.960938 0.259003 0.959375 0.256233 0.959375 0.234072 0.960938 0.231302 0.960938 0.225762 0.962500 0.222992 0.962500 0.220222 0.964063 0.217452 0.962500 0.214681 0.962500 0.211911 0.960938 0.209141 0.960938 0.206371 0.959375 0.203601 0.959375 0.198061 0.957812 0.195291 0.957812 0.184211
2 0.532812 0.394737 0.532812 0.403047 0.529688 0.408587 0.526563 0.408587 0.525000 0.411357 0.523438 0.411357 0.521875 0.414127 0.518750 0.414127 0.517187 0.416898 0.515625 0.416898 0.514063 0.419668 0.512500 0.419668 0.506250 0.430748 0.506250 0.433518 0.496875 0.450139 0.495313 0.450139 0.493750 0.452909 0.484375 0.452909 0.484375 0.530471 0.489062 0.530471 0.490625 0.533241 0.490625 0.536011 0.492188 0.538781 0.492188 0.541551 0.493750 0.544321 0.495313 0.544321 0.496875 0.547091 0.498437 0.547091 0.501562 0.552632 0.503125 0.552632 0.507812 0.560942 0.510938 0.560942 0.512500 0.563712 0.518750 0.563712 0.520312 0.566482 0.525000 0.566482 0.526563 0.569252 0.531250 0.569252 0.532812 0.572022 0.535937 0.572022 0.537500 0.574792 0.539062 0.574792 0.540625 0.572022 0.540625 0.566482 0.542188 0.563712 0.542188 0.558172 0.543750 0.555402 0.543750 0.530471 0.545313 0.527701 0.545313 0.466759 0.546875 0.463989 0.546875 0.461219 0.548437 0.458449 0.548437 0.444598 0.551562 0.439058 0.554688 0.444598 0.554688 0.455679 0.556250 0.458449 0.556250 0.466759 0.557813 0.469529 0.557813 0.524931 0.556250 0.527701 0.556250 0.555402 0.557813 0.558172 0.557813 0.566482 0.559375 0.569252 0.559375 0.572022 0.560938 0.572022 0.562500 0.574792 0.575000 0.574792 0.576563 0.572022 0.581250 0.580332 0.581250 0.585873 0.582812 0.588643 0.582812 0.602493 0.626562 0.602493 0.626562 0.508310 0.621875 0.508310 0.618750 0.502770 0.618750 0.483380 0.621875 0.477839 0.626562 0.477839 0.626562 0.463989 0.621875 0.463989 0.620313 0.461219 0.620313 0.439058 0.621875 0.436288 0.626562 0.436288 0.626562 0.405817 0.621875 0.405817 0.620313 0.403047 0.620313 0.394737
