5 0.537500 0.060870 0.537500 0.067391 0.535937 0.069565 0.534375 0.069565 0.532812 0.071739 0.525000 0.071739 0.523438 0.073913 0.518750 0.073913 0.517187 0.076087 0.514063 0.076087 0.512500 0.078261 0.510938 0.078261 0.507812 0.082609 0.506250 0.082609 0.500000 0.091304 0.500000 0.093478 0.498437 0.095652 0.498437 0.097826 0.496875 0.100000 0.496875 0.102174 0.493750 0.106522 0.493750 0.108696 0.492188 0.110870 0.492188 0.115217 0.490625 0.117391 0.490625 0.119565 0.489062 0.121739 0.489062 0.136957 0.487500 0.139130 0.487500 0.163043 0.485938 0.165217 0.485938 0.186957 0.484375 0.189130 0.484375 0.217391 0.482812 0.219565 0.482812 0.226087 0.481250 0.228261 0.481250 0.234783 0.479688 0.236957 0.479688 0.243478 0.478125 0.245652 0.478125 0.256522 0.476562 0.258696 0.476562 0.282609 0.475000 0.284783 0.475000 0.306522 0.473437 0.308696 0.473437 0.341304 0.471875 0.343478 0.471875 0.354348 0.470313 0.356522 0.465625 0.356522 0.465625 0.476087 0.470313 0.476087 0.473437 0.480435 0.473437 0.489130 0.475000 0.491304 0.475000 0.502174 0.476562 0.504348 0.476562 0.521739 0.475000 0.523913 0.475000 0.528261 0.473437 0.530435 0.473437 0.532609 0.470313 0.536957 0.465625 0.536957 0.465625 0.708696 0.470313 0.708696 0.471875 0.710870 0.471875 0.713043 0.470313 0.715217 0.465625 0.715217 0.465625 0.763043 0.470313 0.763043 0.471875 0.765217 0.471875 0.771739 0.473437 0.773913 0.473437 0.780435 0.475000 0.782609 0.475000 0.795652 0.476562 0.797826 0.476562 0.804348 0.478125 0.806522 0.478125 0.808696 0.479688 0.810870 0.479688 0.813043 0.481250 0.815217 0.481250 0.817391 0.487500 0.826087 0.487500 0.832609 0.501562 0.832609 0.501562 0.826087 0.503125 0.823913 0.504687 0.823913 0.506250 0.821739 0.510938 0.821739 0.512500 0.819565 0.514063 0.819565 0.517187 0.815217 0.517187 0.813043 0.518750 0.810870 0.518750 0.808696 0.520312 0.806522 0.520312 0.804348 0.521875 0.802174 0.521875 0.800000 0.525000 0.795652 0.525000 0.793478 0.528125 0.789130 0.529688 0.789130 0.532812 0.784783 0.534375 0.784783 0.535937 0.782609 0.540625 0.782609 0.542188 0.780435 0.587500 0.780435 0.589063 0.782609 0.609375 0.782609 0.610937 0.784783 0.629687 0.784783 0.631250 0.786957 0.642187 0.786957 0.643750 0.784783 0.651563 0.784783 0.653125 0.782609 0.667188 0.782609 0.668750 0.780435 0.678125 0.780435 0.679688 0.778261 0.684375 0.778261 0.685938 0.776087 0.690625 0.776087 0.692187 0.773913 0.696875 0.773913 0.698438 0.771739 0.717188 0.771739 0.720312 0.776087 0.721875 0.776087 0.723437 0.778261 0.725000 0.778261 0.731250 0.786957 0.731250 0.789130 0.732813 0.791304 0.732813 0.793478 0.734375 0.795652 0.734375 0.797826 0.737500 0.802174 0.739062 0.802174 0.746875 0.813043 0.748438 0.813043 0.750000 0.815217 0.753125 0.815217 0.754687 0.817391 0.762500 0.817391 0.764063 0.819565 0.765625 0.819565 0.767187 0.817391 0.771875 0.817391 0.773438 0.815217 0.775000 0.815217 0.778125 0.810870 0.778125 0.808696 0.779688 0.806522 0.779688 0.804348 0.781250 0.802174 0.781250 0.800000 0.782812 0.797826 0.782812 0.793478 0.784375 0.791304 0.784375 0.789130 0.785937 0.786957 0.785937 0.782609 0.789062 0.778261 0.789062 0.776087 0.793750 0.769565 0.795313 0.769565 0.801562 0.760870 0.801562 0.758696 0.803125 0.756522 0.803125 0.750000 0.804688 0.747826 0.804688 0.708696 0.806250 0.706522 0.806250 0.691304 0.807813 0.689130 0.807813 0.684783 0.815625 0.673913 0.820312 0.673913 0.820312 0.297826 0.815625 0.297826 0.814062 0.295652 0.814062 0.291304 0.812500 0.289130 0.812500 0.282609 0.810938 0.280435 0.810938 0.269565 0.809375 0.267391 0.809375 0.263043 0.807813 0.260870 0.807813 0.258696 0.804688 0.254348 0.804688 0.252174 0.801562 0.247826 0.801562 0.243478 0.800000 0.241304 0.800000 0.234783 0.798437 0.232609 0.798437 0.223913 0.796875 0.221739 0.796875 0.208696 0.795313 0.206522 0.795313 0.200000 0.793750 0.197826 0.793750 0.193478 0.792188 0.191304 0.792188 0.186957 0.790625 0.184783 0.790625 0.180435 0.789062 0.178261 0.789062 0.176087 0.787500 0.173913 0.787500 0.169565 0.785937 0.167391 0.785937 0.165217 0.784375 0.163043 0.784375 0.160870 0.782812 0.158696 0.782812 0.156522 0.781250 0.154348 0.781250 0.152174 0.779688 0.150000 0.779688 0.147826 0.778125 0.145652 0.778125 0.143478 0.776563 0.141304 0.776563 0.139130 0.775000 0.136957 0.775000 0.134783 0.773438 0.132609 0.773438 0.128261 0.771875 0.126087 0.771875 0.123913 0.770312 0.121739 0.770312 0.119565 0.768750 0.117391 0.768750 0.115217 0.767187 0.113043 0.767187 0.110870 0.765625 0.108696 0.765625 0.106522 0.762500 0.102174 0.762500 0.100000 0.753125 0.086957 0.751562 0.086957 0.745313 0.078261 0.743750 0.078261 0.740625 0.073913 0.739062 0.073913 0.737500 0.071739 0.734375 0.071739 0.731250 0.067391 0.731250 0.060870
2 0.350000 0.513043 0.350000 0.519565 0.348437 0.521739 0.346875 0.521739 0.345313 0.523913 0.343750 0.523913 0.339063 0.530435 0.339063 0.532609 0.337500 0.534783 0.337500 0.539130 0.335938 0.541304 0.335938 0.545652 0.334375 0.547826 0.334375 0.552174 0.332812 0.554348 0.332812 0.558696 0.331250 0.560870 0.331250 0.563043 0.329688 0.565217 0.329688 0.571739 0.328125 0.573913 0.328125 0.576087 0.326562 0.578261 0.321875 0.578261 0.321875 0.584783 0.326562 0.584783 0.328125 0.586957 0.328125 0.606522 0.329688 0.608696 0.329688 0.634783 0.331250 0.636957 0.331250 0.658696 0.332812 0.660870 0.332812 0.667391 0.334375 0.669565 0.334375 0.676087 0.340625 0.684783 0.342187 0.684783 0.346875 0.691304 0.346875 0.693478 0.348437 0.695652 0.348437 0.702174 0.354688 0.702174 0.354688 0.693478 0.356250 0.691304 0.357812 0.691304 0.360938 0.686957 0.360938 0.684783 0.364062 0.680435 0.367188 0.680435 0.368750 0.678261 0.373437 0.678261 0.375000 0.680435 0.378125 0.680435 0.382812 0.686957 0.387500 0.686957 0.389062 0.689130 0.392188 0.689130 0.393750 0.686957 0.400000 0.686957 0.401563 0.684783 0.403125 0.684783 0.404687 0.682609 0.406250 0.682609 0.409375 0.678261 0.410937 0.678261 0.414062 0.673913 0.432813 0.673913 0.439063 0.682609 0.439063 0.691304 0.440625 0.693478 0.440625 0.702174 0.448438 0.702174 0.448438 0.695652 0.453125 0.689130 0.454688 0.689130 0.456250 0.686957 0.459375 0.686957 0.460938 0.684783 0.462500 0.684783 0.465625 0.680435 0.467187 0.680435 0.468750 0.678261 0.476562 0.678261 0.476562 0.532609 0.471875 0.532609 0.470313 0.530435 0.468750 0.530435 0.465625 0.526087 0.464063 0.526087 0.459375 0.519565 0.459375 0.513043
2 0.037500 0.521739 0.037500 0.528261 0.034375 0.532609 0.029687 0.532609 0.028125 0.534783 0.023438 0.534783 0.021875 0.536957 0.020312 0.536957 0.017188 0.541304 0.017188 0.543478 0.015625 0.545652 0.015625 0.547826 0.014062 0.550000 0.009375 0.550000 0.009375 0.576087 0.014062 0.576087 0.015625 0.578261 0.015625 0.591304 0.017188 0.593478 0.017188 0.656522 0.018750 0.658696 0.018750 0.663043 0.020312 0.665217 0.020312 0.667391 0.021875 0.669565 0.021875 0.676087 0.023438 0.678261 0.023438 0.734783 0.025000 0.736957 0.025000 0.745652 0.028125 0.750000 0.028125 0.752174 0.029687 0.754348 0.029687 0.758696 0.031250 0.760870 0.031250 0.763043 0.032812 0.765217 0.032812 0.769565 0.034375 0.771739 0.034375 0.773913 0.037500 0.773913 0.039062 0.776087 0.040625 0.773913 0.042188 0.773913 0.045313 0.769565 0.046875 0.769565 0.048437 0.767391 0.051562 0.767391 0.053125 0.765217 0.064062 0.765217 0.070312 0.773913 0.070312 0.776087 0.071875 0.778261 0.071875 0.780435 0.076563 0.786957 0.084375 0.786957 0.085938 0.784783 0.087500 0.784783 0.089062 0.782609 0.090625 0.782609 0.092188 0.780435 0.092188 0.778261 0.098438 0.769565 0.100000 0.769565 0.101562 0.767391 0.104687 0.767391 0.106250 0.765217 0.117188 0.765217 0.118750 0.767391 0.125000 0.767391 0.126563 0.769565 0.131250 0.769565 0.132812 0.771739 0.134375 0.771739 0.135937 0.773913 0.135937 0.776087 0.146875 0.791304 0.146875 0.797826 0.162500 0.797826 0.162500 0.789130 0.165625 0.784783 0.165625 0.782609 0.167187 0.780435 0.167187 0.765217 0.168750 0.763043 0.168750 0.760870 0.171875 0.756522 0.175000 0.756522 0.176563 0.754348 0.185937 0.754348 0.187500 0.752174 0.190625 0.752174 0.193750 0.756522 0.193750 0.758696 0.200000 0.767391 0.200000 0.769565 0.203125 0.773913 0.209375 0.773913 0.210938 0.771739 0.214062 0.771739 0.218750 0.765217 0.218750 0.763043 0.221875 0.758696 0.226562 0.758696 0.226562 0.660870 0.221875 0.660870 0.220313 0.658696 0.220313 0.656522 0.218750 0.654348 0.218750 0.652174 0.217187 0.650000 0.217187 0.641304 0.215625 0.639130 0.215625 0.634783 0.214062 0.632609 0.214062 0.630435 0.212500 0.628261 0.212500 0.623913 0.210938 0.621739 0.210938 0.619565 0.209375 0.617391 0.209375 0.613043 0.204688 0.606522 0.204688 0.604348 0.203125 0.602174 0.203125 0.600000 0.201562 0.597826 0.201562 0.593478 0.200000 0.591304 0.200000 0.589130 0.198437 0.586957 0.198437 0.584783 0.196875 0.582609 0.196875 0.580435 0.195312 0.578261 0.195312 0.576087 0.193750 0.573913 0.193750 0.567391 0.192188 0.565217 0.192188 0.563043 0.190625 0.560870 0.190625 0.556522 0.189063 0.554348 0.189063 0.552174 0.185937 0.547826 0.185937 0.545652 0.184375 0.543478 0.184375 0.541304 0.181250 0.536957 0.179688 0.536957 0.178125 0.534783 0.176563 0.534783 0.175000 0.532609 0.173438 0.532609 0.170312 0.528261 0.170312 0.521739
0 0.251563 0.504348 0.251563 0.519565 0.250000 0.521739 0.250000 0.526087 0.248437 0.528261 0.248437 0.530435 0.246875 0.532609 0.240625 0.532609 0.240625 0.589130 0.245312 0.589130 0.248437 0.593478 0.248437 0.597826 0.250000 0.600000 0.250000 0.615217 0.251563 0.617391 0.251563 0.634783 0.253125 0.636957 0.253125 0.639130 0.265625 0.639130 0.265625 0.636957 0.268750 0.632609 0.268750 0.630435 0.271875 0.626087 0.271875 0.623913 0.273438 0.621739 0.273438 0.619565 0.275000 0.617391 0.275000 0.613043 0.278125 0.608696 0.282813 0.608696 0.282813 0.532609 0.275000 0.532609 0.273438 0.530435 0.273438 0.526087 0.271875 0.523913 0.271875 0.517391 0.273438 0.515217 0.273438 0.504348 0.268750 0.504348 0.268750 0.521739 0.265625 0.526087 0.262500 0.526087 0.260938 0.523913 0.259375 0.523913 0.256250 0.519565 0.256250 0.504348
0 0.885938 0.495652 0.885938 0.510870 0.882812 0.515217 0.878125 0.515217 0.878125 0.556522 0.882812 0.556522 0.885938 0.560870 0.885938 0.563043 0.887500 0.565217 0.885938 0.567391 0.885938 0.582609 0.884375 0.584783 0.884375 0.586957 0.882812 0.589130 0.878125 0.589130 0.878125 0.617391 0.882812 0.617391 0.885938 0.613043 0.889063 0.613043 0.892187 0.617391 0.892187 0.623913 0.893750 0.626087 0.893750 0.630435 0.895312 0.632609 0.895312 0.641304 0.898438 0.641304 0.898438 0.634783 0.900000 0.632609 0.901563 0.632609 0.903125 0.630435 0.903125 0.626087 0.904688 0.623913 0.904688 0.597826 0.906250 0.595652 0.906250 0.591304 0.907812 0.589130 0.907812 0.586957 0.909375 0.584783 0.909375 0.580435 0.910937 0.578261 0.910937 0.558696 0.912500 0.556522 0.912500 0.539130 0.910937 0.536957 0.910937 0.532609 0.909375 0.530435 0.909375 0.523913 0.907812 0.521739 0.907812 0.519565 0.906250 0.517391 0.906250 0.515217 0.904688 0.513043 0.904688 0.510870 0.901563 0.506522 0.901563 0.504348 0.900000 0.502174 0.900000 0.495652
0 0.267188 0.513043 0.267188 0.523913 0.265625 0.526087 0.262500 0.526087 0.259375 0.521739 0.253125 0.521739 0.253125 0.641304 0.264062 0.641304 0.265625 0.639130 0.265625 0.636957 0.267188 0.634783 0.267188 0.632609 0.271875 0.626087 0.271875 0.621739 0.273438 0.619565 0.273438 0.617391 0.275000 0.615217 0.275000 0.610870 0.276563 0.608696 0.276563 0.593478 0.278125 0.591304 0.278125 0.573913 0.279687 0.571739 0.279687 0.554348 0.281250 0.552174 0.281250 0.539130 0.275000 0.530435 0.275000 0.528261 0.273438 0.526087 0.273438 0.513043
0 0.212500 0.513043 0.212500 0.530435 0.210938 0.532609 0.210938 0.534783 0.207813 0.539130 0.203125 0.539130 0.203125 0.565217 0.209375 0.565217 0.210938 0.567391 0.210938 0.571739 0.212500 0.573913 0.212500 0.589130 0.214062 0.591304 0.214062 0.623913 0.215625 0.626087 0.215625 0.630435 0.217187 0.632609 0.217187 0.641304 0.229687 0.641304 0.229687 0.630435 0.228125 0.628261 0.228125 0.613043 0.229687 0.610870 0.229687 0.606522 0.231250 0.604348 0.231250 0.602174 0.234375 0.597826 0.239063 0.597826 0.239063 0.536957 0.232812 0.536957 0.231250 0.534783 0.229687 0.534783 0.226562 0.530435 0.226562 0.526087 0.225000 0.523913 0.225000 0.513043
9 0.978125 0.269565 0.978125 0.380435 0.998438 0.380435 0.998438 0.269565
0 0.942187 0.469565 0.942187 0.482609 0.940625 0.484783 0.942187 0.486957 0.942187 0.502174 0.939062 0.506522 0.937500 0.506522 0.935938 0.508696 0.934375 0.508696 0.932813 0.510870 0.931250 0.510870 0.929688 0.513043 0.928125 0.513043 0.923437 0.519565 0.923437 0.523913 0.920313 0.528261 0.915625 0.528261 0.915625 0.563043 0.925000 0.563043 0.925000 0.556522 0.928125 0.552174 0.929688 0.552174 0.931250 0.550000 0.934375 0.550000 0.935938 0.547826 0.939062 0.547826 0.940625 0.545652 0.943750 0.545652 0.945312 0.543478 0.962500 0.543478 0.964063 0.545652 0.967188 0.545652 0.968750 0.547826 0.973437 0.547826 0.975000 0.550000 0.976562 0.550000 0.978125 0.552174 0.979688 0.552174 0.982813 0.556522 0.982813 0.563043 0.985937 0.563043 0.985937 0.556522 0.990625 0.550000 0.995313 0.550000 0.995313 0.521739 0.990625 0.521739 0.985937 0.515217 0.985937 0.513043 0.978125 0.502174 0.976562 0.502174 0.975000 0.500000 0.973437 0.500000 0.965625 0.489130 0.965625 0.486957 0.964063 0.484783 0.964063 0.469565
0 0.212500 0.513043 0.212500 0.530435 0.210938 0.532609 0.210938 0.534783 0.207813 0.539130 0.203125 0.539130 0.203125 0.563043 0.207813 0.563043 0.210938 0.567391 0.210938 0.569565 0.212500 0.571739 0.212500 0.586957 0.214062 0.589130 0.214062 0.632609 0.226562 0.632609 0.226562 0.513043
0 0.942187 0.478261 0.942187 0.491304 0.943750 0.493478 0.943750 0.502174 0.942187 0.504348 0.942187 0.506522 0.939062 0.510870 0.935938 0.510870 0.934375 0.513043 0.932813 0.513043 0.929688 0.517391 0.928125 0.517391 0.926562 0.519565 0.926562 0.523913 0.925000 0.526087 0.925000 0.532609 0.923437 0.534783 0.923437 0.539130 0.921875 0.541304 0.921875 0.545652 0.920313 0.547826 0.920313 0.550000 0.918750 0.552174 0.918750 0.554348 0.917188 0.556522 0.917188 0.560870 0.915625 0.563043 0.915625 0.591304 0.914062 0.593478 0.914062 0.617391 0.912500 0.619565 0.912500 0.656522 0.910937 0.658696 0.910937 0.671739 0.909375 0.673913 0.909375 0.704348 0.910937 0.706522 0.910937 0.728261 0.907812 0.732609 0.903125 0.732609 0.903125 0.797826 0.918750 0.797826 0.918750 0.782609 0.921875 0.778261 0.934375 0.778261 0.935938 0.780435 0.935938 0.782609 0.937500 0.782609 0.943750 0.791304 0.943750 0.797826 0.964063 0.797826 0.964063 0.791304 0.967188 0.786957 0.968750 0.786957 0.971875 0.782609 0.973437 0.782609 0.975000 0.780435 0.975000 0.778261 0.978125 0.773913 0.978125 0.771739 0.979688 0.769565 0.979688 0.767391 0.981250 0.765217 0.981250 0.763043 0.982813 0.760870 0.982813 0.758696 0.985937 0.754348 0.985937 0.752174 0.987500 0.750000 0.987500 0.745652 0.989062 0.743478 0.989062 0.730435 0.990625 0.728261 0.990625 0.719565 0.992188 0.717391 0.992188 0.706522 0.993750 0.704348 0.993750 0.669565 0.992188 0.667391 0.992188 0.650000 0.990625 0.647826 0.990625 0.632609 0.992188 0.630435 0.992188 0.621739 0.993750 0.619565 0.993750 0.608696 0.992188 0.606522 0.992188 0.600000 0.990625 0.597826 0.990625 0.593478 0.989062 0.591304 0.989062 0.563043 0.987500 0.560870 0.987500 0.552174 0.989062 0.550000 0.989062 0.526087 0.987500 0.523913 0.987500 0.517391 0.985937 0.515217 0.985937 0.513043 0.984375 0.510870 0.984375 0.508696 0.979688 0.502174 0.978125 0.502174 0.976562 0.500000 0.975000 0.500000 0.970312 0.493478 0.968750 0.493478 0.965625 0.489130 0.965625 0.478261
2 0.815625 0.530435 0.815625 0.578261 0.820312 0.578261 0.821875 0.580435 0.821875 0.589130 0.842188 0.589130 0.842188 0.578261 0.840625 0.576087 0.840625 0.571739 0.842188 0.569565 0.842188 0.567391 0.845312 0.563043 0.851562 0.563043 0.851562 0.558696 0.846875 0.558696 0.845312 0.556522 0.845312 0.545652 0.843750 0.543478 0.843750 0.530435
9 0.965625 0.304348 0.965625 0.389130 0.989062 0.389130 0.989062 0.304348
0 0.865625 0.495652 0.865625 0.591304 0.870313 0.591304 0.873438 0.595652 0.873438 0.602174 0.875000 0.604348 0.875000 0.613043 0.876562 0.615217 0.876562 0.632609 0.889063 0.632609 0.889063 0.550000 0.882812 0.550000 0.881250 0.547826 0.881250 0.545652 0.879687 0.543478 0.879687 0.530435 0.881250 0.528261 0.881250 0.515217 0.884375 0.510870 0.889063 0.510870 0.889063 0.495652
0 0.259375 0.513043 0.259375 0.539130 0.265625 0.539130 0.268750 0.543478 0.268750 0.545652 0.270312 0.547826 0.270312 0.550000 0.271875 0.552174 0.271875 0.554348 0.275000 0.558696 0.275000 0.563043 0.276563 0.565217 0.276563 0.606522 0.278125 0.606522 0.278125 0.600000 0.279687 0.597826 0.279687 0.595652 0.281250 0.593478 0.281250 0.591304 0.282813 0.589130 0.287500 0.595652 0.287500 0.597826 0.289062 0.600000 0.289062 0.606522 0.295312 0.606522 0.295312 0.558696 0.290625 0.558696 0.287500 0.554348 0.287500 0.547826 0.285937 0.545652 0.285937 0.539130 0.284375 0.536957 0.284375 0.534783 0.282813 0.532609 0.282813 0.530435 0.281250 0.528261 0.281250 0.526087 0.279687 0.523913 0.279687 0.513043
