0 0.148438 0.506742 0.146875 0.508989 0.145313 0.508989 0.143750 0.511236 0.143750 0.513483 0.142188 0.515730 0.142188 0.540449 0.140625 0.542697 0.139062 0.542697 0.135937 0.547191 0.134375 0.547191 0.126563 0.558427 0.126563 0.562921 0.125000 0.565169 0.125000 0.567416 0.123438 0.569663 0.123438 0.571910 0.120312 0.576405 0.115625 0.576405 0.115625 0.612360 0.125000 0.612360 0.126563 0.614607 0.131250 0.614607 0.135937 0.621348 0.135937 0.630337 0.137500 0.632584 0.137500 0.652809 0.135937 0.655056 0.135937 0.679775 0.134375 0.682022 0.134375 0.686517 0.132812 0.688764 0.132812 0.693258 0.131250 0.695506 0.131250 0.700000 0.129688 0.702247 0.129688 0.715730 0.128125 0.717978 0.128125 0.722472 0.125000 0.726966 0.125000 0.729213 0.121875 0.733708 0.115625 0.733708 0.115625 0.749438 0.120312 0.749438 0.121875 0.751685 0.123438 0.751685 0.126563 0.756180 0.126563 0.762921 0.134375 0.762921 0.134375 0.756180 0.140625 0.747191 0.140625 0.744944 0.142188 0.742697 0.142188 0.738202 0.143750 0.735955 0.143750 0.729213 0.145313 0.726966 0.145313 0.724719 0.146875 0.722472 0.146875 0.720225 0.148438 0.717978 0.148438 0.711236 0.150000 0.708989 0.150000 0.700000 0.151562 0.697753 0.151562 0.693258 0.153125 0.691011 0.153125 0.684270 0.154687 0.682022 0.154687 0.677528 0.156250 0.675281 0.156250 0.668539 0.159375 0.664045 0.162500 0.668539 0.162500 0.670786 0.164062 0.673034 0.164062 0.677528 0.165625 0.679775 0.165625 0.686517 0.167187 0.688764 0.167187 0.697753 0.168750 0.700000 0.168750 0.704494 0.170312 0.706742 0.170312 0.711236 0.171875 0.713483 0.171875 0.717978 0.173438 0.720225 0.173438 0.724719 0.175000 0.726966 0.175000 0.731461 0.178125 0.735955 0.178125 0.740449 0.179688 0.742697 0.179688 0.749438 0.181250 0.751685 0.181250 0.762921 0.207813 0.762921 0.207813 0.753933 0.203125 0.753933 0.200000 0.749438 0.200000 0.744944 0.198437 0.742697 0.198437 0.738202 0.196875 0.735955 0.196875 0.733708 0.195312 0.731461 0.195312 0.726966 0.193750 0.724719 0.193750 0.720225 0.192188 0.717978 0.192188 0.715730 0.190625 0.713483 0.190625 0.711236 0.189063 0.708989 0.189063 0.704494 0.187500 0.702247 0.187500 0.691011 0.185937 0.688764 0.185937 0.664045 0.184375 0.661798 0.184375 0.628090 0.182812 0.625843 0.182812 0.614607 0.184375 0.612360 0.184375 0.610112 0.185937 0.607865 0.185937 0.605618 0.187500 0.603371 0.187500 0.587640 0.185937 0.585393 0.185937 0.580899 0.184375 0.578652 0.184375 0.576405 0.182812 0.574157 0.182812 0.571910 0.181250 0.569663 0.181250 0.565169 0.179688 0.562921 0.179688 0.560674 0.175000 0.553933 0.175000 0.551685 0.170312 0.544944 0.168750 0.544944 0.164062 0.538202 0.164062 0.520225 0.162500 0.517978 0.162500 0.513483 0.157813 0.506742
17 0.634375 0.765169 0.634375 0.774157 0.637500 0.778652 0.639063 0.778652 0.643750 0.785393 0.645312 0.785393 0.646875 0.783146 0.646875 0.771910 0.648438 0.769663 0.648438 0.758427 0.650000 0.756180 0.650000 0.740449 0.648438 0.738202 0.648438 0.735955 0.645312 0.731461 0.643750 0.731461 0.642187 0.729213 0.640625 0.729213 0.639063 0.731461 0.639063 0.733708 0.637500 0.735955 0.637500 0.742697 0.635938 0.744944 0.635938 0.762921 0.634375 0.765169 0.590625 0.751685 0.590625 0.726966 0.589063 0.724719 0.589063 0.693258 0.590625 0.691011 0.590625 0.682022 0.592188 0.679775 0.592188 0.677528 0.593750 0.675281 0.593750 0.673034 0.596875 0.668539 0.596875 0.664045 0.598437 0.661798 0.598437 0.659551 0.603125 0.652809 0.603125 0.650562 0.604688 0.648315 0.604688 0.646067 0.609375 0.639326 0.612500 0.639326 0.614062 0.637079 0.615625 0.637079 0.617188 0.634831 0.623438 0.634831 0.625000 0.637079 0.628125 0.637079 0.628125 0.630337 0.629687 0.628090 0.628125 0.625843 0.628125 0.619101 0.629687 0.616854 0.629687 0.607865 0.631250 0.605618 0.631250 0.601124 0.768750 0.583146 0.760938 0.583146 0.759375 0.585393 0.757812 0.585393 0.756250 0.587640 0.756250 0.589888 0.754687 0.592135 0.754687 0.596629 0.753125 0.598876 0.753125 0.605618 0.751562 0.607865 0.751562 0.612360 0.750000 0.614607 0.750000 0.619101 0.748438 0.621348 0.748438 0.639326 0.746875 0.641573 0.746875 0.652809 0.745313 0.655056 0.745313 0.657303 0.740625 0.657303 0.737500 0.661798 0.737500 0.664045 0.735937 0.666292 0.660937 0.466292 0.660937 0.464045 0.662500 0.461798 0.662500 0.457303 0.659375 0.452809 0.654688 0.452809 0.653125 0.450562 0.653125 0.446067 0.654688 0.443820 0.654688 0.432584 0.648438 0.432584 0.648438 0.443820 0.651563 0.448315 0.651563 0.452809 0.650000 0.455056 0.650000 0.466292 0.651563 0.466292 0.653125 0.468539 0.659375 0.468539 0.660937 0.466292 0.735937 0.666292 0.735937 0.677528 0.734375 0.679775 0.734375 0.688764 0.732813 0.691011 0.732813 0.693258 0.731250 0.693258 0.729688 0.695506 0.729688 0.697753 0.728125 0.700000 0.728125 0.702247 0.729688 0.704494 0.729688 0.706742 0.731250 0.708989 0.732813 0.708989 0.732813 0.713483 0.734375 0.715730 0.734375 0.724719 0.735937 0.726966 0.735937 0.738202 0.729688 0.738202 0.726562 0.733708 0.726562 0.731461 0.725000 0.729213 0.725000 0.726966 0.720312 0.720225 0.720312 0.717978 0.718750 0.715730 0.718750 0.711236 0.717188 0.708989 0.718750 0.706742 0.718750 0.700000 0.720312 0.697753 0.720312 0.695506 0.721875 0.693258 0.721875 0.664045 0.720312 0.661798 0.720312 0.646067 0.718750 0.643820 0.718750 0.639326 0.717188 0.637079 0.717188 0.634831 0.714063 0.630337 0.714063 0.628090 0.712500 0.625843 0.712500 0.623595 0.709375 0.619101 0.709375 0.616854 0.707812 0.614607 0.707812 0.612360 0.701563 0.603371 0.690625 0.603371 0.684375 0.594382 0.684375 0.592135 0.687500 0.587640 0.687500 0.585393 0.689062 0.583146 0.690625 0.583146 0.693750 0.578652 0.695312 0.578652 0.698438 0.574157 0.700000 0.574157 0.704687 0.567416 0.704687 0.565169 0.706250 0.562921 0.706250 0.560674 0.709375 0.556180 0.709375 0.547191 0.710938 0.544944 0.710938 0.540449 0.690625 0.511236 0.690625 0.508989 0.687500 0.504494 0.687500 0.502247 0.682813 0.495506 0.682813 0.493258 0.684375 0.493258 0.685938 0.491011 0.687500 0.491011 0.689062 0.488764 0.690625 0.488764 0.693750 0.484270 0.698438 0.484270 0.700000 0.482022 0.703125 0.482022 0.704687 0.479775 0.706250 0.479775 0.715625 0.466292 0.723437 0.466292 0.725000 0.468539 0.726562 0.468539 0.728125 0.470787 0.729688 0.470787 0.732813 0.475281 0.739062 0.475281 0.740625 0.473034 0.745313 0.473034 0.746875 0.470787 0.748438 0.470787 0.750000 0.468539 0.751562 0.468539 0.754687 0.464045 0.756250 0.464045 0.757812 0.461798 0.759375 0.461798 0.760938 0.459551 0.760938 0.457303 0.762500 0.455056 0.762500 0.450562 0.765625 0.446067 0.773438 0.446067 0.775000 0.448315 0.776563 0.448315 0.778125 0.450562 0.779688 0.450562 0.781250 0.452809 0.782812 0.452809 0.790625 0.464045 0.790625 0.466292 0.792188 0.468539 0.792188 0.470787 0.796875 0.477528 0.801562 0.477528 0.801562 0.502247 0.796875 0.502247 0.795313 0.504494 0.795313 0.506742 0.793750 0.508989 0.793750 0.517978 0.792188 0.520225 0.792188 0.529213 0.790625 0.531461 0.790625 0.535955 0.789062 0.538202 0.789062 0.540449 0.782812 0.549438 0.781250 0.549438 0.776563 0.556180 0.776563 0.567416 0.775000 0.569663 0.775000 0.574157 0.771875 0.578652 0.771875 0.580899 0.770312 0.580899 0.768750 0.583146 0.631250 0.601124 0.629687 0.598876 0.629687 0.594382 0.628125 0.592135 0.628125 0.583146 0.626562 0.580899 0.626562 0.569663 0.625000 0.567416 0.625000 0.562921 0.623438 0.560674 0.623438 0.553933 0.621875 0.551685 0.621875 0.542697 0.620313 0.540449 0.620313 0.520225 0.621875 0.517978 0.621875 0.515730 0.623438 0.513483 0.623438 0.508989 0.621875 0.506742 0.621875 0.504494 0.620313 0.504494 0.618750 0.506742 0.607813 0.506742 0.606250 0.508989 0.603125 0.508989 0.601562 0.511236 0.600000 0.511236 0.596875 0.515730 0.595312 0.515730 0.593750 0.517978 0.592188 0.517978 0.590625 0.520225 0.587500 0.520225 0.584375 0.524719 0.582812 0.524719 0.581250 0.526966 0.579687 0.526966 0.578125 0.529213 0.576563 0.529213 0.575000 0.531461 0.573438 0.531461 0.570312 0.535955 0.568750 0.535955 0.562500 0.544944 0.560938 0.544944 0.557813 0.549438 0.557813 0.551685 0.556250 0.553933 0.556250 0.556180 0.554688 0.558427 0.554688 0.560674 0.553125 0.562921 0.553125 0.565169 0.551562 0.567416 0.551562 0.574157 0.550000 0.576405 0.550000 0.580899 0.546875 0.585393 0.546875 0.587640 0.545313 0.589888 0.545313 0.592135 0.543750 0.594382 0.543750 0.596629 0.540625 0.601124 0.539062 0.601124 0.537500 0.603371 0.534375 0.603371 0.532812 0.605618 0.531250 0.605618 0.528125 0.610112 0.521875 0.610112 0.521875 0.648315 0.528125 0.648315 0.528125 0.646067 0.529688 0.643820 0.529688 0.639326 0.531250 0.637079 0.534375 0.637079 0.535937 0.639326 0.535937 0.643820 0.548437 0.661798 0.548437 0.664045 0.550000 0.666292 0.550000 0.668539 0.551562 0.670786 0.551562 0.673034 0.553125 0.675281 0.553125 0.677528 0.556250 0.682022 0.556250 0.684270 0.557813 0.686517 0.557813 0.688764 0.568750 0.704494 0.568750 0.706742 0.570312 0.708989 0.570312 0.715730 0.571875 0.717978 0.571875 0.724719 0.573438 0.726966 0.573438 0.729213 0.575000 0.731461 0.575000 0.735955 0.576563 0.738202 0.576563 0.740449 0.578125 0.742697 0.578125 0.744944 0.579687 0.747191 0.579687 0.749438 0.581250 0.751685 0.581250 0.756180 0.582812 0.758427 0.585938 0.758427 0.587500 0.756180 0.589063 0.756180 0.589063 0.753933 0.590625 0.751685
2 0.015625 0.468539 0.015625 0.547191 0.042188 0.547191 0.042188 0.540449 0.045313 0.535955 0.048437 0.535955 0.050000 0.533708 0.056250 0.533708 0.057813 0.531461 0.068750 0.531461 0.070312 0.533708 0.079687 0.533708 0.081250 0.531461 0.084375 0.531461 0.090625 0.522472 0.092188 0.522472 0.093750 0.520225 0.095312 0.520225 0.096875 0.517978 0.101562 0.517978 0.101562 0.500000 0.096875 0.500000 0.095312 0.497753 0.093750 0.497753 0.092188 0.495506 0.090625 0.495506 0.089062 0.493258 0.084375 0.493258 0.082813 0.491011 0.081250 0.491011 0.078125 0.486517 0.076563 0.486517 0.073437 0.482022 0.073437 0.479775 0.070312 0.475281 0.070312 0.468539
0 0.339063 0.488764 0.337500 0.491011 0.335938 0.491011 0.334375 0.493258 0.332812 0.493258 0.332812 0.500000 0.331250 0.502247 0.331250 0.520225 0.332812 0.522472 0.332812 0.531461 0.331250 0.533708 0.331250 0.538202 0.328125 0.542697 0.326562 0.542697 0.325000 0.544944 0.323438 0.544944 0.321875 0.547191 0.320312 0.547191 0.315625 0.553933 0.314063 0.553933 0.314063 0.556180 0.310937 0.560674 0.310937 0.562921 0.309375 0.565169 0.303125 0.565169 0.303125 0.583146 0.307813 0.583146 0.310937 0.587640 0.310937 0.589888 0.317187 0.598876 0.317187 0.603371 0.318750 0.605618 0.318750 0.619101 0.320312 0.621348 0.320312 0.628090 0.318750 0.630337 0.318750 0.650562 0.320312 0.652809 0.320312 0.661798 0.321875 0.664045 0.321875 0.677528 0.323438 0.679775 0.323438 0.695506 0.325000 0.697753 0.325000 0.715730 0.326562 0.717978 0.326562 0.726966 0.328125 0.729213 0.328125 0.735955 0.329688 0.738202 0.329688 0.756180 0.331250 0.758427 0.331250 0.767416 0.332812 0.769663 0.332812 0.776405 0.334375 0.778652 0.334375 0.796629 0.332812 0.798876 0.332812 0.812360 0.334375 0.814607 0.334375 0.823596 0.335938 0.825843 0.335938 0.832584 0.337500 0.834831 0.337500 0.843820 0.367188 0.843820 0.367188 0.834831 0.368750 0.832584 0.368750 0.738202 0.370313 0.735955 0.370313 0.706742 0.371875 0.704494 0.371875 0.693258 0.370313 0.691011 0.370313 0.664045 0.368750 0.661798 0.368750 0.650562 0.367188 0.648315 0.367188 0.628090 0.368750 0.625843 0.368750 0.619101 0.370313 0.616854 0.370313 0.614607 0.373437 0.610112 0.373437 0.605618 0.375000 0.603371 0.375000 0.596629 0.376563 0.594382 0.376563 0.592135 0.378125 0.589888 0.382812 0.589888 0.382812 0.571910 0.378125 0.571910 0.376563 0.569663 0.376563 0.567416 0.375000 0.565169 0.375000 0.560674 0.373437 0.558427 0.373437 0.556180 0.371875 0.553933 0.371875 0.551685 0.367188 0.544944 0.365625 0.544944 0.364062 0.542697 0.362500 0.542697 0.357812 0.535955 0.357812 0.533708 0.356250 0.531461 0.356250 0.526966 0.354688 0.524719 0.354688 0.513483 0.356250 0.511236 0.356250 0.502247 0.354688 0.500000 0.354688 0.495506 0.351562 0.491011 0.350000 0.491011 0.348437 0.488764
0 0.639063 0.432584 0.639063 0.486517 0.631250 0.497753 0.629687 0.497753 0.626562 0.502247 0.625000 0.502247 0.621875 0.506742 0.621875 0.508989 0.618750 0.513483 0.618750 0.529213 0.617188 0.531461 0.617188 0.565169 0.615625 0.567416 0.617188 0.569663 0.617188 0.571910 0.618750 0.574157 0.620313 0.574157 0.625000 0.580899 0.625000 0.583146 0.628125 0.587640 0.628125 0.594382 0.629687 0.596629 0.629687 0.614607 0.628125 0.616854 0.628125 0.623595 0.629687 0.625843 0.629687 0.632584 0.631250 0.634831 0.631250 0.639326 0.632812 0.641573 0.632812 0.646067 0.634375 0.648315 0.634375 0.650562 0.635938 0.652809 0.635938 0.657303 0.637500 0.659551 0.637500 0.661798 0.639063 0.664045 0.639063 0.668539 0.640625 0.670786 0.640625 0.684270 0.639063 0.686517 0.639063 0.702247 0.637500 0.704494 0.637500 0.715730 0.635938 0.717978 0.635938 0.724719 0.634375 0.726966 0.634375 0.733708 0.632812 0.735955 0.632812 0.744944 0.631250 0.747191 0.631250 0.756180 0.629687 0.758427 0.629687 0.765169 0.628125 0.767416 0.628125 0.771910 0.626562 0.774157 0.626562 0.778652 0.625000 0.780899 0.625000 0.787640 0.623438 0.789888 0.623438 0.796629 0.621875 0.798876 0.621875 0.801124 0.623438 0.803371 0.623438 0.805618 0.625000 0.807865 0.625000 0.816854 0.645312 0.816854 0.645312 0.810112 0.648438 0.805618 0.650000 0.805618 0.651563 0.803371 0.653125 0.803371 0.654688 0.801124 0.657812 0.801124 0.659375 0.798876 0.659375 0.796629 0.660937 0.794382 0.660937 0.792135 0.667188 0.783146 0.668750 0.783146 0.670313 0.780899 0.670313 0.778652 0.671875 0.776405 0.671875 0.758427 0.673437 0.756180 0.673437 0.742697 0.671875 0.740449 0.671875 0.657303 0.673437 0.655056 0.673437 0.603371 0.675000 0.601124 0.675000 0.596629 0.676562 0.594382 0.676562 0.589888 0.679688 0.585393 0.679688 0.583146 0.681250 0.580899 0.681250 0.578652 0.684375 0.574157 0.685938 0.576405 0.687500 0.576405 0.689062 0.578652 0.690625 0.578652 0.692187 0.576405 0.695312 0.576405 0.696875 0.574157 0.698438 0.574157 0.703125 0.567416 0.707812 0.567416 0.707812 0.562921 0.703125 0.562921 0.701563 0.560674 0.701563 0.551685 0.703125 0.549438 0.707812 0.549438 0.703125 0.549438 0.701563 0.547191 0.701563 0.544944 0.698438 0.540449 0.698438 0.538202 0.695312 0.533708 0.695312 0.529213 0.693750 0.526966 0.693750 0.524719 0.690625 0.520225 0.690625 0.517978 0.687500 0.513483 0.687500 0.511236 0.684375 0.506742 0.684375 0.504494 0.678125 0.495506 0.676562 0.495506 0.675000 0.493258 0.673437 0.493258 0.668750 0.486517 0.668750 0.482022 0.667188 0.479775 0.667188 0.470787 0.668750 0.468539 0.668750 0.452809 0.667188 0.450562 0.667188 0.448315 0.665625 0.446067 0.665625 0.443820 0.662500 0.439326 0.662500 0.432584
0 0.425000 0.414607 0.425000 0.421348 0.423438 0.423596 0.423438 0.425843 0.420312 0.430337 0.415625 0.430337 0.415625 0.461798 0.420312 0.461798 0.423438 0.466292 0.423438 0.475281 0.439063 0.475281 0.439063 0.439326 0.434375 0.439326 0.432813 0.437079 0.432813 0.434831 0.431250 0.432584 0.431250 0.428090 0.429688 0.425843 0.429688 0.414607
2 0.926562 0.387640 0.926562 0.394382 0.923437 0.398876 0.921875 0.398876 0.917188 0.405618 0.915625 0.405618 0.914062 0.407865 0.910937 0.407865 0.909375 0.410112 0.907812 0.410112 0.901563 0.419101 0.900000 0.419101 0.895312 0.425843 0.893750 0.425843 0.889063 0.432584 0.887500 0.432584 0.885938 0.434831 0.884375 0.434831 0.882812 0.437079 0.879687 0.437079 0.878125 0.439326 0.876562 0.439326 0.875000 0.441573 0.873438 0.441573 0.871875 0.443820 0.868750 0.443820 0.867188 0.446067 0.865625 0.446067 0.864062 0.448315 0.859375 0.448315 0.857813 0.450562 0.854688 0.450562 0.853125 0.452809 0.851562 0.452809 0.850000 0.455056 0.846875 0.455056 0.845312 0.457303 0.837500 0.457303 0.835938 0.459551 0.829687 0.459551 0.828125 0.461798 0.823438 0.461798 0.821875 0.464045 0.815625 0.464045 0.814062 0.466292 0.809375 0.466292 0.807813 0.468539 0.806250 0.468539 0.803125 0.473034 0.800000 0.473034 0.798437 0.475281 0.796875 0.475281 0.795313 0.477528 0.795313 0.493258 0.793750 0.495506 0.793750 0.506742 0.792188 0.508989 0.792188 0.522472 0.790625 0.524719 0.790625 0.526966 0.789062 0.529213 0.784375 0.529213 0.784375 0.549438 0.812500 0.549438 0.814062 0.551685 0.821875 0.551685 0.823438 0.553933 0.839063 0.553933 0.840625 0.556180 0.851562 0.556180 0.853125 0.558427 0.854688 0.558427 0.856250 0.560674 0.857813 0.560674 0.860937 0.565169 0.862500 0.565169 0.867188 0.571910 0.868750 0.571910 0.871875 0.576405 0.873438 0.576405 0.879687 0.585393 0.879687 0.592135 0.920313 0.592135 0.920313 0.585393 0.921875 0.583146 0.925000 0.583146 0.928125 0.578652 0.928125 0.576405 0.929688 0.574157 0.929688 0.571910 0.931250 0.569663 0.931250 0.567416 0.932813 0.565169 0.932813 0.562921 0.935938 0.558427 0.937500 0.558427 0.939062 0.556180 0.940625 0.556180 0.943750 0.551685 0.945312 0.551685 0.946875 0.549438 0.956250 0.549438 0.957812 0.547191 0.964063 0.547191 0.965625 0.544944 0.970312 0.544944 0.971875 0.542697 0.973437 0.542697 0.975000 0.540449 0.976562 0.540449 0.978125 0.538202 0.982813 0.538202 0.982813 0.387640
2 0.548437 0.414607 0.548437 0.421348 0.543750 0.428090 0.542188 0.428090 0.540625 0.430337 0.537500 0.430337 0.532812 0.437079 0.528125 0.437079 0.528125 0.457303 0.545313 0.457303 0.545313 0.450562 0.546875 0.448315 0.550000 0.448315 0.551562 0.446067 0.560938 0.446067 0.562500 0.443820 0.582812 0.443820 0.582812 0.414607
0 0.265625 0.432584 0.265625 0.502247 0.282813 0.502247 0.282813 0.432584
0 0.153125 0.441573 0.153125 0.504494 0.157813 0.504494 0.159375 0.506742 0.160938 0.506742 0.164062 0.511236 0.164062 0.520225 0.165625 0.520225 0.165625 0.513483 0.167187 0.511236 0.167187 0.504494 0.168750 0.502247 0.168750 0.497753 0.170312 0.495506 0.170312 0.493258 0.171875 0.491011 0.176563 0.491011 0.176563 0.461798 0.171875 0.461798 0.170312 0.459551 0.170312 0.457303 0.168750 0.455056 0.168750 0.441573
2 0.078125 0.459551 0.078125 0.486517 0.082813 0.486517 0.084375 0.488764 0.085938 0.488764 0.090625 0.495506 0.092188 0.495506 0.098438 0.504494 0.098438 0.506742 0.100000 0.508989 0.100000 0.513483 0.103125 0.517978 0.112500 0.517978 0.114063 0.520225 0.115625 0.517978 0.118750 0.517978 0.120312 0.515730 0.123438 0.515730 0.125000 0.513483 0.139062 0.513483 0.143750 0.506742 0.145313 0.506742 0.146875 0.504494 0.151562 0.504494 0.151562 0.479775 0.146875 0.479775 0.139062 0.468539 0.132812 0.468539 0.131250 0.470787 0.129688 0.470787 0.128125 0.473034 0.126563 0.473034 0.125000 0.470787 0.121875 0.470787 0.118750 0.466292 0.118750 0.459551
2 0.490625 0.414607 0.490625 0.441573 0.498437 0.441573 0.500000 0.443820 0.501562 0.443820 0.506250 0.450562 0.506250 0.457303 0.531250 0.457303 0.531250 0.450562 0.532812 0.448315 0.532812 0.446067 0.534375 0.443820 0.539062 0.443820 0.539062 0.414607
2 0.546875 0.414607 0.546875 0.423596 0.545313 0.425843 0.543750 0.425843 0.542188 0.428090 0.540625 0.428090 0.539062 0.430337 0.537500 0.430337 0.534375 0.434831 0.528125 0.434831 0.528125 0.457303 0.548437 0.457303 0.548437 0.450562 0.550000 0.448315 0.559375 0.448315 0.560938 0.446067 0.562500 0.446067 0.564062 0.443820 0.576563 0.443820 0.576563 0.414607
0 0.165625 0.450562 0.165625 0.520225 0.189063 0.520225 0.189063 0.468539 0.184375 0.468539 0.181250 0.464045 0.181250 0.450562
2 0.173438 0.432584 0.173438 0.441573 0.171875 0.443820 0.165625 0.443820 0.165625 0.464045 0.171875 0.464045 0.173438 0.466292 0.175000 0.466292 0.176563 0.468539 0.178125 0.468539 0.181250 0.473034 0.182812 0.473034 0.184375 0.475281 0.184375 0.484270 0.207813 0.484270 0.207813 0.441573 0.203125 0.441573 0.201562 0.439326 0.201562 0.432584
17 0.759375 0.432584 0.759375 0.457303 0.757812 0.459551 0.756250 0.459551 0.754687 0.461798 0.750000 0.461798 0.748438 0.464045 0.745313 0.464045 0.743750 0.461798 0.743750 0.452809 0.742188 0.450562 0.739062 0.450562 0.735937 0.455056 0.734375 0.455056 0.732813 0.457303 0.729688 0.457303 0.728125 0.459551 0.726562 0.457303 0.723437 0.457303 0.721875 0.455056 0.715625 0.464045 0.714063 0.464045 0.709375 0.470787 0.709375 0.473034 0.703125 0.482022 0.700000 0.482022 0.698438 0.484270 0.693750 0.484270 0.692187 0.486517 0.690625 0.486517 0.689062 0.488764 0.685938 0.488764 0.684375 0.491011 0.682813 0.491011 0.681250 0.493258 0.679688 0.493258 0.681250 0.495506 0.682813 0.495506 0.689062 0.504494 0.689062 0.506742 0.696875 0.517978 0.696875 0.520225 0.698438 0.520225 0.703125 0.526966 0.704687 0.526966 0.706250 0.529213 0.707812 0.529213 0.709375 0.531461 0.710938 0.531461 0.715625 0.538202 0.717188 0.538202 0.718750 0.540449 0.718750 0.542697 0.720312 0.544944 0.720312 0.553933 0.718750 0.556180 0.718750 0.558427 0.715625 0.562921 0.715625 0.565169 0.707812 0.576405 0.701563 0.576405 0.700000 0.578652 0.695312 0.578652 0.693750 0.580899 0.687500 0.580899 0.685938 0.578652 0.684375 0.578652 0.681250 0.583146 0.681250 0.587640 0.678125 0.592135 0.671875 0.592135 0.671875 0.594382 0.681250 0.594382 0.682813 0.592135 0.684375 0.594382 0.685938 0.594382 0.687500 0.596629 0.692187 0.596629 0.693750 0.594382 0.695312 0.594382 0.696875 0.592135 0.701563 0.592135 0.704687 0.596629 0.704687 0.601124 0.706250 0.603371 0.706250 0.610112 0.707812 0.612360 0.707812 0.619101 0.709375 0.621348 0.709375 0.623595 0.710938 0.625843 0.710938 0.628090 0.714063 0.632584 0.714063 0.634831 0.717188 0.639326 0.717188 0.643820 0.718750 0.646067 0.718750 0.657303 0.720312 0.659551 0.720312 0.670786 0.718750 0.673034 0.718750 0.684270 0.717188 0.686517 0.717188 0.688764 0.715625 0.691011 0.715625 0.693258 0.712500 0.697753 0.712500 0.702247 0.710938 0.704494 0.710938 0.708989 0.712500 0.711236 0.712500 0.713483 0.718750 0.722472 0.720312 0.722472 0.721875 0.724719 0.721875 0.726966 0.723437 0.729213 0.723437 0.731461 0.725000 0.733708 0.725000 0.735955 0.729688 0.742697 0.731250 0.742697 0.732813 0.744944 0.734375 0.744944 0.735937 0.747191 0.735937 0.753933 0.740625 0.753933 0.740625 0.742697 0.742188 0.740449 0.742188 0.733708 0.740625 0.731461 0.740625 0.726966 0.739062 0.724719 0.739062 0.722472 0.737500 0.720225 0.737500 0.715730 0.735937 0.713483 0.735937 0.677528 0.737500 0.675281 0.737500 0.668539 0.740625 0.664045 0.745313 0.670786 0.746875 0.670786 0.746875 0.666292 0.748438 0.664045 0.748438 0.621348 0.750000 0.619101 0.750000 0.614607 0.751562 0.612360 0.751562 0.607865 0.753125 0.605618 0.753125 0.598876 0.754687 0.596629 0.754687 0.594382 0.756250 0.592135 0.756250 0.589888 0.759375 0.585393 0.760938 0.585393 0.762500 0.587640 0.764063 0.587640 0.765625 0.585393 0.767187 0.585393 0.770312 0.580899 0.770312 0.578652 0.771875 0.576405 0.771875 0.565169 0.767187 0.558427 0.767187 0.549438 0.770312 0.544944 0.773438 0.544944 0.775000 0.547191 0.778125 0.547191 0.779688 0.549438 0.784375 0.549438 0.792188 0.538202 0.792188 0.522472 0.793750 0.520225 0.793750 0.515730 0.796875 0.511236 0.801562 0.511236 0.801562 0.473034 0.796875 0.473034 0.792188 0.466292 0.792188 0.461798 0.790625 0.459551 0.790625 0.457303 0.789062 0.455056 0.789062 0.452809 0.782812 0.443820 0.781250 0.443820 0.778125 0.439326 0.778125 0.432584
2 0.628125 0.405618 0.628125 0.448315 0.634375 0.448315 0.634375 0.439326 0.635938 0.437079 0.635938 0.434831 0.637500 0.432584 0.639063 0.432584 0.640625 0.430337 0.645312 0.430337 0.646875 0.428090 0.653125 0.428090 0.654688 0.425843 0.659375 0.425843 0.660937 0.423596 0.662500 0.423596 0.664062 0.421348 0.670313 0.421348 0.670313 0.405618
2 0.178125 0.432584 0.178125 0.475281 0.182812 0.475281 0.184375 0.477528 0.184375 0.484270 0.207813 0.484270 0.207813 0.432584
2 0.492188 0.405618 0.492188 0.412360 0.476562 0.434831 0.471875 0.434831 0.471875 0.466292 0.485938 0.466292 0.485938 0.459551 0.490625 0.452809 0.492188 0.452809 0.496875 0.446067 0.498437 0.448315 0.501562 0.448315 0.503125 0.450562 0.504687 0.450562 0.506250 0.452809 0.528125 0.452809 0.529688 0.450562 0.531250 0.450562 0.532812 0.448315 0.539062 0.448315 0.539062 0.425843 0.534375 0.425843 0.529688 0.419101 0.529688 0.414607 0.528125 0.412360 0.528125 0.405618
2 0.084375 0.468539 0.084375 0.495506 0.090625 0.495506 0.093750 0.500000 0.095312 0.500000 0.096875 0.502247 0.096875 0.504494 0.098438 0.506742 0.098438 0.508989 0.100000 0.511236 0.100000 0.513483 0.103125 0.517978 0.110937 0.517978 0.112500 0.520225 0.115625 0.520225 0.117188 0.517978 0.118750 0.517978 0.120312 0.515730 0.123438 0.515730 0.125000 0.513483 0.132812 0.513483 0.134375 0.511236 0.139062 0.511236 0.139062 0.486517 0.128125 0.486517 0.125000 0.482022 0.123438 0.482022 0.120312 0.477528 0.120312 0.468539
