73 0.214583 0.796875 0.212500 0.795313 0.204167 0.795313 0.204167 0.807813 0.214583 0.807813 0.214583 0.796875 0.227083 0.795313 0.227083 0.798437 0.233333 0.803125 0.233333 0.807813 0.241667 0.807813 0.241667 0.803125 0.243750 0.801562 0.245833 0.801562 0.247917 0.800000 0.252083 0.800000 0.254167 0.798437 0.256250 0.798437 0.258333 0.796875 0.281250 0.796875 0.283333 0.795313 0.289583 0.795313 0.291667 0.796875 0.297917 0.796875 0.300000 0.795313 0.306250 0.795313 0.308333 0.796875 0.335417 0.796875 0.335417 0.540625 0.329167 0.540625 0.329167 0.542188 0.327083 0.543750 0.327083 0.551562 0.325000 0.553125 0.325000 0.570312 0.327083 0.571875 0.327083 0.592188 0.329167 0.593750 0.329167 0.601562 0.327083 0.603125 0.327083 0.606250 0.325000 0.607813 0.325000 0.612500 0.322917 0.614062 0.322917 0.615625 0.320833 0.617188 0.312500 0.617188 0.310417 0.615625 0.310417 0.604688 0.308333 0.603125 0.308333 0.528125 0.310417 0.526563 0.310417 0.479688 0.312500 0.478125 0.312500 0.462500 0.314583 0.460938 0.314583 0.390625 0.316667 0.389062 0.316667 0.376563 0.318750 0.375000 0.318750 0.368750 0.320833 0.367188 0.325000 0.367188 0.327083 0.368750 0.335417 0.368750 0.335417 0.290625 0.329167 0.290625 0.327083 0.292188 0.314583 0.292188 0.312500 0.290625 0.300000 0.290625 0.297917 0.289062 0.293750 0.289062 0.291667 0.287500 0.287500 0.287500 0.285417 0.285937 0.260417 0.285937 0.258333 0.287500 0.254167 0.287500 0.252083 0.289062 0.250000 0.289062 0.247917 0.290625 0.245833 0.290625 0.243750 0.292188 0.237500 0.292188 0.235417 0.293750 0.233333 0.293750 0.231250 0.295312 0.229167 0.295312 0.227083 0.296875 0.216667 0.296875 0.214583 0.298438 0.204167 0.298438 0.204167 0.353125 0.212500 0.353125 0.214583 0.354688 0.214583 0.356250 0.216667 0.357812 0.216667 0.362500 0.214583 0.364062 0.214583 0.365625 0.210417 0.368750 0.204167 0.368750 0.204167 0.393750 0.210417 0.393750 0.212500 0.395312 0.212500 0.396875 0.210417 0.398438 0.204167 0.398438 0.204167 0.453125 0.210417 0.453125 0.214583 0.456250 0.214583 0.465625 0.216667 0.467187 0.216667 0.475000 0.214583 0.476562 0.216667 0.478125 0.216667 0.481250 0.218750 0.482812 0.218750 0.559375 0.220833 0.560938 0.220833 0.620313 0.222917 0.621875 0.222917 0.635938 0.220833 0.637500 0.220833 0.642187 0.218750 0.643750 0.218750 0.667188 0.220833 0.668750 0.220833 0.692187 0.218750 0.693750 0.218750 0.701563 0.216667 0.703125 0.216667 0.709375 0.214583 0.710938 0.214583 0.720312 0.212500 0.721875 0.212500 0.732813 0.210417 0.734375 0.204167 0.734375 0.204167 0.770312 0.210417 0.770312 0.212500 0.771875 0.212500 0.773438 0.214583 0.775000 0.214583 0.776563 0.216667 0.778125 0.220833 0.778125 0.222917 0.779688 0.225000 0.779688 0.227083 0.781250 0.229167 0.781250 0.233333 0.784375 0.233333 0.785937 0.231250 0.787500 0.231250 0.790625 0.229167 0.792188 0.229167 0.793750 0.227083 0.795313
5 0.400000 0.784375 0.400000 0.789062 0.397917 0.790625 0.395833 0.790625 0.393750 0.792188 0.377083 0.792188 0.375000 0.793750 0.372917 0.793750 0.370833 0.795313 0.366667 0.795313 0.364583 0.796875 0.352083 0.796875 0.350000 0.798437 0.302083 0.798437 0.300000 0.796875 0.287500 0.796875 0.285417 0.795313 0.283333 0.795313 0.281250 0.796875 0.275000 0.796875 0.272917 0.795313 0.268750 0.795313 0.266667 0.796875 0.231250 0.796875 0.229167 0.798437 0.212500 0.798437 0.195833 0.810938 0.195833 0.812500 0.193750 0.814062 0.193750 0.815625 0.191667 0.817187 0.191667 0.818750 0.189583 0.820312 0.189583 0.821875 0.187500 0.823438 0.187500 0.825000 0.185417 0.826563 0.185417 0.828125 0.172917 0.837500 0.170833 0.837500 0.168750 0.839063 0.166667 0.839063 0.164583 0.840625 0.164583 0.842188 0.160417 0.845312 0.160417 0.846875 0.158333 0.848437 0.158333 0.850000 0.156250 0.851562 0.156250 0.854688 0.154167 0.856250 0.154167 0.857813 0.152083 0.859375 0.145833 0.859375 0.145833 0.878125 0.152083 0.878125 0.156250 0.881250 0.156250 0.900000 0.154167 0.901563 0.154167 0.906250 0.152083 0.907812 0.145833 0.907812 0.145833 0.970312 0.152083 0.970312 0.158333 0.975000 0.158333 0.976562 0.162500 0.979688 0.164583 0.979688 0.168750 0.982813 0.204167 0.982813 0.206250 0.981250 0.216667 0.981250 0.218750 0.979688 0.227083 0.979688 0.229167 0.978125 0.256250 0.978125 0.258333 0.979688 0.275000 0.979688 0.277083 0.981250 0.285417 0.981250 0.287500 0.982813 0.289583 0.982813 0.291667 0.984375 0.293750 0.984375 0.295833 0.985937 0.297917 0.985937 0.300000 0.987500 0.302083 0.987500 0.306250 0.990625 0.306250 0.995313 0.364583 0.995313 0.364583 0.990625 0.377083 0.981250 0.433333 0.981250 0.435417 0.979688 0.452083 0.979688 0.454167 0.981250 0.495833 0.981250 0.497917 0.979688 0.545833 0.979688 0.547917 0.978125 0.595833 0.978125 0.597917 0.976562 0.618750 0.976562 0.620833 0.978125 0.622917 0.976562 0.629167 0.976562 0.631250 0.978125 0.645833 0.978125 0.647917 0.976562 0.683333 0.976562 0.685417 0.978125 0.706250 0.978125 0.708333 0.979688 0.720833 0.979688 0.722917 0.981250 0.725000 0.981250 0.729167 0.984375 0.729167 0.987500 0.731250 0.989062 0.731250 0.995313 0.789583 0.995313 0.789583 0.990625 0.795833 0.985937 0.797917 0.985937 0.802083 0.982813 0.806250 0.982813 0.808333 0.981250 0.829167 0.981250 0.831250 0.979688 0.893750 0.979688 0.895833 0.978125 0.902083 0.978125 0.904167 0.976562 0.914583 0.976562 0.916667 0.975000 0.922917 0.975000 0.925000 0.973437 0.937500 0.973437 0.939583 0.971875 0.941667 0.971875 0.943750 0.970312 0.947917 0.970312 0.950000 0.968750 0.956250 0.968750 0.958333 0.967188 0.960417 0.967188 0.962500 0.965625 0.964583 0.965625 0.966667 0.964063 0.966667 0.960938 0.968750 0.959375 0.968750 0.957812 0.970833 0.956250 0.977083 0.956250 0.977083 0.870313 0.970833 0.870313 0.968750 0.868750 0.968750 0.864062 0.966667 0.862500 0.966667 0.853125 0.964583 0.851562 0.964583 0.837500 0.962500 0.835938 0.962500 0.825000 0.960417 0.823438 0.960417 0.820312 0.958333 0.818750 0.958333 0.815625 0.956250 0.814062 0.956250 0.810938 0.954167 0.809375 0.954167 0.807813 0.945833 0.801562 0.943750 0.801562 0.941667 0.800000 0.939583 0.800000 0.937500 0.798437 0.935417 0.798437 0.933333 0.796875 0.931250 0.796875 0.929167 0.795313 0.922917 0.795313 0.920833 0.793750 0.912500 0.793750 0.910417 0.792188 0.902083 0.792188 0.900000 0.790625 0.897917 0.790625 0.895833 0.789062 0.895833 0.784375 0.841667 0.784375 0.841667 0.790625 0.837500 0.793750 0.835417 0.793750 0.831250 0.796875 0.829167 0.796875 0.827083 0.798437 0.825000 0.798437 0.822917 0.800000 0.820833 0.800000 0.816667 0.803125 0.812500 0.803125 0.810417 0.804688 0.808333 0.804688 0.806250 0.806250 0.802083 0.806250 0.800000 0.807813 0.762500 0.807813 0.754167 0.801562 0.754167 0.784375 0.718750 0.784375 0.718750 0.789062 0.714583 0.792188 0.712500 0.792188 0.710417 0.793750 0.706250 0.793750 0.704167 0.795313 0.691667 0.795313 0.689583 0.793750 0.677083 0.793750 0.675000 0.792188 0.670833 0.792188 0.668750 0.790625 0.666667 0.790625 0.664583 0.789062 0.664583 0.784375
73 0.412500 0.206250 0.406250 0.201562 0.368750 0.201562 0.366667 0.200000 0.358333 0.200000 0.356250 0.198437 0.345833 0.198437 0.343750 0.200000 0.339583 0.200000 0.335417 0.203125 0.335417 0.204688 0.333333 0.206250 0.333333 0.215625 0.331250 0.217187 0.331250 0.232812 0.329167 0.234375 0.329167 0.262500 0.331250 0.264062 0.331250 0.271875 0.329167 0.273438 0.329167 0.285937 0.325000 0.289062 0.325000 0.290625 0.320833 0.293750 0.316667 0.293750 0.314583 0.295312 0.310417 0.295312 0.308333 0.293750 0.300000 0.293750 0.297917 0.292188 0.295833 0.292188 0.293750 0.290625 0.291667 0.290625 0.289583 0.289062 0.287500 0.289062 0.285417 0.287500 0.266667 0.287500 0.264583 0.289062 0.258333 0.289062 0.256250 0.290625 0.252083 0.290625 0.250000 0.292188 0.243750 0.292188 0.241667 0.293750 0.237500 0.293750 0.235417 0.295312 0.233333 0.295312 0.233333 0.296875 0.231250 0.298438 0.231250 0.301562 0.229167 0.303125 0.231250 0.304688 0.231250 0.312500 0.233333 0.314063 0.233333 0.317187 0.237500 0.320312 0.237500 0.334375 0.235417 0.335938 0.235417 0.345313 0.233333 0.346875 0.233333 0.351562 0.231250 0.353125 0.231250 0.359375 0.227083 0.362500 0.220833 0.362500 0.220833 0.801562 0.389583 0.801562 0.389583 0.796875 0.391667 0.795313 0.393750 0.795313 0.395833 0.793750 0.404167 0.793750 0.406250 0.792188 0.435417 0.792188 0.435417 0.587500 0.429167 0.587500 0.427083 0.585938 0.427083 0.584375 0.425000 0.582812 0.425000 0.581250 0.422917 0.579687 0.422917 0.578125 0.420833 0.576563 0.420833 0.573438 0.418750 0.571875 0.418750 0.568750 0.416667 0.567187 0.416667 0.565625 0.414583 0.564062 0.414583 0.562500 0.412500 0.560938 0.412500 0.557813 0.410417 0.556250 0.410417 0.546875 0.408333 0.545313 0.408333 0.532812 0.410417 0.531250 0.410417 0.514063 0.412500 0.512500 0.412500 0.471875 0.414583 0.470313 0.414583 0.451562 0.416667 0.450000 0.416667 0.442187 0.418750 0.440625 0.418750 0.432813 0.420833 0.431250 0.420833 0.415625 0.422917 0.414062 0.422917 0.393750 0.425000 0.392188 0.425000 0.390625 0.427083 0.389062 0.427083 0.387500 0.429167 0.385938 0.435417 0.385938 0.435417 0.223438 0.429167 0.223438 0.427083 0.221875 0.427083 0.220313 0.422917 0.217187 0.422917 0.215625 0.412500 0.207813 0.412500 0.206250 0.425000 0.201562 0.427083 0.203125 0.435417 0.203125 0.435417 0.184375 0.420833 0.184375 0.420833 0.193750 0.422917 0.195312 0.422917 0.198437 0.425000 0.200000 0.425000 0.201562
73 0.458333 0.164062 0.458333 0.156250 0.456250 0.154687 0.456250 0.145313 0.454167 0.143750 0.452083 0.143750 0.450000 0.145313 0.450000 0.146875 0.447917 0.148438 0.447917 0.150000 0.443750 0.153125 0.437500 0.153125 0.437500 0.170312 0.443750 0.170312 0.445833 0.168750 0.447917 0.168750 0.450000 0.167187 0.452083 0.167187 0.454167 0.165625 0.456250 0.165625 0.458333 0.164062 0.472917 0.164062 0.472917 0.167187 0.475000 0.168750 0.475000 0.175000 0.477083 0.176563 0.477083 0.210938 0.475000 0.212500 0.475000 0.215625 0.472917 0.217187 0.472917 0.218750 0.468750 0.221875 0.468750 0.223438 0.466667 0.225000 0.466667 0.228125 0.462500 0.231250 0.462500 0.232812 0.460417 0.234375 0.460417 0.235938 0.462500 0.237500 0.462500 0.243750 0.460417 0.245312 0.460417 0.246875 0.462500 0.248437 0.462500 0.254687 0.460417 0.256250 0.460417 0.260938 0.462500 0.262500 0.462500 0.268750 0.464583 0.270312 0.464583 0.273438 0.466667 0.275000 0.466667 0.284375 0.464583 0.285937 0.464583 0.298438 0.466667 0.300000 0.466667 0.304688 0.468750 0.306250 0.468750 0.312500 0.466667 0.314063 0.466667 0.318750 0.464583 0.320312 0.464583 0.323438 0.462500 0.325000 0.462500 0.328125 0.460417 0.329688 0.460417 0.331250 0.458333 0.332812 0.458333 0.335938 0.456250 0.337500 0.456250 0.340625 0.452083 0.343750 0.450000 0.342187 0.450000 0.337500 0.447917 0.335938 0.447917 0.331250 0.445833 0.329688 0.445833 0.323438 0.447917 0.321875 0.447917 0.304688 0.450000 0.303125 0.450000 0.270312 0.447917 0.268750 0.447917 0.253125 0.445833 0.251563 0.447917 0.250000 0.447917 0.243750 0.445833 0.242188 0.445833 0.232812 0.437500 0.232812 0.437500 0.356250 0.445833 0.356250 0.445833 0.354688 0.450000 0.351562 0.450000 0.348437 0.452083 0.346875 0.456250 0.350000 0.456250 0.354688 0.458333 0.356250 0.458333 0.364062 0.460417 0.365625 0.460417 0.367188 0.462500 0.368750 0.462500 0.379687 0.464583 0.381250 0.464583 0.387500 0.462500 0.389062 0.462500 0.401563 0.460417 0.403125 0.460417 0.410937 0.458333 0.412500 0.458333 0.414062 0.456250 0.415625 0.456250 0.417188 0.452083 0.420312 0.447917 0.417188 0.437500 0.417188 0.437500 0.621875 0.443750 0.621875 0.447917 0.625000 0.447917 0.626562 0.450000 0.628125 0.450000 0.631250 0.452083 0.632812 0.452083 0.642187 0.454167 0.643750 0.454167 0.654688 0.452083 0.656250 0.452083 0.679688 0.450000 0.681250 0.450000 0.715625 0.452083 0.717188 0.452083 0.754687 0.450000 0.756250 0.450000 0.768750 0.447917 0.770312 0.447917 0.771875 0.450000 0.773438 0.450000 0.776563 0.452083 0.778125 0.452083 0.781250 0.454167 0.782812 0.454167 0.787500 0.456250 0.789062 0.460417 0.789062 0.462500 0.790625 0.462500 0.795313 0.577083 0.795313 0.577083 0.714063 0.570833 0.714063 0.562500 0.720312 0.560417 0.718750 0.560417 0.707812 0.558333 0.706250 0.558333 0.628125 0.560417 0.626562 0.558333 0.625000 0.558333 0.621875 0.560417 0.620313 0.560417 0.598437 0.562500 0.596875 0.562500 0.550000 0.564583 0.548437 0.564583 0.400000 0.566667 0.398438 0.566667 0.342187 0.568750 0.340625 0.568750 0.325000 0.566667 0.323438 0.566667 0.295312 0.564583 0.293750 0.564583 0.276563 0.566667 0.275000 0.566667 0.264062 0.568750 0.262500 0.568750 0.240625 0.570833 0.239063 0.577083 0.239063 0.577083 0.135937 0.570833 0.135937 0.564583 0.131250 0.562500 0.131250 0.560417 0.129688 0.556250 0.129688 0.554167 0.128125 0.550000 0.128125 0.547917 0.126563 0.547917 0.121875 0.529167 0.121875 0.529167 0.126563 0.527083 0.128125 0.518750 0.128125 0.516667 0.126563 0.516667 0.121875 0.508333 0.121875 0.508333 0.126563 0.506250 0.128125 0.497917 0.128125 0.495833 0.129688 0.491667 0.129688 0.489583 0.131250 0.487500 0.131250 0.485417 0.132812 0.483333 0.132812 0.481250 0.134375 0.481250 0.137500 0.479167 0.139062 0.479167 0.140625 0.481250 0.142188 0.481250 0.154687 0.479167 0.156250 0.479167 0.157813 0.475000 0.160938 0.475000 0.162500 0.472917 0.164062
73 0.187500 0.303125 0.187500 0.307813 0.185417 0.309375 0.185417 0.312500 0.183333 0.314063 0.183333 0.320312 0.181250 0.321875 0.181250 0.356250 0.179167 0.357812 0.179167 0.364062 0.177083 0.365625 0.177083 0.370313 0.175000 0.371875 0.175000 0.373437 0.172917 0.375000 0.172917 0.378125 0.168750 0.381250 0.168750 0.382812 0.166667 0.384375 0.166667 0.385938 0.164583 0.387500 0.162500 0.387500 0.160417 0.389062 0.160417 0.390625 0.158333 0.392188 0.158333 0.393750 0.156250 0.395312 0.156250 0.396875 0.152083 0.400000 0.152083 0.401563 0.147917 0.404687 0.147917 0.406250 0.143750 0.409375 0.137500 0.409375 0.137500 0.450000 0.143750 0.450000 0.145833 0.451562 0.145833 0.453125 0.147917 0.454688 0.147917 0.459375 0.150000 0.460938 0.150000 0.464063 0.152083 0.465625 0.152083 0.467187 0.154167 0.468750 0.154167 0.470313 0.156250 0.471875 0.156250 0.475000 0.158333 0.476562 0.158333 0.481250 0.160417 0.482812 0.160417 0.484375 0.162500 0.485938 0.162500 0.487500 0.164583 0.489062 0.164583 0.492188 0.166667 0.493750 0.166667 0.501562 0.168750 0.503125 0.168750 0.553125 0.166667 0.554688 0.166667 0.584375 0.164583 0.585938 0.164583 0.664062 0.162500 0.665625 0.162500 0.706250 0.160417 0.707812 0.160417 0.712500 0.158333 0.714063 0.158333 0.718750 0.156250 0.720312 0.156250 0.767187 0.158333 0.768750 0.158333 0.782812 0.156250 0.784375 0.156250 0.785937 0.158333 0.787500 0.158333 0.803125 0.160417 0.804688 0.160417 0.812500 0.162500 0.814062 0.162500 0.815625 0.170833 0.815625 0.172917 0.814062 0.177083 0.814062 0.179167 0.812500 0.183333 0.812500 0.185417 0.810938 0.187500 0.810938 0.189583 0.809375 0.189583 0.807813 0.191667 0.806250 0.191667 0.801562 0.193750 0.800000 0.193750 0.795313 0.195833 0.793750 0.195833 0.778125 0.197917 0.776563 0.197917 0.768750 0.200000 0.767187 0.200000 0.760938 0.202083 0.759375 0.202083 0.731250 0.204167 0.729688 0.204167 0.714063 0.202083 0.712500 0.202083 0.695312 0.204167 0.693750 0.204167 0.659375 0.206250 0.657812 0.206250 0.615625 0.208333 0.614062 0.208333 0.579687 0.210417 0.578125 0.210417 0.546875 0.212500 0.545313 0.212500 0.498437 0.214583 0.496875 0.214583 0.481250 0.216667 0.479688 0.216667 0.446875 0.218750 0.445312 0.218750 0.435937 0.216667 0.434375 0.218750 0.432813 0.218750 0.415625 0.220833 0.414062 0.227083 0.414062 0.227083 0.303125
77 0.668750 0.540625 0.668750 0.545313 0.658333 0.553125 0.658333 0.556250 0.656250 0.557813 0.656250 0.562500 0.654167 0.564062 0.654167 0.567187 0.652083 0.568750 0.652083 0.571875 0.650000 0.573438 0.650000 0.595312 0.652083 0.596875 0.652083 0.603125 0.654167 0.604688 0.654167 0.606250 0.656250 0.607813 0.656250 0.609375 0.658333 0.610937 0.658333 0.612500 0.662500 0.615625 0.664583 0.615625 0.681250 0.628125 0.681250 0.634375 0.679167 0.635938 0.679167 0.637500 0.660417 0.651563 0.658333 0.651563 0.654167 0.654688 0.650000 0.654688 0.647917 0.656250 0.641667 0.656250 0.639583 0.657812 0.635417 0.657812 0.629167 0.662500 0.620833 0.662500 0.620833 0.684375 0.627083 0.684375 0.639583 0.693750 0.641667 0.693750 0.643750 0.695312 0.654167 0.695312 0.658333 0.692187 0.662500 0.692187 0.664583 0.690625 0.666667 0.690625 0.668750 0.689062 0.672917 0.689062 0.675000 0.690625 0.677083 0.690625 0.681250 0.693750 0.681250 0.704687 0.677083 0.707812 0.677083 0.709375 0.672917 0.712500 0.672917 0.714063 0.668750 0.717188 0.668750 0.718750 0.666667 0.720312 0.666667 0.726562 0.664583 0.728125 0.664583 0.731250 0.662500 0.732813 0.662500 0.750000 0.660417 0.751562 0.660417 0.753125 0.656250 0.756250 0.656250 0.757812 0.650000 0.762500 0.647917 0.762500 0.637500 0.770312 0.637500 0.771875 0.635417 0.773438 0.635417 0.775000 0.633333 0.776563 0.633333 0.779688 0.635417 0.781250 0.635417 0.782812 0.637500 0.782812 0.639583 0.784375 0.643750 0.784375 0.645833 0.785937 0.652083 0.785937 0.654167 0.787500 0.658333 0.787500 0.660417 0.789062 0.666667 0.789062 0.668750 0.790625 0.675000 0.790625 0.677083 0.792188 0.706250 0.792188 0.710417 0.789062 0.710417 0.760938 0.708333 0.759375 0.708333 0.753125 0.712500 0.750000 0.722917 0.750000 0.727083 0.753125 0.729167 0.753125 0.731250 0.754687 0.733333 0.754687 0.735417 0.756250 0.739583 0.756250 0.741667 0.757812 0.743750 0.757812 0.747917 0.760938 0.750000 0.760938 0.752083 0.762500 0.754167 0.762500 0.756250 0.764063 0.758333 0.764063 0.768750 0.771875 0.766667 0.773438 0.766667 0.778125 0.764583 0.779688 0.764583 0.781250 0.760417 0.784375 0.760417 0.787500 0.758333 0.789062 0.758333 0.790625 0.756250 0.792188 0.756250 0.795313 0.754167 0.796875 0.754167 0.807813 0.820833 0.807813 0.820833 0.803125 0.827083 0.798437 0.829167 0.798437 0.833333 0.795313 0.835417 0.795313 0.837500 0.793750 0.843750 0.793750 0.843750 0.757812 0.837500 0.757812 0.835417 0.756250 0.835417 0.754687 0.833333 0.753125 0.833333 0.748438 0.831250 0.746875 0.831250 0.742188 0.829167 0.740625 0.829167 0.732813 0.827083 0.731250 0.827083 0.706250 0.829167 0.704687 0.829167 0.693750 0.827083 0.692187 0.827083 0.682813 0.825000 0.681250 0.825000 0.675000 0.822917 0.673437 0.822917 0.668750 0.820833 0.667188 0.820833 0.664062 0.818750 0.662500 0.818750 0.660937 0.816667 0.659375 0.816667 0.657812 0.814583 0.656250 0.814583 0.654688 0.810417 0.651563 0.810417 0.650000 0.806250 0.646875 0.806250 0.645312 0.797917 0.639063 0.797917 0.637500 0.791667 0.632812 0.791667 0.631250 0.789583 0.629687 0.789583 0.628125 0.787500 0.626562 0.787500 0.625000 0.785417 0.623438 0.785417 0.621875 0.783333 0.620313 0.783333 0.615625 0.781250 0.614062 0.781250 0.575000 0.779167 0.573438 0.779167 0.567187 0.777083 0.565625 0.777083 0.562500 0.775000 0.560938 0.775000 0.557813 0.772917 0.556250 0.772917 0.553125 0.770833 0.551562 0.770833 0.540625
74 0.622917 0.357812 0.620833 0.357812 0.618750 0.356250 0.612500 0.356250 0.610417 0.354688 0.608333 0.354688 0.604167 0.351562 0.604167 0.350000 0.602083 0.348437 0.593750 0.354688 0.587500 0.354688 0.587500 0.370313 0.608333 0.370313 0.608333 0.365625 0.612500 0.362500 0.618750 0.362500 0.622917 0.359375 0.622917 0.357812 0.629167 0.350000 0.631250 0.350000 0.635417 0.353125 0.635417 0.356250 0.637500 0.357812 0.639583 0.357812 0.641667 0.359375 0.643750 0.359375 0.647917 0.362500 0.652083 0.362500 0.656250 0.365625 0.656250 0.370313 0.810417 0.370313 0.810417 0.220313 0.804167 0.220313 0.802083 0.218750 0.802083 0.217187 0.800000 0.215625 0.800000 0.209375 0.587500 0.209375 0.587500 0.331250 0.595833 0.331250 0.604167 0.337500 0.610417 0.337500 0.625000 0.348437 0.627083 0.348437 0.629167 0.350000
73 0.333333 0.821875 0.331250 0.823438 0.327083 0.823438 0.325000 0.825000 0.304167 0.825000 0.304167 0.870313 0.335417 0.870313 0.337500 0.868750 0.350000 0.868750 0.352083 0.867188 0.362500 0.867188 0.364583 0.868750 0.370833 0.868750 0.372917 0.870313 0.383333 0.870313 0.385417 0.868750 0.427083 0.868750 0.427083 0.818750 0.420833 0.818750 0.416667 0.821875 0.416667 0.823438 0.410417 0.828125 0.408333 0.828125 0.402083 0.832812 0.400000 0.832812 0.397917 0.834375 0.395833 0.834375 0.393750 0.835938 0.385417 0.835938 0.381250 0.839063 0.377083 0.839063 0.370833 0.834375 0.366667 0.834375 0.364583 0.832812 0.362500 0.832812 0.358333 0.829687 0.358333 0.826563 0.354167 0.823438 0.354167 0.821875 0.333333 0.821875 0.322917 0.798437 0.366667 0.798437 0.368750 0.796875 0.372917 0.796875 0.375000 0.795313 0.381250 0.795313 0.383333 0.793750 0.393750 0.793750 0.395833 0.792188 0.408333 0.792188 0.410417 0.790625 0.427083 0.790625 0.427083 0.560938 0.418750 0.560938 0.410417 0.554688 0.410417 0.545313 0.408333 0.543750 0.408333 0.529688 0.410417 0.528125 0.410417 0.512500 0.414583 0.509375 0.414583 0.506250 0.412500 0.504687 0.412500 0.495313 0.410417 0.493750 0.410417 0.464063 0.412500 0.462500 0.412500 0.456250 0.414583 0.454688 0.414583 0.450000 0.416667 0.448438 0.416667 0.435937 0.418750 0.434375 0.418750 0.428125 0.416667 0.426562 0.416667 0.412500 0.418750 0.410937 0.418750 0.400000 0.420833 0.398438 0.427083 0.398438 0.427083 0.329688 0.420833 0.329688 0.418750 0.328125 0.418750 0.279687 0.420833 0.278125 0.427083 0.278125 0.427083 0.214062 0.420833 0.214062 0.418750 0.212500 0.418750 0.210938 0.414583 0.207813 0.414583 0.206250 0.408333 0.201562 0.408333 0.196875 0.335417 0.196875 0.335417 0.203125 0.333333 0.204688 0.333333 0.206250 0.331250 0.207813 0.331250 0.221875 0.329167 0.223438 0.329167 0.282813 0.327083 0.284375 0.327083 0.285937 0.318750 0.292188 0.304167 0.292188 0.304167 0.796875 0.320833 0.796875 0.322917 0.798437
73 0.233333 0.290625 0.233333 0.296875 0.231250 0.298438 0.231250 0.306250 0.233333 0.307813 0.233333 0.310937 0.235417 0.312500 0.235417 0.314063 0.237500 0.315625 0.237500 0.317187 0.239583 0.318750 0.239583 0.335938 0.237500 0.337500 0.237500 0.345313 0.235417 0.346875 0.235417 0.351562 0.233333 0.353125 0.233333 0.357812 0.231250 0.359375 0.231250 0.365625 0.229167 0.367188 0.229167 0.368750 0.227083 0.370313 0.220833 0.370313 0.220833 0.381250 0.227083 0.381250 0.229167 0.382812 0.229167 0.395312 0.227083 0.396875 0.220833 0.396875 0.220833 0.682813 0.327083 0.682813 0.327083 0.620313 0.312500 0.620313 0.310417 0.618750 0.310417 0.617188 0.308333 0.615625 0.308333 0.501562 0.310417 0.500000 0.310417 0.467187 0.312500 0.465625 0.312500 0.442187 0.314583 0.440625 0.314583 0.376563 0.316667 0.375000 0.316667 0.362500 0.318750 0.360938 0.318750 0.356250 0.320833 0.354688 0.327083 0.354688 0.327083 0.290625
73 0.422917 0.165625 0.422917 0.171875 0.420833 0.173438 0.420833 0.176563 0.418750 0.178125 0.418750 0.187500 0.416667 0.189063 0.416667 0.190625 0.408333 0.196875 0.410417 0.196875 0.416667 0.201562 0.418750 0.201562 0.420833 0.203125 0.420833 0.204688 0.422917 0.206250 0.422917 0.220313 0.420833 0.221875 0.420833 0.228125 0.418750 0.229687 0.416667 0.228125 0.416667 0.225000 0.414583 0.223438 0.414583 0.221875 0.412500 0.221875 0.408333 0.218750 0.408333 0.217187 0.406250 0.215625 0.406250 0.214062 0.404167 0.212500 0.404167 0.210938 0.395833 0.210938 0.395833 0.710938 0.402083 0.710938 0.404167 0.712500 0.404167 0.717188 0.406250 0.718750 0.406250 0.729688 0.404167 0.731250 0.404167 0.739062 0.402083 0.740625 0.395833 0.740625 0.395833 0.793750 0.447917 0.793750 0.450000 0.792188 0.452083 0.792188 0.454167 0.790625 0.456250 0.790625 0.460417 0.787500 0.468750 0.787500 0.468750 0.754687 0.462500 0.754687 0.460417 0.753125 0.460417 0.750000 0.458333 0.748438 0.458333 0.739062 0.456250 0.737500 0.456250 0.731250 0.458333 0.729688 0.458333 0.723437 0.460417 0.721875 0.460417 0.718750 0.462500 0.717188 0.468750 0.717188 0.468750 0.707812 0.462500 0.707812 0.460417 0.706250 0.460417 0.695312 0.462500 0.693750 0.468750 0.693750 0.468750 0.607813 0.462500 0.607813 0.460417 0.606250 0.460417 0.600000 0.462500 0.598437 0.468750 0.598437 0.468750 0.582812 0.462500 0.582812 0.458333 0.579687 0.458333 0.571875 0.456250 0.570312 0.458333 0.568750 0.458333 0.553125 0.456250 0.551562 0.456250 0.526563 0.458333 0.525000 0.458333 0.467187 0.460417 0.465625 0.460417 0.464063 0.462500 0.462500 0.468750 0.462500 0.468750 0.165625
