2 0.295312 0.826275 0.295312 0.836011 0.290625 0.843312 0.289062 0.843312 0.287500 0.845746 0.287500 0.848180 0.284375 0.853047 0.284375 0.855481 0.281250 0.860349 0.281250 0.862782 0.278125 0.867650 0.278125 0.870084 0.276563 0.872518 0.276563 0.874951 0.273438 0.879819 0.273438 0.884687 0.271875 0.887120 0.271875 0.891988 0.268750 0.896856 0.268750 0.901723 0.267188 0.904157 0.267188 0.916326 0.265625 0.918760 0.265625 0.921194 0.264062 0.923627 0.259375 0.923627 0.259375 1.000000 0.417188 1.000000 0.417188 1.000000 0.418750 0.999075 0.418750 0.996641 0.421875 0.991774 0.421875 0.986906 0.423438 0.984472 0.423438 0.977171 0.425000 0.974737 0.425000 0.967436 0.428125 0.962568 0.432813 0.962568 0.432813 0.933363 0.428125 0.933363 0.426562 0.930929 0.426562 0.923627 0.425000 0.921194 0.425000 0.913892 0.423438 0.911458 0.423438 0.909025 0.421875 0.906591 0.421875 0.901723 0.420312 0.899289 0.420312 0.896856 0.418750 0.894422 0.418750 0.891988 0.417188 0.889554 0.417188 0.887120 0.415625 0.884687 0.415625 0.882253 0.412500 0.877385 0.412500 0.874951 0.410937 0.872518 0.410937 0.870084 0.409375 0.867650 0.409375 0.865216 0.407813 0.862782 0.407813 0.860349 0.406250 0.857915 0.406250 0.855481 0.404687 0.853047 0.404687 0.850613 0.403125 0.848180 0.403125 0.845746 0.398438 0.838444 0.396875 0.838444 0.393750 0.833577 0.393750 0.826275
2 0.709375 0.728923 0.709375 0.736225 0.706250 0.741092 0.704687 0.741092 0.703125 0.743526 0.703125 0.745960 0.700000 0.750827 0.700000 0.753261 0.698438 0.755695 0.698438 0.758129 0.695312 0.762996 0.695312 0.765430 0.692187 0.770298 0.692187 0.772732 0.689062 0.777599 0.689062 0.780033 0.687500 0.782467 0.687500 0.784901 0.685938 0.787335 0.685938 0.789768 0.682813 0.794636 0.678125 0.794636 0.678125 0.855481 0.682813 0.855481 0.690625 0.867650 0.690625 0.870084 0.692187 0.872518 0.692187 0.874951 0.693750 0.877385 0.693750 0.879819 0.695312 0.882253 0.695312 0.887120 0.696875 0.889554 0.696875 0.891988 0.703125 0.901723 0.703125 0.904157 0.704687 0.904157 0.706250 0.906591 0.717188 0.906591 0.718750 0.904157 0.720312 0.904157 0.721875 0.901723 0.725000 0.901723 0.726562 0.899289 0.729688 0.899289 0.731250 0.896856 0.739062 0.896856 0.740625 0.894422 0.746875 0.894422 0.748438 0.891988 0.756250 0.891988 0.757812 0.889554 0.759375 0.889554 0.760938 0.891988 0.767187 0.891988 0.768750 0.894422 0.770312 0.894422 0.771875 0.896856 0.773438 0.896856 0.776563 0.901723 0.782812 0.901723 0.784375 0.899289 0.787500 0.899289 0.789062 0.896856 0.790625 0.896856 0.792188 0.899289 0.793750 0.899289 0.795313 0.901723 0.798437 0.901723 0.801562 0.906591 0.803125 0.904157 0.803125 0.901723 0.806250 0.896856 0.806250 0.894422 0.809375 0.889554 0.809375 0.887120 0.820312 0.870084 0.826563 0.870084 0.826563 0.838444 0.821875 0.838444 0.818750 0.833577 0.818750 0.828709 0.817187 0.826275 0.817187 0.821408 0.815625 0.818974 0.815625 0.816540 0.814062 0.814106 0.814062 0.811673 0.812500 0.809239 0.812500 0.806805 0.810938 0.804371 0.810938 0.801937 0.809375 0.799504 0.809375 0.797070 0.807813 0.794636 0.807813 0.787335 0.806250 0.784901 0.806250 0.780033 0.804688 0.777599 0.804688 0.772732 0.803125 0.770298 0.803125 0.767864 0.800000 0.762996 0.800000 0.760563 0.798437 0.758129 0.798437 0.755695 0.796875 0.753261 0.796875 0.750827 0.795313 0.748394 0.793750 0.748394 0.790625 0.743526 0.789062 0.743526 0.787500 0.741092 0.784375 0.741092 0.782812 0.738658 0.781250 0.738658 0.779688 0.736225 0.779688 0.728923
9 0.096875 0.096135 0.096875 0.210524 0.126563 0.210524 0.126563 0.188620 0.125000 0.186186 0.125000 0.181318 0.126563 0.178884 0.126563 0.174017 0.128125 0.171583 0.132812 0.171583 0.132812 0.139944 0.128125 0.139944 0.126563 0.137510 0.126563 0.132642 0.125000 0.130208 0.125000 0.096135
5 0.943750 0.957701 0.942187 0.955267 0.942187 0.952833 0.939062 0.947965 0.937500 0.947965 0.935938 0.945532 0.915625 0.945532 0.914062 0.943098 0.910937 0.943098 0.909375 0.940664 0.907812 0.940664 0.907812 0.943098 0.910937 0.947965 0.910937 0.952833 0.912500 0.955267 0.912500 0.962568 0.914062 0.965002 0.914062 0.967436 0.915625 0.969870 0.915625 0.972303 0.917188 0.972303 0.918750 0.974737 0.920313 0.974737 0.921875 0.977171 0.925000 0.977171 0.926562 0.979605 0.926562 0.989340 0.929688 0.989340 0.929688 0.982039 0.931250 0.979605 0.934375 0.979605 0.935938 0.982039 0.935938 0.989340 0.940625 0.989340 0.940625 0.979605 0.943750 0.974737 0.943750 0.957701 0.957812 0.947965 0.959375 0.950399 0.959375 0.955267 0.960938 0.957701 0.960938 0.965002 0.962500 0.967436 0.962500 0.974737 0.964063 0.977171 0.964063 0.989340 0.998438 0.989340 0.998438 0.592630 0.900000 0.592630 0.900000 0.599932 0.896875 0.604799 0.895312 0.604799 0.893750 0.607233 0.892187 0.607233 0.890625 0.609667 0.889063 0.609667 0.887500 0.612101 0.884375 0.612101 0.882812 0.614535 0.879687 0.614535 0.878125 0.616968 0.876562 0.616968 0.876562 0.619402 0.873438 0.624270 0.873438 0.626704 0.871875 0.629137 0.871875 0.631571 0.870313 0.634005 0.870313 0.641306 0.868750 0.643740 0.868750 0.651042 0.867188 0.653475 0.867188 0.668078 0.865625 0.670512 0.865625 0.697284 0.864062 0.699718 0.864062 0.704585 0.862500 0.707019 0.862500 0.711887 0.860937 0.714320 0.860937 0.724056 0.859375 0.726489 0.859375 0.731357 0.857813 0.733791 0.853125 0.733791 0.853125 0.818974 0.857813 0.818974 0.859375 0.821408 0.862500 0.821408 0.864062 0.823842 0.893750 0.823842 0.895312 0.821408 0.896875 0.823842 0.910937 0.823842 0.912500 0.826275 0.917188 0.826275 0.918750 0.828709 0.920313 0.828709 0.925000 0.836011 0.928125 0.836011 0.931250 0.840878 0.932813 0.840878 0.934375 0.843312 0.934375 0.845746 0.937500 0.850613 0.937500 0.853047 0.939062 0.855481 0.939062 0.860349 0.940625 0.862782 0.940625 0.867650 0.942187 0.870084 0.942187 0.874951 0.943750 0.877385 0.943750 0.884687 0.945312 0.887120 0.945312 0.891988 0.946875 0.894422 0.946875 0.896856 0.948438 0.899289 0.948438 0.904157 0.950000 0.906591 0.950000 0.916326 0.951563 0.918760 0.951563 0.923627 0.953125 0.926061 0.953125 0.928495 0.954687 0.930929 0.954687 0.935796 0.956250 0.938230 0.956250 0.940664 0.957812 0.943098 0.957812 0.947965
2 0.100000 0.874951 0.100000 0.882253 0.098438 0.884687 0.095312 0.884687 0.093750 0.887120 0.090625 0.887120 0.089062 0.889554 0.085938 0.889554 0.084375 0.891988 0.081250 0.891988 0.079687 0.894422 0.078125 0.894422 0.076563 0.896856 0.075000 0.896856 0.073437 0.899289 0.071875 0.899289 0.070312 0.901723 0.068750 0.901723 0.060938 0.913892 0.060938 0.916326 0.057813 0.921194 0.057813 0.923627 0.056250 0.926061 0.056250 0.928495 0.053125 0.933363 0.053125 0.935796 0.051562 0.938230 0.051562 0.943098 0.048437 0.947965 0.048437 0.950399 0.046875 0.952833 0.046875 0.955267 0.043750 0.960134 0.043750 0.962568 0.042188 0.965002 0.042188 0.967436 0.040625 0.969870 0.039062 0.969870 0.035937 0.974737 0.029687 0.974737 0.028125 0.977171 0.021875 0.977171 0.021875 1.000000 0.226562 1.000000 0.226562 0.962568 0.220313 0.962568 0.218750 0.960134 0.218750 0.957701 0.215625 0.952833 0.215625 0.950399 0.212500 0.945532 0.212500 0.943098 0.210938 0.940664 0.210938 0.938230 0.209375 0.935796 0.209375 0.933363 0.207813 0.930929 0.207813 0.928495 0.204688 0.923627 0.204688 0.921194 0.203125 0.918760 0.203125 0.916326 0.201562 0.913892 0.201562 0.911458 0.200000 0.909025 0.200000 0.906591 0.193750 0.896856 0.193750 0.894422 0.189063 0.887120 0.185937 0.887120 0.182812 0.882253 0.182812 0.874951
9 0.790625 0.125341 0.790625 0.249465 0.820312 0.249465 0.820312 0.125341
2 0.518750 0.787335 0.518750 0.797070 0.514063 0.804371 0.514063 0.806805 0.512500 0.809239 0.512500 0.811673 0.510938 0.814106 0.510938 0.818974 0.509375 0.821408 0.509375 0.823842 0.507812 0.826275 0.507812 0.828709 0.506250 0.831143 0.506250 0.833577 0.503125 0.838444 0.503125 0.840878 0.501562 0.843312 0.501562 0.845746 0.495313 0.855481 0.490625 0.855481 0.490625 0.938230 0.495313 0.938230 0.498437 0.943098 0.498437 0.979605 0.510938 0.979605 0.510938 0.972303 0.514063 0.967436 0.515625 0.967436 0.517187 0.965002 0.520312 0.965002 0.521875 0.962568 0.539062 0.962568 0.540625 0.960134 0.548437 0.960134 0.550000 0.957701 0.551562 0.957701 0.551562 0.955267 0.553125 0.952833 0.553125 0.950399 0.556250 0.945532 0.556250 0.943098 0.557813 0.940664 0.557813 0.938230 0.559375 0.935796 0.559375 0.933363 0.560938 0.930929 0.560938 0.928495 0.564062 0.923627 0.564062 0.921194 0.565625 0.918760 0.565625 0.906591 0.567187 0.904157 0.567187 0.894422 0.568750 0.891988 0.568750 0.887120 0.570312 0.884687 0.570312 0.882253 0.571875 0.879819 0.571875 0.872518 0.573438 0.870084 0.573438 0.867650 0.584375 0.850613 0.585938 0.850613 0.587500 0.848180 0.589063 0.848180 0.590625 0.845746 0.593750 0.845746 0.595312 0.843312 0.598437 0.843312 0.600000 0.840878 0.606250 0.840878 0.607813 0.838444 0.615625 0.838444 0.617188 0.836011 0.639063 0.836011 0.639063 0.821408 0.632812 0.821408 0.631250 0.818974 0.631250 0.816540 0.629687 0.814106 0.629687 0.811673 0.628125 0.809239 0.628125 0.806805 0.620313 0.794636 0.620313 0.787335
2 0.039062 0.748394 0.039062 0.755695 0.037500 0.758129 0.032812 0.758129 0.031250 0.760563 0.026563 0.760563 0.025000 0.762996 0.023438 0.762996 0.021875 0.765430 0.020312 0.765430 0.018750 0.767864 0.017188 0.767864 0.010937 0.777599 0.010937 0.780033 0.009375 0.782467 0.007812 0.782467 0.001563 0.792202 0.000000 0.792202 0.000000 0.838444 0.003125 0.838444 0.004688 0.836011 0.009375 0.836011 0.010937 0.838444 0.014062 0.838444 0.015625 0.840878 0.017188 0.840878 0.018750 0.843312 0.020312 0.843312 0.028125 0.855481 0.028125 0.857915 0.031250 0.862782 0.031250 0.867650 0.032812 0.870084 0.032812 0.874951 0.034375 0.877385 0.034375 0.879819 0.035937 0.882253 0.035937 0.884687 0.037500 0.887120 0.037500 0.889554 0.039062 0.891988 0.039062 0.896856 0.042188 0.901723 0.043750 0.901723 0.045313 0.904157 0.046875 0.904157 0.048437 0.906591 0.057813 0.906591 0.060938 0.901723 0.065625 0.901723 0.068750 0.896856 0.071875 0.896856 0.073437 0.894422 0.079687 0.894422 0.081250 0.891988 0.084375 0.891988 0.085938 0.889554 0.089062 0.889554 0.090625 0.887120 0.093750 0.887120 0.095312 0.884687 0.101562 0.884687 0.103125 0.882253 0.110937 0.882253 0.112500 0.879819 0.121875 0.879819 0.123438 0.882253 0.143750 0.882253 0.146875 0.877385 0.151562 0.877385 0.151562 0.809239 0.146875 0.809239 0.142188 0.801937 0.140625 0.801937 0.139062 0.799504 0.139062 0.797070 0.126563 0.777599 0.126563 0.775165 0.123438 0.770298 0.123438 0.767864 0.121875 0.765430 0.121875 0.762996 0.117188 0.755695 0.117188 0.748394
2 0.653125 0.592630 0.653125 0.726489 0.673437 0.726489 0.673437 0.719188 0.678125 0.711887 0.693750 0.711887 0.695312 0.714320 0.698438 0.714320 0.700000 0.711887 0.701563 0.711887 0.703125 0.714320 0.709375 0.714320 0.710938 0.716754 0.714063 0.716754 0.715625 0.719188 0.715625 0.726489 0.715625 0.719188 0.717188 0.716754 0.721875 0.716754 0.723437 0.714320 0.723437 0.709453 0.725000 0.707019 0.725000 0.704585 0.726562 0.702151 0.726562 0.699718 0.728125 0.697284 0.728125 0.692416 0.729688 0.689982 0.729688 0.682681 0.731250 0.680247 0.731250 0.675380 0.732813 0.672946 0.732813 0.670512 0.734375 0.668078 0.734375 0.665644 0.735937 0.663211 0.735937 0.660777 0.737500 0.658343 0.737500 0.655909 0.740625 0.651042 0.740625 0.648608 0.742188 0.646174 0.742188 0.643740 0.743750 0.641306 0.743750 0.638873 0.745313 0.636439 0.751562 0.636439 0.751562 0.621836 0.746875 0.621836 0.740625 0.612101 0.740625 0.602366 0.739062 0.599932 0.739062 0.592630 0.675000 0.592630 0.675000 0.604799 0.673437 0.607233 0.673437 0.609667 0.670313 0.614535 0.668750 0.614535 0.667188 0.616968 0.667188 0.619402 0.665625 0.621836 0.664062 0.621836 0.662500 0.619402 0.662500 0.607233 0.665625 0.602366 0.665625 0.592630
2 0.850000 0.816540 0.850000 0.823842 0.846875 0.828709 0.843750 0.828709 0.842188 0.831143 0.839063 0.831143 0.835938 0.836011 0.834375 0.836011 0.829687 0.843312 0.828125 0.843312 0.825000 0.848180 0.825000 0.850613 0.823438 0.853047 0.823438 0.855481 0.821875 0.857915 0.821875 0.860349 0.820312 0.862782 0.820312 0.865216 0.815625 0.872518 0.809375 0.872518 0.809375 0.913892 0.828125 0.913892 0.829687 0.916326 0.837500 0.916326 0.839063 0.918760 0.851562 0.918760 0.853125 0.921194 0.862500 0.921194 0.864062 0.923627 0.871875 0.923627 0.873438 0.926061 0.879687 0.926061 0.881250 0.928495 0.885938 0.928495 0.887500 0.930929 0.889063 0.930929 0.890625 0.933363 0.892187 0.933363 0.906250 0.955267 0.906250 0.957701 0.909375 0.962568 0.909375 0.967436 0.910937 0.969870 0.910937 0.972303 0.912500 0.974737 0.912500 0.977171 0.914062 0.979605 0.915625 0.979605 0.917188 0.982039 0.920313 0.982039 0.921875 0.984472 0.926562 0.984472 0.928125 0.986906 0.932813 0.986906 0.934375 0.989340 0.939062 0.989340 0.940625 0.991774 0.942187 0.991774 0.943750 0.994208 0.948438 0.994208 0.950000 0.996641 0.953125 0.996641 0.954687 0.994208 0.957812 0.994208 0.959375 0.991774 0.964063 0.991774 0.964063 0.943098 0.959375 0.943098 0.956250 0.938230 0.956250 0.935796 0.954687 0.933363 0.954687 0.930929 0.953125 0.928495 0.953125 0.921194 0.951563 0.918760 0.951563 0.916326 0.950000 0.913892 0.950000 0.909025 0.948438 0.906591 0.948438 0.901723 0.946875 0.899289 0.946875 0.891988 0.945312 0.889554 0.945312 0.884687 0.943750 0.882253 0.943750 0.872518 0.942187 0.870084 0.942187 0.862782 0.940625 0.860349 0.940625 0.857915 0.939062 0.855481 0.939062 0.853047 0.937500 0.850613 0.937500 0.848180 0.932813 0.840878 0.931250 0.840878 0.923437 0.828709 0.921875 0.828709 0.918750 0.823842 0.918750 0.816540
2 0.125000 0.505014 0.125000 0.514749 0.121875 0.519616 0.121875 0.522050 0.120312 0.524484 0.120312 0.526918 0.118750 0.529352 0.118750 0.534219 0.117188 0.536653 0.117188 0.539087 0.115625 0.541521 0.115625 0.543954 0.114063 0.546388 0.109375 0.546388 0.109375 0.609667 0.140625 0.609667 0.140625 0.602366 0.145313 0.595064 0.146875 0.595064 0.153125 0.585329 0.156250 0.585329 0.157813 0.582895 0.160938 0.582895 0.162500 0.580461 0.164062 0.580461 0.165625 0.578028 0.167187 0.578028 0.170312 0.573160 0.171875 0.573160 0.178125 0.563425 0.182812 0.563425 0.182812 0.534219 0.178125 0.534219 0.175000 0.529352 0.175000 0.526918 0.170312 0.519616 0.170312 0.517183 0.167187 0.512315 0.167187 0.505014
2 0.573438 0.848180 0.573438 0.855481 0.570312 0.860349 0.570312 0.862782 0.568750 0.865216 0.568750 0.867650 0.567187 0.870084 0.567187 0.872518 0.565625 0.874951 0.553125 0.874951 0.553125 0.896856 0.557813 0.896856 0.562500 0.904157 0.562500 0.906591 0.560938 0.909025 0.560938 0.923627 0.557813 0.928495 0.553125 0.928495 0.553125 0.994208 0.559375 0.994208 0.560938 0.996641 0.562500 0.996641 0.564062 0.999075 0.564062 1.000000 0.575000 1.000000 0.575000 1.000000 0.576563 0.999075 0.584375 0.999075 0.585938 1.000000 0.585938 1.000000 0.707812 1.000000 0.707812 0.938230 0.701563 0.938230 0.700000 0.935796 0.700000 0.933363 0.698438 0.930929 0.698438 0.916326 0.696875 0.913892 0.696875 0.894422 0.695312 0.891988 0.695312 0.882253 0.693750 0.879819 0.693750 0.874951 0.692187 0.872518 0.692187 0.870084 0.687500 0.862782 0.687500 0.860349 0.682813 0.853047 0.682813 0.850613 0.681250 0.850613 0.679688 0.848180 0.676562 0.848180 0.673437 0.843312 0.673437 0.836011 0.585938 0.836011 0.585938 0.843312 0.584375 0.845746 0.575000 0.845746 0.573438 0.848180 0.562500 0.843312 0.562500 0.836011 0.553125 0.836011 0.553125 0.845746 0.560938 0.845746 0.562500 0.843312
5 0.925000 0.427132 0.925000 0.434433 0.923437 0.436867 0.921875 0.436867 0.920313 0.439301 0.918750 0.439301 0.907812 0.456338 0.907812 0.458771 0.904688 0.463639 0.904688 0.466073 0.898438 0.475808 0.898438 0.478242 0.895312 0.483109 0.890625 0.483109 0.890625 0.558557 0.895312 0.558557 0.896875 0.560991 0.896875 0.592630 0.895312 0.595064 0.890625 0.595064 0.890625 0.609667 0.998438 0.609667 0.998438 0.427132
2 0.092188 0.699718 0.092188 0.709453 0.087500 0.716754 0.087500 0.719188 0.085938 0.721622 0.084375 0.721622 0.081250 0.726489 0.079687 0.726489 0.076563 0.731357 0.071875 0.731357 0.071875 0.753261 0.079687 0.753261 0.081250 0.750827 0.089062 0.750827 0.090625 0.748394 0.096875 0.748394 0.098438 0.750827 0.104687 0.750827 0.106250 0.753261 0.109375 0.753261 0.110937 0.755695 0.114063 0.755695 0.118750 0.762996 0.120312 0.762996 0.121875 0.765430 0.121875 0.767864 0.126563 0.775165 0.126563 0.777599 0.134375 0.789768 0.134375 0.792202 0.135937 0.792202 0.137500 0.794636 0.137500 0.797070 0.139062 0.799504 0.139062 0.801937 0.140625 0.804371 0.140625 0.809239 0.142188 0.811673 0.142188 0.814106 0.143750 0.816540 0.143750 0.823842 0.145313 0.826275 0.145313 0.836011 0.146875 0.838444 0.146875 0.843312 0.150000 0.848180 0.151562 0.848180 0.153125 0.850613 0.154687 0.850613 0.157813 0.855481 0.157813 0.862782 0.185937 0.862782 0.185937 0.853047 0.189063 0.848180 0.193750 0.848180 0.195312 0.845746 0.201562 0.845746 0.201562 0.765430 0.196875 0.765430 0.195312 0.762996 0.195312 0.760563 0.193750 0.758129 0.193750 0.755695 0.192188 0.753261 0.192188 0.750827 0.189063 0.745960 0.187500 0.745960 0.184375 0.741092 0.181250 0.741092 0.176563 0.733791 0.176563 0.728923 0.175000 0.726489 0.173438 0.726489 0.171875 0.724056 0.171875 0.719188 0.170312 0.716754 0.168750 0.716754 0.167187 0.714320 0.165625 0.714320 0.160938 0.707019 0.160938 0.699718
2 0.768750 0.913892 0.768750 0.923627 0.765625 0.928495 0.764063 0.928495 0.764063 0.930929 0.760938 0.935796 0.760938 0.938230 0.756250 0.945532 0.756250 0.947965 0.745313 0.965002 0.743750 0.965002 0.742188 0.967436 0.740625 0.967436 0.739062 0.969870 0.734375 0.969870 0.734375 1.000000 0.815625 1.000000 0.815625 0.999075 0.820312 0.991774 0.821875 0.991774 0.823438 0.989340 0.825000 0.989340 0.826563 0.986906 0.831250 0.986906 0.832812 0.984472 0.834375 0.984472 0.835938 0.986906 0.837500 0.986906 0.839063 0.989340 0.840625 0.989340 0.842188 0.991774 0.843750 0.991774 0.845312 0.994208 0.850000 0.994208 0.851562 0.996641 0.875000 0.996641 0.876562 0.999075 0.878125 0.999075 0.879687 1.000000 0.879687 1.000000 0.920313 1.000000 0.920313 0.979605 0.915625 0.979605 0.910937 0.972303 0.910937 0.969870 0.909375 0.967436 0.909375 0.965002 0.907812 0.962568 0.907812 0.960134 0.903125 0.952833 0.903125 0.950399 0.890625 0.930929 0.889063 0.930929 0.887500 0.928495 0.885938 0.928495 0.884375 0.926061 0.881250 0.926061 0.879687 0.923627 0.878125 0.923627 0.876562 0.921194 0.876562 0.913892
2 0.178125 0.543954 0.178125 0.587763 0.184375 0.587763 0.185937 0.585329 0.192188 0.585329 0.193750 0.582895 0.201562 0.582895 0.207813 0.592630 0.209375 0.592630 0.210938 0.595064 0.210938 0.597498 0.212500 0.599932 0.212500 0.602366 0.215625 0.607233 0.215625 0.609667 0.220313 0.616968 0.220313 0.619402 0.221875 0.621836 0.221875 0.624270 0.225000 0.629137 0.225000 0.631571 0.229687 0.638873 0.229687 0.641306 0.234375 0.648608 0.235938 0.646174 0.239063 0.646174 0.242188 0.651042 0.242188 0.658343 0.270312 0.658343 0.270312 0.585329 0.265625 0.585329 0.264062 0.582895 0.264062 0.580461 0.262500 0.578028 0.262500 0.573160 0.265625 0.568292 0.270312 0.568292 0.270312 0.543954
7 0.109375 0.592630 0.109375 0.599932 0.107813 0.602366 0.104687 0.602366 0.103125 0.604799 0.093750 0.604799 0.092188 0.602366 0.089062 0.602366 0.087500 0.604799 0.082813 0.604799 0.081250 0.607233 0.076563 0.607233 0.071875 0.614535 0.065625 0.614535 0.065625 0.745960 0.073437 0.745960 0.078125 0.738658 0.078125 0.736225 0.079687 0.733791 0.079687 0.731357 0.085938 0.721622 0.087500 0.721622 0.090625 0.716754 0.092188 0.716754 0.095312 0.711887 0.096875 0.711887 0.098438 0.709453 0.104687 0.709453 0.106250 0.707019 0.110937 0.707019 0.112500 0.704585 0.117188 0.704585 0.118750 0.702151 0.126563 0.702151 0.128125 0.699718 0.137500 0.699718 0.139062 0.702151 0.157813 0.702151 0.160938 0.707019 0.162500 0.707019 0.164062 0.709453 0.165625 0.709453 0.167187 0.711887 0.168750 0.711887 0.173438 0.719188 0.175000 0.719188 0.184375 0.733791 0.187500 0.733791 0.189063 0.736225 0.190625 0.736225 0.193750 0.741092 0.193750 0.743526 0.195312 0.745960 0.195312 0.760563 0.193750 0.762996 0.193750 0.770298 0.192188 0.772732 0.192188 0.777599 0.190625 0.780033 0.190625 0.782467 0.189063 0.784901 0.189063 0.789768 0.187500 0.792202 0.187500 0.794636 0.185937 0.797070 0.185937 0.804371 0.200000 0.804371 0.200000 0.794636 0.207813 0.782467 0.214062 0.782467 0.214062 0.711887 0.209375 0.711887 0.206250 0.707019 0.206250 0.699718 0.204688 0.697284 0.204688 0.687549 0.203125 0.685115 0.203125 0.677813 0.201562 0.675380 0.201562 0.672946 0.200000 0.670512 0.200000 0.665644 0.198437 0.663211 0.198437 0.658343 0.196875 0.655909 0.196875 0.653475 0.195312 0.651042 0.195312 0.648608 0.193750 0.646174 0.193750 0.643740 0.192188 0.641306 0.192188 0.636439 0.190625 0.634005 0.190625 0.621836 0.189063 0.619402 0.189063 0.616968 0.184375 0.609667 0.182812 0.609667 0.181250 0.607233 0.176563 0.607233 0.175000 0.604799 0.173438 0.604799 0.170312 0.599932 0.170312 0.592630
2 0.287500 0.641306 0.287500 0.651042 0.285937 0.653475 0.284375 0.653475 0.281250 0.658343 0.278125 0.658343 0.276563 0.660777 0.275000 0.660777 0.273438 0.663211 0.271875 0.663211 0.270312 0.665644 0.268750 0.665644 0.267188 0.668078 0.265625 0.668078 0.264062 0.670512 0.264062 0.672946 0.262500 0.675380 0.262500 0.677813 0.260938 0.680247 0.260938 0.685115 0.259375 0.687549 0.259375 0.692416 0.257812 0.694850 0.257812 0.704585 0.256250 0.707019 0.256250 0.711887 0.254687 0.714320 0.254687 0.716754 0.253125 0.719188 0.253125 0.721622 0.251563 0.724056 0.251563 0.726489 0.250000 0.728923 0.250000 0.731357 0.248437 0.733791 0.248437 0.736225 0.246875 0.738658 0.240625 0.738658 0.240625 0.826275 0.245312 0.826275 0.248437 0.831143 0.248437 0.845746 0.250000 0.848180 0.250000 0.872518 0.251563 0.874951 0.251563 0.879819 0.253125 0.882253 0.259375 0.882253 0.260938 0.879819 0.264062 0.879819 0.264062 0.877385 0.290625 0.836011 0.290625 0.828709 0.292188 0.826275 0.292188 0.823842 0.290625 0.821408 0.290625 0.811673 0.289062 0.809239 0.289062 0.804371 0.290625 0.801937 0.290625 0.797070 0.295312 0.789768 0.295312 0.787335 0.298438 0.782467 0.300000 0.782467 0.301562 0.780033 0.303125 0.780033 0.307813 0.772732 0.310937 0.772732 0.312500 0.770298 0.318750 0.770298 0.320312 0.767864 0.328125 0.767864 0.329688 0.765430 0.332812 0.765430 0.334375 0.762996 0.342187 0.762996 0.343750 0.760563 0.350000 0.760563 0.351562 0.762996 0.365625 0.762996 0.367188 0.765430 0.368750 0.765430 0.370313 0.767864 0.371875 0.767864 0.379687 0.780033 0.379687 0.782467 0.381250 0.784901 0.381250 0.789768 0.382812 0.792202 0.382812 0.804371 0.381250 0.806805 0.381250 0.814106 0.379687 0.816540 0.379687 0.818974 0.378125 0.821408 0.378125 0.826275 0.379687 0.826275 0.381250 0.828709 0.384375 0.828709 0.385938 0.831143 0.392188 0.831143 0.393750 0.833577 0.401563 0.833577 0.401563 0.711887 0.396875 0.711887 0.393750 0.707019 0.393750 0.702151 0.392188 0.699718 0.392188 0.697284 0.390625 0.694850 0.390625 0.692416 0.387500 0.687549 0.387500 0.685115 0.385938 0.682681 0.385938 0.668078 0.381250 0.660777 0.381250 0.658343 0.379687 0.655909 0.379687 0.653475 0.378125 0.651042 0.378125 0.641306
5 0.640625 0.339515 0.640625 0.473374 0.696875 0.473374 0.696875 0.417397 0.698438 0.414963 0.698438 0.402794 0.700000 0.400360 0.700000 0.390625 0.701563 0.388191 0.701563 0.378456 0.703125 0.376022 0.707812 0.376022 0.707812 0.339515
7 0.289062 0.641306 0.289062 0.648608 0.284375 0.655909 0.282813 0.655909 0.281250 0.658343 0.279687 0.658343 0.278125 0.660777 0.275000 0.660777 0.273438 0.663211 0.271875 0.663211 0.270312 0.665644 0.268750 0.665644 0.264062 0.672946 0.264062 0.675380 0.262500 0.677813 0.262500 0.680247 0.260938 0.682681 0.260938 0.687549 0.259375 0.689982 0.259375 0.694850 0.257812 0.697284 0.257812 0.702151 0.256250 0.704585 0.256250 0.711887 0.254687 0.714320 0.254687 0.716754 0.253125 0.719188 0.253125 0.721622 0.251563 0.724056 0.251563 0.726489 0.250000 0.728923 0.250000 0.731357 0.245312 0.738658 0.240625 0.738658 0.240625 0.826275 0.245312 0.826275 0.248437 0.831143 0.248437 0.836011 0.250000 0.838444 0.250000 0.855481 0.251563 0.857915 0.251563 0.872518 0.253125 0.874951 0.253125 0.877385 0.259375 0.877385 0.260938 0.874951 0.262500 0.874951 0.262500 0.872518 0.270312 0.860349 0.271875 0.860349 0.276563 0.853047 0.278125 0.853047 0.281250 0.848180 0.282813 0.848180 0.285937 0.843312 0.285937 0.840878 0.290625 0.833577 0.290625 0.828709 0.292188 0.826275 0.292188 0.809239 0.293750 0.806805 0.293750 0.804371 0.298438 0.797070 0.300000 0.797070 0.301562 0.794636 0.301562 0.792202 0.303125 0.789768 0.303125 0.787335 0.306250 0.782467 0.307813 0.782467 0.309375 0.780033 0.312500 0.780033 0.314063 0.777599 0.326562 0.777599 0.328125 0.775165 0.331250 0.775165 0.332812 0.772732 0.335938 0.772732 0.337500 0.770298 0.342187 0.770298 0.343750 0.767864 0.354688 0.767864 0.356250 0.765430 0.364062 0.765430 0.365625 0.767864 0.370313 0.767864 0.379687 0.782467 0.379687 0.784901 0.381250 0.787335 0.381250 0.794636 0.382812 0.797070 0.381250 0.799504 0.381250 0.809239 0.379687 0.811673 0.379687 0.816540 0.378125 0.818974 0.378125 0.821408 0.376563 0.823842 0.376563 0.826275 0.378125 0.826275 0.379687 0.828709 0.382812 0.828709 0.384375 0.831143 0.389062 0.831143 0.390625 0.833577 0.401563 0.833577 0.401563 0.711887 0.396875 0.711887 0.393750 0.707019 0.393750 0.699718 0.392188 0.697284 0.392188 0.694850 0.387500 0.687549 0.387500 0.682681 0.385938 0.680247 0.385938 0.672946 0.387500 0.670512 0.387500 0.668078 0.385938 0.665644 0.385938 0.663211 0.382812 0.658343 0.382812 0.641306
2 0.765625 0.699718 0.765625 0.738658 0.782812 0.738658 0.784375 0.741092 0.785937 0.741092 0.787500 0.743526 0.789062 0.743526 0.790625 0.745960 0.792188 0.745960 0.793750 0.748394 0.795313 0.748394 0.798437 0.753261 0.798437 0.755695 0.800000 0.758129 0.800000 0.760563 0.801562 0.762996 0.801562 0.765430 0.804688 0.770298 0.804688 0.772732 0.806250 0.775165 0.806250 0.780033 0.807813 0.782467 0.807813 0.789768 0.809375 0.792202 0.809375 0.797070 0.812500 0.801937 0.812500 0.806805 0.814062 0.809239 0.814062 0.811673 0.817187 0.816540 0.818750 0.816540 0.821875 0.821408 0.825000 0.821408 0.826563 0.818974 0.831250 0.826275 0.831250 0.833577 0.854688 0.833577 0.854688 0.818974 0.856250 0.816540 0.856250 0.775165 0.857813 0.772732 0.857813 0.765430 0.856250 0.762996 0.856250 0.755695 0.854688 0.753261 0.854688 0.748394 0.853125 0.745960 0.853125 0.741092 0.851562 0.738658 0.851562 0.728923 0.850000 0.726489 0.850000 0.716754 0.848437 0.714320 0.848437 0.709453 0.846875 0.707019 0.846875 0.699718
5 0.271875 0.485543 0.271875 0.587763 0.276563 0.587763 0.278125 0.590197 0.278125 0.592630 0.276563 0.595064 0.271875 0.595064 0.271875 0.604799 0.276563 0.604799 0.278125 0.607233 0.278125 0.612101 0.276563 0.614535 0.271875 0.614535 0.271875 0.626704 0.276563 0.626704 0.279687 0.631571 0.279687 0.634005 0.281250 0.636439 0.281250 0.641306 0.282813 0.643740 0.282813 0.646174 0.285937 0.651042 0.289062 0.651042 0.290625 0.653475 0.296875 0.653475 0.298438 0.651042 0.350000 0.651042 0.351562 0.653475 0.360938 0.653475 0.362500 0.655909 0.368750 0.655909 0.370313 0.658343 0.373437 0.658343 0.375000 0.660777 0.376563 0.660777 0.382812 0.670512 0.382812 0.672946 0.384375 0.675380 0.384375 0.677813 0.385938 0.680247 0.385938 0.682681 0.387500 0.685115 0.387500 0.689982 0.389062 0.692416 0.389062 0.699718 0.390625 0.702151 0.390625 0.704585 0.392188 0.707019 0.392188 0.716754 0.393750 0.719188 0.393750 0.755695 0.404687 0.755695 0.404687 0.745960 0.407813 0.741092 0.407813 0.738658 0.409375 0.736225 0.409375 0.733791 0.410937 0.731357 0.410937 0.728923 0.412500 0.726489 0.412500 0.724056 0.415625 0.719188 0.420312 0.719188 0.420312 0.648608 0.415625 0.648608 0.414062 0.646174 0.414062 0.629137 0.412500 0.626704 0.412500 0.614535 0.410937 0.612101 0.410937 0.568292 0.412500 0.565859 0.412500 0.560991 0.414062 0.558557 0.414062 0.556123 0.415625 0.553690 0.420312 0.553690 0.420312 0.519616 0.415625 0.519616 0.412500 0.514749 0.412500 0.512315 0.407813 0.505014 0.407813 0.502580 0.406250 0.500146 0.406250 0.497712 0.404687 0.495278 0.404687 0.485543
5 0.278125 0.485543 0.278125 0.646174 0.284375 0.646174 0.287500 0.651042 0.354688 0.651042 0.356250 0.653475 0.365625 0.653475 0.367188 0.655909 0.371875 0.655909 0.375000 0.660777 0.375000 0.668078 0.392188 0.668078 0.392188 0.658343 0.396875 0.651042 0.401563 0.651042 0.406250 0.658343 0.406250 0.668078 0.412500 0.668078 0.412500 0.658343 0.410937 0.655909 0.410937 0.643740 0.412500 0.641306 0.412500 0.612101 0.410937 0.609667 0.410937 0.570726 0.412500 0.568292 0.412500 0.560991 0.414062 0.558557 0.414062 0.556123 0.415625 0.553690 0.420312 0.553690 0.420312 0.522050 0.415625 0.522050 0.412500 0.517183 0.412500 0.514749 0.409375 0.509881 0.409375 0.507447 0.407813 0.505014 0.407813 0.502580 0.406250 0.500146 0.406250 0.495278 0.404687 0.492845 0.404687 0.485543
2 0.509375 0.602366 0.509375 0.624270 0.515625 0.624270 0.517187 0.621836 0.526563 0.621836 0.528125 0.624270 0.529688 0.624270 0.532812 0.629137 0.534375 0.629137 0.535937 0.631571 0.540625 0.631571 0.542188 0.634005 0.543750 0.634005 0.545313 0.636439 0.546875 0.636439 0.550000 0.641306 0.551562 0.641306 0.554688 0.646174 0.556250 0.646174 0.559375 0.651042 0.560938 0.651042 0.562500 0.653475 0.564062 0.653475 0.567187 0.658343 0.568750 0.658343 0.570312 0.660777 0.571875 0.660777 0.575000 0.665644 0.576563 0.665644 0.582812 0.675380 0.582812 0.677813 0.587500 0.685115 0.587500 0.687549 0.589063 0.689982 0.589063 0.697284 0.590625 0.699718 0.590625 0.702151 0.593750 0.707019 0.593750 0.709453 0.595312 0.711887 0.595312 0.724056 0.596875 0.726489 0.596875 0.736225 0.607813 0.736225 0.607813 0.694850 0.603125 0.694850 0.601562 0.692416 0.601562 0.689982 0.600000 0.687549 0.600000 0.680247 0.598437 0.677813 0.598437 0.660777 0.600000 0.658343 0.600000 0.641306 0.593750 0.631571 0.593750 0.629137 0.589063 0.621836 0.589063 0.619402 0.584375 0.612101 0.584375 0.602366
2 0.000000 0.826275 0.000000 0.979605 0.035937 0.979605 0.035937 0.972303 0.042188 0.962568 0.042188 0.960134 0.043750 0.957701 0.043750 0.955267 0.045313 0.952833 0.051562 0.952833 0.051562 0.923627 0.046875 0.923627 0.043750 0.918760 0.043750 0.916326 0.042188 0.913892 0.042188 0.911458 0.040625 0.909025 0.040625 0.906591 0.037500 0.901723 0.037500 0.899289 0.035937 0.896856 0.035937 0.894422 0.034375 0.891988 0.034375 0.882253 0.032812 0.879819 0.032812 0.874951 0.031250 0.872518 0.031250 0.867650 0.029687 0.865216 0.029687 0.860349 0.028125 0.857915 0.028125 0.853047 0.020312 0.840878 0.018750 0.840878 0.015625 0.836011 0.015625 0.826275
2 0.476562 0.456338 0.476562 0.463639 0.475000 0.466073 0.475000 0.468507 0.473437 0.470940 0.473437 0.473374 0.470313 0.478242 0.465625 0.478242 0.465625 0.541521 0.500000 0.541521 0.500000 0.519616 0.501562 0.517183 0.501562 0.507447 0.503125 0.505014 0.503125 0.500146 0.504687 0.497712 0.504687 0.490411 0.506250 0.487977 0.506250 0.485543 0.512500 0.475808 0.514063 0.475808 0.515625 0.473374 0.517187 0.473374 0.517187 0.470940 0.520312 0.466073 0.526563 0.466073 0.526563 0.456338
5 0.696875 0.358986 0.696875 0.502580 0.703125 0.502580 0.704687 0.500146 0.710938 0.500146 0.712500 0.497712 0.717188 0.497712 0.720312 0.492845 0.720312 0.483109 0.721875 0.480676 0.723437 0.480676 0.725000 0.478242 0.729688 0.478242 0.734375 0.485543 0.732813 0.487977 0.732813 0.490411 0.731250 0.492845 0.731250 0.497712 0.728125 0.502580 0.728125 0.512315 0.743750 0.512315 0.743750 0.495278 0.740625 0.490411 0.739062 0.490411 0.737500 0.487977 0.735937 0.487977 0.734375 0.485543 0.739062 0.478242 0.740625 0.478242 0.743750 0.473374 0.745313 0.473374 0.746875 0.470940 0.750000 0.470940 0.751562 0.473374 0.753125 0.470940 0.760938 0.470940 0.762500 0.473374 0.771875 0.473374 0.773438 0.470940 0.776563 0.470940 0.778125 0.468507 0.779688 0.468507 0.781250 0.466073 0.782812 0.466073 0.784375 0.463639 0.785937 0.463639 0.787500 0.461205 0.789062 0.461205 0.790625 0.458771 0.792188 0.458771 0.793750 0.456338 0.793750 0.453904 0.796875 0.449036 0.801562 0.449036 0.801562 0.393059 0.796875 0.393059 0.795313 0.390625 0.795313 0.380890 0.796875 0.378456 0.801562 0.378456 0.801562 0.373588 0.796875 0.373588 0.795313 0.371155 0.795313 0.358986
2 0.223438 0.592630 0.223438 0.599932 0.226562 0.599932 0.228125 0.602366 0.232812 0.602366 0.239063 0.612101 0.239063 0.614535 0.240625 0.616968 0.245312 0.616968 0.245312 0.592630 0.223438 0.592630 0.218750 0.592630 0.212500 0.592630 0.212500 0.602366 0.207813 0.609667 0.201562 0.609667 0.195312 0.599932 0.195312 0.592630 0.178125 0.592630 0.178125 0.604799 0.187500 0.604799 0.189063 0.607233 0.189063 0.609667 0.190625 0.612101 0.190625 0.621836 0.192188 0.624270 0.192188 0.629137 0.193750 0.631571 0.193750 0.638873 0.195312 0.641306 0.195312 0.651042 0.196875 0.653475 0.196875 0.655909 0.200000 0.660777 0.200000 0.663211 0.201562 0.665644 0.201562 0.668078 0.203125 0.670512 0.203125 0.672946 0.204688 0.675380 0.204688 0.682681 0.206250 0.685115 0.206250 0.702151 0.207813 0.704585 0.207813 0.724056 0.209375 0.726489 0.210938 0.724056 0.212500 0.724056 0.214062 0.721622 0.217187 0.726489 0.217187 0.731357 0.218750 0.733791 0.218750 0.745960 0.234375 0.745960 0.234375 0.736225 0.235938 0.733791 0.235938 0.728923 0.237500 0.726489 0.237500 0.709453 0.239063 0.707019 0.239063 0.702151 0.240625 0.699718 0.245312 0.699718 0.245312 0.672946 0.240625 0.672946 0.239063 0.670512 0.239063 0.668078 0.237500 0.665644 0.237500 0.658343 0.235938 0.655909 0.235938 0.651042 0.234375 0.648608 0.234375 0.646174 0.225000 0.631571 0.225000 0.629137 0.223438 0.626704 0.223438 0.621836 0.221875 0.619402 0.221875 0.614535 0.218750 0.609667 0.218750 0.592630
5 0.523438 0.456338 0.523438 0.463639 0.520312 0.468507 0.518750 0.468507 0.512500 0.478242 0.510938 0.478242 0.509375 0.480676 0.507812 0.480676 0.504687 0.485543 0.504687 0.487977 0.501562 0.492845 0.496875 0.492845 0.496875 0.546388 0.501562 0.546388 0.503125 0.543954 0.503125 0.541521 0.504687 0.539087 0.506250 0.539087 0.514063 0.526918 0.515625 0.526918 0.517187 0.524484 0.518750 0.524484 0.520312 0.522050 0.523438 0.522050 0.525000 0.519616 0.529688 0.519616 0.531250 0.522050 0.546875 0.522050 0.548437 0.524484 0.551562 0.524484 0.557813 0.534219 0.557813 0.539087 0.559375 0.541521 0.559375 0.551256 0.564062 0.558557 0.564062 0.560991 0.570312 0.570726 0.570312 0.575594 0.571875 0.578028 0.571875 0.590197 0.589063 0.590197 0.589063 0.490411 0.584375 0.490411 0.573438 0.473374 0.573438 0.470940 0.571875 0.468507 0.571875 0.466073 0.570312 0.463639 0.570312 0.456338
2 0.823438 0.972303 0.823438 0.979605 0.820312 0.984472 0.814062 0.984472 0.812500 0.986906 0.809375 0.986906 0.807813 0.989340 0.803125 0.989340 0.803125 1.000000 0.951563 1.000000 0.951563 0.994208 0.943750 0.994208 0.942187 0.991774 0.937500 0.991774 0.935938 0.989340 0.929688 0.989340 0.928125 0.986906 0.923437 0.986906 0.921875 0.984472 0.917188 0.984472 0.915625 0.982039 0.914062 0.982039 0.912500 0.979605 0.912500 0.972303
7 0.501562 0.621836 0.501562 0.629137 0.498437 0.634005 0.496875 0.634005 0.495313 0.636439 0.493750 0.636439 0.492188 0.638873 0.490625 0.638873 0.485938 0.646174 0.484375 0.646174 0.471875 0.665644 0.470313 0.665644 0.465625 0.658343 0.460938 0.658343 0.459375 0.660777 0.453125 0.660777 0.453125 0.668078 0.457812 0.668078 0.459375 0.670512 0.460938 0.670512 0.462500 0.672946 0.464063 0.672946 0.467187 0.677813 0.467187 0.680247 0.465625 0.682681 0.465625 0.689982 0.464063 0.692416 0.464063 0.694850 0.462500 0.697284 0.462500 0.714320 0.460938 0.716754 0.460938 0.728923 0.459375 0.731357 0.459375 0.733791 0.457812 0.736225 0.453125 0.736225 0.453125 0.762996 0.457812 0.762996 0.459375 0.765430 0.459375 0.806805 0.457812 0.809239 0.453125 0.809239 0.453125 0.833577 0.457812 0.833577 0.460938 0.838444 0.460938 0.840878 0.462500 0.843312 0.462500 0.848180 0.464063 0.850613 0.464063 0.860349 0.465625 0.862782 0.465625 0.870084 0.467187 0.872518 0.467187 0.882253 0.485938 0.882253 0.485938 0.872518 0.490625 0.865216 0.495313 0.865216 0.496875 0.862782 0.496875 0.857915 0.503125 0.848180 0.503125 0.845746 0.504687 0.843312 0.504687 0.840878 0.506250 0.838444 0.506250 0.836011 0.507812 0.833577 0.507812 0.831143 0.509375 0.828709 0.509375 0.826275 0.510938 0.823842 0.510938 0.818974 0.515625 0.811673 0.515625 0.809239 0.520312 0.801937 0.521875 0.801937 0.523438 0.799504 0.526563 0.799504 0.528125 0.797070 0.532812 0.797070 0.534375 0.794636 0.539062 0.794636 0.540625 0.792202 0.550000 0.792202 0.551562 0.789768 0.559375 0.789768 0.560938 0.787335 0.584375 0.787335 0.585938 0.789768 0.592188 0.789768 0.593750 0.787335 0.601562 0.787335 0.601562 0.714320 0.596875 0.714320 0.593750 0.709453 0.593750 0.707019 0.592188 0.704585 0.592188 0.699718 0.590625 0.697284 0.590625 0.694850 0.587500 0.689982 0.587500 0.687549 0.585938 0.685115 0.585938 0.682681 0.584375 0.680247 0.584375 0.677813 0.579687 0.670512 0.579687 0.668078 0.578125 0.668078 0.576563 0.665644 0.575000 0.665644 0.571875 0.660777 0.570312 0.660777 0.568750 0.658343 0.567187 0.658343 0.565625 0.655909 0.562500 0.655909 0.557813 0.648608 0.556250 0.648608 0.554688 0.646174 0.553125 0.646174 0.550000 0.641306 0.548437 0.641306 0.546875 0.638873 0.542188 0.638873 0.540625 0.636439 0.535937 0.636439 0.534375 0.634005 0.532812 0.634005 0.531250 0.631571 0.531250 0.621836
5 0.487500 0.631571 0.487500 0.641306 0.482812 0.648608 0.481250 0.648608 0.481250 0.651042 0.470313 0.668078 0.467187 0.668078 0.467187 0.685115 0.465625 0.687549 0.465625 0.692416 0.464063 0.694850 0.464063 0.697284 0.462500 0.699718 0.462500 0.716754 0.460938 0.719188 0.460938 0.731357 0.459375 0.733791 0.459375 0.738658 0.457812 0.741092 0.453125 0.741092 0.453125 0.762996 0.457812 0.762996 0.459375 0.765430 0.459375 0.806805 0.457812 0.809239 0.453125 0.809239 0.453125 0.833577 0.457812 0.833577 0.460938 0.838444 0.460938 0.840878 0.462500 0.843312 0.462500 0.850613 0.464063 0.853047 0.464063 0.862782 0.465625 0.865216 0.465625 0.870084 0.467187 0.872518 0.467187 0.874951 0.470313 0.879819 0.470313 0.882253 0.471875 0.884687 0.471875 0.891988 0.475000 0.891988 0.475000 0.884687 0.478125 0.879819 0.479688 0.879819 0.482812 0.874951 0.484375 0.874951 0.489062 0.867650 0.490625 0.867650 0.492188 0.865216 0.495313 0.865216 0.496875 0.862782 0.496875 0.860349 0.498437 0.857915 0.498437 0.855481 0.503125 0.848180 0.503125 0.845746 0.504687 0.843312 0.504687 0.840878 0.507812 0.836011 0.507812 0.833577 0.509375 0.831143 0.509375 0.826275 0.510938 0.823842 0.510938 0.821408 0.512500 0.818974 0.512500 0.816540 0.521875 0.801937 0.523438 0.801937 0.525000 0.799504 0.528125 0.799504 0.529688 0.797070 0.532812 0.797070 0.534375 0.794636 0.539062 0.794636 0.540625 0.792202 0.550000 0.792202 0.551562 0.789768 0.559375 0.789768 0.560938 0.787335 0.584375 0.787335 0.585938 0.789768 0.590625 0.789768 0.592188 0.787335 0.601562 0.787335 0.601562 0.716754 0.596875 0.716754 0.595312 0.714320 0.595312 0.711887 0.593750 0.709453 0.593750 0.707019 0.592188 0.704585 0.592188 0.699718 0.590625 0.697284 0.590625 0.694850 0.587500 0.689982 0.587500 0.687549 0.585938 0.685115 0.585938 0.682681 0.584375 0.680247 0.584375 0.677813 0.582812 0.675380 0.582812 0.672946 0.579687 0.668078 0.578125 0.668078 0.576563 0.665644 0.575000 0.665644 0.571875 0.660777 0.570312 0.660777 0.568750 0.658343 0.567187 0.658343 0.565625 0.655909 0.564062 0.655909 0.562500 0.653475 0.560938 0.653475 0.557813 0.648608 0.556250 0.648608 0.554688 0.646174 0.553125 0.646174 0.548437 0.638873 0.548437 0.631571
2 0.734375 0.651042 0.734375 0.660777 0.731250 0.665644 0.731250 0.670512 0.729688 0.672946 0.729688 0.677813 0.726562 0.682681 0.721875 0.682681 0.721875 0.728923 0.731250 0.728923 0.732813 0.731357 0.742188 0.731357 0.743750 0.733791 0.750000 0.733791 0.751562 0.731357 0.754687 0.731357 0.757812 0.726489 0.757812 0.721622 0.759375 0.719188 0.759375 0.714320 0.767187 0.702151 0.768750 0.702151 0.770312 0.699718 0.776563 0.699718 0.778125 0.697284 0.817187 0.697284 0.818750 0.699718 0.826563 0.699718 0.826563 0.680247 0.821875 0.680247 0.815625 0.670512 0.815625 0.668078 0.812500 0.663211 0.812500 0.660777 0.810938 0.658343 0.810938 0.651042
2 0.000000 0.641306 0.000000 0.784901 0.009375 0.784901 0.009375 0.772732 0.012500 0.767864 0.014062 0.767864 0.017188 0.762996 0.018750 0.762996 0.020312 0.760563 0.021875 0.760563 0.023438 0.758129 0.029687 0.758129 0.031250 0.755695 0.042188 0.755695 0.043750 0.753261 0.048437 0.753261 0.050000 0.750827 0.053125 0.750827 0.054688 0.748394 0.064062 0.748394 0.064062 0.699718 0.059375 0.699718 0.048437 0.682681 0.048437 0.680247 0.045313 0.675380 0.045313 0.672946 0.040625 0.665644 0.040625 0.663211 0.037500 0.658343 0.037500 0.653475 0.035937 0.651042 0.035937 0.641306
2 0.409375 0.534219 0.409375 0.648608 0.451562 0.648608 0.451562 0.580461 0.446875 0.580461 0.443750 0.575594 0.443750 0.573160 0.442187 0.570726 0.442187 0.565859 0.440625 0.563425 0.440625 0.560991 0.439063 0.558557 0.439063 0.556123 0.437500 0.553690 0.437500 0.534219
2 0.303125 0.339515 0.303125 0.405228 0.342187 0.405228 0.342187 0.397926 0.346875 0.390625 0.351562 0.390625 0.351562 0.363853 0.346875 0.363853 0.343750 0.358986 0.343750 0.356552 0.339063 0.349250 0.339063 0.339515
7 0.203125 0.427132 0.203125 0.531785 0.235938 0.531785 0.235938 0.524484 0.237500 0.522050 0.237500 0.519616 0.239063 0.517183 0.239063 0.514749 0.240625 0.512315 0.240625 0.505014 0.242188 0.502580 0.242188 0.500146 0.248437 0.490411 0.250000 0.490411 0.251563 0.487977 0.256250 0.487977 0.257812 0.485543 0.264062 0.485543 0.265625 0.483109 0.267188 0.483109 0.271875 0.475808 0.271875 0.470940 0.275000 0.466073 0.275000 0.451470 0.273438 0.449036 0.273438 0.444169 0.271875 0.441735 0.271875 0.439301 0.270312 0.436867 0.270312 0.427132
2 0.121875 0.466073 0.121875 0.522050 0.132812 0.522050 0.132812 0.514749 0.134375 0.512315 0.139062 0.512315 0.140625 0.509881 0.159375 0.509881 0.160938 0.507447 0.164062 0.507447 0.165625 0.505014 0.170312 0.505014 0.170312 0.475808 0.165625 0.475808 0.164062 0.473374 0.164062 0.466073
