0 0.156250 0.386621 0.156250 0.393424 0.157813 0.395692 0.157813 0.409297 0.156250 0.411565 0.156250 0.416100 0.154687 0.418367 0.154687 0.420635 0.151562 0.425170 0.146875 0.425170 0.146875 0.447846 0.151562 0.447846 0.153125 0.450113 0.153125 0.461451 0.154687 0.463719 0.154687 0.475057 0.153125 0.477324 0.153125 0.479592 0.151562 0.481859 0.146875 0.481859 0.146875 0.502268 0.151562 0.502268 0.153125 0.504535 0.151562 0.506803 0.146875 0.506803 0.146875 0.538549 0.173438 0.538549 0.173438 0.527211 0.175000 0.524943 0.175000 0.493197 0.176563 0.490930 0.176563 0.481859 0.178125 0.479592 0.178125 0.472789 0.179688 0.470522 0.179688 0.463719 0.181250 0.461451 0.181250 0.454649 0.179688 0.452381 0.179688 0.438776 0.178125 0.436508 0.178125 0.429705 0.175000 0.425170 0.175000 0.422902 0.173438 0.420635 0.173438 0.416100 0.171875 0.413832 0.171875 0.404762 0.170312 0.402494 0.170312 0.386621
0 0.087500 0.377551 0.087500 0.393424 0.085938 0.395692 0.085938 0.404762 0.082813 0.409297 0.082813 0.413832 0.079687 0.418367 0.079687 0.420635 0.078125 0.422902 0.078125 0.425170 0.076563 0.427438 0.076563 0.452381 0.078125 0.454649 0.078125 0.461451 0.079687 0.463719 0.079687 0.481859 0.081250 0.484127 0.081250 0.497732 0.082813 0.500000 0.082813 0.506803 0.084375 0.509070 0.084375 0.511338 0.085938 0.513605 0.085938 0.520408 0.087500 0.522676 0.087500 0.558957 0.085938 0.561224 0.085938 0.565760 0.084375 0.568027 0.084375 0.570295 0.082813 0.572562 0.082813 0.592971 0.103125 0.592971 0.103125 0.579365 0.104687 0.577098 0.104687 0.574830 0.103125 0.572562 0.103125 0.563492 0.101562 0.561224 0.101562 0.540816 0.103125 0.538549 0.103125 0.534014 0.104687 0.531746 0.104687 0.529478 0.107813 0.524943 0.107813 0.522676 0.109375 0.520408 0.109375 0.518141 0.110937 0.515873 0.110937 0.511338 0.112500 0.509070 0.112500 0.504535 0.114063 0.502268 0.114063 0.497732 0.115625 0.495465 0.115625 0.470522 0.114063 0.468254 0.114063 0.454649 0.115625 0.452381 0.115625 0.429705 0.114063 0.427438 0.114063 0.425170 0.112500 0.422902 0.112500 0.420635 0.104687 0.409297 0.104687 0.407029 0.103125 0.404762 0.103125 0.388889 0.101562 0.386621 0.101562 0.377551
0 0.032812 0.368481 0.032812 0.388889 0.031250 0.391156 0.031250 0.393424 0.026563 0.400227 0.021875 0.400227 0.021875 0.500000 0.026563 0.500000 0.028125 0.502268 0.028125 0.513605 0.026563 0.515873 0.021875 0.515873 0.021875 0.583900 0.043750 0.583900 0.043750 0.563492 0.042188 0.561224 0.042188 0.556689 0.043750 0.554422 0.043750 0.538549 0.045313 0.536281 0.045313 0.534014 0.048437 0.529478 0.048437 0.527211 0.051562 0.522676 0.051562 0.520408 0.053125 0.518141 0.053125 0.515873 0.054688 0.513605 0.054688 0.511338 0.056250 0.509070 0.056250 0.504535 0.057813 0.502268 0.057813 0.500000 0.059375 0.497732 0.064062 0.497732 0.064062 0.470522 0.059375 0.470522 0.057813 0.468254 0.057813 0.465986 0.056250 0.463719 0.056250 0.454649 0.054688 0.452381 0.054688 0.431973 0.056250 0.429705 0.056250 0.402494 0.054688 0.400227 0.054688 0.397959 0.051562 0.393424 0.051562 0.391156 0.048437 0.386621 0.048437 0.368481
0 0.128125 0.377551 0.128125 0.395692 0.125000 0.400227 0.125000 0.402494 0.123438 0.404762 0.123438 0.407029 0.121875 0.409297 0.115625 0.409297 0.115625 0.447846 0.120312 0.447846 0.121875 0.450113 0.121875 0.452381 0.123438 0.454649 0.123438 0.488662 0.121875 0.490930 0.121875 0.493197 0.123438 0.495465 0.123438 0.500000 0.126563 0.504535 0.128125 0.504535 0.132812 0.511338 0.132812 0.518141 0.134375 0.520408 0.134375 0.522676 0.139062 0.529478 0.139062 0.547619 0.139062 0.536281 0.140625 0.534014 0.140625 0.529478 0.145313 0.522676 0.145313 0.520408 0.146875 0.518141 0.146875 0.515873 0.148438 0.513605 0.148438 0.456916 0.150000 0.454649 0.150000 0.418367 0.148438 0.416100 0.148438 0.413832 0.142188 0.404762 0.142188 0.397959 0.140625 0.395692 0.140625 0.391156 0.142188 0.388889 0.142188 0.377551
0 0.053125 0.359410 0.053125 0.370748 0.051562 0.373016 0.046875 0.373016 0.046875 0.393424 0.051562 0.393424 0.054688 0.397959 0.054688 0.407029 0.056250 0.409297 0.056250 0.418367 0.054688 0.420635 0.054688 0.450113 0.056250 0.452381 0.056250 0.459184 0.057813 0.461451 0.057813 0.470522 0.059375 0.472789 0.059375 0.484127 0.060938 0.486395 0.060938 0.497732 0.062500 0.500000 0.062500 0.513605 0.065625 0.513605 0.065625 0.509070 0.067188 0.506803 0.067188 0.497732 0.068750 0.495465 0.068750 0.486395 0.070312 0.484127 0.070312 0.472789 0.071875 0.470522 0.071875 0.461451 0.073437 0.459184 0.073437 0.431973 0.075000 0.429705 0.075000 0.427438 0.078125 0.422902 0.082813 0.422902 0.082813 0.400227 0.078125 0.400227 0.073437 0.393424 0.073437 0.391156 0.071875 0.388889 0.071875 0.379819 0.070312 0.377551 0.070312 0.359410
5 0.801562 0.314059 0.803125 0.316327 0.803125 0.318594 0.807813 0.318594 0.807813 0.286848 0.801562 0.286848 0.801562 0.289116 0.800000 0.291383 0.800000 0.298186 0.801562 0.300454 0.801562 0.314059 0.782812 0.320862 0.781250 0.318594 0.781250 0.316327 0.778125 0.311791 0.776563 0.311791 0.775000 0.314059 0.773438 0.314059 0.771875 0.316327 0.770312 0.314059 0.770312 0.311791 0.768750 0.309524 0.768750 0.307256 0.767187 0.304989 0.767187 0.302721 0.764063 0.298186 0.764063 0.295918 0.762500 0.293651 0.762500 0.289116 0.760938 0.286848 0.760938 0.277778 0.759375 0.275510 0.759375 0.261905 0.757812 0.259637 0.757812 0.241497 0.756250 0.239229 0.756250 0.234694 0.754687 0.232426 0.754687 0.225624 0.753125 0.223356 0.753125 0.214286 0.751562 0.212018 0.751562 0.209751 0.750000 0.207483 0.750000 0.202948 0.746875 0.198413 0.746875 0.193878 0.743750 0.189342 0.743750 0.187075 0.740625 0.182540 0.740625 0.180272 0.739062 0.178005 0.739062 0.175737 0.732813 0.166667 0.731250 0.166667 0.728125 0.162132 0.726562 0.162132 0.725000 0.159864 0.723437 0.159864 0.721875 0.157596 0.720312 0.157596 0.718750 0.155329 0.717188 0.155329 0.715625 0.153061 0.712500 0.153061 0.710938 0.150794 0.709375 0.150794 0.707812 0.148526 0.704687 0.148526 0.703125 0.146259 0.700000 0.146259 0.698438 0.143991 0.689062 0.143991 0.687500 0.141723 0.681250 0.141723 0.679688 0.139456 0.675000 0.139456 0.673437 0.137188 0.671875 0.137188 0.667188 0.130385 0.667188 0.128118 0.665625 0.125850 0.665625 0.123583 0.664062 0.121315 0.664062 0.116780 0.662500 0.114512 0.662500 0.112245 0.659375 0.107710 0.654688 0.107710 0.653125 0.109977 0.650000 0.109977 0.648438 0.112245 0.645312 0.112245 0.643750 0.114512 0.640625 0.114512 0.639063 0.116780 0.631250 0.116780 0.629687 0.119048 0.618750 0.119048 0.617188 0.116780 0.610937 0.116780 0.609375 0.114512 0.596875 0.114512 0.595312 0.112245 0.567187 0.112245 0.565625 0.109977 0.545313 0.109977 0.543750 0.107710 0.521875 0.107710 0.520312 0.105442 0.468750 0.105442 0.467187 0.107710 0.442187 0.107710 0.440625 0.109977 0.428125 0.109977 0.426562 0.112245 0.390625 0.112245 0.389062 0.109977 0.382812 0.109977 0.381250 0.112245 0.379687 0.112245 0.379687 0.116780 0.378125 0.119048 0.378125 0.125850 0.376563 0.128118 0.376563 0.130385 0.375000 0.132653 0.373437 0.132653 0.371875 0.134921 0.365625 0.134921 0.364062 0.137188 0.357812 0.137188 0.356250 0.139456 0.353125 0.139456 0.351562 0.141723 0.350000 0.141723 0.348437 0.143991 0.345313 0.143991 0.343750 0.146259 0.342187 0.146259 0.340625 0.148526 0.339063 0.148526 0.334375 0.155329 0.332812 0.155329 0.326562 0.164399 0.326562 0.166667 0.323438 0.171202 0.323438 0.173469 0.320312 0.178005 0.320312 0.180272 0.318750 0.182540 0.318750 0.184807 0.317187 0.187075 0.317187 0.189342 0.314063 0.193878 0.314063 0.196145 0.312500 0.198413 0.312500 0.202948 0.310937 0.205215 0.310937 0.212018 0.309375 0.214286 0.309375 0.223356 0.307813 0.225624 0.307813 0.236961 0.306250 0.239229 0.306250 0.252834 0.304688 0.255102 0.304688 0.261905 0.303125 0.264172 0.303125 0.273243 0.301562 0.275510 0.301562 0.284580 0.300000 0.286848 0.300000 0.298186 0.298438 0.300454 0.298438 0.304989 0.296875 0.307256 0.296875 0.311791 0.295312 0.314059 0.295312 0.320862 0.293750 0.323129 0.293750 0.325397 0.289062 0.332200 0.284375 0.332200 0.285937 0.334467 0.285937 0.345805 0.284375 0.348073 0.284375 0.370748 0.282813 0.373016 0.282813 0.375283 0.281250 0.377551 0.281250 0.379819 0.279687 0.382086 0.279687 0.384354 0.278125 0.386621 0.271875 0.386621 0.270312 0.384354 0.270312 0.377551 0.271875 0.375283 0.271875 0.363946 0.270312 0.361678 0.270312 0.354875 0.268750 0.352608 0.268750 0.339002 0.267188 0.336735 0.267188 0.327664 0.265625 0.325397 0.265625 0.320862 0.267188 0.318594 0.267188 0.309524 0.265625 0.307256 0.259375 0.307256 0.259375 0.579365 0.273438 0.579365 0.276563 0.583900 0.276563 0.683673 0.275000 0.685941 0.275000 0.699546 0.273438 0.701814 0.273438 0.706349 0.271875 0.708617 0.271875 0.715420 0.270312 0.717687 0.270312 0.731293 0.271875 0.733560 0.271875 0.740363 0.278125 0.749433 0.278125 0.751701 0.279687 0.753968 0.279687 0.756236 0.281250 0.758503 0.281250 0.765306 0.282813 0.767574 0.282813 0.776644 0.284375 0.778912 0.284375 0.781179 0.287500 0.785714 0.287500 0.787982 0.289062 0.790249 0.289062 0.792517 0.292188 0.797052 0.292188 0.799320 0.293750 0.801587 0.293750 0.803855 0.295312 0.806122 0.295312 0.833333 0.296875 0.835601 0.296875 0.871882 0.298438 0.874150 0.298438 0.883220 0.300000 0.885488 0.300000 0.892290 0.301562 0.894558 0.301562 0.901361 0.303125 0.903628 0.303125 0.905896 0.306250 0.910431 0.306250 0.912698 0.310937 0.919501 0.310937 0.928571 0.348437 0.928571 0.348437 0.921769 0.367188 0.894558 0.367188 0.892290 0.368750 0.890023 0.368750 0.883220 0.370313 0.880952 0.370313 0.874150 0.371875 0.871882 0.371875 0.869615 0.373437 0.867347 0.373437 0.865079 0.375000 0.862812 0.375000 0.853741 0.373437 0.851474 0.373437 0.846939 0.378125 0.840136 0.379687 0.840136 0.381250 0.837868 0.382812 0.837868 0.384375 0.835601 0.385938 0.835601 0.387500 0.833333 0.390625 0.833333 0.392188 0.831066 0.395312 0.831066 0.396875 0.828798 0.404687 0.828798 0.406250 0.831066 0.410937 0.831066 0.412500 0.833333 0.417188 0.833333 0.418750 0.835601 0.423438 0.835601 0.425000 0.833333 0.429688 0.833333 0.431250 0.831066 0.435937 0.831066 0.437500 0.828798 0.451562 0.828798 0.453125 0.831066 0.459375 0.831066 0.460938 0.833333 0.464063 0.833333 0.467187 0.837868 0.468750 0.837868 0.470313 0.840136 0.473437 0.840136 0.475000 0.842404 0.479688 0.842404 0.481250 0.844671 0.490625 0.844671 0.492188 0.846939 0.517187 0.846939 0.518750 0.849206 0.578125 0.849206 0.579687 0.846939 0.589063 0.846939 0.590625 0.844671 0.593750 0.844671 0.595312 0.842404 0.598437 0.842404 0.600000 0.840136 0.601562 0.840136 0.603125 0.837868 0.606250 0.837868 0.607813 0.835601 0.614062 0.835601 0.615625 0.833333 0.629687 0.833333 0.631250 0.831066 0.656250 0.831066 0.657812 0.833333 0.664062 0.833333 0.665625 0.835601 0.667188 0.835601 0.671875 0.842404 0.671875 0.844671 0.673437 0.846939 0.673437 0.851474 0.675000 0.853741 0.675000 0.862812 0.676562 0.865079 0.676562 0.874150 0.678125 0.876417 0.678125 0.887755 0.679688 0.890023 0.679688 0.896825 0.681250 0.899093 0.681250 0.905896 0.682813 0.908163 0.682813 0.910431 0.684375 0.912698 0.684375 0.914966 0.685938 0.917234 0.685938 0.928571 0.742188 0.928571 0.742188 0.917234 0.745313 0.912698 0.745313 0.908163 0.746875 0.905896 0.746875 0.899093 0.748438 0.896825 0.748438 0.894558 0.750000 0.892290 0.750000 0.887755 0.751562 0.885488 0.751562 0.878685 0.753125 0.876417 0.753125 0.867347 0.754687 0.865079 0.754687 0.851474 0.756250 0.849206 0.756250 0.833333 0.757812 0.831066 0.757812 0.821995 0.759375 0.819728 0.759375 0.817460 0.764063 0.810658 0.765625 0.810658 0.768750 0.806122 0.770312 0.806122 0.771875 0.803855 0.773438 0.803855 0.782812 0.790249 0.782812 0.787982 0.784375 0.785714 0.784375 0.783447 0.785937 0.781179 0.785937 0.778912 0.787500 0.776644 0.787500 0.774376 0.789062 0.772109 0.789062 0.767574 0.790625 0.765306 0.790625 0.763039 0.792188 0.760771 0.792188 0.758503 0.795313 0.753968 0.795313 0.751701 0.798437 0.747166 0.798437 0.742630 0.800000 0.740363 0.800000 0.706349 0.798437 0.704082 0.798437 0.654195 0.796875 0.651927 0.796875 0.624717 0.798437 0.622449 0.798437 0.586168 0.800000 0.583900 0.800000 0.563492 0.801562 0.561224 0.801562 0.556689 0.800000 0.554422 0.800000 0.540816 0.798437 0.538549 0.798437 0.531746 0.800000 0.529478 0.800000 0.515873 0.798437 0.513605 0.798437 0.506803 0.800000 0.504535 0.798437 0.502268 0.798437 0.493197 0.796875 0.490930 0.796875 0.481859 0.795313 0.479592 0.795313 0.463719 0.796875 0.461451 0.796875 0.456916 0.795313 0.454649 0.795313 0.452381 0.793750 0.450113 0.793750 0.443311 0.792188 0.441043 0.792188 0.438776 0.790625 0.436508 0.790625 0.434240 0.789062 0.431973 0.789062 0.427438 0.787500 0.425170 0.787500 0.422902 0.785937 0.420635 0.785937 0.413832 0.784375 0.411565 0.784375 0.402494 0.782812 0.400227 0.782812 0.395692 0.781250 0.393424 0.781250 0.384354 0.779688 0.382086 0.779688 0.350340 0.781250 0.348073 0.781250 0.345805 0.782812 0.343537 0.782812 0.320862
7 0.800000 0.320862 0.803125 0.320862 0.803125 0.314059 0.804688 0.311791 0.804688 0.293651 0.803125 0.291383 0.803125 0.286848 0.801562 0.284580 0.801562 0.280045 0.798437 0.284580 0.796875 0.284580 0.796875 0.289116 0.798437 0.291383 0.798437 0.295918 0.800000 0.298186 0.800000 0.320862 0.784375 0.320862 0.782812 0.318594 0.782812 0.316327 0.776563 0.316327 0.775000 0.318594 0.771875 0.318594 0.770312 0.316327 0.770312 0.314059 0.768750 0.311791 0.768750 0.309524 0.767187 0.307256 0.767187 0.304989 0.765625 0.302721 0.765625 0.300454 0.762500 0.295918 0.762500 0.291383 0.760938 0.289116 0.760938 0.277778 0.759375 0.275510 0.759375 0.264172 0.757812 0.261905 0.757812 0.241497 0.756250 0.239229 0.756250 0.234694 0.754687 0.232426 0.754687 0.225624 0.753125 0.223356 0.753125 0.214286 0.751562 0.212018 0.751562 0.209751 0.750000 0.207483 0.750000 0.205215 0.748438 0.202948 0.748438 0.200680 0.746875 0.198413 0.746875 0.196145 0.745313 0.193878 0.745313 0.191610 0.743750 0.189342 0.743750 0.187075 0.740625 0.182540 0.740625 0.180272 0.739062 0.178005 0.739062 0.175737 0.737500 0.175737 0.735937 0.173469 0.735937 0.171202 0.732813 0.166667 0.731250 0.166667 0.729688 0.164399 0.728125 0.164399 0.725000 0.159864 0.723437 0.159864 0.721875 0.157596 0.718750 0.157596 0.717188 0.155329 0.715625 0.155329 0.714063 0.153061 0.712500 0.153061 0.710938 0.150794 0.707812 0.150794 0.706250 0.148526 0.704687 0.148526 0.703125 0.146259 0.698438 0.146259 0.696875 0.143991 0.687500 0.143991 0.685938 0.141723 0.679688 0.141723 0.678125 0.139456 0.675000 0.139456 0.673437 0.137188 0.671875 0.137188 0.670313 0.134921 0.668750 0.134921 0.667188 0.132653 0.667188 0.130385 0.665625 0.128118 0.665625 0.123583 0.664062 0.121315 0.664062 0.116780 0.662500 0.114512 0.662500 0.112245 0.659375 0.107710 0.654688 0.107710 0.653125 0.109977 0.650000 0.109977 0.648438 0.112245 0.645312 0.112245 0.643750 0.114512 0.642187 0.114512 0.640625 0.116780 0.635938 0.116780 0.634375 0.119048 0.617188 0.119048 0.615625 0.116780 0.607813 0.116780 0.606250 0.114512 0.593750 0.114512 0.592188 0.112245 0.562500 0.112245 0.560938 0.109977 0.540625 0.109977 0.539062 0.107710 0.518750 0.107710 0.517187 0.105442 0.468750 0.105442 0.467187 0.107710 0.442187 0.107710 0.440625 0.109977 0.428125 0.109977 0.426562 0.112245 0.390625 0.112245 0.389062 0.109977 0.381250 0.109977 0.379687 0.112245 0.379687 0.114512 0.378125 0.116780 0.378125 0.125850 0.376563 0.128118 0.376563 0.130385 0.375000 0.132653 0.373437 0.132653 0.371875 0.134921 0.367188 0.134921 0.365625 0.137188 0.357812 0.137188 0.356250 0.139456 0.353125 0.139456 0.351562 0.141723 0.350000 0.141723 0.348437 0.143991 0.345313 0.143991 0.343750 0.146259 0.342187 0.146259 0.340625 0.148526 0.339063 0.148526 0.332812 0.157596 0.331250 0.157596 0.326562 0.164399 0.326562 0.166667 0.323438 0.171202 0.323438 0.173469 0.320312 0.178005 0.320312 0.180272 0.318750 0.182540 0.318750 0.184807 0.317187 0.187075 0.317187 0.189342 0.314063 0.193878 0.314063 0.198413 0.312500 0.200680 0.312500 0.202948 0.310937 0.205215 0.310937 0.216553 0.309375 0.218821 0.309375 0.232426 0.307813 0.234694 0.307813 0.248299 0.306250 0.250567 0.306250 0.259637 0.304688 0.261905 0.304688 0.268707 0.303125 0.270975 0.303125 0.280045 0.301562 0.282313 0.301562 0.293651 0.300000 0.295918 0.300000 0.302721 0.298438 0.304989 0.298438 0.311791 0.296875 0.314059 0.296875 0.327664 0.295312 0.329932 0.295312 0.332200 0.293750 0.334467 0.293750 0.336735 0.292188 0.339002 0.292188 0.341270 0.290625 0.343537 0.290625 0.345805 0.289062 0.348073 0.289062 0.352608 0.287500 0.354875 0.287500 0.368481 0.285937 0.370748 0.285937 0.379819 0.284375 0.382086 0.284375 0.384354 0.282813 0.386621 0.282813 0.388889 0.281250 0.391156 0.281250 0.393424 0.279687 0.395692 0.279687 0.434240 0.278125 0.436508 0.278125 0.443311 0.276563 0.445578 0.275000 0.443311 0.275000 0.404762 0.273438 0.402494 0.273438 0.397959 0.271875 0.395692 0.265625 0.395692 0.265625 0.450113 0.271875 0.450113 0.276563 0.456916 0.273438 0.461451 0.273438 0.463719 0.271875 0.465986 0.271875 0.475057 0.273438 0.477324 0.273438 0.486395 0.275000 0.488662 0.275000 0.504535 0.273438 0.506803 0.273438 0.509070 0.270312 0.513605 0.265625 0.513605 0.265625 0.574830 0.271875 0.574830 0.273438 0.577098 0.275000 0.577098 0.276563 0.579365 0.276563 0.581633 0.278125 0.583900 0.278125 0.597506 0.276563 0.599773 0.276563 0.685941 0.275000 0.688209 0.275000 0.699546 0.273438 0.701814 0.273438 0.706349 0.270312 0.710884 0.265625 0.710884 0.265625 0.738095 0.271875 0.738095 0.273438 0.740363 0.273438 0.742630 0.278125 0.749433 0.278125 0.751701 0.279687 0.753968 0.279687 0.756236 0.281250 0.758503 0.281250 0.765306 0.282813 0.767574 0.282813 0.774376 0.284375 0.776644 0.284375 0.781179 0.287500 0.785714 0.287500 0.787982 0.289062 0.790249 0.289062 0.792517 0.292188 0.797052 0.292188 0.799320 0.293750 0.801587 0.293750 0.803855 0.295312 0.806122 0.295312 0.826531 0.296875 0.828798 0.296875 0.869615 0.298438 0.871882 0.298438 0.883220 0.300000 0.885488 0.300000 0.892290 0.301562 0.894558 0.301562 0.899093 0.303125 0.901361 0.303125 0.903628 0.304688 0.905896 0.304688 0.908163 0.307813 0.912698 0.307813 0.914966 0.312500 0.921769 0.315625 0.921769 0.317187 0.924036 0.321875 0.924036 0.323438 0.926304 0.332812 0.926304 0.334375 0.924036 0.342187 0.924036 0.343750 0.921769 0.346875 0.921769 0.348437 0.919501 0.350000 0.919501 0.365625 0.896825 0.365625 0.894558 0.367188 0.892290 0.367188 0.890023 0.368750 0.887755 0.368750 0.883220 0.370313 0.880952 0.370313 0.874150 0.371875 0.871882 0.371875 0.869615 0.373437 0.867347 0.373437 0.865079 0.375000 0.862812 0.375000 0.851474 0.373437 0.849206 0.379687 0.840136 0.381250 0.840136 0.382812 0.837868 0.384375 0.837868 0.385938 0.835601 0.387500 0.835601 0.389062 0.833333 0.392188 0.833333 0.393750 0.831066 0.410937 0.831066 0.412500 0.833333 0.415625 0.833333 0.417188 0.835601 0.423438 0.835601 0.425000 0.833333 0.429688 0.833333 0.431250 0.831066 0.435937 0.831066 0.437500 0.828798 0.450000 0.828798 0.451562 0.831066 0.457812 0.831066 0.459375 0.833333 0.462500 0.833333 0.464063 0.835601 0.465625 0.835601 0.467187 0.837868 0.468750 0.837868 0.470313 0.840136 0.473437 0.840136 0.475000 0.842404 0.479688 0.842404 0.481250 0.844671 0.490625 0.844671 0.492188 0.846939 0.518750 0.846939 0.520312 0.849206 0.576563 0.849206 0.578125 0.846939 0.587500 0.846939 0.589063 0.844671 0.593750 0.844671 0.595312 0.842404 0.596875 0.842404 0.598437 0.840136 0.601562 0.840136 0.603125 0.837868 0.604688 0.837868 0.606250 0.835601 0.612500 0.835601 0.614062 0.833333 0.625000 0.833333 0.626562 0.831066 0.656250 0.831066 0.657812 0.833333 0.664062 0.833333 0.665625 0.835601 0.667188 0.835601 0.671875 0.842404 0.671875 0.844671 0.673437 0.846939 0.673437 0.851474 0.675000 0.853741 0.675000 0.860544 0.676562 0.862812 0.676562 0.871882 0.678125 0.874150 0.678125 0.885488 0.679688 0.887755 0.679688 0.896825 0.681250 0.899093 0.681250 0.903628 0.682813 0.905896 0.682813 0.910431 0.684375 0.912698 0.684375 0.914966 0.685938 0.917234 0.685938 0.919501 0.687500 0.921769 0.687500 0.924036 0.692187 0.930839 0.693750 0.930839 0.695312 0.933107 0.696875 0.933107 0.698438 0.935374 0.704687 0.935374 0.706250 0.937642 0.721875 0.937642 0.723437 0.935374 0.729688 0.935374 0.731250 0.933107 0.732813 0.933107 0.742188 0.919501 0.742188 0.917234 0.743750 0.914966 0.743750 0.912698 0.745313 0.910431 0.745313 0.905896 0.746875 0.903628 0.746875 0.899093 0.748438 0.896825 0.748438 0.892290 0.750000 0.890023 0.750000 0.887755 0.751562 0.885488 0.751562 0.878685 0.753125 0.876417 0.753125 0.865079 0.754687 0.862812 0.754687 0.849206 0.756250 0.846939 0.756250 0.831066 0.757812 0.828798 0.757812 0.819728 0.765625 0.808390 0.767187 0.808390 0.768750 0.806122 0.770312 0.806122 0.771875 0.803855 0.773438 0.803855 0.782812 0.790249 0.782812 0.787982 0.784375 0.785714 0.784375 0.781179 0.785937 0.778912 0.785937 0.776644 0.787500 0.774376 0.787500 0.772109 0.789062 0.769841 0.789062 0.767574 0.790625 0.765306 0.790625 0.763039 0.792188 0.760771 0.792188 0.758503 0.795313 0.753968 0.795313 0.751701 0.798437 0.747166 0.798437 0.742630 0.800000 0.740363 0.800000 0.708617 0.798437 0.706349 0.798437 0.679138 0.796875 0.676871 0.796875 0.611111 0.798437 0.608844 0.798437 0.581633 0.800000 0.579365 0.800000 0.547619 0.798437 0.545351 0.798437 0.500000 0.796875 0.497732 0.796875 0.486395 0.795313 0.484127 0.795313 0.456916 0.793750 0.454649 0.793750 0.447846 0.792188 0.445578 0.792188 0.438776 0.790625 0.436508 0.790625 0.431973 0.789062 0.429705 0.789062 0.427438 0.787500 0.425170 0.787500 0.420635 0.785937 0.418367 0.785937 0.413832 0.784375 0.411565 0.784375 0.402494 0.782812 0.400227 0.782812 0.395692 0.781250 0.393424 0.781250 0.384354 0.779688 0.382086 0.779688 0.350340 0.781250 0.348073 0.781250 0.345805 0.784375 0.341270 0.784375 0.336735 0.782812 0.334467 0.782812 0.325397 0.784375 0.323129 0.784375 0.320862
2 0.215625 0.359410 0.215625 0.357143 0.217187 0.354875 0.217187 0.352608 0.218750 0.350340 0.218750 0.348073 0.215625 0.348073 0.214062 0.350340 0.215625 0.352608 0.215625 0.359410 0.279687 0.304989 0.279687 0.316327 0.281250 0.318594 0.281250 0.323129 0.282813 0.325397 0.282813 0.327664 0.284375 0.329932 0.284375 0.348073 0.285937 0.350340 0.285937 0.352608 0.287500 0.354875 0.287500 0.357143 0.290625 0.361678 0.295312 0.361678 0.295312 0.402494 0.290625 0.402494 0.289062 0.404762 0.234375 0.304989 0.232812 0.304989 0.232812 0.311791 0.234375 0.311791 0.234375 0.304989 0.289062 0.404762 0.289062 0.407029 0.287500 0.409297 0.287500 0.418367 0.285937 0.420635 0.285937 0.431973 0.284375 0.434240 0.284375 0.468254 0.282813 0.470522 0.282813 0.475057 0.281250 0.477324 0.281250 0.484127 0.279687 0.486395 0.279687 0.506803 0.278125 0.509070 0.278125 0.522676 0.276563 0.524943 0.276563 0.577098 0.273438 0.581633 0.246875 0.581633 0.245312 0.583900 0.243750 0.583900 0.242188 0.586168 0.229687 0.586168 0.228125 0.583900 0.220313 0.583900 0.218750 0.586168 0.218750 0.588435 0.217187 0.590703 0.217187 0.602041 0.215625 0.604308 0.215625 0.606576 0.214062 0.608844 0.214062 0.620181 0.192188 0.620181 0.192188 0.608844 0.190625 0.606576 0.190625 0.604308 0.189063 0.602041 0.189063 0.547619 0.190625 0.545351 0.190625 0.529478 0.192188 0.527211 0.192188 0.520408 0.190625 0.518141 0.190625 0.513605 0.189063 0.511338 0.189063 0.504535 0.190625 0.502268 0.190625 0.500000 0.192188 0.497732 0.192188 0.493197 0.193750 0.490930 0.193750 0.488662 0.195312 0.486395 0.195312 0.484127 0.196875 0.481859 0.196875 0.479592 0.214062 0.454649 0.214062 0.452381 0.215625 0.450113 0.215625 0.445578 0.217187 0.443311 0.217187 0.438776 0.218750 0.436508 0.218750 0.429705 0.220313 0.427438 0.220313 0.425170 0.221875 0.422902 0.221875 0.420635 0.223438 0.418367 0.223438 0.416100 0.225000 0.413832 0.225000 0.411565 0.231250 0.402494 0.231250 0.400227 0.234375 0.395692 0.234375 0.393424 0.235938 0.391156 0.235938 0.386621 0.243750 0.375283 0.243750 0.373016 0.245312 0.370748 0.245312 0.368481 0.246875 0.366213 0.246875 0.363946 0.250000 0.359410 0.250000 0.354875 0.248437 0.352608 0.248437 0.341270 0.250000 0.339002 0.250000 0.332200 0.251563 0.329932 0.251563 0.327664 0.253125 0.325397 0.253125 0.304989 0.279687 0.304989
0 0.382812 0.241497 0.382812 0.250567 0.381250 0.252834 0.381250 0.255102 0.378125 0.259637 0.378125 0.261905 0.376563 0.264172 0.376563 0.266440 0.375000 0.268707 0.375000 0.270975 0.373437 0.273243 0.373437 0.275510 0.371875 0.277778 0.371875 0.280045 0.370313 0.282313 0.370313 0.284580 0.368750 0.286848 0.368750 0.298186 0.367188 0.300454 0.367188 0.304989 0.362500 0.311791 0.362500 0.314059 0.360938 0.316327 0.359375 0.316327 0.357812 0.318594 0.356250 0.318594 0.353125 0.323129 0.346875 0.323129 0.345313 0.325397 0.342187 0.325397 0.340625 0.327664 0.334375 0.327664 0.334375 0.357143 0.421875 0.357143 0.421875 0.348073 0.423438 0.345805 0.425000 0.345805 0.426562 0.343537 0.432813 0.343537 0.432813 0.339002 0.428125 0.339002 0.425000 0.334467 0.425000 0.332200 0.423438 0.329932 0.423438 0.314059 0.425000 0.311791 0.425000 0.307256 0.426562 0.304989 0.426562 0.302721 0.428125 0.300454 0.432813 0.300454 0.432813 0.280045 0.428125 0.280045 0.426562 0.277778 0.426562 0.275510 0.425000 0.273243 0.425000 0.268707 0.423438 0.266440 0.423438 0.264172 0.421875 0.261905 0.421875 0.259637 0.418750 0.255102 0.418750 0.252834 0.417188 0.250567 0.417188 0.241497
0 0.628125 0.259637 0.628125 0.268707 0.626562 0.270975 0.626562 0.273243 0.623438 0.277778 0.623438 0.280045 0.618750 0.286848 0.618750 0.289116 0.617188 0.291383 0.617188 0.298186 0.615625 0.300454 0.615625 0.307256 0.614062 0.309524 0.609375 0.309524 0.609375 0.348073 0.653125 0.348073 0.653125 0.341270 0.654688 0.339002 0.656250 0.339002 0.657812 0.336735 0.660937 0.336735 0.664062 0.332200 0.670313 0.332200 0.670313 0.329932 0.665625 0.329932 0.662500 0.325397 0.662500 0.320862 0.660937 0.318594 0.660937 0.307256 0.659375 0.304989 0.659375 0.298186 0.657812 0.295918 0.657812 0.289116 0.656250 0.286848 0.656250 0.277778 0.654688 0.275510 0.654688 0.268707 0.653125 0.266440 0.653125 0.259637
0 0.165625 0.386621 0.165625 0.416100 0.170312 0.416100 0.175000 0.422902 0.175000 0.425170 0.176563 0.427438 0.176563 0.441043 0.178125 0.443311 0.178125 0.452381 0.176563 0.454649 0.176563 0.468254 0.170312 0.477324 0.165625 0.477324 0.165625 0.538549 0.173438 0.538549 0.173438 0.529478 0.178125 0.522676 0.178125 0.513605 0.179688 0.511338 0.179688 0.502268 0.181250 0.500000 0.181250 0.488662 0.179688 0.486395 0.179688 0.484127 0.181250 0.481859 0.181250 0.475057 0.182812 0.472789 0.184375 0.472789 0.187500 0.468254 0.187500 0.465986 0.190625 0.461451 0.195312 0.461451 0.195312 0.422902 0.189063 0.422902 0.185937 0.418367 0.185937 0.416100 0.184375 0.413832 0.184375 0.386621
0 0.384375 0.241497 0.384375 0.248299 0.382812 0.250567 0.382812 0.252834 0.381250 0.255102 0.381250 0.257370 0.379687 0.259637 0.379687 0.264172 0.376563 0.268707 0.371875 0.268707 0.376563 0.268707 0.378125 0.270975 0.378125 0.277778 0.376563 0.280045 0.371875 0.280045 0.371875 0.325397 0.376563 0.325397 0.378125 0.327664 0.378125 0.332200 0.379687 0.334467 0.379687 0.348073 0.378125 0.350340 0.371875 0.350340 0.371875 0.357143 0.410937 0.357143 0.410937 0.350340 0.412500 0.348073 0.423438 0.348073 0.425000 0.345805 0.432813 0.345805 0.432813 0.329932 0.426562 0.329932 0.425000 0.327664 0.425000 0.325397 0.423438 0.323129 0.423438 0.316327 0.425000 0.314059 0.425000 0.307256 0.426562 0.304989 0.426562 0.302721 0.428125 0.300454 0.432813 0.300454 0.432813 0.280045 0.428125 0.280045 0.426562 0.277778 0.426562 0.275510 0.425000 0.273243 0.425000 0.268707 0.423438 0.266440 0.423438 0.264172 0.421875 0.261905 0.421875 0.259637 0.420312 0.257370 0.420312 0.255102 0.417188 0.250567 0.417188 0.241497
0 0.528125 0.241497 0.528125 0.252834 0.526563 0.255102 0.526563 0.257370 0.525000 0.259637 0.525000 0.261905 0.523438 0.264172 0.523438 0.266440 0.517187 0.275510 0.517187 0.277778 0.510938 0.286848 0.510938 0.289116 0.507812 0.293651 0.507812 0.295918 0.506250 0.298186 0.506250 0.300454 0.504687 0.302721 0.504687 0.307256 0.503125 0.309524 0.503125 0.311791 0.493750 0.325397 0.493750 0.327664 0.492188 0.329932 0.492188 0.332200 0.490625 0.334467 0.490625 0.336735 0.489062 0.339002 0.484375 0.339002 0.484375 0.345805 0.489062 0.345805 0.492188 0.350340 0.492188 0.357143 0.531250 0.357143 0.531250 0.350340 0.532812 0.348073 0.535937 0.348073 0.537500 0.345805 0.540625 0.345805 0.545313 0.339002 0.545313 0.334467 0.546875 0.332200 0.546875 0.327664 0.548437 0.325397 0.548437 0.323129 0.550000 0.320862 0.550000 0.314059 0.551562 0.311791 0.551562 0.293651 0.550000 0.291383 0.550000 0.289116 0.548437 0.286848 0.548437 0.277778 0.553125 0.270975 0.557813 0.270975 0.557813 0.261905 0.553125 0.261905 0.550000 0.257370 0.550000 0.241497
0 0.190625 0.395692 0.190625 0.475057 0.203125 0.475057 0.203125 0.468254 0.204688 0.465986 0.204688 0.463719 0.207813 0.459184 0.214062 0.459184 0.214062 0.395692
0 0.171875 0.386621 0.171875 0.436508 0.176563 0.436508 0.178125 0.438776 0.178125 0.441043 0.179688 0.443311 0.179688 0.452381 0.176563 0.456916 0.171875 0.456916 0.171875 0.520408 0.179688 0.520408 0.179688 0.513605 0.181250 0.511338 0.181250 0.506803 0.182812 0.504535 0.182812 0.488662 0.181250 0.486395 0.181250 0.484127 0.182812 0.481859 0.182812 0.477324 0.184375 0.475057 0.185937 0.477324 0.185937 0.481859 0.187500 0.484127 0.187500 0.486395 0.189063 0.488662 0.195312 0.488662 0.195312 0.420635 0.189063 0.420635 0.187500 0.418367 0.187500 0.416100 0.185937 0.413832 0.185937 0.386621
0 0.579687 0.259637 0.579687 0.270975 0.578125 0.273243 0.571875 0.273243 0.571875 0.357143 0.620313 0.357143 0.620313 0.289116 0.615625 0.289116 0.614062 0.286848 0.614062 0.284580 0.612500 0.282313 0.612500 0.277778 0.609375 0.273243 0.609375 0.270975 0.607813 0.268707 0.607813 0.259637
