5 0.610937 0.238758 0.610937 0.245182 0.607813 0.249465 0.606250 0.249465 0.598437 0.260171 0.593750 0.260171 0.592188 0.262313 0.582812 0.262313 0.581250 0.264454 0.568750 0.264454 0.567187 0.266595 0.546875 0.266595 0.545313 0.268737 0.534375 0.268737 0.532812 0.270878 0.521875 0.270878 0.520312 0.273019 0.510938 0.273019 0.509375 0.275161 0.495313 0.275161 0.493750 0.277302 0.481250 0.277302 0.479688 0.279443 0.468750 0.279443 0.467187 0.281585 0.464063 0.281585 0.462500 0.283726 0.460938 0.283726 0.459375 0.285867 0.454688 0.285867 0.453125 0.288009 0.443750 0.288009 0.442187 0.290150 0.432813 0.290150 0.431250 0.292291 0.418750 0.292291 0.417188 0.294433 0.400000 0.294433 0.398438 0.296574 0.379687 0.296574 0.378125 0.298715 0.364062 0.298715 0.362500 0.300857 0.350000 0.300857 0.348437 0.302998 0.343750 0.302998 0.342187 0.305139 0.335938 0.305139 0.334375 0.307281 0.328125 0.307281 0.326562 0.309422 0.298438 0.309422 0.296875 0.311563 0.289062 0.311563 0.287500 0.313704 0.273438 0.313704 0.271875 0.315846 0.256250 0.315846 0.254687 0.317987 0.245312 0.317987 0.243750 0.320128 0.232812 0.320128 0.231250 0.322270 0.221875 0.322270 0.220313 0.324411 0.212500 0.324411 0.210938 0.326552 0.190625 0.326552 0.189063 0.328694 0.176563 0.328694 0.175000 0.330835 0.168750 0.330835 0.167187 0.332976 0.160938 0.332976 0.159375 0.335118 0.151562 0.335118 0.150000 0.337259 0.142188 0.337259 0.140625 0.339400 0.134375 0.339400 0.132812 0.341542 0.131250 0.341542 0.129688 0.343683 0.126563 0.343683 0.125000 0.345824 0.121875 0.345824 0.118750 0.350107 0.117188 0.350107 0.110937 0.358672 0.110937 0.360814 0.107813 0.365096 0.107813 0.367238 0.106250 0.369379 0.106250 0.371520 0.104687 0.373662 0.104687 0.377944 0.103125 0.380086 0.103125 0.384368 0.101562 0.386510 0.101562 0.392934 0.100000 0.395075 0.100000 0.401499 0.098438 0.403640 0.098438 0.412206 0.096875 0.414347 0.096875 0.418630 0.098438 0.420771 0.098438 0.429336 0.100000 0.431478 0.100000 0.437901 0.101562 0.440043 0.101562 0.506424 0.103125 0.508565 0.103125 0.534261 0.104687 0.536403 0.104687 0.592077 0.103125 0.594218 0.103125 0.617773 0.104687 0.619914 0.104687 0.630621 0.106250 0.632762 0.106250 0.637045 0.107813 0.639186 0.107813 0.641328 0.115625 0.652034 0.118750 0.652034 0.120312 0.654176 0.125000 0.654176 0.126563 0.656317 0.129688 0.656317 0.131250 0.658458 0.137500 0.658458 0.139062 0.660600 0.146875 0.660600 0.153125 0.669165 0.153125 0.671306 0.154687 0.673448 0.154687 0.675589 0.157813 0.679871 0.157813 0.682013 0.159375 0.684154 0.160938 0.684154 0.165625 0.690578 0.167187 0.690578 0.168750 0.692719 0.173438 0.692719 0.175000 0.694861 0.181250 0.694861 0.182812 0.692719 0.187500 0.692719 0.190625 0.688437 0.190625 0.686296 0.192188 0.684154 0.192188 0.682013 0.195312 0.677730 0.200000 0.677730 0.201562 0.675589 0.203125 0.675589 0.204688 0.677730 0.217187 0.677730 0.218750 0.679871 0.234375 0.679871 0.235938 0.682013 0.243750 0.682013 0.245312 0.684154 0.256250 0.684154 0.257812 0.686296 0.268750 0.686296 0.270312 0.688437 0.278125 0.688437 0.279687 0.690578 0.285937 0.690578 0.287500 0.692719 0.295312 0.692719 0.296875 0.694861 0.306250 0.694861 0.307813 0.697002 0.314063 0.697002 0.315625 0.699143 0.325000 0.699143 0.326562 0.701285 0.335938 0.701285 0.337500 0.703426 0.345313 0.703426 0.346875 0.705567 0.353125 0.705567 0.354688 0.707709 0.359375 0.707709 0.360938 0.709850 0.364062 0.709850 0.365625 0.711991 0.370313 0.711991 0.371875 0.714133 0.379687 0.714133 0.381250 0.716274 0.385938 0.716274 0.387500 0.718415 0.390625 0.718415 0.392188 0.720557 0.395312 0.720557 0.396875 0.722698 0.400000 0.722698 0.401563 0.724839 0.404687 0.724839 0.406250 0.726981 0.407813 0.726981 0.412500 0.733405 0.414062 0.733405 0.418750 0.739829 0.420312 0.739829 0.425000 0.746253 0.426562 0.746253 0.431250 0.752677 0.432813 0.752677 0.434375 0.754818 0.435937 0.754818 0.437500 0.756959 0.439063 0.756959 0.442187 0.761242 0.442187 0.767666 0.478125 0.767666 0.478125 0.761242 0.484375 0.752677 0.485938 0.752677 0.487500 0.750535 0.489062 0.750535 0.490625 0.748394 0.492188 0.748394 0.503125 0.733405 0.528125 0.733405 0.529688 0.735546 0.540625 0.735546 0.542188 0.737687 0.550000 0.737687 0.551562 0.739829 0.562500 0.739829 0.564062 0.741970 0.576563 0.741970 0.578125 0.744111 0.581250 0.744111 0.582812 0.746253 0.592188 0.746253 0.593750 0.748394 0.606250 0.748394 0.607813 0.750535 0.615625 0.750535 0.617188 0.752677 0.625000 0.752677 0.626562 0.754818 0.639063 0.754818 0.640625 0.756959 0.665625 0.756959 0.667188 0.754818 0.679688 0.754818 0.681250 0.752677 0.687500 0.752677 0.689062 0.750535 0.695312 0.750535 0.696875 0.748394 0.703125 0.748394 0.704687 0.746253 0.710938 0.746253 0.712500 0.744111 0.718750 0.744111 0.720312 0.741970 0.726562 0.741970 0.728125 0.739829 0.732813 0.739829 0.734375 0.737687 0.740625 0.737687 0.742188 0.735546 0.750000 0.735546 0.751562 0.733405 0.759375 0.733405 0.760938 0.731263 0.770312 0.731263 0.771875 0.729122 0.778125 0.729122 0.779688 0.726981 0.785937 0.726981 0.787500 0.724839 0.792188 0.724839 0.793750 0.722698 0.800000 0.722698 0.801562 0.720557 0.810938 0.720557 0.812500 0.718415 0.818750 0.718415 0.820312 0.716274 0.823438 0.716274 0.825000 0.714133 0.826563 0.714133 0.828125 0.711991 0.828125 0.709850 0.829687 0.707709 0.829687 0.705567 0.831250 0.703426 0.831250 0.701285 0.832812 0.699143 0.832812 0.690578 0.834375 0.688437 0.834375 0.682013 0.835938 0.679871 0.835938 0.658458 0.837500 0.656317 0.837500 0.649893 0.839063 0.647752 0.839063 0.619914 0.840625 0.617773 0.845312 0.617773 0.845312 0.566381 0.840625 0.566381 0.839063 0.564240 0.839063 0.559957 0.837500 0.557816 0.837500 0.508565 0.835938 0.506424 0.835938 0.465739 0.834375 0.463597 0.834375 0.457173 0.832812 0.455032 0.832812 0.446467 0.831250 0.444325 0.831250 0.431478 0.829687 0.429336 0.829687 0.414347 0.828125 0.412206 0.828125 0.388651 0.826563 0.386510 0.826563 0.371520 0.825000 0.369379 0.825000 0.365096 0.823438 0.362955 0.823438 0.358672 0.821875 0.356531 0.821875 0.350107 0.820312 0.347966 0.820312 0.345824 0.817187 0.341542 0.817187 0.339400 0.815625 0.337259 0.815625 0.330835 0.812500 0.326552 0.812500 0.324411 0.809375 0.320128 0.807813 0.320128 0.803125 0.313704 0.803125 0.311563 0.798437 0.305139 0.796875 0.305139 0.792188 0.298715 0.792188 0.296574 0.790625 0.294433 0.790625 0.290150 0.789062 0.288009 0.789062 0.283726 0.787500 0.281585 0.787500 0.275161 0.785937 0.273019 0.785937 0.268737 0.784375 0.266595 0.784375 0.264454 0.778125 0.255889 0.776563 0.255889 0.775000 0.253747 0.771875 0.253747 0.770312 0.251606 0.765625 0.251606 0.764063 0.249465 0.760938 0.249465 0.759375 0.247323 0.757812 0.247323 0.756250 0.245182 0.756250 0.238758 0.687500 0.238758 0.687500 0.245182 0.685938 0.247323 0.681250 0.247323 0.679688 0.249465 0.637500 0.249465 0.635938 0.247323 0.621875 0.247323 0.620313 0.245182 0.620313 0.238758
5 0.931250 0.517131 0.928125 0.512848 0.926562 0.512848 0.926562 0.523555 0.928125 0.525696 0.928125 0.536403 0.928125 0.534261 0.931250 0.529979 0.931250 0.517131 0.935938 0.512848 0.937500 0.514989 0.937500 0.529979 0.939062 0.532120 0.939062 0.536403 0.942187 0.540685 0.951563 0.540685 0.953125 0.538544 0.957812 0.538544 0.959375 0.536403 0.970312 0.536403 0.970312 0.534261 0.971875 0.532120 0.971875 0.504283 0.973437 0.502141 0.973437 0.480728 0.975000 0.478587 0.975000 0.470021 0.976562 0.467880 0.976562 0.465739 0.978125 0.463597 0.978125 0.461456 0.982813 0.455032 0.987500 0.455032 0.989062 0.457173 0.992188 0.457173 0.993750 0.459315 0.998438 0.459315 0.998438 0.332976 0.835938 0.332976 0.835938 0.341542 0.834375 0.343683 0.828125 0.343683 0.828125 0.463597 0.832812 0.463597 0.834375 0.465739 0.834375 0.467880 0.835938 0.470021 0.835938 0.480728 0.834375 0.482869 0.834375 0.491435 0.835938 0.493576 0.835938 0.502141 0.837500 0.504283 0.837500 0.510707 0.839063 0.512848 0.839063 0.538544 0.840625 0.538544 0.846875 0.529979 0.850000 0.529979 0.851562 0.527837 0.862500 0.527837 0.864062 0.529979 0.864062 0.536403 0.867188 0.540685 0.867188 0.542827 0.868750 0.544968 0.868750 0.553533 0.878125 0.553533 0.878125 0.542827 0.875000 0.538544 0.875000 0.536403 0.871875 0.532120 0.871875 0.529979 0.868750 0.529979 0.867188 0.527837 0.865625 0.527837 0.864062 0.525696 0.864062 0.517131 0.862500 0.514989 0.859375 0.514989 0.857813 0.512848 0.860937 0.508565 0.862500 0.508565 0.862500 0.497859 0.864062 0.495717 0.864062 0.467880 0.865625 0.465739 0.865625 0.461456 0.868750 0.457173 0.868750 0.455032 0.870313 0.452891 0.873438 0.452891 0.875000 0.455032 0.876562 0.455032 0.879687 0.459315 0.879687 0.461456 0.881250 0.463597 0.881250 0.465739 0.884375 0.470021 0.885938 0.467880 0.887500 0.467880 0.890625 0.463597 0.890625 0.461456 0.895312 0.455032 0.898438 0.455032 0.901563 0.459315 0.903125 0.459315 0.904688 0.461456 0.904688 0.463597 0.906250 0.465739 0.906250 0.467880 0.907812 0.470021 0.907812 0.474304 0.914062 0.482869 0.914062 0.485011 0.915625 0.482869 0.915625 0.480728 0.917188 0.478587 0.917188 0.476445 0.918750 0.474304 0.920313 0.474304 0.928125 0.463597 0.931250 0.467880 0.932813 0.467880 0.935938 0.472163 0.935938 0.474304 0.937500 0.476445 0.937500 0.508565 0.935938 0.510707 0.935938 0.512848
0 0.545313 0.392934 0.545313 0.401499 0.543750 0.403640 0.543750 0.405782 0.542188 0.407923 0.542188 0.410064 0.540625 0.412206 0.540625 0.427195 0.539062 0.429336 0.539062 0.433619 0.532812 0.442184 0.528125 0.442184 0.528125 0.476445 0.576563 0.476445 0.576563 0.431478 0.571875 0.431478 0.568750 0.427195 0.568750 0.420771 0.567187 0.418630 0.567187 0.401499 0.565625 0.399358 0.565625 0.392934
0 0.867188 0.444325 0.867188 0.455032 0.865625 0.457173 0.865625 0.459315 0.864062 0.461456 0.859375 0.461456 0.859375 0.508565 0.865625 0.508565 0.867188 0.510707 0.867188 0.514989 0.868750 0.517131 0.868750 0.538544 0.867188 0.540685 0.867188 0.542827 0.865625 0.544968 0.865625 0.547109 0.867188 0.549251 0.867188 0.551392 0.868750 0.553533 0.868750 0.562099 0.881250 0.562099 0.881250 0.553533 0.882812 0.551392 0.882812 0.549251 0.884375 0.547109 0.889063 0.547109 0.889063 0.544968 0.884375 0.544968 0.882812 0.542827 0.882812 0.540685 0.881250 0.538544 0.881250 0.521413 0.884375 0.517131 0.889063 0.517131 0.889063 0.470021 0.884375 0.470021 0.879687 0.463597 0.879687 0.459315 0.878125 0.457173 0.878125 0.452891 0.876562 0.450749 0.876562 0.444325
0 0.492188 0.384368 0.492188 0.399358 0.490625 0.401499 0.490625 0.410064 0.489062 0.412206 0.489062 0.418630 0.487500 0.420771 0.487500 0.422912 0.485938 0.425054 0.485938 0.427195 0.482812 0.431478 0.478125 0.431478 0.478125 0.476445 0.532812 0.476445 0.532812 0.459315 0.528125 0.459315 0.526563 0.457173 0.526563 0.455032 0.525000 0.452891 0.525000 0.440043 0.523438 0.437901 0.523438 0.431478 0.521875 0.429336 0.521875 0.422912 0.520312 0.420771 0.520312 0.407923 0.518750 0.405782 0.518750 0.395075 0.517187 0.392934 0.517187 0.384368
0 0.209375 0.410064 0.209375 0.420771 0.207813 0.422912 0.207813 0.429336 0.206250 0.431478 0.206250 0.448608 0.204688 0.450749 0.204688 0.452891 0.201562 0.457173 0.200000 0.457173 0.198437 0.459315 0.196875 0.459315 0.195312 0.461456 0.190625 0.461456 0.190625 0.476445 0.245312 0.476445 0.245312 0.444325 0.240625 0.444325 0.237500 0.440043 0.237500 0.437901 0.235938 0.435760 0.235938 0.431478 0.234375 0.429336 0.234375 0.427195 0.232812 0.425054 0.232812 0.410064
0 0.971875 0.461456 0.971875 0.557816 0.976562 0.557816 0.979688 0.562099 0.979688 0.587794 0.978125 0.589936 0.978125 0.592077 0.976562 0.594218 0.971875 0.594218 0.971875 0.607066 0.978125 0.607066 0.979688 0.609208 0.979688 0.611349 0.981250 0.613490 0.981250 0.622056 0.992188 0.622056 0.992188 0.615632 0.993750 0.613490 0.993750 0.611349 0.995313 0.609208 0.998438 0.609208 0.998438 0.461456
9 0.053125 0.350107 0.053125 0.433619 0.089062 0.433619 0.089062 0.362955 0.082813 0.362955 0.081250 0.360814 0.079687 0.360814 0.076563 0.356531 0.076563 0.350107
0 0.907812 0.504283 0.907812 0.514989 0.906250 0.517131 0.906250 0.523555 0.904688 0.525696 0.904688 0.529979 0.901563 0.534261 0.896875 0.534261 0.896875 0.555674 0.903125 0.555674 0.904688 0.557816 0.904688 0.564240 0.906250 0.566381 0.906250 0.604925 0.926562 0.604925 0.926562 0.519272 0.921875 0.519272 0.918750 0.514989 0.918750 0.504283
0 0.276563 0.418630 0.276563 0.437901 0.275000 0.440043 0.275000 0.450749 0.271875 0.455032 0.270312 0.455032 0.268750 0.457173 0.267188 0.457173 0.265625 0.459315 0.259375 0.459315 0.259375 0.476445 0.307813 0.476445 0.307813 0.463597 0.303125 0.463597 0.300000 0.459315 0.300000 0.457173 0.295312 0.450749 0.295312 0.448608 0.293750 0.446467 0.293750 0.442184 0.295312 0.440043 0.295312 0.433619 0.296875 0.431478 0.296875 0.427195 0.298438 0.425054 0.298438 0.418630
0 0.884375 0.452891 0.884375 0.553533 0.901563 0.553533 0.901563 0.547109 0.903125 0.544968 0.907812 0.544968 0.907812 0.452891
2 0.000000 0.478587 0.000000 0.553533 0.032812 0.553533 0.032812 0.540685 0.028125 0.540685 0.026563 0.538544 0.026563 0.536403 0.028125 0.534261 0.032812 0.534261 0.032812 0.510707 0.028125 0.510707 0.023438 0.504283 0.023438 0.502141 0.021875 0.500000 0.020312 0.500000 0.017188 0.495717 0.017188 0.493576 0.015625 0.491435 0.015625 0.478587
0 0.406250 0.410064 0.406250 0.418630 0.409375 0.422912 0.409375 0.427195 0.407813 0.429336 0.407813 0.433619 0.406250 0.435760 0.406250 0.437901 0.400000 0.446467 0.398438 0.446467 0.395312 0.450749 0.390625 0.450749 0.390625 0.476445 0.418750 0.476445 0.418750 0.467880 0.421875 0.463597 0.426562 0.463597 0.426562 0.410064 0.406250 0.410064 0.398438 0.410064 0.390625 0.410064 0.390625 0.418630 0.396875 0.418630 0.398438 0.416488 0.398438 0.410064
0 0.915625 0.452891 0.915625 0.529979 0.921875 0.529979 0.923437 0.532120 0.923437 0.534261 0.925000 0.536403 0.925000 0.544968 0.926562 0.547109 0.926562 0.553533 0.939062 0.553533 0.939062 0.452891
0 0.353125 0.418630 0.353125 0.425054 0.354688 0.427195 0.354688 0.435760 0.350000 0.442184 0.350000 0.444325 0.346875 0.448608 0.345313 0.448608 0.345313 0.450749 0.340625 0.457173 0.334375 0.457173 0.334375 0.476445 0.382812 0.476445 0.382812 0.452891 0.376563 0.452891 0.375000 0.450749 0.371875 0.450749 0.368750 0.446467 0.368750 0.444325 0.367188 0.442184 0.367188 0.418630
0 0.417188 0.401499 0.417188 0.416488 0.415625 0.418630 0.415625 0.425054 0.414062 0.427195 0.409375 0.427195 0.409375 0.429336 0.414062 0.429336 0.415625 0.431478 0.415625 0.435760 0.420312 0.442184 0.420312 0.444325 0.418750 0.446467 0.418750 0.448608 0.417188 0.450749 0.417188 0.452891 0.414062 0.457173 0.409375 0.457173 0.409375 0.474304 0.415625 0.474304 0.417188 0.476445 0.418750 0.476445 0.420312 0.478587 0.420312 0.485011 0.460938 0.485011 0.460938 0.478587 0.464063 0.474304 0.470313 0.474304 0.470313 0.450749 0.464063 0.450749 0.462500 0.448608 0.462500 0.446467 0.456250 0.437901 0.454688 0.437901 0.448438 0.429336 0.446875 0.429336 0.445312 0.427195 0.443750 0.427195 0.437500 0.418630 0.437500 0.416488 0.434375 0.412206 0.434375 0.410064 0.432813 0.407923 0.432813 0.401499
