6 0.507812 0.254167 0.507812 0.262500 0.504687 0.266667 0.504687 0.268750 0.501562 0.272917 0.496875 0.272917 0.496875 0.452083 0.506250 0.452083 0.507812 0.454167 0.512500 0.454167 0.514063 0.456250 0.515625 0.454167 0.517187 0.454167 0.518750 0.452083 0.529688 0.452083 0.531250 0.454167 0.532812 0.454167 0.534375 0.456250 0.535937 0.456250 0.540625 0.462500 0.540625 0.468750 0.559375 0.468750 0.559375 0.462500 0.562500 0.458333 0.564062 0.458333 0.565625 0.456250 0.568750 0.456250 0.570312 0.454167 0.573438 0.454167 0.576563 0.450000 0.576563 0.447917 0.578125 0.445833 0.578125 0.439583 0.579687 0.437500 0.579687 0.431250 0.581250 0.429167 0.581250 0.427083 0.584375 0.422917 0.587500 0.422917 0.589063 0.420833 0.590625 0.422917 0.593750 0.422917 0.595312 0.425000 0.598437 0.420833 0.598437 0.418750 0.600000 0.416667 0.600000 0.414583 0.601562 0.412500 0.601562 0.408333 0.603125 0.406250 0.603125 0.400000 0.604688 0.397917 0.604688 0.393750 0.607813 0.389583 0.607813 0.387500 0.615625 0.377083 0.617188 0.377083 0.625000 0.366667 0.625000 0.364583 0.628125 0.360417 0.631250 0.360417 0.632812 0.358333 0.634375 0.358333 0.639063 0.364583 0.639063 0.366667 0.643750 0.372917 0.643750 0.375000 0.651563 0.385417 0.651563 0.387500 0.653125 0.389583 0.653125 0.391667 0.654688 0.393750 0.654688 0.406250 0.656250 0.408333 0.656250 0.414583 0.657812 0.416667 0.657812 0.418750 0.659375 0.420833 0.659375 0.441667 0.657812 0.443750 0.657812 0.447917 0.659375 0.450000 0.668750 0.450000 0.670313 0.447917 0.676562 0.447917 0.678125 0.445833 0.681250 0.445833 0.682813 0.443750 0.689062 0.443750 0.690625 0.441667 0.714063 0.441667 0.715625 0.439583 0.731250 0.439583 0.732813 0.437500 0.740625 0.437500 0.742188 0.435417 0.748438 0.435417 0.750000 0.433333 0.756250 0.433333 0.757812 0.431250 0.762500 0.431250 0.764063 0.429167 0.770312 0.429167 0.771875 0.427083 0.784375 0.427083 0.785937 0.425000 0.792188 0.425000 0.793750 0.422917 0.798437 0.422917 0.800000 0.420833 0.806250 0.420833 0.807813 0.418750 0.818750 0.418750 0.820312 0.416667 0.829687 0.416667 0.831250 0.414583 0.842188 0.414583 0.843750 0.412500 0.848437 0.412500 0.850000 0.410417 0.857813 0.410417 0.859375 0.408333 0.867188 0.408333 0.868750 0.406250 0.875000 0.406250 0.876562 0.404167 0.879687 0.404167 0.887500 0.393750 0.887500 0.385417 0.889063 0.383333 0.889063 0.372917 0.890625 0.370833 0.895312 0.370833 0.895312 0.345833 0.890625 0.345833 0.885938 0.339583 0.884375 0.339583 0.882812 0.337500 0.878125 0.337500 0.876562 0.335417 0.871875 0.335417 0.870313 0.333333 0.868750 0.333333 0.867188 0.331250 0.864062 0.331250 0.862500 0.329167 0.857813 0.329167 0.856250 0.327083 0.851562 0.327083 0.850000 0.325000 0.842188 0.325000 0.840625 0.322917 0.831250 0.322917 0.829687 0.320833 0.823438 0.320833 0.815625 0.310417 0.814062 0.310417 0.812500 0.308333 0.810938 0.308333 0.809375 0.306250 0.806250 0.306250 0.804688 0.304167 0.803125 0.304167 0.801562 0.302083 0.795313 0.302083 0.793750 0.300000 0.789062 0.300000 0.787500 0.297917 0.782812 0.297917 0.781250 0.295833 0.760938 0.295833 0.759375 0.293750 0.748438 0.293750 0.746875 0.291667 0.742188 0.291667 0.740625 0.289583 0.734375 0.289583 0.732813 0.287500 0.728125 0.287500 0.726562 0.285417 0.721875 0.285417 0.720312 0.283333 0.718750 0.283333 0.717188 0.281250 0.714063 0.281250 0.712500 0.279167 0.710938 0.279167 0.709375 0.277083 0.706250 0.277083 0.704687 0.275000 0.698438 0.275000 0.696875 0.272917 0.682813 0.272917 0.681250 0.270833 0.673437 0.270833 0.671875 0.268750 0.667188 0.268750 0.665625 0.266667 0.659375 0.266667 0.657812 0.264583 0.648438 0.264583 0.646875 0.262500 0.642187 0.262500 0.640625 0.260417 0.640625 0.254167
0 0.623438 0.354167 0.623438 0.366667 0.621875 0.368750 0.621875 0.370833 0.610937 0.385417 0.610937 0.387500 0.606250 0.393750 0.606250 0.395833 0.604688 0.397917 0.604688 0.402083 0.603125 0.404167 0.603125 0.406250 0.601562 0.408333 0.601562 0.412500 0.600000 0.414583 0.600000 0.416667 0.598437 0.418750 0.598437 0.429167 0.596875 0.431250 0.596875 0.433333 0.595312 0.435417 0.590625 0.435417 0.590625 0.447917 0.595312 0.447917 0.598437 0.452083 0.598437 0.454167 0.600000 0.456250 0.601562 0.456250 0.607813 0.464583 0.609375 0.464583 0.612500 0.468750 0.612500 0.470833 0.614062 0.472917 0.614062 0.475000 0.615625 0.477083 0.617188 0.477083 0.618750 0.479167 0.620313 0.479167 0.621875 0.481250 0.626562 0.481250 0.632812 0.489583 0.634375 0.489583 0.635938 0.491667 0.637500 0.491667 0.639063 0.493750 0.640625 0.493750 0.642187 0.495833 0.642187 0.510417 0.646875 0.510417 0.646875 0.487500 0.648438 0.485417 0.648438 0.460417 0.650000 0.458333 0.650000 0.454167 0.657812 0.443750 0.664062 0.443750 0.664062 0.410417 0.657812 0.410417 0.656250 0.408333 0.656250 0.404167 0.654688 0.402083 0.654688 0.395833 0.653125 0.393750 0.653125 0.389583 0.643750 0.377083 0.643750 0.372917 0.642187 0.370833 0.642187 0.366667 0.643750 0.364583 0.643750 0.354167
3 0.640625 0.685417 0.640625 0.685417 0.654688 0.685417 0.654688 0.697917 0.656250 0.700000 0.656250 0.714583 0.657812 0.716667 0.657812 0.718750 0.662500 0.725000 0.662500 0.727083 0.665625 0.731250 0.665625 0.733333 0.668750 0.737500 0.668750 0.741667 0.670313 0.743750 0.670313 0.745833 0.671875 0.747917 0.671875 0.750000 0.673437 0.752083 0.673437 0.766667 0.671875 0.768750 0.671875 0.777083 0.670313 0.779167 0.670313 0.810417 0.671875 0.812500 0.671875 0.814583 0.673437 0.816667 0.675000 0.816667 0.676562 0.818750 0.678125 0.818750 0.679688 0.820833 0.684375 0.820833 0.685938 0.822917 0.695312 0.822917 0.696875 0.825000 0.703125 0.825000 0.704687 0.822917 0.710938 0.822917 0.712500 0.820833 0.717188 0.820833 0.718750 0.818750 0.720312 0.818750 0.721875 0.816667 0.725000 0.816667 0.726562 0.814583 0.728125 0.814583 0.729688 0.812500 0.731250 0.812500 0.732813 0.810417 0.734375 0.810417 0.737500 0.806250 0.739062 0.806250 0.740625 0.804167 0.742188 0.804167 0.750000 0.793750 0.750000 0.791667 0.753125 0.787500 0.753125 0.785417 0.754687 0.783333 0.754687 0.781250 0.756250 0.779167 0.756250 0.777083 0.760938 0.770833 0.760938 0.768750 0.762500 0.766667 0.762500 0.764583 0.764063 0.762500 0.764063 0.758333 0.765625 0.756250 0.765625 0.752083 0.767187 0.750000 0.767187 0.737500 0.768750 0.735417 0.768750 0.704167 0.767187 0.702083 0.767187 0.693750 0.765625 0.691667 0.765625 0.687500 0.764063 0.685417 0.764063 0.681250 0.762500 0.679167 0.762500 0.675000 0.760938 0.672917 0.760938 0.668750 0.759375 0.666667 0.759375 0.664583 0.757812 0.662500 0.757812 0.660417 0.756250 0.658333 0.756250 0.656250 0.754687 0.654167 0.754687 0.652083 0.751562 0.647917 0.751562 0.645833 0.748438 0.641667 0.748438 0.639583 0.745313 0.635417 0.745313 0.633333 0.740625 0.627083 0.740625 0.625000 0.735937 0.618750 0.734375 0.618750 0.731250 0.614583 0.729688 0.614583 0.728125 0.612500 0.723437 0.612500 0.721875 0.614583 0.720312 0.612500 0.718750 0.612500 0.715625 0.608333 0.715625 0.606250 0.706250 0.606250 0.704687 0.604167 0.693750 0.604167 0.692187 0.602083 0.685938 0.602083 0.684375 0.604167 0.679688 0.604167 0.676562 0.600000 0.676562 0.593750 0.678125 0.591667 0.678125 0.568750 0.670313 0.568750 0.668750 0.570833 0.667188 0.570833 0.665625 0.572917 0.664062 0.572917 0.662500 0.575000 0.660937 0.575000 0.659375 0.577083 0.651563 0.577083 0.651563 0.579167 0.650000 0.581250 0.650000 0.591667 0.651563 0.593750 0.651563 0.595833 0.648438 0.600000 0.646875 0.600000 0.645312 0.602083 0.645312 0.604167 0.643750 0.606250 0.643750 0.616667 0.645312 0.618750 0.645312 0.625000 0.643750 0.627083 0.643750 0.631250 0.642187 0.633333 0.642187 0.637500 0.643750 0.637500 0.645312 0.639583 0.646875 0.639583 0.648438 0.641667 0.650000 0.641667 0.653125 0.645833 0.653125 0.650000 0.654688 0.652083 0.654688 0.664583 0.656250 0.666667 0.656250 0.675000 0.657812 0.677083 0.657812 0.679167 0.656250 0.681250 0.656250 0.683333 0.654688 0.685417
1 0.485938 0.793750 0.484375 0.793750 0.485938 0.793750 0.562500 0.789583 0.562500 0.806250 0.564062 0.808333 0.564062 0.814583 0.565625 0.816667 0.565625 0.822917 0.567187 0.825000 0.567187 0.839583 0.568750 0.841667 0.568750 0.843750 0.570312 0.845833 0.570312 0.850000 0.578125 0.860417 0.557813 0.916667 0.551562 0.916667 0.550000 0.914583 0.548437 0.914583 0.546875 0.912500 0.545313 0.912500 0.543750 0.910417 0.542188 0.910417 0.540625 0.908333 0.539062 0.908333 0.535937 0.904167 0.534375 0.904167 0.532812 0.902083 0.529688 0.902083 0.528125 0.900000 0.525000 0.900000 0.523438 0.897917 0.521875 0.897917 0.520312 0.895833 0.518750 0.895833 0.517187 0.893750 0.514063 0.893750 0.512500 0.891667 0.510938 0.891667 0.509375 0.889583 0.507812 0.889583 0.506250 0.887500 0.501562 0.887500 0.500000 0.885417 0.489062 0.885417 0.487500 0.883333 0.484375 0.883333 0.482812 0.881250 0.492188 0.791667 0.500000 0.791667 0.501562 0.789583 0.504687 0.789583 0.507812 0.785417 0.507812 0.779167 0.510938 0.775000 0.512500 0.775000 0.514063 0.772917 0.521875 0.772917 0.523438 0.770833 0.525000 0.770833 0.526563 0.768750 0.526563 0.762500 0.528125 0.760417 0.528125 0.745833 0.529688 0.743750 0.529688 0.741667 0.532812 0.737500 0.534375 0.737500 0.534375 0.720833 0.532812 0.718750 0.529688 0.718750 0.528125 0.716667 0.523438 0.716667 0.521875 0.714583 0.520312 0.714583 0.517187 0.718750 0.517187 0.720833 0.515625 0.722917 0.515625 0.725000 0.512500 0.729167 0.510938 0.729167 0.509375 0.731250 0.507812 0.731250 0.504687 0.735417 0.503125 0.735417 0.501562 0.737500 0.501562 0.739583 0.498437 0.743750 0.498437 0.745833 0.496875 0.747917 0.496875 0.752083 0.495313 0.754167 0.495313 0.760417 0.493750 0.762500 0.493750 0.764583 0.492188 0.766667 0.492188 0.772917 0.490625 0.775000 0.490625 0.783333 0.489062 0.785417 0.489062 0.787500 0.492188 0.791667 0.482812 0.881250 0.475000 0.881250 0.473437 0.879167 0.467187 0.879167 0.465625 0.877083 0.420312 0.877083 0.418750 0.879167 0.401563 0.879167 0.400000 0.877083 0.392188 0.877083 0.390625 0.879167 0.382812 0.879167 0.381250 0.877083 0.376563 0.877083 0.373437 0.872917 0.371875 0.872917 0.370313 0.870833 0.370313 0.868750 0.367188 0.864583 0.367188 0.860417 0.365625 0.858333 0.365625 0.854167 0.364062 0.852083 0.364062 0.847917 0.362500 0.845833 0.362500 0.839583 0.360938 0.837500 0.360938 0.825000 0.359375 0.822917 0.359375 0.818750 0.357812 0.816667 0.357812 0.814583 0.356250 0.812500 0.356250 0.810417 0.354688 0.808333 0.354688 0.806250 0.353125 0.804167 0.353125 0.802083 0.351562 0.800000 0.351562 0.797917 0.350000 0.795833 0.350000 0.793750 0.348437 0.791667 0.348437 0.789583 0.346875 0.787500 0.346875 0.783333 0.345313 0.781250 0.345313 0.777083 0.340625 0.770833 0.340625 0.768750 0.339063 0.766667 0.339063 0.764583 0.337500 0.762500 0.337500 0.760417 0.335938 0.758333 0.335938 0.756250 0.334375 0.754167 0.334375 0.745833 0.332812 0.743750 0.329688 0.743750 0.328125 0.741667 0.326562 0.741667 0.325000 0.743750 0.318750 0.743750 0.317187 0.745833 0.312500 0.745833 0.310937 0.747917 0.309375 0.747917 0.309375 0.750000 0.306250 0.754167 0.306250 0.756250 0.292188 0.775000 0.290625 0.775000 0.287500 0.779167 0.285937 0.779167 0.282813 0.783333 0.281250 0.783333 0.253125 0.820833 0.251563 0.820833 0.248437 0.825000 0.246875 0.825000 0.245312 0.827083 0.242188 0.827083 0.240625 0.829167 0.240625 0.831250 0.239063 0.833333 0.239063 0.835417 0.237500 0.837500 0.235938 0.837500 0.234375 0.839583 0.231250 0.839583 0.229687 0.837500 0.226562 0.837500 0.225000 0.839583 0.223438 0.839583 0.221875 0.841667 0.218750 0.841667 0.217187 0.843750 0.215625 0.843750 0.209375 0.852083 0.207813 0.852083 0.204688 0.856250 0.203125 0.856250 0.201562 0.858333 0.200000 0.858333 0.198437 0.860417 0.196875 0.860417 0.195312 0.862500 0.190625 0.862500 0.189063 0.864583 0.179688 0.864583 0.178125 0.866667 0.173438 0.866667 0.171875 0.868750 0.165625 0.868750 0.164062 0.870833 0.148438 0.870833 0.146875 0.872917 0.142188 0.872917 0.140625 0.875000 0.139062 0.875000 0.139062 0.877083 0.135937 0.881250 0.134375 0.881250 0.129688 0.887500 0.131250 0.889583 0.131250 0.891667 0.132812 0.893750 0.132812 0.897917 0.134375 0.900000 0.134375 0.910417 0.132812 0.912500 0.131250 0.912500 0.129688 0.914583 0.128125 0.914583 0.126563 0.916667 0.125000 0.916667 0.123438 0.918750 0.121875 0.918750 0.120312 0.920833 0.118750 0.920833 0.117188 0.922917 0.115625 0.922917 0.114063 0.925000 0.112500 0.925000 0.110937 0.927083 0.106250 0.927083 0.104687 0.929167 0.101562 0.929167 0.100000 0.931250 0.096875 0.931250 0.095312 0.933333 0.090625 0.933333 0.090625 0.997917 0.589063 0.997917 0.589063 0.950000 0.584375 0.950000 0.581250 0.945833 0.581250 0.943750 0.579687 0.941667 0.579687 0.939583 0.576563 0.935417 0.575000 0.935417 0.573438 0.933333 0.571875 0.933333 0.568750 0.929167 0.567187 0.929167 0.557813 0.916667 0.578125 0.860417 0.589063 0.860417 0.589063 0.762500 0.584375 0.762500 0.582812 0.760417 0.581250 0.760417 0.576563 0.754167 0.573438 0.754167 0.571875 0.752083 0.570312 0.754167 0.568750 0.754167 0.567187 0.756250 0.565625 0.756250 0.562500 0.760417 0.562500 0.766667 0.564062 0.768750 0.564062 0.775000 0.565625 0.777083 0.565625 0.779167 0.564062 0.781250 0.564062 0.787500 0.562500 0.789583
5 0.507812 0.254167 0.507812 0.262500 0.503125 0.268750 0.503125 0.270833 0.501562 0.272917 0.496875 0.272917 0.496875 0.450000 0.504687 0.450000 0.506250 0.452083 0.510938 0.452083 0.512500 0.454167 0.515625 0.454167 0.518750 0.450000 0.529688 0.450000 0.531250 0.452083 0.534375 0.452083 0.535937 0.454167 0.537500 0.454167 0.542188 0.460417 0.542188 0.468750 0.556250 0.468750 0.556250 0.462500 0.559375 0.458333 0.560938 0.458333 0.562500 0.456250 0.564062 0.456250 0.565625 0.454167 0.571875 0.454167 0.575000 0.450000 0.575000 0.447917 0.576563 0.445833 0.576563 0.443750 0.578125 0.441667 0.578125 0.435417 0.579687 0.433333 0.579687 0.429167 0.581250 0.427083 0.581250 0.425000 0.584375 0.420833 0.592188 0.420833 0.595312 0.425000 0.596875 0.422917 0.596875 0.420833 0.598437 0.418750 0.598437 0.416667 0.600000 0.414583 0.600000 0.412500 0.601562 0.410417 0.601562 0.406250 0.603125 0.404167 0.603125 0.397917 0.604688 0.395833 0.604688 0.393750 0.607813 0.389583 0.607813 0.387500 0.610937 0.383333 0.610937 0.381250 0.612500 0.379167 0.614062 0.379167 0.620313 0.370833 0.621875 0.370833 0.623438 0.368750 0.623438 0.366667 0.629687 0.358333 0.631250 0.358333 0.632812 0.356250 0.634375 0.356250 0.639063 0.362500 0.639063 0.364583 0.640625 0.366667 0.640625 0.368750 0.643750 0.372917 0.643750 0.375000 0.653125 0.387500 0.653125 0.391667 0.654688 0.393750 0.654688 0.400000 0.656250 0.402083 0.656250 0.410417 0.657812 0.412500 0.657812 0.414583 0.659375 0.416667 0.659375 0.420833 0.660937 0.422917 0.660937 0.439583 0.659375 0.441667 0.659375 0.447917 0.660937 0.447917 0.662500 0.450000 0.667188 0.450000 0.668750 0.447917 0.675000 0.447917 0.676562 0.445833 0.681250 0.445833 0.682813 0.443750 0.687500 0.443750 0.689062 0.441667 0.700000 0.441667 0.701563 0.439583 0.731250 0.439583 0.732813 0.437500 0.740625 0.437500 0.742188 0.435417 0.750000 0.435417 0.751562 0.433333 0.756250 0.433333 0.757812 0.431250 0.760938 0.431250 0.762500 0.429167 0.767187 0.429167 0.768750 0.427083 0.782812 0.427083 0.784375 0.425000 0.790625 0.425000 0.792188 0.422917 0.798437 0.422917 0.800000 0.420833 0.806250 0.420833 0.807813 0.418750 0.818750 0.418750 0.820312 0.416667 0.831250 0.416667 0.832812 0.414583 0.842188 0.414583 0.843750 0.412500 0.848437 0.412500 0.850000 0.410417 0.857813 0.410417 0.859375 0.408333 0.867188 0.408333 0.868750 0.406250 0.876562 0.406250 0.878125 0.404167 0.879687 0.404167 0.882812 0.400000 0.889063 0.400000 0.889063 0.337500 0.881250 0.337500 0.879687 0.335417 0.876562 0.335417 0.875000 0.333333 0.870313 0.333333 0.868750 0.331250 0.865625 0.331250 0.864062 0.329167 0.860937 0.329167 0.859375 0.327083 0.854688 0.327083 0.853125 0.325000 0.845312 0.325000 0.843750 0.322917 0.831250 0.322917 0.829687 0.320833 0.823438 0.320833 0.815625 0.310417 0.814062 0.310417 0.812500 0.308333 0.810938 0.308333 0.809375 0.306250 0.807813 0.306250 0.806250 0.304167 0.803125 0.304167 0.801562 0.302083 0.796875 0.302083 0.795313 0.300000 0.789062 0.300000 0.787500 0.297917 0.782812 0.297917 0.781250 0.295833 0.759375 0.295833 0.757812 0.293750 0.748438 0.293750 0.746875 0.291667 0.742188 0.291667 0.740625 0.289583 0.734375 0.289583 0.732813 0.287500 0.728125 0.287500 0.726562 0.285417 0.721875 0.285417 0.720312 0.283333 0.718750 0.283333 0.717188 0.281250 0.714063 0.281250 0.712500 0.279167 0.710938 0.279167 0.709375 0.277083 0.706250 0.277083 0.704687 0.275000 0.700000 0.275000 0.698438 0.272917 0.685938 0.272917 0.684375 0.270833 0.675000 0.270833 0.673437 0.268750 0.667188 0.268750 0.665625 0.266667 0.660937 0.266667 0.659375 0.264583 0.650000 0.264583 0.648438 0.262500 0.646875 0.262500 0.645312 0.260417 0.645312 0.254167
1 0.392188 0.777083 0.389062 0.772917 0.387500 0.775000 0.387500 0.777083 0.389062 0.779167 0.390625 0.779167 0.392188 0.777083 0.414062 0.762500 0.281250 0.760417 0.620313 0.720833 0.621875 0.722917 0.625000 0.722917 0.631250 0.731250 0.631250 0.733333 0.640625 0.745833 0.640625 0.747917 0.643750 0.752083 0.643750 0.754167 0.648438 0.760417 0.648438 0.762500 0.650000 0.764583 0.650000 0.766667 0.653125 0.770833 0.657812 0.770833 0.657812 0.916667 0.653125 0.916667 0.651563 0.918750 0.648438 0.918750 0.646875 0.920833 0.645312 0.920833 0.643750 0.918750 0.642187 0.918750 0.640625 0.916667 0.637500 0.920833 0.637500 0.927083 0.635938 0.929167 0.635938 0.931250 0.634375 0.933333 0.634375 0.935417 0.632812 0.937500 0.632812 0.939583 0.634375 0.941667 0.634375 0.947917 0.645312 0.962500 0.645312 0.964583 0.646875 0.966667 0.646875 0.968750 0.648438 0.970833 0.648438 0.972917 0.650000 0.975000 0.650000 0.983333 0.651563 0.985417 0.651563 0.993750 0.637500 0.993750 0.637500 0.983333 0.635938 0.981250 0.635938 0.979167 0.634375 0.977083 0.628125 0.977083 0.626562 0.979167 0.625000 0.979167 0.623438 0.981250 0.621875 0.981250 0.620313 0.983333 0.618750 0.983333 0.617188 0.985417 0.617188 0.993750 0.590625 0.993750 0.590625 0.985417 0.589063 0.983333 0.589063 0.979167 0.585938 0.975000 0.585938 0.972917 0.584375 0.970833 0.584375 0.968750 0.582812 0.966667 0.582812 0.956250 0.584375 0.954167 0.445312 0.729167 0.443750 0.729167 0.440625 0.733333 0.439063 0.733333 0.434375 0.727083 0.432813 0.727083 0.431250 0.729167 0.431250 0.731250 0.428125 0.735417 0.426562 0.735417 0.420312 0.727083 0.420312 0.722917 0.421875 0.720833 0.425000 0.720833 0.426562 0.718750 0.434375 0.718750 0.435937 0.716667 0.437500 0.716667 0.440625 0.712500 0.442187 0.712500 0.395312 0.733333 0.560938 0.722917 0.559375 0.722917 0.334375 0.679167 0.334375 0.677083 0.340625 0.643750 0.342187 0.643750 0.343750 0.641667 0.350000 0.641667 0.353125 0.637500 0.353125 0.631250 0.528125 0.604167 0.546875 0.604167 0.546875 0.600000 0.545313 0.597917 0.537500 0.597917 0.535937 0.600000 0.532812 0.600000 0.531250 0.602083 0.528125 0.602083 0.528125 0.604167 0.353125 0.631250 0.351562 0.629167 0.351562 0.622917 0.350000 0.625000 0.345313 0.625000 0.343750 0.627083 0.342187 0.627083 0.340625 0.629167 0.337500 0.629167 0.335938 0.627083 0.334375 0.627083 0.332812 0.629167 0.332812 0.637500 0.334375 0.637500 0.335938 0.639583 0.337500 0.639583 0.340625 0.643750 0.334375 0.677083 0.329688 0.677083 0.328125 0.675000 0.326562 0.675000 0.320312 0.683333 0.318750 0.681250 0.317187 0.681250 0.315625 0.679167 0.315625 0.681250 0.314063 0.683333 0.314063 0.685417 0.309375 0.691667 0.306250 0.691667 0.304688 0.693750 0.301562 0.693750 0.300000 0.695833 0.300000 0.697917 0.295312 0.704167 0.295312 0.708333 0.293750 0.710417 0.293750 0.712500 0.295312 0.714583 0.295312 0.718750 0.296875 0.720833 0.296875 0.725000 0.298438 0.727083 0.298438 0.739583 0.300000 0.741667 0.300000 0.743750 0.301562 0.745833 0.303125 0.745833 0.304688 0.743750 0.306250 0.743750 0.312500 0.735417 0.314063 0.735417 0.314063 0.727083 0.315625 0.725000 0.315625 0.702083 0.320312 0.695833 0.321875 0.695833 0.325000 0.700000 0.326562 0.700000 0.328125 0.702083 0.331250 0.697917 0.331250 0.683333 0.334375 0.679167 0.559375 0.722917 0.556250 0.727083 0.556250 0.731250 0.554688 0.733333 0.554688 0.735417 0.551562 0.735417 0.550000 0.733333 0.550000 0.731250 0.548437 0.729167 0.548437 0.718750 0.546875 0.716667 0.546875 0.714583 0.545313 0.712500 0.545313 0.710417 0.543750 0.708333 0.543750 0.706250 0.542188 0.704167 0.534375 0.704167 0.528125 0.712500 0.526563 0.712500 0.523438 0.708333 0.523438 0.706250 0.521875 0.704167 0.520312 0.704167 0.518750 0.706250 0.518750 0.712500 0.512500 0.720833 0.496875 0.720833 0.495313 0.718750 0.489062 0.718750 0.484375 0.712500 0.484375 0.710417 0.489062 0.704167 0.490625 0.704167 0.496875 0.695833 0.507812 0.695833 0.509375 0.693750 0.510938 0.693750 0.515625 0.687500 0.517187 0.689583 0.526563 0.689583 0.528125 0.691667 0.529688 0.691667 0.531250 0.693750 0.534375 0.693750 0.537500 0.689583 0.537500 0.685417 0.540625 0.681250 0.542188 0.681250 0.543750 0.683333 0.553125 0.683333 0.554688 0.685417 0.560938 0.685417 0.562500 0.687500 0.565625 0.687500 0.568750 0.691667 0.568750 0.693750 0.565625 0.697917 0.565625 0.700000 0.564062 0.702083 0.564062 0.706250 0.565625 0.708333 0.565625 0.720833 0.562500 0.720833 0.560938 0.722917 0.395312 0.733333 0.392188 0.729167 0.390625 0.729167 0.382812 0.718750 0.381250 0.718750 0.379687 0.716667 0.378125 0.716667 0.376563 0.714583 0.375000 0.714583 0.373437 0.712500 0.373437 0.710417 0.376563 0.706250 0.376563 0.702083 0.378125 0.700000 0.378125 0.691667 0.376563 0.689583 0.376563 0.687500 0.375000 0.689583 0.371875 0.689583 0.370313 0.691667 0.368750 0.691667 0.367188 0.693750 0.365625 0.693750 0.359375 0.702083 0.359375 0.704167 0.357812 0.706250 0.357812 0.710417 0.356250 0.712500 0.354688 0.712500 0.350000 0.718750 0.350000 0.720833 0.345313 0.727083 0.343750 0.727083 0.342187 0.729167 0.342187 0.731250 0.343750 0.733333 0.348437 0.733333 0.351562 0.737500 0.351562 0.735417 0.353125 0.733333 0.353125 0.731250 0.357812 0.725000 0.360938 0.725000 0.362500 0.727083 0.364062 0.727083 0.367188 0.731250 0.367188 0.733333 0.368750 0.735417 0.368750 0.737500 0.370313 0.737500 0.371875 0.739583 0.373437 0.739583 0.376563 0.743750 0.378125 0.743750 0.379687 0.745833 0.379687 0.747917 0.384375 0.754167 0.384375 0.756250 0.387500 0.756250 0.390625 0.752083 0.390625 0.750000 0.392188 0.747917 0.392188 0.743750 0.393750 0.741667 0.393750 0.739583 0.395312 0.737500 0.395312 0.733333 0.442187 0.712500 0.443750 0.710417 0.448438 0.710417 0.450000 0.708333 0.462500 0.708333 0.464063 0.710417 0.465625 0.710417 0.465625 0.712500 0.464063 0.714583 0.462500 0.714583 0.460938 0.716667 0.460938 0.718750 0.457812 0.722917 0.456250 0.722917 0.453125 0.727083 0.446875 0.727083 0.445312 0.729167 0.584375 0.954167 0.584375 0.943750 0.582812 0.941667 0.581250 0.941667 0.579687 0.939583 0.578125 0.939583 0.567187 0.925000 0.567187 0.922917 0.565625 0.920833 0.565625 0.914583 0.564062 0.912500 0.564062 0.902083 0.565625 0.900000 0.565625 0.897917 0.567187 0.897917 0.568750 0.895833 0.570312 0.895833 0.571875 0.893750 0.571875 0.891667 0.573438 0.889583 0.573438 0.885417 0.575000 0.883333 0.575000 0.881250 0.576563 0.879167 0.576563 0.875000 0.578125 0.872917 0.578125 0.870833 0.579687 0.868750 0.579687 0.866667 0.581250 0.864583 0.581250 0.862500 0.582812 0.860417 0.582812 0.858333 0.584375 0.856250 0.590625 0.856250 0.595312 0.850000 0.596875 0.850000 0.598437 0.847917 0.603125 0.847917 0.607813 0.854167 0.610937 0.854167 0.612500 0.856250 0.615625 0.856250 0.617188 0.858333 0.618750 0.858333 0.626562 0.868750 0.628125 0.866667 0.628125 0.862500 0.625000 0.858333 0.625000 0.854167 0.623438 0.852083 0.623438 0.845833 0.618750 0.839583 0.618750 0.837500 0.617188 0.835417 0.617188 0.833333 0.614062 0.829167 0.614062 0.822917 0.612500 0.820833 0.612500 0.816667 0.610937 0.814583 0.610937 0.812500 0.609375 0.810417 0.609375 0.808333 0.607813 0.806250 0.607813 0.802083 0.606250 0.800000 0.606250 0.795833 0.604688 0.793750 0.604688 0.785417 0.606250 0.783333 0.606250 0.772917 0.604688 0.770833 0.604688 0.764583 0.601562 0.760417 0.595312 0.760417 0.593750 0.758333 0.590625 0.758333 0.589063 0.756250 0.589063 0.747917 0.590625 0.745833 0.592188 0.747917 0.598437 0.747917 0.601562 0.743750 0.601562 0.729167 0.596875 0.722917 0.595312 0.722917 0.593750 0.720833 0.593750 0.716667 0.595312 0.714583 0.598437 0.714583 0.600000 0.716667 0.603125 0.716667 0.604688 0.714583 0.609375 0.714583 0.610937 0.716667 0.612500 0.716667 0.614062 0.718750 0.615625 0.718750 0.617188 0.720833 0.620313 0.720833 0.281250 0.760417 0.279687 0.758333 0.279687 0.756250 0.278125 0.754167 0.276563 0.754167 0.275000 0.756250 0.273438 0.756250 0.271875 0.758333 0.270312 0.758333 0.268750 0.760417 0.268750 0.762500 0.271875 0.766667 0.275000 0.766667 0.276563 0.768750 0.279687 0.764583 0.279687 0.762500 0.281250 0.760417 0.414062 0.762500 0.415625 0.764583 0.421875 0.764583 0.423438 0.762500 0.425000 0.762500 0.426562 0.760417 0.426562 0.754167 0.425000 0.754167 0.423438 0.756250 0.420312 0.756250 0.417188 0.760417 0.415625 0.760417 0.414062 0.762500
3 0.646875 0.895833 0.646875 0.916667 0.648438 0.918750 0.651563 0.918750 0.653125 0.916667 0.653125 0.914583 0.659375 0.906250 0.659375 0.904167 0.660937 0.902083 0.660937 0.900000 0.662500 0.897917 0.662500 0.891667 0.660937 0.891667 0.659375 0.889583 0.657812 0.889583 0.656250 0.891667 0.653125 0.891667 0.651563 0.893750 0.648438 0.893750 0.646875 0.895833 0.265625 0.562500 0.265625 0.556250 0.267188 0.554167 0.267188 0.545833 0.271875 0.539583 0.273438 0.539583 0.275000 0.537500 0.273438 0.537500 0.271875 0.535417 0.268750 0.535417 0.267188 0.533333 0.264062 0.533333 0.262500 0.531250 0.250000 0.531250 0.248437 0.533333 0.245312 0.533333 0.243750 0.535417 0.239063 0.535417 0.237500 0.537500 0.235938 0.537500 0.232812 0.541667 0.231250 0.541667 0.229687 0.543750 0.228125 0.543750 0.226562 0.545833 0.226562 0.556250 0.228125 0.558333 0.228125 0.560417 0.232812 0.566667 0.232812 0.568750 0.239063 0.577083 0.239063 0.579167 0.240625 0.579167 0.245312 0.572917 0.253125 0.572917 0.254687 0.570833 0.256250 0.570833 0.257812 0.568750 0.259375 0.568750 0.262500 0.564583 0.264062 0.564583 0.265625 0.562500
1 0.884375 0.693750 0.882812 0.693750 0.882812 0.695833 0.884375 0.693750 0.898438 0.614583 0.898438 0.612500 0.892187 0.604167 0.892187 0.600000 0.893750 0.597917 0.893750 0.595833 0.856250 0.647917 0.857813 0.650000 0.857813 0.654167 0.859375 0.656250 0.860937 0.654167 0.860937 0.652083 0.862500 0.652083 0.864062 0.650000 0.865625 0.650000 0.865625 0.656250 0.864062 0.658333 0.864062 0.675000 0.862500 0.677083 0.862500 0.679167 0.860937 0.681250 0.860937 0.683333 0.859375 0.685417 0.859375 0.687500 0.864062 0.693750 0.865625 0.693750 0.867188 0.695833 0.867188 0.710417 0.853125 0.710417 0.853125 0.702083 0.846875 0.693750 0.848437 0.691667 0.848437 0.675000 0.846875 0.672917 0.846875 0.670833 0.845312 0.668750 0.845312 0.666667 0.840625 0.660417 0.840625 0.650000 0.845312 0.650000 0.848437 0.645833 0.848437 0.643750 0.850000 0.641667 0.850000 0.625000 0.851562 0.622917 0.851562 0.610417 0.853125 0.608333 0.853125 0.610417 0.854688 0.612500 0.854688 0.618750 0.856250 0.620833 0.856250 0.625000 0.859375 0.629167 0.860937 0.627083 0.860937 0.622917 0.862500 0.620833 0.862500 0.612500 0.864062 0.610417 0.864062 0.608333 0.865625 0.606250 0.865625 0.591667 0.867188 0.589583 0.834375 0.595833 0.834375 0.591667 0.835938 0.589583 0.835938 0.585417 0.834375 0.583333 0.834375 0.579167 0.832812 0.577083 0.831250 0.579167 0.828125 0.579167 0.825000 0.583333 0.825000 0.589583 0.826563 0.591667 0.826563 0.595833 0.828125 0.597917 0.829687 0.597917 0.831250 0.595833 0.834375 0.595833 0.867188 0.589583 0.867188 0.585417 0.870313 0.581250 0.878125 0.591667 0.878125 0.595833 0.881250 0.600000 0.881250 0.604167 0.879687 0.606250 0.878125 0.606250 0.875000 0.610417 0.875000 0.639583 0.873438 0.641667 0.868750 0.641667 0.867188 0.639583 0.867188 0.637500 0.862500 0.631250 0.860937 0.631250 0.859375 0.629167 0.857813 0.631250 0.857813 0.637500 0.856250 0.639583 0.856250 0.647917 0.893750 0.595833 0.895312 0.595833 0.896875 0.593750 0.907812 0.593750 0.907812 0.620833 0.901563 0.620833 0.901563 0.618750 0.898438 0.614583
1 0.718750 0.593750 0.720312 0.593750 0.721875 0.595833 0.723437 0.595833 0.726562 0.600000 0.728125 0.600000 0.731250 0.604167 0.732813 0.604167 0.734375 0.606250 0.735937 0.606250 0.737500 0.608333 0.737500 0.610417 0.742188 0.616667 0.742188 0.618750 0.743750 0.620833 0.743750 0.625000 0.745313 0.627083 0.745313 0.629167 0.746875 0.631250 0.746875 0.635417 0.751562 0.641667 0.751562 0.643750 0.754687 0.647917 0.754687 0.650000 0.756250 0.652083 0.756250 0.656250 0.757812 0.658333 0.757812 0.660417 0.759375 0.662500 0.759375 0.668750 0.760938 0.670833 0.760938 0.677083 0.762500 0.679167 0.762500 0.687500 0.764063 0.689583 0.764063 0.693750 0.765625 0.695833 0.765625 0.700000 0.767187 0.702083 0.767187 0.706250 0.768750 0.708333 0.768750 0.712500 0.770312 0.714583 0.770312 0.720833 0.771875 0.722917 0.771875 0.725000 0.773438 0.727083 0.773438 0.737500 0.775000 0.739583 0.778125 0.739583 0.779688 0.737500 0.781250 0.737500 0.785937 0.731250 0.785937 0.729167 0.789062 0.725000 0.789062 0.722917 0.790625 0.720833 0.790625 0.710417 0.792188 0.708333 0.792188 0.693750 0.790625 0.691667 0.790625 0.656250 0.789062 0.654167 0.789062 0.645833 0.787500 0.643750 0.787500 0.641667 0.785937 0.639583 0.785937 0.635417 0.784375 0.633333 0.784375 0.631250 0.782812 0.629167 0.782812 0.627083 0.778125 0.620833 0.778125 0.618750 0.775000 0.614583 0.775000 0.612500 0.767187 0.602083 0.767187 0.600000 0.764063 0.595833 0.764063 0.593750 0.762500 0.593750 0.754687 0.583333 0.753125 0.583333 0.751562 0.581250 0.750000 0.581250 0.748438 0.583333 0.742188 0.583333 0.740625 0.581250 0.739062 0.581250 0.737500 0.583333 0.726562 0.583333 0.725000 0.585417 0.723437 0.585417 0.720312 0.589583 0.720312 0.591667 0.718750 0.593750 0.695312 0.585417 0.693750 0.583333 0.693750 0.577083 0.692187 0.575000 0.692187 0.572917 0.690625 0.570833 0.690625 0.566667 0.689062 0.566667 0.689062 0.570833 0.687500 0.572917 0.687500 0.575000 0.685938 0.577083 0.685938 0.583333 0.689062 0.587500 0.693750 0.587500 0.695312 0.585417
1 0.000000 0.670833 0.000000 0.795833 0.001563 0.795833 0.012500 0.781250 0.012500 0.779167 0.014062 0.777083 0.017188 0.781250 0.017188 0.793750 0.018750 0.795833 0.018750 0.797917 0.020312 0.800000 0.020312 0.802083 0.021875 0.804167 0.020312 0.806250 0.020312 0.808333 0.018750 0.810417 0.018750 0.812500 0.017188 0.814583 0.017188 0.816667 0.009375 0.827083 0.004688 0.827083 0.003125 0.825000 0.000000 0.825000 0.000000 0.997917 0.154687 0.997917 0.154687 0.977083 0.157813 0.972917 0.157813 0.968750 0.159375 0.966667 0.159375 0.947917 0.157813 0.945833 0.157813 0.941667 0.156250 0.939583 0.156250 0.927083 0.140625 0.906250 0.140625 0.904167 0.139062 0.902083 0.139062 0.900000 0.137500 0.897917 0.137500 0.895833 0.135937 0.893750 0.135937 0.881250 0.137500 0.879167 0.137500 0.862500 0.135937 0.860417 0.135937 0.858333 0.134375 0.856250 0.126563 0.856250 0.121875 0.862500 0.110937 0.862500 0.109375 0.860417 0.107813 0.862500 0.104687 0.862500 0.103125 0.864583 0.096875 0.864583 0.095312 0.866667 0.093750 0.866667 0.087500 0.875000 0.085938 0.875000 0.081250 0.881250 0.079687 0.881250 0.078125 0.883333 0.076563 0.883333 0.075000 0.885417 0.065625 0.885417 0.059375 0.877083 0.059375 0.875000 0.057813 0.872917 0.057813 0.870833 0.056250 0.868750 0.056250 0.866667 0.054688 0.864583 0.054688 0.858333 0.053125 0.856250 0.053125 0.847917 0.051562 0.845833 0.051562 0.839583 0.050000 0.837500 0.050000 0.831250 0.048437 0.829167 0.048437 0.825000 0.046875 0.822917 0.046875 0.816667 0.045313 0.814583 0.045313 0.812500 0.043750 0.810417 0.043750 0.808333 0.042188 0.806250 0.042188 0.802083 0.040625 0.800000 0.040625 0.793750 0.039062 0.791667 0.039062 0.785417 0.037500 0.783333 0.037500 0.781250 0.035937 0.779167 0.035937 0.772917 0.034375 0.770833 0.034375 0.766667 0.031250 0.762500 0.031250 0.760417 0.029687 0.758333 0.029687 0.750000 0.028125 0.747917 0.028125 0.743750 0.029687 0.741667 0.029687 0.737500 0.037500 0.727083 0.039062 0.727083 0.042188 0.722917 0.045313 0.722917 0.046875 0.720833 0.050000 0.720833 0.051562 0.718750 0.054688 0.718750 0.056250 0.716667 0.064062 0.716667 0.065625 0.714583 0.073437 0.714583 0.075000 0.712500 0.078125 0.712500 0.079687 0.710417 0.079687 0.702083 0.075000 0.695833 0.073437 0.695833 0.071875 0.693750 0.057813 0.693750 0.056250 0.691667 0.039062 0.691667 0.037500 0.689583 0.032812 0.689583 0.031250 0.687500 0.026563 0.687500 0.025000 0.685417 0.020312 0.685417 0.018750 0.683333 0.015625 0.683333 0.010937 0.677083 0.010937 0.670833
1 0.803125 0.735417 0.803125 0.752083 0.806250 0.752083 0.806250 0.745833 0.804688 0.743750 0.804688 0.741667 0.803125 0.739583 0.803125 0.735417 0.853125 0.693750 0.853125 0.695833 0.803125 0.664583 0.803125 0.656250 0.801562 0.654167 0.801562 0.652083 0.803125 0.650000 0.803125 0.633333 0.800000 0.633333 0.798437 0.635417 0.796875 0.635417 0.796875 0.645833 0.801562 0.652083 0.801562 0.666667 0.803125 0.664583 0.853125 0.695833 0.851562 0.695833 0.851562 0.693750 0.853125 0.693750
1 0.845312 0.554167 0.843750 0.556250 0.842188 0.556250 0.839063 0.560417 0.837500 0.560417 0.834375 0.564583 0.831250 0.564583 0.829687 0.566667 0.826563 0.566667 0.825000 0.568750 0.823438 0.568750 0.821875 0.570833 0.820312 0.570833 0.814062 0.579167 0.814062 0.583333 0.812500 0.585417 0.812500 0.587500 0.810938 0.589583 0.810938 0.591667 0.803125 0.602083 0.803125 0.608333 0.807813 0.608333 0.809375 0.610417 0.809375 0.612500 0.807813 0.614583 0.803125 0.614583 0.803125 0.620833 0.801562 0.622917 0.801562 0.625000 0.800000 0.627083 0.800000 0.629167 0.798437 0.631250 0.798437 0.633333 0.796875 0.635417 0.796875 0.639583 0.795313 0.641667 0.795313 0.650000 0.796875 0.652083 0.796875 0.670833 0.798437 0.672917 0.798437 0.691667 0.800000 0.693750 0.800000 0.714583 0.801562 0.716667 0.801562 0.747917 0.803125 0.750000 0.803125 0.752083 0.804688 0.754167 0.804688 0.756250 0.806250 0.758333 0.806250 0.768750 0.829687 0.768750 0.829687 0.756250 0.831250 0.754167 0.831250 0.750000 0.832812 0.747917 0.832812 0.743750 0.834375 0.741667 0.834375 0.729167 0.835938 0.727083 0.835938 0.712500 0.837500 0.710417 0.837500 0.708333 0.840625 0.704167 0.854688 0.704167 0.856250 0.706250 0.871875 0.706250 0.873438 0.704167 0.878125 0.704167 0.879687 0.702083 0.881250 0.702083 0.882812 0.700000 0.884375 0.700000 0.885938 0.697917 0.887500 0.697917 0.889063 0.695833 0.890625 0.695833 0.896875 0.687500 0.896875 0.685417 0.903125 0.677083 0.907812 0.677083 0.907812 0.612500 0.901563 0.612500 0.898438 0.608333 0.896875 0.608333 0.892187 0.602083 0.890625 0.602083 0.889063 0.600000 0.887500 0.600000 0.885938 0.597917 0.884375 0.597917 0.878125 0.589583 0.878125 0.587500 0.876562 0.587500 0.873438 0.583333 0.871875 0.583333 0.870313 0.581250 0.868750 0.581250 0.865625 0.577083 0.860937 0.577083 0.854688 0.568750 0.854688 0.562500 0.853125 0.560417 0.853125 0.558333 0.851562 0.556250 0.851562 0.554167
1 0.915625 0.577083 0.912500 0.581250 0.912500 0.583333 0.910937 0.585417 0.910937 0.587500 0.909375 0.589583 0.904688 0.589583 0.903125 0.587500 0.901563 0.589583 0.900000 0.589583 0.896875 0.593750 0.896875 0.595833 0.898438 0.597917 0.898438 0.602083 0.900000 0.604167 0.900000 0.606250 0.901563 0.608333 0.901563 0.612500 0.903125 0.614583 0.903125 0.616667 0.904688 0.618750 0.904688 0.620833 0.906250 0.622917 0.906250 0.627083 0.907812 0.629167 0.907812 0.650000 0.909375 0.652083 0.909375 0.658333 0.910937 0.660417 0.910937 0.668750 0.928125 0.668750 0.928125 0.662500 0.934375 0.654167 0.939062 0.654167 0.939062 0.589583 0.932813 0.589583 0.931250 0.587500 0.931250 0.585417 0.928125 0.581250 0.928125 0.579167 0.926562 0.579167 0.925000 0.577083
1 0.846875 0.554167 0.839063 0.564583 0.837500 0.564583 0.834375 0.568750 0.831250 0.568750 0.829687 0.570833 0.826563 0.570833 0.823438 0.575000 0.821875 0.575000 0.818750 0.579167 0.818750 0.581250 0.814062 0.587500 0.812500 0.587500 0.807813 0.593750 0.806250 0.593750 0.803125 0.597917 0.801562 0.597917 0.800000 0.600000 0.798437 0.600000 0.796875 0.602083 0.796875 0.604167 0.798437 0.606250 0.798437 0.625000 0.796875 0.627083 0.796875 0.629167 0.795313 0.631250 0.795313 0.666667 0.796875 0.668750 0.796875 0.679167 0.798437 0.681250 0.798437 0.695833 0.800000 0.697917 0.800000 0.720833 0.801562 0.722917 0.801562 0.747917 0.803125 0.750000 0.803125 0.752083 0.806250 0.756250 0.806250 0.760417 0.807813 0.762500 0.807813 0.764583 0.809375 0.766667 0.809375 0.768750 0.810938 0.770833 0.810938 0.777083 0.825000 0.777083 0.825000 0.768750 0.826563 0.766667 0.826563 0.764583 0.828125 0.762500 0.828125 0.758333 0.829687 0.756250 0.829687 0.750000 0.831250 0.747917 0.831250 0.745833 0.832812 0.743750 0.832812 0.737500 0.834375 0.735417 0.834375 0.706250 0.832812 0.704167 0.832812 0.679167 0.834375 0.677083 0.837500 0.681250 0.839063 0.681250 0.842188 0.685417 0.842188 0.693750 0.843750 0.695833 0.843750 0.697917 0.845312 0.700000 0.846875 0.700000 0.846875 0.697917 0.848437 0.695833 0.848437 0.685417 0.846875 0.683333 0.846875 0.677083 0.843750 0.672917 0.835938 0.672917 0.835938 0.675000 0.834375 0.677083 0.832812 0.675000 0.832812 0.664583 0.831250 0.662500 0.831250 0.643750 0.829687 0.641667 0.829687 0.635417 0.828125 0.633333 0.828125 0.627083 0.826563 0.625000 0.826563 0.622917 0.825000 0.620833 0.825000 0.618750 0.823438 0.616667 0.823438 0.612500 0.821875 0.610417 0.821875 0.608333 0.820312 0.606250 0.820312 0.602083 0.826563 0.593750 0.826563 0.591667 0.828125 0.589583 0.829687 0.589583 0.831250 0.587500 0.842188 0.587500 0.843750 0.589583 0.850000 0.589583 0.851562 0.587500 0.857813 0.587500 0.857813 0.556250 0.853125 0.556250 0.851562 0.554167
1 0.670313 0.564583 0.668750 0.566667 0.665625 0.566667 0.664062 0.568750 0.660937 0.568750 0.659375 0.570833 0.654688 0.570833 0.653125 0.568750 0.651563 0.570833 0.650000 0.570833 0.646875 0.575000 0.646875 0.577083 0.645312 0.579167 0.645312 0.597917 0.643750 0.600000 0.643750 0.610417 0.645312 0.612500 0.645312 0.614583 0.654688 0.627083 0.654688 0.631250 0.653125 0.633333 0.653125 0.637500 0.656250 0.641667 0.656250 0.647917 0.657812 0.650000 0.657812 0.656250 0.659375 0.658333 0.659375 0.660417 0.660937 0.660417 0.665625 0.666667 0.665625 0.670833 0.667188 0.672917 0.667188 0.677083 0.668750 0.679167 0.668750 0.687500 0.670313 0.689583 0.670313 0.722917 0.671875 0.725000 0.671875 0.729167 0.675000 0.733333 0.675000 0.735417 0.676562 0.737500 0.676562 0.741667 0.678125 0.743750 0.678125 0.747917 0.679688 0.750000 0.679688 0.754167 0.681250 0.756250 0.681250 0.762500 0.682813 0.764583 0.682813 0.768750 0.684375 0.770833 0.684375 0.785417 0.682813 0.787500 0.682813 0.795833 0.681250 0.797917 0.681250 0.800000 0.679688 0.802083 0.679688 0.814583 0.681250 0.816667 0.682813 0.816667 0.684375 0.818750 0.685938 0.818750 0.687500 0.820833 0.692187 0.820833 0.693750 0.822917 0.709375 0.822917 0.710938 0.820833 0.715625 0.820833 0.717188 0.818750 0.720312 0.818750 0.721875 0.816667 0.723437 0.816667 0.725000 0.814583 0.728125 0.814583 0.729688 0.812500 0.731250 0.812500 0.732813 0.810417 0.734375 0.810417 0.737500 0.806250 0.739062 0.806250 0.740625 0.804167 0.742188 0.804167 0.748438 0.795833 0.748438 0.793750 0.753125 0.787500 0.753125 0.783333 0.756250 0.779167 0.756250 0.777083 0.759375 0.772917 0.759375 0.770833 0.760938 0.768750 0.760938 0.766667 0.764063 0.762500 0.764063 0.758333 0.765625 0.756250 0.765625 0.750000 0.767187 0.747917 0.767187 0.735417 0.768750 0.733333 0.768750 0.687500 0.767187 0.685417 0.767187 0.683333 0.764063 0.679167 0.764063 0.677083 0.762500 0.675000 0.762500 0.668750 0.760938 0.666667 0.760938 0.664583 0.759375 0.662500 0.759375 0.660417 0.757812 0.658333 0.757812 0.656250 0.756250 0.654167 0.756250 0.652083 0.754687 0.650000 0.754687 0.647917 0.750000 0.641667 0.750000 0.639583 0.748438 0.637500 0.748438 0.635417 0.746875 0.633333 0.746875 0.631250 0.740625 0.622917 0.740625 0.620833 0.739062 0.618750 0.737500 0.618750 0.732813 0.612500 0.731250 0.612500 0.729688 0.610417 0.728125 0.610417 0.726562 0.608333 0.723437 0.608333 0.721875 0.606250 0.720312 0.606250 0.718750 0.604167 0.717188 0.604167 0.715625 0.602083 0.703125 0.602083 0.701563 0.600000 0.695312 0.600000 0.693750 0.597917 0.692187 0.597917 0.689062 0.593750 0.685938 0.593750 0.682813 0.589583 0.682813 0.587500 0.681250 0.585417 0.681250 0.583333 0.679688 0.581250 0.679688 0.572917 0.681250 0.570833 0.681250 0.566667 0.679688 0.564583
1 0.835938 0.554167 0.835938 0.560417 0.832812 0.564583 0.829687 0.564583 0.828125 0.566667 0.826563 0.566667 0.825000 0.568750 0.823438 0.568750 0.821875 0.570833 0.820312 0.570833 0.820312 0.572917 0.815625 0.579167 0.815625 0.581250 0.810938 0.587500 0.809375 0.587500 0.806250 0.591667 0.804688 0.591667 0.801562 0.595833 0.800000 0.595833 0.796875 0.600000 0.796875 0.608333 0.798437 0.610417 0.798437 0.618750 0.796875 0.620833 0.796875 0.625000 0.795313 0.627083 0.795313 0.629167 0.793750 0.631250 0.793750 0.666667 0.795313 0.668750 0.795313 0.681250 0.796875 0.683333 0.796875 0.695833 0.798437 0.697917 0.798437 0.716667 0.800000 0.718750 0.800000 0.743750 0.801562 0.745833 0.801562 0.750000 0.803125 0.752083 0.803125 0.754167 0.804688 0.756250 0.804688 0.758333 0.806250 0.760417 0.806250 0.762500 0.807813 0.764583 0.807813 0.766667 0.809375 0.768750 0.809375 0.777083 0.825000 0.777083 0.825000 0.770833 0.826563 0.768750 0.826563 0.766667 0.828125 0.764583 0.828125 0.762500 0.829687 0.760417 0.829687 0.756250 0.831250 0.754167 0.831250 0.750000 0.832812 0.747917 0.832812 0.745833 0.834375 0.743750 0.834375 0.735417 0.835938 0.733333 0.835938 0.720833 0.837500 0.718750 0.837500 0.714583 0.840625 0.710417 0.845312 0.710417 0.845312 0.658333 0.840625 0.658333 0.837500 0.654167 0.837500 0.652083 0.835938 0.650000 0.835938 0.645833 0.834375 0.643750 0.834375 0.639583 0.832812 0.637500 0.832812 0.631250 0.831250 0.629167 0.831250 0.622917 0.829687 0.620833 0.829687 0.604167 0.831250 0.602083 0.831250 0.597917 0.832812 0.595833 0.834375 0.595833 0.837500 0.600000 0.837500 0.602083 0.845312 0.602083 0.845312 0.554167
1 0.903125 0.612500 0.903125 0.618750 0.907812 0.618750 0.907812 0.612500 0.903125 0.612500 0.893750 0.608333 0.893750 0.606250 0.895312 0.604167 0.889063 0.604167 0.885938 0.600000 0.884375 0.600000 0.881250 0.595833 0.881250 0.593750 0.879687 0.591667 0.879687 0.589583 0.875000 0.583333 0.873438 0.583333 0.870313 0.579167 0.867188 0.579167 0.865625 0.577083 0.857813 0.577083 0.856250 0.575000 0.854688 0.575000 0.853125 0.572917 0.853125 0.570833 0.851562 0.572917 0.851562 0.602083 0.850000 0.604167 0.850000 0.610417 0.848437 0.612500 0.848437 0.637500 0.845312 0.641667 0.843750 0.639583 0.843750 0.637500 0.842188 0.635417 0.842188 0.633333 0.843750 0.631250 0.843750 0.616667 0.842188 0.614583 0.842188 0.610417 0.840625 0.608333 0.840625 0.606250 0.837500 0.602083 0.837500 0.583333 0.839063 0.581250 0.839063 0.577083 0.837500 0.575000 0.837500 0.572917 0.835938 0.572917 0.834375 0.570833 0.831250 0.570833 0.829687 0.572917 0.825000 0.572917 0.823438 0.575000 0.821875 0.575000 0.818750 0.579167 0.818750 0.583333 0.817187 0.585417 0.818750 0.587500 0.818750 0.589583 0.820312 0.589583 0.823438 0.593750 0.823438 0.595833 0.826563 0.600000 0.826563 0.602083 0.828125 0.604167 0.831250 0.604167 0.832812 0.606250 0.834375 0.606250 0.835938 0.608333 0.835938 0.620833 0.837500 0.622917 0.837500 0.633333 0.839063 0.635417 0.837500 0.637500 0.837500 0.654167 0.839063 0.656250 0.839063 0.658333 0.845312 0.666667 0.845312 0.668750 0.846875 0.670833 0.846875 0.697917 0.850000 0.702083 0.850000 0.710417 0.875000 0.710417 0.875000 0.704167 0.879687 0.697917 0.882812 0.697917 0.884375 0.695833 0.885938 0.695833 0.887500 0.693750 0.889063 0.693750 0.889063 0.691667 0.893750 0.685417 0.895312 0.685417 0.895312 0.683333 0.900000 0.677083 0.898438 0.675000 0.893750 0.675000 0.892187 0.677083 0.892187 0.679167 0.889063 0.683333 0.885938 0.683333 0.884375 0.685417 0.882812 0.685417 0.881250 0.683333 0.878125 0.683333 0.875000 0.679167 0.875000 0.660417 0.876562 0.658333 0.876562 0.656250 0.878125 0.654167 0.878125 0.635417 0.876562 0.633333 0.876562 0.612500 0.878125 0.610417 0.879687 0.610417 0.881250 0.608333 0.885938 0.608333 0.887500 0.610417 0.887500 0.612500 0.889063 0.614583 0.889063 0.622917 0.890625 0.625000 0.892187 0.622917 0.892187 0.610417 0.893750 0.608333
