0 0.056250 0.390625 0.056250 0.396875 0.054688 0.398438 0.054688 0.400000 0.053125 0.401563 0.053125 0.403125 0.051562 0.404687 0.051562 0.407813 0.050000 0.409375 0.050000 0.412500 0.048437 0.414062 0.048437 0.440625 0.050000 0.442187 0.050000 0.448438 0.048437 0.450000 0.048437 0.453125 0.046875 0.454688 0.045313 0.454688 0.040625 0.459375 0.039062 0.459375 0.037500 0.460938 0.035937 0.460938 0.034375 0.462500 0.032812 0.462500 0.029687 0.465625 0.028125 0.465625 0.026563 0.467187 0.025000 0.467187 0.021875 0.470313 0.020312 0.470313 0.012500 0.478125 0.012500 0.479688 0.009375 0.482812 0.009375 0.484375 0.007812 0.485938 0.003125 0.485938 0.003125 0.550000 0.007812 0.550000 0.012500 0.554688 0.012500 0.556250 0.014062 0.557813 0.014062 0.564062 0.015625 0.565625 0.015625 0.571875 0.014062 0.573438 0.014062 0.604688 0.012500 0.606250 0.012500 0.618750 0.010937 0.620313 0.010937 0.628125 0.012500 0.629687 0.012500 0.634375 0.014062 0.635938 0.014062 0.640625 0.015625 0.642187 0.015625 0.648438 0.017188 0.650000 0.017188 0.660937 0.018750 0.662500 0.018750 0.670313 0.020312 0.671875 0.020312 0.679688 0.021875 0.681250 0.021875 0.684375 0.023438 0.685938 0.023438 0.689062 0.025000 0.690625 0.026563 0.690625 0.028125 0.692187 0.028125 0.695312 0.029687 0.696875 0.029687 0.703125 0.031250 0.704687 0.031250 0.714063 0.032812 0.715625 0.032812 0.718750 0.034375 0.720312 0.034375 0.721875 0.035937 0.723437 0.035937 0.725000 0.037500 0.726562 0.037500 0.728125 0.040625 0.731250 0.040625 0.732813 0.042188 0.734375 0.042188 0.737500 0.043750 0.739062 0.043750 0.742188 0.045313 0.743750 0.045313 0.745313 0.046875 0.746875 0.046875 0.751562 0.048437 0.753125 0.048437 0.757812 0.050000 0.759375 0.050000 0.770312 0.051562 0.771875 0.051562 0.778125 0.053125 0.779688 0.053125 0.782812 0.054688 0.784375 0.054688 0.789062 0.056250 0.790625 0.056250 0.798437 0.057813 0.800000 0.057813 0.810938 0.056250 0.812500 0.056250 0.815625 0.054688 0.817187 0.054688 0.825000 0.056250 0.826563 0.056250 0.828125 0.053125 0.831250 0.053125 0.832812 0.051562 0.834375 0.053125 0.835938 0.053125 0.837500 0.054688 0.839063 0.054688 0.840625 0.056250 0.842188 0.056250 0.843750 0.057813 0.845312 0.057813 0.846875 0.060938 0.850000 0.060938 0.856250 0.056250 0.860937 0.054688 0.860937 0.051562 0.864062 0.050000 0.864062 0.050000 0.871875 0.051562 0.873438 0.051562 0.876562 0.053125 0.878125 0.054688 0.878125 0.056250 0.879687 0.057813 0.879687 0.059375 0.881250 0.062500 0.881250 0.064062 0.882812 0.067188 0.882812 0.068750 0.884375 0.068750 0.889063 0.084375 0.889063 0.084375 0.884375 0.087500 0.881250 0.089062 0.881250 0.090625 0.879687 0.096875 0.879687 0.103125 0.873438 0.103125 0.868750 0.104687 0.867188 0.104687 0.857813 0.103125 0.856250 0.103125 0.848437 0.101562 0.846875 0.101562 0.842188 0.100000 0.840625 0.100000 0.831250 0.098438 0.829687 0.098438 0.821875 0.096875 0.820312 0.096875 0.814062 0.095312 0.812500 0.095312 0.804688 0.093750 0.803125 0.093750 0.793750 0.092188 0.792188 0.092188 0.771875 0.093750 0.770312 0.093750 0.767187 0.096875 0.764063 0.096875 0.762500 0.103125 0.756250 0.107813 0.756250 0.107813 0.754687 0.109375 0.753125 0.109375 0.751562 0.110937 0.750000 0.110937 0.748438 0.112500 0.746875 0.112500 0.745313 0.114063 0.743750 0.114063 0.725000 0.115625 0.723437 0.115625 0.709375 0.117188 0.707812 0.117188 0.698438 0.118750 0.696875 0.118750 0.687500 0.120312 0.685938 0.120312 0.681250 0.121875 0.679688 0.121875 0.676562 0.123438 0.675000 0.123438 0.671875 0.125000 0.670313 0.125000 0.668750 0.126563 0.667188 0.126563 0.665625 0.134375 0.657812 0.134375 0.642187 0.135937 0.640625 0.135937 0.626562 0.137500 0.625000 0.137500 0.617188 0.139062 0.615625 0.139062 0.606250 0.140625 0.604688 0.140625 0.571875 0.142188 0.570312 0.142188 0.559375 0.143750 0.557813 0.143750 0.553125 0.145313 0.551562 0.145313 0.550000 0.154687 0.540625 0.156250 0.540625 0.159375 0.537500 0.164062 0.537500 0.164062 0.517187 0.159375 0.517187 0.157813 0.515625 0.157813 0.487500 0.156250 0.485938 0.156250 0.482812 0.148438 0.475000 0.146875 0.475000 0.140625 0.468750 0.139062 0.468750 0.134375 0.464063 0.132812 0.464063 0.129688 0.460938 0.128125 0.460938 0.126563 0.459375 0.125000 0.459375 0.123438 0.457812 0.121875 0.457812 0.120312 0.456250 0.118750 0.456250 0.117188 0.454688 0.115625 0.454688 0.114063 0.453125 0.112500 0.453125 0.107813 0.448438 0.106250 0.448438 0.103125 0.445312 0.103125 0.435937 0.104687 0.434375 0.104687 0.417188 0.103125 0.415625 0.103125 0.409375 0.101562 0.407813 0.101562 0.406250 0.100000 0.404687 0.100000 0.401563 0.098438 0.400000 0.098438 0.398438 0.096875 0.396875 0.096875 0.390625
0 0.179688 0.446875 0.179688 0.456250 0.178125 0.457812 0.178125 0.459375 0.176563 0.460938 0.175000 0.460938 0.173438 0.462500 0.171875 0.462500 0.168750 0.465625 0.167187 0.465625 0.164062 0.468750 0.164062 0.470313 0.160938 0.473437 0.160938 0.475000 0.157813 0.478125 0.157813 0.479688 0.156250 0.481250 0.156250 0.510938 0.157813 0.512500 0.157813 0.521875 0.159375 0.523438 0.159375 0.537500 0.157813 0.539062 0.157813 0.540625 0.148438 0.550000 0.148438 0.551562 0.146875 0.553125 0.146875 0.554688 0.145313 0.556250 0.145313 0.557813 0.143750 0.559375 0.143750 0.570312 0.142188 0.571875 0.142188 0.595312 0.140625 0.596875 0.140625 0.600000 0.139062 0.601562 0.134375 0.601562 0.134375 0.640625 0.139062 0.640625 0.140625 0.642187 0.142188 0.642187 0.148438 0.648438 0.148438 0.651563 0.150000 0.653125 0.150000 0.654688 0.151562 0.656250 0.151562 0.657812 0.153125 0.659375 0.153125 0.665625 0.154687 0.667188 0.154687 0.676562 0.153125 0.678125 0.153125 0.679688 0.150000 0.682813 0.150000 0.685938 0.148438 0.687500 0.148438 0.695312 0.173438 0.695312 0.173438 0.685938 0.175000 0.684375 0.175000 0.681250 0.178125 0.678125 0.179688 0.679688 0.184375 0.679688 0.185937 0.678125 0.185937 0.668750 0.187500 0.667188 0.187500 0.665625 0.189063 0.664062 0.189063 0.662500 0.190625 0.660937 0.190625 0.656250 0.192188 0.654688 0.192188 0.648438 0.193750 0.646875 0.193750 0.637500 0.195312 0.635938 0.195312 0.629687 0.196875 0.628125 0.196875 0.625000 0.198437 0.623438 0.198437 0.620313 0.200000 0.618750 0.200000 0.615625 0.207813 0.607813 0.207813 0.606250 0.209375 0.604688 0.209375 0.603125 0.210938 0.601562 0.210938 0.593750 0.212500 0.592188 0.212500 0.590625 0.214062 0.589063 0.214062 0.584375 0.215625 0.582812 0.215625 0.579687 0.217187 0.578125 0.217187 0.575000 0.218750 0.573438 0.218750 0.568750 0.220313 0.567187 0.220313 0.557813 0.218750 0.556250 0.218750 0.548437 0.217187 0.546875 0.217187 0.535937 0.218750 0.534375 0.218750 0.510938 0.217187 0.509375 0.217187 0.507812 0.212500 0.503125 0.212500 0.500000 0.210938 0.498437 0.210938 0.484375 0.206250 0.479688 0.206250 0.478125 0.203125 0.475000 0.203125 0.473437 0.201562 0.471875 0.201562 0.468750 0.200000 0.467187 0.200000 0.462500 0.201562 0.460938 0.201562 0.454688 0.200000 0.453125 0.200000 0.446875
0 0.239063 0.440625 0.239063 0.445312 0.237500 0.446875 0.237500 0.448438 0.235938 0.450000 0.235938 0.451562 0.234375 0.453125 0.234375 0.454688 0.231250 0.457812 0.231250 0.460938 0.229687 0.462500 0.229687 0.465625 0.228125 0.467187 0.228125 0.470313 0.225000 0.473437 0.225000 0.475000 0.215625 0.484375 0.215625 0.487500 0.214062 0.489062 0.209375 0.489062 0.209375 0.501562 0.214062 0.501562 0.215625 0.503125 0.215625 0.504687 0.217187 0.506250 0.217187 0.510938 0.218750 0.512500 0.218750 0.517187 0.220313 0.518750 0.220313 0.539062 0.218750 0.540625 0.220313 0.542188 0.220313 0.595312 0.218750 0.596875 0.218750 0.618750 0.220313 0.620313 0.220313 0.626562 0.221875 0.628125 0.221875 0.643750 0.223438 0.645312 0.223438 0.646875 0.226562 0.650000 0.226562 0.654688 0.228125 0.656250 0.228125 0.657812 0.226562 0.659375 0.226562 0.660937 0.225000 0.662500 0.225000 0.670313 0.226562 0.671875 0.226562 0.673437 0.235938 0.673437 0.237500 0.671875 0.239063 0.671875 0.240625 0.670313 0.242188 0.670313 0.243750 0.668750 0.243750 0.651563 0.245312 0.650000 0.245312 0.643750 0.246875 0.642187 0.246875 0.639063 0.248437 0.637500 0.248437 0.635938 0.250000 0.634375 0.250000 0.632812 0.251563 0.631250 0.253125 0.631250 0.254687 0.632812 0.254687 0.634375 0.256250 0.635938 0.256250 0.640625 0.257812 0.642187 0.257812 0.645312 0.259375 0.646875 0.259375 0.650000 0.260938 0.651563 0.260938 0.654688 0.259375 0.656250 0.259375 0.659375 0.257812 0.660937 0.257812 0.662500 0.256250 0.664062 0.256250 0.671875 0.257812 0.673437 0.257812 0.682813 0.273438 0.682813 0.273438 0.665625 0.271875 0.664062 0.271875 0.642187 0.273438 0.640625 0.273438 0.635938 0.275000 0.634375 0.275000 0.631250 0.276563 0.629687 0.276563 0.628125 0.278125 0.626562 0.278125 0.625000 0.279687 0.623438 0.279687 0.593750 0.281250 0.592188 0.281250 0.575000 0.282813 0.573438 0.282813 0.556250 0.281250 0.554688 0.281250 0.537500 0.282813 0.535937 0.282813 0.532812 0.289062 0.526563 0.289062 0.525000 0.290625 0.523438 0.290625 0.506250 0.289062 0.504687 0.289062 0.503125 0.287500 0.501562 0.287500 0.496875 0.282813 0.492188 0.282813 0.490625 0.278125 0.485938 0.278125 0.484375 0.276563 0.482812 0.275000 0.482812 0.270312 0.478125 0.270312 0.476562 0.268750 0.475000 0.268750 0.471875 0.267188 0.470313 0.267188 0.465625 0.265625 0.464063 0.265625 0.460938 0.264062 0.459375 0.264062 0.456250 0.262500 0.454688 0.262500 0.453125 0.260938 0.451562 0.260938 0.450000 0.259375 0.448438 0.259375 0.446875 0.257812 0.445312 0.257812 0.440625
0 0.821875 0.839063 0.821875 0.848437 0.826563 0.848437 0.826563 0.845312 0.828125 0.843750 0.828125 0.840625 0.826563 0.839063 0.821875 0.839063 0.821875 0.515625 0.826563 0.515625 0.884375 0.520312 0.884375 0.529688 0.882812 0.531250 0.882812 0.539062 0.881250 0.540625 0.881250 0.554688 0.882812 0.556250 0.882812 0.562500 0.881250 0.564062 0.881250 0.565625 0.879687 0.567187 0.879687 0.568750 0.871875 0.576563 0.870313 0.576563 0.859375 0.587500 0.859375 0.589063 0.857813 0.590625 0.857813 0.592188 0.856250 0.593750 0.856250 0.595312 0.854688 0.596875 0.854688 0.598437 0.853125 0.600000 0.853125 0.601562 0.851562 0.603125 0.851562 0.604688 0.839063 0.617188 0.839063 0.618750 0.837500 0.620313 0.837500 0.621875 0.826563 0.632812 0.821875 0.632812 0.821875 0.654688 0.828125 0.654688 0.832812 0.659375 0.832812 0.660937 0.834375 0.662500 0.834375 0.664062 0.837500 0.667188 0.837500 0.670313 0.839063 0.671875 0.839063 0.673437 0.840625 0.675000 0.840625 0.676562 0.842188 0.676562 0.845312 0.679688 0.846875 0.679688 0.851562 0.675000 0.851562 0.673437 0.853125 0.671875 0.851562 0.670313 0.850000 0.670313 0.846875 0.667188 0.846875 0.664062 0.845312 0.662500 0.845312 0.659375 0.843750 0.657812 0.843750 0.651563 0.851562 0.643750 0.853125 0.643750 0.854688 0.642187 0.856250 0.642187 0.857813 0.640625 0.860937 0.640625 0.862500 0.642187 0.864062 0.642187 0.865625 0.643750 0.865625 0.646875 0.867188 0.648438 0.867188 0.679688 0.865625 0.681250 0.865625 0.684375 0.864062 0.685938 0.864062 0.687500 0.862500 0.689062 0.862500 0.712500 0.860937 0.714063 0.860937 0.759375 0.859375 0.760938 0.859375 0.765625 0.860937 0.767187 0.860937 0.770312 0.862500 0.771875 0.862500 0.790625 0.864062 0.792188 0.864062 0.800000 0.862500 0.801562 0.862500 0.803125 0.864062 0.804688 0.864062 0.814062 0.862500 0.815625 0.862500 0.840625 0.864062 0.842188 0.864062 0.848437 0.865625 0.850000 0.865625 0.853125 0.864062 0.854688 0.864062 0.867188 0.865625 0.868750 0.865625 0.875000 0.867188 0.876562 0.867188 0.893750 0.868750 0.895312 0.868750 0.904688 0.870313 0.906250 0.870313 0.915625 0.871875 0.917188 0.871875 0.937500 0.870313 0.939062 0.870313 0.942187 0.868750 0.943750 0.868750 0.950000 0.867188 0.951563 0.867188 0.960938 0.868750 0.962500 0.868750 0.964063 0.870313 0.965625 0.871875 0.965625 0.873438 0.967188 0.876562 0.967188 0.878125 0.968750 0.879687 0.967188 0.887500 0.967188 0.889063 0.965625 0.890625 0.965625 0.892187 0.964063 0.893750 0.964063 0.895312 0.962500 0.896875 0.962500 0.900000 0.959375 0.901563 0.959375 0.903125 0.957812 0.904688 0.957812 0.906250 0.956250 0.914062 0.956250 0.917188 0.953125 0.914062 0.950000 0.912500 0.950000 0.910937 0.948438 0.910937 0.946875 0.909375 0.945312 0.907812 0.945312 0.906250 0.943750 0.906250 0.942187 0.903125 0.939062 0.903125 0.937500 0.901563 0.935938 0.901563 0.934375 0.900000 0.932813 0.900000 0.928125 0.898438 0.926562 0.898438 0.921875 0.896875 0.920313 0.896875 0.918750 0.895312 0.917188 0.895312 0.914062 0.893750 0.912500 0.893750 0.904688 0.892187 0.903125 0.892187 0.900000 0.893750 0.898438 0.893750 0.868750 0.898438 0.864062 0.898438 0.862500 0.901563 0.859375 0.904688 0.859375 0.906250 0.860937 0.907812 0.860937 0.912500 0.865625 0.914062 0.865625 0.917188 0.868750 0.918750 0.868750 0.921875 0.871875 0.932813 0.871875 0.934375 0.870313 0.935938 0.870313 0.939062 0.867188 0.942187 0.867188 0.943750 0.868750 0.943750 0.871875 0.945312 0.873438 0.945312 0.879687 0.946875 0.881250 0.946875 0.890625 0.948438 0.892187 0.948438 0.898438 0.950000 0.900000 0.950000 0.907812 0.951563 0.909375 0.951563 0.915625 0.953125 0.917188 0.953125 0.921875 0.954687 0.923437 0.954687 0.932813 0.956250 0.934375 0.956250 0.954687 0.954687 0.956250 0.954687 0.965625 0.953125 0.967188 0.953125 0.976562 0.951563 0.978125 0.951563 0.981250 0.950000 0.982813 0.950000 0.989062 0.970312 0.989062 0.970312 0.851562 0.965625 0.851562 0.962500 0.848437 0.962500 0.846875 0.960938 0.845312 0.960938 0.843750 0.959375 0.842188 0.959375 0.840625 0.957812 0.839063 0.954687 0.842188 0.953125 0.842188 0.951563 0.843750 0.950000 0.842188 0.946875 0.842188 0.943750 0.839063 0.943750 0.834375 0.942187 0.832812 0.942187 0.826563 0.940625 0.825000 0.940625 0.820312 0.939062 0.818750 0.939062 0.814062 0.937500 0.812500 0.937500 0.803125 0.935938 0.801562 0.935938 0.795313 0.937500 0.793750 0.937500 0.759375 0.945312 0.751562 0.946875 0.751562 0.951563 0.746875 0.951563 0.742188 0.953125 0.740625 0.953125 0.739062 0.951563 0.737500 0.951563 0.731250 0.950000 0.729688 0.950000 0.726562 0.948438 0.725000 0.948438 0.721875 0.946875 0.720312 0.946875 0.715625 0.945312 0.714063 0.945312 0.651563 0.943750 0.650000 0.943750 0.643750 0.945312 0.642187 0.945312 0.632812 0.946875 0.631250 0.946875 0.620313 0.948438 0.618750 0.948438 0.607813 0.950000 0.606250 0.950000 0.600000 0.951563 0.598437 0.951563 0.592188 0.953125 0.590625 0.953125 0.589063 0.951563 0.587500 0.951563 0.585938 0.950000 0.584375 0.950000 0.582812 0.945312 0.578125 0.945312 0.576563 0.942187 0.573438 0.942187 0.571875 0.940625 0.570312 0.940625 0.568750 0.939062 0.567187 0.939062 0.562500 0.940625 0.560938 0.940625 0.557813 0.942187 0.556250 0.942187 0.548437 0.943750 0.546875 0.943750 0.542188 0.942187 0.540625 0.943750 0.539062 0.943750 0.535937 0.945312 0.534375 0.945312 0.531250 0.946875 0.529688 0.946875 0.514063 0.943750 0.510938 0.943750 0.509375 0.942187 0.507812 0.942187 0.506250 0.937500 0.501562 0.935938 0.501562 0.934375 0.500000 0.932813 0.500000 0.931250 0.498437 0.929688 0.498437 0.926562 0.495313 0.926562 0.490625 0.900000 0.490625 0.900000 0.496875 0.898438 0.498437 0.896875 0.498437 0.896875 0.500000 0.887500 0.509375 0.887500 0.512500 0.885938 0.514063 0.885938 0.518750 0.884375 0.520312 0.826563 0.515625 0.821875 0.515625
0 0.576563 0.459375 0.576563 0.465625 0.571875 0.470313 0.571875 0.473437 0.570312 0.475000 0.570312 0.479688 0.571875 0.481250 0.571875 0.490625 0.570312 0.492188 0.570312 0.493750 0.564062 0.500000 0.562500 0.500000 0.562500 0.501562 0.557813 0.506250 0.557813 0.507812 0.556250 0.509375 0.556250 0.510938 0.554688 0.512500 0.554688 0.517187 0.553125 0.518750 0.553125 0.525000 0.551562 0.526563 0.551562 0.534375 0.553125 0.535937 0.553125 0.542188 0.554688 0.543750 0.554688 0.548437 0.556250 0.550000 0.556250 0.567187 0.554688 0.568750 0.554688 0.575000 0.553125 0.576563 0.553125 0.582812 0.551562 0.584375 0.551562 0.593750 0.550000 0.595312 0.550000 0.604688 0.551562 0.606250 0.551562 0.618750 0.550000 0.620313 0.551562 0.621875 0.551562 0.643750 0.550000 0.645312 0.550000 0.659375 0.548437 0.660937 0.548437 0.667188 0.546875 0.668750 0.546875 0.670313 0.545313 0.671875 0.540625 0.671875 0.540625 0.693750 0.548437 0.693750 0.550000 0.695312 0.554688 0.695312 0.556250 0.693750 0.559375 0.693750 0.560938 0.692187 0.562500 0.692187 0.564062 0.690625 0.565625 0.690625 0.565625 0.664062 0.567187 0.662500 0.567187 0.654688 0.568750 0.653125 0.568750 0.646875 0.570312 0.645312 0.570312 0.642187 0.571875 0.640625 0.571875 0.637500 0.573438 0.635938 0.573438 0.632812 0.576563 0.629687 0.578125 0.629687 0.579687 0.631250 0.579687 0.632812 0.581250 0.634375 0.581250 0.637500 0.582812 0.639063 0.582812 0.642187 0.584375 0.643750 0.584375 0.654688 0.585938 0.656250 0.585938 0.659375 0.587500 0.660937 0.587500 0.664062 0.589063 0.665625 0.589063 0.670313 0.590625 0.671875 0.590625 0.673437 0.593750 0.676562 0.593750 0.678125 0.595312 0.679688 0.595312 0.687500 0.598437 0.690625 0.606250 0.690625 0.607813 0.689062 0.607813 0.682813 0.604688 0.679688 0.604688 0.676562 0.603125 0.675000 0.603125 0.659375 0.604688 0.657812 0.604688 0.626562 0.606250 0.625000 0.606250 0.618750 0.607813 0.617188 0.607813 0.595312 0.609375 0.593750 0.609375 0.581250 0.610937 0.579687 0.610937 0.570312 0.609375 0.568750 0.609375 0.551562 0.610937 0.550000 0.610937 0.543750 0.612500 0.542188 0.612500 0.539062 0.614062 0.537500 0.614062 0.535937 0.615625 0.534375 0.620313 0.534375 0.620313 0.506250 0.615625 0.506250 0.612500 0.503125 0.612500 0.501562 0.609375 0.498437 0.609375 0.496875 0.600000 0.487500 0.600000 0.484375 0.598437 0.482812 0.598437 0.478125 0.600000 0.476562 0.600000 0.467187 0.598437 0.465625 0.598437 0.459375
0 0.407813 0.459375 0.407813 0.470313 0.406250 0.471875 0.406250 0.481250 0.404687 0.482812 0.404687 0.484375 0.403125 0.485938 0.403125 0.487500 0.401563 0.489062 0.401563 0.490625 0.398438 0.493750 0.396875 0.493750 0.395312 0.495313 0.395312 0.496875 0.392188 0.500000 0.392188 0.501562 0.389062 0.504687 0.384375 0.504687 0.384375 0.531250 0.389062 0.531250 0.390625 0.532812 0.390625 0.534375 0.392188 0.535937 0.392188 0.539062 0.393750 0.540625 0.393750 0.562500 0.395312 0.564062 0.395312 0.589063 0.396875 0.590625 0.396875 0.596875 0.398438 0.598437 0.398438 0.607813 0.400000 0.609375 0.400000 0.617188 0.401563 0.618750 0.401563 0.621875 0.403125 0.623438 0.403125 0.625000 0.404687 0.626562 0.404687 0.629687 0.406250 0.631250 0.406250 0.634375 0.409375 0.637500 0.414062 0.637500 0.415625 0.639063 0.418750 0.639063 0.420312 0.640625 0.420312 0.645312 0.432813 0.645312 0.432813 0.640625 0.440625 0.632812 0.445312 0.632812 0.439063 0.632812 0.437500 0.631250 0.437500 0.629687 0.435937 0.628125 0.435937 0.625000 0.434375 0.623438 0.434375 0.614062 0.435937 0.612500 0.435937 0.568750 0.434375 0.567187 0.434375 0.557813 0.432813 0.556250 0.432813 0.548437 0.431250 0.546875 0.431250 0.526563 0.432813 0.525000 0.432813 0.523438 0.434375 0.521875 0.434375 0.520312 0.435937 0.518750 0.435937 0.515625 0.437500 0.514063 0.437500 0.504687 0.435937 0.503125 0.435937 0.498437 0.434375 0.496875 0.434375 0.495313 0.429688 0.490625 0.429688 0.487500 0.428125 0.485938 0.428125 0.482812 0.429688 0.481250 0.429688 0.479688 0.431250 0.478125 0.431250 0.475000 0.432813 0.473437 0.432813 0.467187 0.431250 0.465625 0.431250 0.459375
0 0.312500 0.459375 0.312500 0.468750 0.310937 0.470313 0.310937 0.471875 0.312500 0.473437 0.312500 0.478125 0.310937 0.479688 0.310937 0.481250 0.303125 0.489062 0.301562 0.489062 0.300000 0.490625 0.300000 0.492188 0.298438 0.493750 0.298438 0.496875 0.296875 0.498437 0.296875 0.500000 0.295312 0.501562 0.290625 0.501562 0.290625 0.515625 0.296875 0.515625 0.298438 0.514063 0.301562 0.514063 0.303125 0.515625 0.303125 0.518750 0.304688 0.520312 0.304688 0.523438 0.303125 0.525000 0.303125 0.539062 0.301562 0.540625 0.303125 0.542188 0.303125 0.554688 0.301562 0.556250 0.301562 0.565625 0.304688 0.568750 0.304688 0.571875 0.306250 0.573438 0.306250 0.578125 0.304688 0.579687 0.304688 0.600000 0.303125 0.601562 0.303125 0.603125 0.301562 0.604688 0.301562 0.606250 0.300000 0.607813 0.300000 0.609375 0.301562 0.610937 0.303125 0.610937 0.304688 0.612500 0.312500 0.612500 0.315625 0.609375 0.315625 0.601562 0.317187 0.600000 0.317187 0.590625 0.318750 0.589063 0.318750 0.585938 0.320312 0.584375 0.321875 0.584375 0.323438 0.585938 0.323438 0.589063 0.325000 0.590625 0.325000 0.609375 0.326562 0.610937 0.334375 0.610937 0.335938 0.609375 0.337500 0.609375 0.337500 0.548437 0.335938 0.546875 0.335938 0.537500 0.337500 0.535937 0.337500 0.531250 0.339063 0.529688 0.339063 0.528125 0.340625 0.526563 0.345313 0.526563 0.345313 0.489062 0.340625 0.489062 0.332812 0.481250 0.332812 0.479688 0.331250 0.478125 0.331250 0.473437 0.329688 0.471875 0.329688 0.459375
0 0.496875 0.465625 0.496875 0.475000 0.495313 0.476562 0.495313 0.478125 0.493750 0.479688 0.493750 0.481250 0.487500 0.487500 0.487500 0.489062 0.482812 0.493750 0.481250 0.493750 0.479688 0.495313 0.479688 0.496875 0.476562 0.500000 0.471875 0.500000 0.471875 0.543750 0.476562 0.543750 0.478125 0.545313 0.478125 0.562500 0.479688 0.564062 0.479688 0.568750 0.481250 0.570312 0.481250 0.576563 0.482812 0.578125 0.482812 0.587500 0.484375 0.589063 0.484375 0.595312 0.485938 0.596875 0.485938 0.601562 0.484375 0.603125 0.484375 0.637500 0.485938 0.639063 0.485938 0.646875 0.484375 0.648438 0.484375 0.653125 0.487500 0.656250 0.489062 0.656250 0.490625 0.657812 0.498437 0.657812 0.500000 0.656250 0.507812 0.656250 0.509375 0.654688 0.512500 0.654688 0.514063 0.656250 0.531250 0.656250 0.532812 0.654688 0.539062 0.654688 0.539062 0.640625 0.534375 0.640625 0.531250 0.637500 0.531250 0.635938 0.529688 0.634375 0.529688 0.632812 0.528125 0.631250 0.528125 0.629687 0.526563 0.628125 0.526563 0.626562 0.528125 0.625000 0.528125 0.581250 0.526563 0.579687 0.526563 0.575000 0.525000 0.573438 0.525000 0.571875 0.523438 0.570312 0.523438 0.567187 0.521875 0.565625 0.521875 0.562500 0.520312 0.560938 0.520312 0.546875 0.518750 0.545313 0.518750 0.523438 0.520312 0.521875 0.520312 0.520312 0.518750 0.518750 0.518750 0.500000 0.517187 0.498437 0.517187 0.495313 0.515625 0.493750 0.515625 0.492188 0.514063 0.490625 0.514063 0.481250 0.515625 0.479688 0.515625 0.475000 0.517187 0.473437 0.517187 0.465625
0 0.695312 0.695312 0.695312 0.701563 0.696875 0.703125 0.696875 0.701563 0.698438 0.700000 0.698438 0.695312 0.695312 0.695312 0.687500 0.690625 0.687500 0.687500 0.689062 0.685938 0.689062 0.684375 0.690625 0.682813 0.690625 0.681250 0.692187 0.679688 0.692187 0.673437 0.693750 0.671875 0.693750 0.651563 0.695312 0.650000 0.695312 0.646875 0.698438 0.643750 0.700000 0.643750 0.701563 0.642187 0.706250 0.642187 0.707812 0.640625 0.714063 0.640625 0.715625 0.642187 0.715625 0.651563 0.712500 0.654688 0.710938 0.654688 0.707812 0.657812 0.707812 0.664062 0.709375 0.665625 0.710938 0.665625 0.712500 0.667188 0.714063 0.667188 0.715625 0.668750 0.725000 0.668750 0.728125 0.671875 0.728125 0.673437 0.729688 0.675000 0.729688 0.678125 0.728125 0.679688 0.728125 0.692187 0.729688 0.693750 0.729688 0.698438 0.728125 0.700000 0.728125 0.709375 0.726562 0.710938 0.726562 0.756250 0.728125 0.757812 0.728125 0.767187 0.726562 0.768750 0.726562 0.776563 0.740625 0.776563 0.740625 0.771875 0.739062 0.770312 0.739062 0.767187 0.737500 0.765625 0.737500 0.754687 0.739062 0.753125 0.739062 0.745313 0.740625 0.743750 0.740625 0.726562 0.742188 0.725000 0.742188 0.718750 0.743750 0.717188 0.743750 0.715625 0.745313 0.714063 0.745313 0.710938 0.746875 0.709375 0.746875 0.706250 0.748438 0.704687 0.748438 0.701563 0.750000 0.700000 0.750000 0.695312 0.753125 0.692187 0.757812 0.692187 0.757812 0.639063 0.751562 0.639063 0.748438 0.635938 0.748438 0.632812 0.745313 0.629687 0.740625 0.629687 0.739062 0.628125 0.737500 0.628125 0.734375 0.625000 0.734375 0.623438 0.732813 0.621875 0.732813 0.606250 0.734375 0.604688 0.734375 0.593750 0.732813 0.592188 0.732813 0.576563 0.734375 0.575000 0.734375 0.571875 0.735937 0.570312 0.735937 0.560938 0.737500 0.559375 0.737500 0.551562 0.739062 0.550000 0.739062 0.546875 0.740625 0.545313 0.740625 0.542188 0.742188 0.540625 0.742188 0.539062 0.743750 0.537500 0.743750 0.535937 0.745313 0.534375 0.745313 0.520312 0.743750 0.518750 0.743750 0.517187 0.732813 0.506250 0.732813 0.504687 0.731250 0.503125 0.731250 0.500000 0.729688 0.498437 0.729688 0.490625 0.728125 0.489062 0.728125 0.479688 0.726562 0.478125 0.726562 0.473437 0.725000 0.471875 0.725000 0.468750 0.723437 0.467187 0.723437 0.440625 0.721875 0.439063 0.721875 0.434375 0.720312 0.432813 0.720312 0.431250 0.717188 0.428125 0.717188 0.421875 0.692187 0.421875 0.692187 0.429688 0.690625 0.431250 0.690625 0.435937 0.689062 0.437500 0.689062 0.446875 0.687500 0.448438 0.687500 0.456250 0.685938 0.457812 0.685938 0.460938 0.682813 0.464063 0.682813 0.465625 0.681250 0.467187 0.681250 0.468750 0.676562 0.473437 0.676562 0.475000 0.667188 0.484375 0.667188 0.487500 0.665625 0.489062 0.665625 0.490625 0.664062 0.492188 0.664062 0.493750 0.660937 0.496875 0.660937 0.498437 0.659375 0.500000 0.659375 0.501562 0.657812 0.503125 0.657812 0.506250 0.656250 0.507812 0.656250 0.512500 0.654688 0.514063 0.654688 0.518750 0.653125 0.520312 0.653125 0.521875 0.651563 0.523438 0.646875 0.523438 0.646875 0.598437 0.651563 0.598437 0.653125 0.600000 0.653125 0.601562 0.654688 0.603125 0.654688 0.606250 0.656250 0.607813 0.656250 0.617188 0.657812 0.618750 0.657812 0.620313 0.659375 0.621875 0.659375 0.629687 0.660937 0.631250 0.660937 0.640625 0.662500 0.642187 0.662500 0.664062 0.664062 0.665625 0.664062 0.668750 0.665625 0.670313 0.665625 0.673437 0.667188 0.675000 0.667188 0.678125 0.670313 0.681250 0.670313 0.682813 0.671875 0.684375 0.670313 0.685938 0.670313 0.690625 0.668750 0.692187 0.668750 0.695312 0.667188 0.696875 0.667188 0.700000 0.665625 0.701563 0.665625 0.709375 0.664062 0.710938 0.664062 0.735937 0.662500 0.737500 0.662500 0.740625 0.664062 0.742188 0.664062 0.746875 0.667188 0.750000 0.667188 0.751562 0.670313 0.754687 0.670313 0.757812 0.671875 0.759375 0.671875 0.760938 0.673437 0.762500 0.673437 0.767187 0.675000 0.768750 0.675000 0.776563 0.700000 0.776563 0.700000 0.771875 0.695312 0.767187 0.695312 0.765625 0.692187 0.762500 0.692187 0.760938 0.690625 0.759375 0.690625 0.735937 0.689062 0.734375 0.689062 0.731250 0.687500 0.729688 0.687500 0.718750 0.682813 0.714063 0.682813 0.703125 0.684375 0.701563 0.684375 0.700000 0.685938 0.698438 0.685938 0.692187 0.687500 0.690625
0 0.521875 0.459375 0.521875 0.470313 0.520312 0.471875 0.515625 0.471875 0.515625 0.539062 0.520312 0.539062 0.521875 0.540625 0.521875 0.545313 0.523438 0.546875 0.523438 0.554688 0.525000 0.556250 0.525000 0.559375 0.526563 0.560938 0.526563 0.564062 0.528125 0.565625 0.528125 0.573438 0.529688 0.575000 0.529688 0.581250 0.531250 0.582812 0.531250 0.632812 0.534375 0.635938 0.535937 0.635938 0.537500 0.637500 0.537500 0.639063 0.539062 0.639063 0.540625 0.640625 0.546875 0.640625 0.548437 0.642187 0.557813 0.642187 0.557813 0.634375 0.553125 0.634375 0.550000 0.631250 0.550000 0.629687 0.548437 0.628125 0.548437 0.610937 0.550000 0.609375 0.550000 0.607813 0.548437 0.606250 0.548437 0.600000 0.550000 0.598437 0.550000 0.592188 0.551562 0.590625 0.551562 0.587500 0.553125 0.585938 0.557813 0.585938 0.557813 0.535937 0.553125 0.535937 0.551562 0.534375 0.551562 0.529688 0.553125 0.528125 0.557813 0.528125 0.557813 0.487500 0.553125 0.487500 0.550000 0.484375 0.550000 0.482812 0.543750 0.476562 0.543750 0.473437 0.542188 0.471875 0.542188 0.470313 0.546875 0.465625 0.548437 0.465625 0.550000 0.464063 0.550000 0.459375
0 0.434375 0.478125 0.434375 0.529688 0.439063 0.529688 0.442187 0.526563 0.440625 0.525000 0.440625 0.517187 0.439063 0.515625 0.439063 0.510938 0.440625 0.509375 0.440625 0.504687 0.442187 0.503125 0.442187 0.495313 0.445312 0.492188 0.446875 0.492188 0.446875 0.490625 0.453125 0.484375 0.456250 0.487500 0.456250 0.492188 0.457812 0.493750 0.457812 0.498437 0.456250 0.500000 0.456250 0.512500 0.454688 0.514063 0.454688 0.517187 0.453125 0.518750 0.453125 0.520312 0.451562 0.521875 0.451562 0.526563 0.453125 0.528125 0.453125 0.534375 0.454688 0.535937 0.454688 0.540625 0.453125 0.542188 0.453125 0.546875 0.450000 0.550000 0.450000 0.551562 0.448438 0.553125 0.448438 0.557813 0.446875 0.559375 0.446875 0.562500 0.445312 0.564062 0.445312 0.565625 0.443750 0.567187 0.443750 0.570312 0.442187 0.571875 0.442187 0.589063 0.443750 0.590625 0.443750 0.600000 0.442187 0.601562 0.446875 0.606250 0.446875 0.620313 0.448438 0.621875 0.448438 0.629687 0.446875 0.631250 0.446875 0.634375 0.448438 0.635938 0.448438 0.637500 0.450000 0.639063 0.450000 0.645312 0.457812 0.645312 0.457812 0.637500 0.459375 0.635938 0.459375 0.629687 0.460938 0.628125 0.460938 0.621875 0.462500 0.620313 0.462500 0.607813 0.465625 0.604688 0.467187 0.606250 0.467187 0.607813 0.473437 0.614062 0.473437 0.621875 0.475000 0.623438 0.475000 0.631250 0.476562 0.632812 0.476562 0.635938 0.478125 0.637500 0.489062 0.637500 0.489062 0.593750 0.484375 0.593750 0.482812 0.592188 0.482812 0.589063 0.481250 0.587500 0.481250 0.582812 0.479688 0.581250 0.479688 0.575000 0.478125 0.573438 0.478125 0.512500 0.476562 0.510938 0.476562 0.498437 0.475000 0.496875 0.475000 0.493750 0.473437 0.492188 0.473437 0.489062 0.471875 0.487500 0.471875 0.478125
0 0.857813 0.695312 0.857813 0.701563 0.859375 0.701563 0.859375 0.695312 0.857813 0.695312 0.840625 0.665625 0.845312 0.670313 0.845312 0.675000 0.840625 0.675000 0.839063 0.673437 0.839063 0.668750 0.834375 0.615625 0.837500 0.612500 0.839063 0.612500 0.848437 0.603125 0.848437 0.601562 0.851562 0.598437 0.851562 0.596875 0.853125 0.595312 0.853125 0.593750 0.856250 0.590625 0.856250 0.589063 0.867188 0.578125 0.868750 0.578125 0.873438 0.573438 0.875000 0.573438 0.879687 0.568750 0.879687 0.567187 0.882812 0.564062 0.881250 0.562500 0.881250 0.556250 0.879687 0.554688 0.879687 0.553125 0.881250 0.551562 0.881250 0.543750 0.882812 0.542188 0.882812 0.534375 0.884375 0.532812 0.884375 0.514063 0.885938 0.512500 0.885938 0.510938 0.892187 0.504687 0.893750 0.504687 0.896875 0.501562 0.900000 0.501562 0.901563 0.500000 0.904688 0.500000 0.906250 0.498437 0.915625 0.498437 0.917188 0.500000 0.921875 0.500000 0.932813 0.510938 0.939062 0.510938 0.939062 0.490625 0.928125 0.490625 0.926562 0.489062 0.925000 0.489062 0.923437 0.487500 0.918750 0.487500 0.917188 0.485938 0.914062 0.485938 0.910937 0.482812 0.910937 0.481250 0.912500 0.479688 0.912500 0.478125 0.914062 0.476562 0.917188 0.476562 0.918750 0.478125 0.921875 0.478125 0.921875 0.471875 0.920313 0.470313 0.920313 0.468750 0.918750 0.467187 0.918750 0.465625 0.917188 0.464063 0.917188 0.462500 0.915625 0.460938 0.915625 0.459375 0.914062 0.457812 0.914062 0.454688 0.912500 0.453125 0.912500 0.450000 0.910937 0.448438 0.910937 0.445312 0.909375 0.443750 0.909375 0.442187 0.907812 0.440625 0.907812 0.439063 0.903125 0.434375 0.903125 0.432813 0.900000 0.429688 0.900000 0.428125 0.898438 0.426562 0.898438 0.421875 0.875000 0.421875 0.875000 0.426562 0.868750 0.432813 0.868750 0.434375 0.864062 0.439063 0.864062 0.442187 0.862500 0.443750 0.862500 0.476562 0.853125 0.485938 0.851562 0.485938 0.848437 0.489062 0.846875 0.489062 0.845312 0.490625 0.843750 0.490625 0.840625 0.493750 0.839063 0.493750 0.834375 0.498437 0.832812 0.498437 0.828125 0.503125 0.826563 0.503125 0.825000 0.504687 0.823438 0.504687 0.818750 0.509375 0.818750 0.510938 0.812500 0.517187 0.812500 0.518750 0.807813 0.523438 0.804688 0.523438 0.803125 0.525000 0.801562 0.523438 0.801562 0.521875 0.800000 0.520312 0.800000 0.510938 0.801562 0.509375 0.801562 0.507812 0.798437 0.504687 0.796875 0.504687 0.795313 0.506250 0.793750 0.506250 0.792188 0.507812 0.784375 0.507812 0.784375 0.540625 0.789062 0.540625 0.790625 0.542188 0.793750 0.542188 0.798437 0.546875 0.796875 0.548437 0.796875 0.553125 0.795313 0.554688 0.795313 0.556250 0.793750 0.557813 0.793750 0.560938 0.792188 0.562500 0.792188 0.567187 0.790625 0.568750 0.790625 0.570312 0.789062 0.571875 0.784375 0.571875 0.784375 0.584375 0.789062 0.584375 0.790625 0.585938 0.790625 0.587500 0.792188 0.589063 0.792188 0.590625 0.796875 0.595312 0.798437 0.595312 0.800000 0.593750 0.803125 0.593750 0.806250 0.596875 0.807813 0.596875 0.809375 0.598437 0.814062 0.598437 0.815625 0.600000 0.817187 0.598437 0.818750 0.598437 0.820312 0.596875 0.823438 0.600000 0.823438 0.606250 0.821875 0.607813 0.821875 0.609375 0.823438 0.610937 0.823438 0.612500 0.826563 0.615625 0.834375 0.615625 0.839063 0.668750 0.837500 0.667188 0.837500 0.665625 0.840625 0.665625
0 0.350000 0.471875 0.350000 0.476562 0.346875 0.479688 0.346875 0.481250 0.345313 0.482812 0.345313 0.484375 0.342187 0.487500 0.340625 0.487500 0.339063 0.489062 0.334375 0.489062 0.334375 0.493750 0.339063 0.493750 0.340625 0.495313 0.340625 0.496875 0.339063 0.498437 0.334375 0.498437 0.334375 0.595312 0.339063 0.595312 0.340625 0.596875 0.342187 0.596875 0.345313 0.600000 0.346875 0.600000 0.346875 0.598437 0.348437 0.596875 0.348437 0.589063 0.351562 0.585938 0.354688 0.589063 0.354688 0.596875 0.356250 0.598437 0.356250 0.600000 0.357812 0.601562 0.357812 0.607813 0.367188 0.607813 0.367188 0.601562 0.368750 0.600000 0.368750 0.590625 0.370313 0.589063 0.370313 0.587500 0.371875 0.585938 0.376563 0.585938 0.376563 0.526563 0.371875 0.526563 0.368750 0.523438 0.368750 0.521875 0.367188 0.520312 0.367188 0.510938 0.365625 0.509375 0.365625 0.495313 0.364062 0.493750 0.364062 0.492188 0.362500 0.490625 0.362500 0.489062 0.360938 0.487500 0.360938 0.479688 0.362500 0.478125 0.362500 0.471875
0 0.875000 0.421875 0.875000 0.428125 0.873438 0.429688 0.871875 0.429688 0.868750 0.432813 0.868750 0.434375 0.865625 0.437500 0.865625 0.439063 0.864062 0.440625 0.864062 0.442187 0.862500 0.443750 0.862500 0.465625 0.864062 0.467187 0.864062 0.475000 0.862500 0.476562 0.862500 0.478125 0.854688 0.485938 0.853125 0.485938 0.851562 0.487500 0.850000 0.487500 0.846875 0.490625 0.845312 0.490625 0.840625 0.495313 0.839063 0.495313 0.834375 0.500000 0.832812 0.500000 0.828125 0.504687 0.826563 0.504687 0.825000 0.506250 0.823438 0.506250 0.817187 0.512500 0.817187 0.514063 0.810938 0.520312 0.810938 0.521875 0.809375 0.523438 0.804688 0.523438 0.803125 0.525000 0.801562 0.523438 0.801562 0.520312 0.800000 0.518750 0.800000 0.514063 0.801562 0.512500 0.801562 0.504687 0.803125 0.503125 0.801562 0.501562 0.800000 0.503125 0.796875 0.503125 0.793750 0.506250 0.792188 0.506250 0.790625 0.507812 0.784375 0.507812 0.784375 0.542188 0.792188 0.542188 0.796875 0.546875 0.795313 0.548437 0.795313 0.556250 0.793750 0.557813 0.793750 0.560938 0.792188 0.562500 0.792188 0.567187 0.790625 0.568750 0.790625 0.570312 0.789062 0.571875 0.784375 0.571875 0.784375 0.579687 0.790625 0.579687 0.795313 0.584375 0.798437 0.584375 0.801562 0.581250 0.801562 0.579687 0.803125 0.578125 0.803125 0.575000 0.804688 0.573438 0.804688 0.571875 0.809375 0.567187 0.812500 0.567187 0.814062 0.565625 0.815625 0.565625 0.817187 0.564062 0.818750 0.564062 0.820312 0.562500 0.821875 0.562500 0.823438 0.560938 0.825000 0.560938 0.828125 0.557813 0.831250 0.557813 0.832812 0.556250 0.834375 0.557813 0.834375 0.560938 0.835938 0.562500 0.835938 0.564062 0.834375 0.565625 0.834375 0.573438 0.832812 0.575000 0.832812 0.579687 0.831250 0.581250 0.831250 0.609375 0.834375 0.612500 0.840625 0.612500 0.840625 0.610937 0.843750 0.607813 0.845312 0.607813 0.845312 0.606250 0.848437 0.603125 0.848437 0.601562 0.853125 0.596875 0.853125 0.593750 0.854688 0.592188 0.854688 0.590625 0.859375 0.585938 0.859375 0.584375 0.865625 0.578125 0.867188 0.578125 0.871875 0.573438 0.873438 0.573438 0.875000 0.571875 0.876562 0.571875 0.878125 0.570312 0.878125 0.568750 0.879687 0.567187 0.879687 0.560938 0.878125 0.559375 0.878125 0.553125 0.879687 0.551562 0.879687 0.545313 0.881250 0.543750 0.881250 0.537500 0.882812 0.535937 0.882812 0.518750 0.884375 0.517187 0.884375 0.514063 0.885938 0.512500 0.885938 0.510938 0.887500 0.509375 0.887500 0.507812 0.890625 0.504687 0.892187 0.504687 0.896875 0.500000 0.898438 0.500000 0.900000 0.498437 0.904688 0.498437 0.906250 0.496875 0.914062 0.496875 0.915625 0.498437 0.921875 0.498437 0.923437 0.500000 0.926562 0.500000 0.932813 0.506250 0.939062 0.506250 0.939062 0.495313 0.931250 0.495313 0.929688 0.493750 0.926562 0.493750 0.925000 0.492188 0.923437 0.492188 0.921875 0.490625 0.920313 0.490625 0.918750 0.489062 0.917188 0.489062 0.915625 0.487500 0.914062 0.487500 0.912500 0.485938 0.910937 0.485938 0.907812 0.482812 0.907812 0.475000 0.914062 0.468750 0.915625 0.468750 0.917188 0.467187 0.917188 0.465625 0.915625 0.464063 0.915625 0.462500 0.910937 0.457812 0.910937 0.454688 0.909375 0.453125 0.909375 0.445312 0.907812 0.443750 0.907812 0.440625 0.904688 0.437500 0.904688 0.435937 0.901563 0.432813 0.901563 0.431250 0.898438 0.428125 0.898438 0.421875
0 0.793750 0.571875 0.793750 0.573438 0.795313 0.575000 0.795313 0.576563 0.793750 0.578125 0.793750 0.584375 0.792188 0.585938 0.792188 0.587500 0.790625 0.589063 0.790625 0.590625 0.789062 0.592188 0.789062 0.593750 0.787500 0.595312 0.787500 0.614062 0.785937 0.615625 0.785937 0.617188 0.784375 0.618750 0.784375 0.620313 0.782812 0.621875 0.782812 0.625000 0.781250 0.626562 0.781250 0.629687 0.779688 0.631250 0.779688 0.634375 0.778125 0.635938 0.778125 0.639063 0.776563 0.640625 0.776563 0.645312 0.775000 0.646875 0.775000 0.651563 0.773438 0.653125 0.773438 0.654688 0.770312 0.657812 0.765625 0.657812 0.765625 0.660937 0.770312 0.660937 0.773438 0.664062 0.773438 0.667188 0.775000 0.668750 0.775000 0.678125 0.776563 0.679688 0.776563 0.681250 0.778125 0.682813 0.778125 0.685938 0.779688 0.687500 0.779688 0.692187 0.781250 0.693750 0.781250 0.712500 0.782812 0.714063 0.782812 0.715625 0.785937 0.718750 0.785937 0.731250 0.784375 0.732813 0.784375 0.745313 0.785937 0.746875 0.785937 0.757812 0.784375 0.759375 0.784375 0.765625 0.790625 0.765625 0.795313 0.760938 0.796875 0.760938 0.801562 0.765625 0.801562 0.767187 0.803125 0.768750 0.803125 0.776563 0.804688 0.778125 0.804688 0.782812 0.820312 0.782812 0.820312 0.778125 0.821875 0.776563 0.821875 0.775000 0.825000 0.771875 0.821875 0.768750 0.821875 0.767187 0.820312 0.765625 0.820312 0.764063 0.818750 0.762500 0.818750 0.759375 0.817187 0.757812 0.817187 0.739062 0.818750 0.737500 0.818750 0.725000 0.820312 0.723437 0.820312 0.720312 0.821875 0.718750 0.821875 0.717188 0.823438 0.715625 0.823438 0.710938 0.825000 0.709375 0.825000 0.704687 0.826563 0.703125 0.826563 0.679688 0.825000 0.678125 0.825000 0.676562 0.826563 0.675000 0.826563 0.667188 0.825000 0.665625 0.825000 0.662500 0.823438 0.660937 0.823438 0.659375 0.821875 0.657812 0.821875 0.642187 0.823438 0.640625 0.823438 0.639063 0.821875 0.637500 0.821875 0.626562 0.818750 0.623438 0.818750 0.621875 0.817187 0.620313 0.817187 0.610937 0.815625 0.609375 0.815625 0.607813 0.814062 0.606250 0.814062 0.603125 0.812500 0.601562 0.812500 0.595312 0.814062 0.593750 0.818750 0.593750 0.820312 0.595312 0.820312 0.589063 0.817187 0.585938 0.817187 0.584375 0.815625 0.582812 0.815625 0.570312 0.814062 0.568750 0.814062 0.567187 0.812500 0.568750 0.800000 0.568750 0.798437 0.567187 0.796875 0.567187 0.795313 0.568750 0.795313 0.570312 0.793750 0.571875 0.771875 0.559375 0.771875 0.553125 0.765625 0.553125 0.765625 0.560938 0.770312 0.560938 0.771875 0.559375
0 0.732813 0.679688 0.728125 0.679688 0.728125 0.681250 0.726562 0.682813 0.726562 0.689062 0.725000 0.690625 0.726562 0.692187 0.726562 0.703125 0.725000 0.704687 0.725000 0.756250 0.726562 0.757812 0.726562 0.764063 0.732813 0.764063 0.732813 0.679688 0.732813 0.654688 0.732813 0.667188 0.726562 0.667188 0.723437 0.664062 0.725000 0.662500 0.725000 0.659375 0.726562 0.657812 0.726562 0.656250 0.732813 0.629687 0.732813 0.648438 0.728125 0.648438 0.726562 0.646875 0.726562 0.645312 0.723437 0.642187 0.732813 0.545313 0.732813 0.600000 0.728125 0.600000 0.726562 0.598437 0.726562 0.596875 0.725000 0.595312 0.725000 0.592188 0.723437 0.590625 0.723437 0.585938 0.721875 0.584375 0.721875 0.579687 0.720312 0.578125 0.720312 0.557813 0.725000 0.553125 0.725000 0.551562 0.726562 0.550000 0.726562 0.548437 0.726562 0.531250 0.728125 0.529688 0.732813 0.529688 0.732813 0.520312 0.728125 0.520312 0.725000 0.517187 0.725000 0.514063 0.726562 0.512500 0.732813 0.512500 0.732813 0.476562 0.728125 0.476562 0.726562 0.475000 0.726562 0.473437 0.725000 0.471875 0.725000 0.468750 0.723437 0.467187 0.723437 0.440625 0.721875 0.439063 0.721875 0.434375 0.720312 0.432813 0.720312 0.431250 0.717188 0.428125 0.717188 0.421875 0.692187 0.421875 0.692187 0.428125 0.690625 0.429688 0.690625 0.435937 0.689062 0.437500 0.689062 0.454688 0.687500 0.456250 0.687500 0.460938 0.684375 0.464063 0.684375 0.465625 0.682813 0.467187 0.682813 0.468750 0.681250 0.470313 0.681250 0.471875 0.668750 0.484375 0.668750 0.485938 0.667188 0.487500 0.667188 0.489062 0.665625 0.490625 0.665625 0.492188 0.664062 0.493750 0.664062 0.495313 0.662500 0.496875 0.662500 0.498437 0.660937 0.500000 0.660937 0.503125 0.659375 0.504687 0.659375 0.507812 0.657812 0.509375 0.657812 0.512500 0.656250 0.514063 0.656250 0.520312 0.654688 0.521875 0.654688 0.535937 0.653125 0.537500 0.653125 0.540625 0.651563 0.542188 0.646875 0.542188 0.646875 0.595312 0.653125 0.595312 0.654688 0.596875 0.654688 0.598437 0.659375 0.603125 0.659375 0.604688 0.660937 0.606250 0.660937 0.607813 0.662500 0.609375 0.662500 0.615625 0.664062 0.617188 0.664062 0.620313 0.665625 0.621875 0.665625 0.632812 0.664062 0.634375 0.664062 0.651563 0.662500 0.653125 0.662500 0.673437 0.664062 0.675000 0.664062 0.714063 0.662500 0.715625 0.664062 0.717188 0.664062 0.725000 0.662500 0.726562 0.662500 0.728125 0.664062 0.729688 0.664062 0.734375 0.662500 0.735937 0.662500 0.740625 0.664062 0.742188 0.664062 0.746875 0.667188 0.750000 0.667188 0.751562 0.668750 0.753125 0.668750 0.754687 0.670313 0.756250 0.670313 0.757812 0.671875 0.759375 0.671875 0.764063 0.689062 0.764063 0.689062 0.757812 0.690625 0.756250 0.690625 0.735937 0.689062 0.734375 0.689062 0.732813 0.687500 0.734375 0.685938 0.734375 0.684375 0.735937 0.682813 0.734375 0.682813 0.729688 0.681250 0.728125 0.681250 0.726562 0.682813 0.725000 0.682813 0.723437 0.684375 0.721875 0.684375 0.718750 0.682813 0.717188 0.682813 0.707812 0.684375 0.706250 0.684375 0.701563 0.685938 0.700000 0.685938 0.693750 0.687500 0.692187 0.687500 0.689062 0.690625 0.685938 0.690625 0.682813 0.692187 0.681250 0.692187 0.673437 0.693750 0.671875 0.693750 0.639063 0.695312 0.637500 0.695312 0.617188 0.696875 0.615625 0.696875 0.585938 0.695312 0.584375 0.695312 0.576563 0.693750 0.575000 0.693750 0.571875 0.692187 0.570312 0.692187 0.556250 0.690625 0.554688 0.690625 0.553125 0.692187 0.551562 0.692187 0.546875 0.693750 0.545313 0.693750 0.543750 0.696875 0.540625 0.700000 0.540625 0.701563 0.539062 0.703125 0.539062 0.709375 0.532812 0.710938 0.534375 0.717188 0.534375 0.718750 0.532812 0.720312 0.532812 0.721875 0.531250 0.726562 0.531250 0.726562 0.548437 0.728125 0.546875 0.728125 0.545313 0.732813 0.545313 0.723437 0.642187 0.723437 0.634375 0.728125 0.629687 0.732813 0.629687 0.726562 0.656250 0.728125 0.654688 0.732813 0.654688
0 0.664062 0.703125 0.664062 0.714063 0.670313 0.714063 0.670313 0.701563 0.665625 0.701563 0.664062 0.703125 0.607813 0.684375 0.607813 0.675000 0.609375 0.673437 0.609375 0.667188 0.607813 0.665625 0.607813 0.660937 0.612500 0.643750 0.615625 0.643750 0.617188 0.642187 0.618750 0.642187 0.620313 0.640625 0.621875 0.640625 0.626562 0.645312 0.626562 0.646875 0.628125 0.648438 0.628125 0.650000 0.631250 0.653125 0.631250 0.654688 0.632812 0.656250 0.632812 0.662500 0.631250 0.664062 0.631250 0.679688 0.629687 0.681250 0.629687 0.689062 0.628125 0.690625 0.628125 0.692187 0.618750 0.701563 0.618750 0.703125 0.617188 0.704687 0.617188 0.706250 0.615625 0.707812 0.615625 0.714063 0.648438 0.714063 0.648438 0.706250 0.646875 0.704687 0.646875 0.700000 0.645312 0.698438 0.645312 0.695312 0.646875 0.693750 0.646875 0.689062 0.648438 0.687500 0.648438 0.684375 0.650000 0.682813 0.650000 0.681250 0.651563 0.679688 0.651563 0.678125 0.653125 0.676562 0.653125 0.675000 0.654688 0.673437 0.654688 0.670313 0.656250 0.668750 0.656250 0.667188 0.657812 0.665625 0.657812 0.664062 0.660937 0.660937 0.660937 0.659375 0.662500 0.657812 0.662500 0.656250 0.664062 0.654688 0.664062 0.642187 0.665625 0.640625 0.670313 0.640625 0.670313 0.615625 0.664062 0.615625 0.659375 0.610937 0.659375 0.609375 0.657812 0.607813 0.657812 0.610937 0.656250 0.612500 0.656250 0.615625 0.650000 0.621875 0.650000 0.623438 0.646875 0.626562 0.645312 0.626562 0.643750 0.625000 0.643750 0.623438 0.642187 0.621875 0.642187 0.614062 0.640625 0.612500 0.640625 0.600000 0.642187 0.598437 0.642187 0.593750 0.643750 0.592188 0.643750 0.590625 0.645312 0.589063 0.645312 0.587500 0.646875 0.585938 0.646875 0.582812 0.648438 0.581250 0.648438 0.576563 0.650000 0.575000 0.650000 0.571875 0.651563 0.570312 0.651563 0.567187 0.650000 0.565625 0.651563 0.564062 0.651563 0.543750 0.650000 0.542188 0.650000 0.539062 0.648438 0.537500 0.648438 0.535937 0.646875 0.534375 0.646875 0.532812 0.648438 0.531250 0.650000 0.531250 0.650000 0.515625 0.651563 0.514063 0.651563 0.512500 0.653125 0.510938 0.654688 0.510938 0.656250 0.512500 0.657812 0.512500 0.657812 0.507812 0.659375 0.506250 0.659375 0.500000 0.660937 0.498437 0.660937 0.495313 0.665625 0.490625 0.670313 0.490625 0.670313 0.482812 0.665625 0.482812 0.656250 0.473437 0.656250 0.468750 0.654688 0.467187 0.654688 0.460938 0.653125 0.459375 0.653125 0.453125 0.632812 0.453125 0.632812 0.457812 0.631250 0.459375 0.631250 0.470313 0.632812 0.471875 0.632812 0.484375 0.631250 0.485938 0.631250 0.487500 0.629687 0.489062 0.629687 0.490625 0.628125 0.492188 0.628125 0.493750 0.626562 0.495313 0.626562 0.496875 0.621875 0.501562 0.618750 0.501562 0.615625 0.498437 0.615625 0.496875 0.612500 0.496875 0.610937 0.495313 0.603125 0.495313 0.607813 0.495313 0.609375 0.496875 0.612500 0.496875 0.614062 0.498437 0.614062 0.504687 0.615625 0.506250 0.615625 0.510938 0.617188 0.512500 0.617188 0.520312 0.615625 0.521875 0.615625 0.525000 0.614062 0.526563 0.614062 0.531250 0.612500 0.532812 0.612500 0.540625 0.610937 0.542188 0.610937 0.543750 0.607813 0.546875 0.603125 0.546875 0.603125 0.573438 0.607813 0.573438 0.609375 0.575000 0.609375 0.576563 0.610937 0.578125 0.610937 0.584375 0.609375 0.585938 0.609375 0.589063 0.607813 0.590625 0.603125 0.590625 0.603125 0.632812 0.607813 0.632812 0.609375 0.634375 0.609375 0.637500 0.610937 0.639063 0.610937 0.642187 0.612500 0.643750 0.607813 0.660937 0.603125 0.660937 0.603125 0.684375 0.607813 0.684375
0 0.810938 0.446875 0.810938 0.453125 0.806250 0.457812 0.806250 0.460938 0.804688 0.462500 0.804688 0.464063 0.803125 0.465625 0.803125 0.471875 0.804688 0.473437 0.804688 0.489062 0.803125 0.490625 0.803125 0.492188 0.787500 0.507812 0.785937 0.507812 0.785937 0.509375 0.784375 0.510938 0.778125 0.510938 0.778125 0.529688 0.782812 0.529688 0.785937 0.532812 0.785937 0.537500 0.787500 0.539062 0.787500 0.540625 0.789062 0.542188 0.790625 0.542188 0.792188 0.543750 0.793750 0.543750 0.795313 0.545313 0.795313 0.551562 0.796875 0.551562 0.796875 0.545313 0.798437 0.543750 0.800000 0.543750 0.803125 0.540625 0.803125 0.537500 0.804688 0.535937 0.804688 0.534375 0.806250 0.532812 0.806250 0.531250 0.809375 0.528125 0.809375 0.526563 0.810938 0.525000 0.810938 0.523438 0.815625 0.518750 0.815625 0.517187 0.818750 0.514063 0.818750 0.512500 0.829687 0.501562 0.831250 0.501562 0.831250 0.500000 0.832812 0.498437 0.839063 0.498437 0.839063 0.446875
