2 0.703125 0.925234 0.703125 0.934579 0.696875 0.943925 0.696875 0.946262 0.692187 0.953271 0.692187 0.955607 0.689062 0.960280 0.689062 0.962617 0.687500 0.964953 0.687500 0.967290 0.676562 0.983645 0.671875 0.983645 0.671875 0.997664 0.773438 0.997664 0.773438 0.990654 0.782812 0.976636 0.784375 0.976636 0.792188 0.964953 0.793750 0.964953 0.795313 0.962617 0.801562 0.962617 0.801562 0.939252 0.793750 0.939252 0.789062 0.932243 0.789062 0.925234
9 0.359375 0.691589 0.359375 0.735981 0.376563 0.735981 0.376563 0.691589
2 0.529688 0.934579 0.529688 0.941589 0.526563 0.946262 0.521875 0.946262 0.521875 0.974299 0.528125 0.974299 0.531250 0.978972 0.531250 0.981308 0.532812 0.983645 0.532812 0.985981 0.534375 0.988318 0.534375 0.997664 0.614062 0.997664 0.614062 0.967290 0.609375 0.967290 0.606250 0.962617 0.606250 0.960280 0.604688 0.957944 0.604688 0.955607 0.603125 0.953271 0.603125 0.950935 0.598437 0.943925 0.598437 0.934579
9 0.290625 0.700935 0.290625 0.735981 0.339063 0.735981 0.339063 0.700935
2 0.368750 0.925234 0.368750 0.934579 0.362500 0.943925 0.362500 0.946262 0.359375 0.950935 0.357812 0.950935 0.354688 0.955607 0.353125 0.955607 0.350000 0.960280 0.350000 0.962617 0.345313 0.969626 0.345313 0.971963 0.343750 0.974299 0.343750 0.976636 0.342187 0.978972 0.342187 0.985981 0.340625 0.988318 0.340625 0.990654 0.335938 0.997664 0.334375 0.997664 0.332812 1.000000 0.328125 1.000000 0.328125 1.000000 0.539062 1.000000 0.539062 0.990654 0.534375 0.990654 0.531250 0.985981 0.531250 0.983645 0.529688 0.981308 0.529688 0.978972 0.521875 0.967290 0.521875 0.964953 0.515625 0.955607 0.515625 0.953271 0.512500 0.948598 0.512500 0.946262 0.506250 0.936916 0.506250 0.934579 0.504687 0.932243 0.504687 0.925234
2 0.106250 0.934579 0.106250 0.943925 0.101562 0.950935 0.101562 0.953271 0.095312 0.962617 0.095312 0.964953 0.092188 0.969626 0.092188 0.971963 0.082813 0.985981 0.078125 0.985981 0.078125 1.000000 0.084375 1.000000 0.085938 1.000000 0.090625 1.000000 0.092188 1.000000 0.106250 1.000000 0.107813 1.000000 0.115625 1.000000 0.118750 1.000000 0.118750 1.000000 0.189063 1.000000 0.189063 1.000000 0.190625 1.000000 0.193750 1.000000 0.195312 1.000000 0.209375 1.000000 0.210938 1.000000 0.212500 1.000000 0.214062 1.000000 0.214062 1.000000 0.217187 1.000000 0.217187 1.000000 0.220313 1.000000 0.226562 1.000000 0.226562 0.992991 0.221875 0.992991 0.218750 0.988318 0.218750 0.985981 0.217187 0.983645 0.217187 0.981308 0.214062 0.976636 0.214062 0.974299 0.212500 0.971963 0.212500 0.969626 0.210938 0.967290 0.210938 0.964953 0.209375 0.962617 0.209375 0.957944 0.207813 0.955607 0.207813 0.953271 0.200000 0.941589 0.200000 0.934579
9 0.628125 0.700935 0.628125 0.735981 0.651563 0.735981 0.651563 0.700935
2 0.276563 0.915888 0.276563 0.925234 0.273438 0.929907 0.273438 0.932243 0.270312 0.936916 0.265625 0.936916 0.265625 0.997664 0.318750 0.997664 0.318750 0.985981 0.321875 0.981308 0.326562 0.981308 0.326562 0.915888
7 0.000000 0.831776 0.000000 1.000000 0.073437 1.000000 0.073437 1.000000 0.075000 0.997664 0.076563 0.997664 0.078125 0.995327 0.079687 0.995327 0.084375 0.988318 0.084375 0.985981 0.087500 0.981308 0.087500 0.978972 0.090625 0.974299 0.090625 0.971963 0.092188 0.969626 0.092188 0.967290 0.093750 0.964953 0.093750 0.962617 0.109375 0.939252 0.110937 0.939252 0.112500 0.936916 0.115625 0.936916 0.117188 0.934579 0.131250 0.934579 0.132812 0.932243 0.135937 0.932243 0.139062 0.927570 0.145313 0.927570 0.145313 0.880841 0.140625 0.880841 0.137500 0.876168 0.137500 0.873832 0.135937 0.871495 0.135937 0.869159 0.121875 0.848131 0.120312 0.848131 0.114063 0.838785 0.114063 0.831776
2 0.365625 0.869159 0.365625 0.878505 0.364062 0.880841 0.362500 0.880841 0.350000 0.899533 0.350000 0.901869 0.346875 0.906542 0.346875 0.908879 0.345313 0.911215 0.345313 0.915888 0.343750 0.918224 0.343750 0.925234 0.339063 0.932243 0.334375 0.932243 0.334375 0.988318 0.340625 0.988318 0.340625 0.974299 0.342187 0.971963 0.342187 0.969626 0.346875 0.962617 0.346875 0.960280 0.354688 0.948598 0.354688 0.946262 0.356250 0.943925 0.357812 0.943925 0.360938 0.939252 0.362500 0.939252 0.364062 0.936916 0.365625 0.936916 0.368750 0.932243 0.370313 0.932243 0.371875 0.929907 0.381250 0.929907 0.382812 0.927570 0.393750 0.927570 0.395312 0.925234 0.404687 0.925234 0.406250 0.922897 0.412500 0.922897 0.414062 0.920561 0.418750 0.920561 0.420312 0.918224 0.431250 0.918224 0.432813 0.915888 0.439063 0.915888 0.440625 0.918224 0.470313 0.918224 0.470313 0.897196 0.465625 0.897196 0.464063 0.894860 0.462500 0.894860 0.456250 0.885514 0.456250 0.883178 0.453125 0.878505 0.453125 0.869159
2 0.848437 0.878505 0.848437 0.887850 0.845312 0.892523 0.843750 0.892523 0.828125 0.915888 0.826563 0.915888 0.817187 0.929907 0.815625 0.929907 0.792188 0.964953 0.790625 0.964953 0.789062 0.967290 0.787500 0.967290 0.784375 0.971963 0.782812 0.971963 0.778125 0.978972 0.771875 0.978972 0.771875 0.997664 0.971875 0.997664 0.971875 0.990654 0.975000 0.985981 0.975000 0.983645 0.978125 0.978972 0.982813 0.978972 0.982813 0.915888 0.978125 0.915888 0.975000 0.911215 0.975000 0.908879 0.973437 0.906542 0.975000 0.904206 0.982813 0.904206 0.982813 0.878505
7 0.178125 0.897196 0.178125 0.934579 0.189063 0.934579 0.190625 0.936916 0.195312 0.936916 0.196875 0.939252 0.200000 0.939252 0.201562 0.941589 0.204688 0.941589 0.212500 0.953271 0.212500 0.955607 0.214062 0.957944 0.214062 0.960280 0.217187 0.964953 0.217187 0.967290 0.220313 0.971963 0.220313 0.976636 0.221875 0.978972 0.221875 0.997664 0.250000 0.997664 0.250000 0.990654 0.253125 0.985981 0.257812 0.985981 0.257812 0.955607 0.253125 0.955607 0.251563 0.953271 0.251563 0.948598 0.253125 0.946262 0.257812 0.946262 0.257812 0.941589 0.253125 0.941589 0.251563 0.939252 0.251563 0.936916 0.250000 0.934579 0.250000 0.932243 0.243750 0.922897 0.243750 0.913551 0.242188 0.911215 0.242188 0.906542 0.240625 0.904206 0.240625 0.897196
9 0.565625 0.700935 0.565625 0.726636 0.607813 0.726636 0.607813 0.700935
5 0.000000 0.831776 0.000000 0.997664 0.082813 0.997664 0.082813 0.990654 0.084375 0.988318 0.084375 0.985981 0.087500 0.981308 0.087500 0.978972 0.090625 0.974299 0.090625 0.969626 0.093750 0.964953 0.093750 0.962617 0.110937 0.936916 0.114063 0.936916 0.115625 0.934579 0.139062 0.934579 0.139062 0.864486 0.132812 0.864486 0.121875 0.848131 0.120312 0.848131 0.114063 0.838785 0.114063 0.831776
9 0.478125 0.691589 0.478125 0.735981 0.507812 0.735981 0.507812 0.691589
9 0.621875 0.691589 0.621875 0.735981 0.651563 0.735981 0.651563 0.691589
9 0.428125 0.691589 0.428125 0.726636 0.470313 0.726636 0.470313 0.691589
