5 0.017521 0.453125 0.017521 0.689062 0.099975 0.689062 0.099975 0.684375 0.102037 0.682813 0.104098 0.682813 0.106159 0.681250 0.114405 0.681250 0.116466 0.679688 0.124711 0.679688 0.126773 0.681250 0.139141 0.681250 0.141202 0.682813 0.145325 0.682813 0.147386 0.684375 0.147386 0.689062 0.180368 0.689062 0.180368 0.682813 0.182429 0.681250 0.184490 0.681250 0.188613 0.678125 0.190674 0.678125 0.192736 0.676562 0.196859 0.676562 0.198920 0.675000 0.203043 0.675000 0.205104 0.673437 0.209227 0.673437 0.213349 0.670313 0.217472 0.670313 0.219533 0.668750 0.223656 0.668750 0.225717 0.667188 0.225717 0.665625 0.227779 0.664062 0.227779 0.660937 0.229840 0.659375 0.229840 0.653125 0.231901 0.651563 0.231901 0.642187 0.233963 0.640625 0.233963 0.635938 0.236024 0.634375 0.236024 0.631250 0.238085 0.629687 0.238085 0.625000 0.240147 0.623438 0.240147 0.620313 0.242208 0.618750 0.242208 0.614062 0.244269 0.612500 0.244269 0.610937 0.248392 0.607813 0.254576 0.607813 0.254576 0.592188 0.248392 0.592188 0.246331 0.590625 0.246331 0.584375 0.248392 0.582812 0.254576 0.582812 0.254576 0.559375 0.248392 0.559375 0.246331 0.557813 0.246331 0.532812 0.244269 0.531250 0.244269 0.514063 0.242208 0.512500 0.242208 0.498437 0.240147 0.496875 0.240147 0.489062 0.238085 0.487500 0.238085 0.482812 0.236024 0.481250 0.236024 0.479688 0.233963 0.478125 0.233963 0.475000 0.231901 0.473437 0.231901 0.471875 0.229840 0.470313 0.229840 0.468750 0.225717 0.465625 0.225717 0.464063 0.223656 0.464063 0.219533 0.460938 0.217472 0.460938 0.213349 0.457812 0.213349 0.453125
0 0.299926 0.546875 0.299926 0.551562 0.295803 0.554688 0.295803 0.556250 0.293742 0.557813 0.293742 0.560938 0.291680 0.562500 0.291680 0.567187 0.289619 0.568750 0.289619 0.575000 0.287558 0.576563 0.287558 0.579687 0.285496 0.581250 0.285496 0.582812 0.277251 0.589063 0.275190 0.589063 0.266944 0.595312 0.264883 0.595312 0.264883 0.596875 0.262822 0.598437 0.262822 0.600000 0.254576 0.606250 0.248392 0.606250 0.248392 0.646875 0.256638 0.646875 0.260760 0.650000 0.269006 0.650000 0.271067 0.648438 0.273128 0.650000 0.283435 0.650000 0.285496 0.651563 0.289619 0.651563 0.291680 0.653125 0.291680 0.654688 0.295803 0.657812 0.295803 0.659375 0.297864 0.660937 0.297864 0.662500 0.301987 0.665625 0.304048 0.665625 0.306110 0.667188 0.308171 0.667188 0.310233 0.668750 0.312294 0.668750 0.318478 0.673437 0.318478 0.675000 0.320539 0.676562 0.320539 0.681250 0.322601 0.682813 0.322601 0.693750 0.320539 0.695312 0.320539 0.696875 0.318478 0.698438 0.318478 0.700000 0.316417 0.701563 0.316417 0.703125 0.318478 0.704687 0.318478 0.709375 0.320539 0.710938 0.320539 0.720312 0.322601 0.721875 0.322601 0.731250 0.320539 0.732813 0.320539 0.734375 0.322601 0.735937 0.322601 0.740625 0.326723 0.740625 0.328785 0.742188 0.332907 0.742188 0.334969 0.740625 0.339091 0.740625 0.339091 0.729688 0.337030 0.728125 0.337030 0.725000 0.332907 0.725000 0.330846 0.723437 0.330846 0.709375 0.332907 0.707812 0.332907 0.703125 0.330846 0.701563 0.330846 0.687500 0.328785 0.685938 0.328785 0.676562 0.330846 0.675000 0.330846 0.673437 0.332907 0.671875 0.332907 0.670313 0.334969 0.668750 0.334969 0.662500 0.337030 0.660937 0.337030 0.657812 0.341153 0.654688 0.341153 0.653125 0.343214 0.651563 0.343214 0.648438 0.345275 0.646875 0.345275 0.642187 0.349398 0.639063 0.351459 0.639063 0.357643 0.634375 0.357643 0.632812 0.363827 0.628125 0.370012 0.628125 0.370012 0.612500 0.361766 0.612500 0.357643 0.609375 0.357643 0.607813 0.355582 0.606250 0.355582 0.603125 0.353521 0.601562 0.353521 0.600000 0.351459 0.598437 0.351459 0.596875 0.332907 0.582812 0.332907 0.581250 0.330846 0.579687 0.330846 0.576563 0.328785 0.575000 0.328785 0.559375 0.326723 0.557813 0.326723 0.556250 0.322601 0.553125 0.322601 0.546875
74 0.207165 0.009375 0.207165 0.014062 0.205104 0.015625 0.198920 0.015625 0.198920 0.089062 0.215411 0.089062 0.217472 0.090625 0.219533 0.090625 0.240147 0.106250 0.242208 0.106250 0.248392 0.110937 0.250454 0.110937 0.252515 0.112500 0.254576 0.112500 0.260760 0.117188 0.262822 0.117188 0.264883 0.118750 0.269006 0.118750 0.271067 0.120312 0.273128 0.120312 0.275190 0.121875 0.275190 0.126563 0.355582 0.126563 0.355582 0.121875 0.359705 0.118750 0.359705 0.117188 0.365889 0.112500 0.367950 0.112500 0.374134 0.107813 0.374134 0.106250 0.376196 0.104687 0.376196 0.101562 0.382380 0.096875 0.382380 0.095312 0.384441 0.093750 0.384441 0.092188 0.386502 0.090625 0.386502 0.089062 0.390625 0.085938 0.390625 0.084375 0.392686 0.082813 0.392686 0.076563 0.394748 0.075000 0.394748 0.071875 0.396809 0.070312 0.402993 0.070312 0.402993 0.017188 0.394748 0.017188 0.392686 0.015625 0.392686 0.009375
0 0.934820 0.584375 0.934820 0.590625 0.932759 0.592188 0.932759 0.596875 0.922452 0.604688 0.922452 0.606250 0.918329 0.609375 0.918329 0.610937 0.912145 0.615625 0.912145 0.617188 0.908023 0.620313 0.899777 0.620313 0.899777 0.629687 0.908023 0.629687 0.910084 0.628125 0.910084 0.626562 0.914207 0.623438 0.916268 0.623438 0.918329 0.625000 0.918329 0.626562 0.920391 0.628125 0.920391 0.634375 0.922452 0.635938 0.922452 0.645312 0.924514 0.646875 0.924514 0.651563 0.926575 0.653125 0.926575 0.670313 0.928636 0.671875 0.928636 0.676562 0.949250 0.676562 0.949250 0.657812 0.951311 0.656250 0.951311 0.645312 0.953372 0.643750 0.953372 0.637500 0.955434 0.635938 0.955434 0.634375 0.957495 0.632812 0.963679 0.632812 0.963679 0.609375 0.957495 0.609375 0.953372 0.606250 0.953372 0.604688 0.951311 0.603125 0.951311 0.601562 0.949250 0.600000 0.949250 0.596875 0.947188 0.595312 0.947188 0.584375
0 0.866796 0.596875 0.866796 0.601562 0.864734 0.603125 0.864734 0.604688 0.862673 0.606250 0.862673 0.609375 0.860612 0.610937 0.860612 0.612500 0.856489 0.615625 0.850305 0.615625 0.850305 0.634375 0.856489 0.634375 0.858550 0.635938 0.858550 0.637500 0.860612 0.639063 0.860612 0.646875 0.862673 0.648438 0.862673 0.670313 0.864734 0.671875 0.864734 0.676562 0.877103 0.676562 0.877103 0.671875 0.879164 0.670313 0.881225 0.670313 0.883287 0.668750 0.889471 0.668750 0.889471 0.596875
0 0.083485 0.515625 0.083485 0.521875 0.081423 0.523438 0.081423 0.528125 0.079362 0.529688 0.079362 0.534375 0.077300 0.535937 0.077300 0.537500 0.073178 0.540625 0.073178 0.542188 0.064932 0.548437 0.058748 0.548437 0.058748 0.576563 0.112343 0.576563 0.112343 0.571875 0.114405 0.570312 0.130895 0.570312 0.130895 0.551562 0.124711 0.551562 0.122650 0.550000 0.120589 0.550000 0.118527 0.548437 0.116466 0.548437 0.112343 0.545313 0.112343 0.542188 0.110282 0.540625 0.110282 0.537500 0.108221 0.535937 0.108221 0.531250 0.106159 0.529688 0.106159 0.515625
0 0.788465 0.596875 0.788465 0.609375 0.782281 0.614062 0.778158 0.614062 0.776097 0.615625 0.767851 0.615625 0.767851 0.667188 0.774035 0.667188 0.780219 0.671875 0.780219 0.676562 0.800833 0.676562 0.800833 0.668750 0.802894 0.667188 0.802894 0.657812 0.804955 0.656250 0.804955 0.650000 0.807017 0.648438 0.807017 0.645312 0.809078 0.643750 0.815262 0.643750 0.815262 0.614062 0.809078 0.614062 0.804955 0.610937 0.804955 0.604688 0.802894 0.603125 0.802894 0.596875
0 0.809078 0.596875 0.809078 0.676562 0.835876 0.676562 0.835876 0.632812 0.837937 0.631250 0.837937 0.628125 0.842060 0.625000 0.848244 0.625000 0.848244 0.612500 0.839998 0.612500 0.835876 0.609375 0.835876 0.607813 0.833814 0.606250 0.833814 0.603125 0.831753 0.601562 0.831753 0.596875
0 0.718379 0.596875 0.718379 0.632812 0.724563 0.632812 0.726624 0.634375 0.726624 0.639063 0.724563 0.640625 0.718379 0.640625 0.718379 0.670313 0.741054 0.670313 0.741054 0.665625 0.743115 0.664062 0.749299 0.664062 0.749299 0.610937 0.743115 0.610937 0.741054 0.609375 0.741054 0.606250 0.738992 0.604688 0.738992 0.596875
3 0.456588 0.603125 0.456588 0.607813 0.452465 0.610937 0.450404 0.610937 0.448343 0.612500 0.446281 0.612500 0.444220 0.614062 0.440097 0.614062 0.440097 0.615625 0.427729 0.625000 0.421545 0.625000 0.421545 0.676562 0.462772 0.676562 0.462772 0.671875 0.466895 0.668750 0.468956 0.668750 0.471017 0.667188 0.489570 0.667188 0.491631 0.668750 0.510183 0.668750 0.512244 0.667188 0.520490 0.667188 0.522551 0.668750 0.524612 0.668750 0.528735 0.671875 0.528735 0.676562 0.547287 0.676562 0.547287 0.671875 0.549349 0.670313 0.551410 0.670313 0.553471 0.671875 0.553471 0.676562 0.580269 0.676562 0.580269 0.671875 0.586453 0.667188 0.592637 0.667188 0.592637 0.645312 0.586453 0.645312 0.582330 0.642187 0.580269 0.642187 0.578207 0.640625 0.576146 0.640625 0.574085 0.639063 0.567901 0.639063 0.557594 0.631250 0.555533 0.631250 0.549349 0.626562 0.547287 0.626562 0.545226 0.625000 0.543165 0.625000 0.526674 0.612500 0.524612 0.612500 0.520490 0.609375 0.520490 0.603125
3 0.382380 0.609375 0.382380 0.614062 0.378257 0.617188 0.376196 0.617188 0.372073 0.620313 0.372073 0.621875 0.370012 0.623438 0.370012 0.625000 0.365889 0.628125 0.365889 0.629687 0.361766 0.632812 0.355582 0.632812 0.355582 0.668750 0.363827 0.668750 0.367950 0.671875 0.367950 0.676562 0.374134 0.676562 0.374134 0.668750 0.376196 0.667188 0.376196 0.665625 0.380318 0.662500 0.384441 0.662500 0.386502 0.660937 0.388564 0.660937 0.390625 0.662500 0.394748 0.662500 0.400932 0.667188 0.400932 0.668750 0.402993 0.670313 0.402993 0.676562 0.425668 0.676562 0.425668 0.670313 0.431852 0.665625 0.431852 0.662500 0.433913 0.660937 0.433913 0.654688 0.435975 0.653125 0.435975 0.651563 0.438036 0.650000 0.444220 0.650000 0.444220 0.635938 0.438036 0.635938 0.431852 0.631250 0.429791 0.631250 0.423607 0.626562 0.421545 0.626562 0.417423 0.623438 0.415361 0.623438 0.402993 0.614062 0.402993 0.609375
3 0.559655 0.596875 0.559655 0.601562 0.555533 0.604688 0.551410 0.604688 0.549349 0.606250 0.543165 0.606250 0.541103 0.607813 0.539042 0.607813 0.536981 0.609375 0.528735 0.609375 0.528735 0.646875 0.534919 0.646875 0.536981 0.645312 0.541103 0.645312 0.541103 0.639063 0.539042 0.637500 0.539042 0.631250 0.541103 0.629687 0.545226 0.629687 0.547287 0.631250 0.549349 0.631250 0.551410 0.632812 0.551410 0.634375 0.553471 0.635938 0.553471 0.640625 0.551410 0.642187 0.549349 0.642187 0.547287 0.643750 0.547287 0.645312 0.545226 0.646875 0.545226 0.654688 0.547287 0.656250 0.547287 0.659375 0.549349 0.660937 0.549349 0.664062 0.559655 0.671875 0.559655 0.676562 0.576146 0.676562 0.576146 0.670313 0.580269 0.667188 0.582330 0.667188 0.584391 0.665625 0.596760 0.665625 0.598821 0.667188 0.602944 0.667188 0.605005 0.665625 0.609128 0.665625 0.615312 0.660937 0.615312 0.659375 0.619434 0.656250 0.621496 0.656250 0.625618 0.653125 0.625618 0.651563 0.629741 0.648438 0.629741 0.646875 0.631802 0.645312 0.631802 0.643750 0.633864 0.642187 0.642109 0.642187 0.642109 0.617188 0.625618 0.617188 0.623557 0.615625 0.621496 0.615625 0.619434 0.614062 0.619434 0.612500 0.617373 0.612500 0.617373 0.614062 0.615312 0.615625 0.613250 0.615625 0.611189 0.617188 0.598821 0.617188 0.596760 0.618750 0.594698 0.618750 0.590576 0.621875 0.588514 0.621875 0.586453 0.623438 0.582330 0.620313 0.582330 0.612500 0.586453 0.609375 0.586453 0.604688 0.582330 0.604688 0.580269 0.606250 0.578207 0.606250 0.576146 0.604688 0.574085 0.604688 0.569962 0.601562 0.569962 0.596875
