0 0.734375 0.495833 0.731250 0.500000 0.731250 0.502083 0.729688 0.504167 0.729688 0.506250 0.728125 0.508333 0.728125 0.514583 0.726562 0.516667 0.726562 0.533333 0.728125 0.535417 0.728125 0.539583 0.729688 0.541667 0.729688 0.545833 0.731250 0.547917 0.731250 0.554167 0.729688 0.556250 0.729688 0.560417 0.728125 0.562500 0.728125 0.566667 0.726562 0.568750 0.726562 0.579167 0.725000 0.581250 0.725000 0.587500 0.723437 0.589583 0.723437 0.593750 0.721875 0.595833 0.721875 0.600000 0.720312 0.602083 0.720312 0.612500 0.718750 0.614583 0.718750 0.625000 0.717188 0.627083 0.717188 0.631250 0.714063 0.635417 0.709375 0.635417 0.709375 0.637500 0.714063 0.637500 0.718750 0.643750 0.718750 0.645833 0.721875 0.650000 0.721875 0.652083 0.723437 0.654167 0.723437 0.658333 0.725000 0.660417 0.725000 0.664583 0.726562 0.666667 0.726562 0.685417 0.725000 0.687500 0.725000 0.710417 0.723437 0.712500 0.723437 0.754167 0.721875 0.756250 0.721875 0.800000 0.723437 0.802083 0.723437 0.814583 0.725000 0.816667 0.725000 0.829167 0.726562 0.831250 0.726562 0.839583 0.728125 0.841667 0.728125 0.850000 0.729688 0.852083 0.729688 0.854167 0.728125 0.856250 0.728125 0.862500 0.725000 0.866667 0.725000 0.868750 0.721875 0.872917 0.721875 0.875000 0.720312 0.877083 0.720312 0.881250 0.721875 0.883333 0.721875 0.885417 0.723437 0.887500 0.725000 0.887500 0.726562 0.889583 0.740625 0.889583 0.742188 0.887500 0.743750 0.887500 0.745313 0.885417 0.748438 0.885417 0.750000 0.883333 0.753125 0.883333 0.754687 0.881250 0.759375 0.881250 0.760938 0.879167 0.765625 0.879167 0.765625 0.875000 0.764063 0.872917 0.764063 0.868750 0.762500 0.866667 0.762500 0.860417 0.760938 0.858333 0.760938 0.837500 0.759375 0.835417 0.759375 0.818750 0.764063 0.812500 0.767187 0.812500 0.768750 0.814583 0.770312 0.814583 0.771875 0.816667 0.773438 0.816667 0.779688 0.825000 0.779688 0.827083 0.781250 0.829167 0.781250 0.831250 0.782812 0.833333 0.782812 0.835417 0.784375 0.837500 0.784375 0.839583 0.785937 0.841667 0.785937 0.847917 0.787500 0.850000 0.787500 0.872917 0.789062 0.875000 0.789062 0.879167 0.790625 0.879167 0.793750 0.883333 0.795313 0.883333 0.796875 0.885417 0.798437 0.883333 0.801562 0.883333 0.806250 0.877083 0.806250 0.875000 0.809375 0.870833 0.809375 0.868750 0.810938 0.866667 0.810938 0.864583 0.812500 0.862500 0.812500 0.856250 0.814062 0.854167 0.814062 0.833333 0.812500 0.831250 0.812500 0.820833 0.810938 0.818750 0.810938 0.816667 0.798437 0.800000 0.798437 0.797917 0.790625 0.787500 0.790625 0.785417 0.785937 0.779167 0.785937 0.777083 0.784375 0.775000 0.784375 0.770833 0.782812 0.768750 0.782812 0.752083 0.784375 0.750000 0.784375 0.725000 0.785937 0.722917 0.785937 0.706250 0.787500 0.704167 0.787500 0.681250 0.795313 0.670833 0.796875 0.670833 0.796875 0.666667 0.798437 0.664583 0.798437 0.660417 0.800000 0.658333 0.800000 0.654167 0.803125 0.650000 0.804688 0.650000 0.806250 0.647917 0.809375 0.647917 0.810938 0.645833 0.812500 0.645833 0.818750 0.637500 0.820312 0.637500 0.821875 0.635417 0.821875 0.633333 0.823438 0.631250 0.823438 0.629167 0.825000 0.627083 0.825000 0.625000 0.828125 0.620833 0.832812 0.620833 0.832812 0.610417 0.826563 0.610417 0.823438 0.606250 0.823438 0.604167 0.820312 0.600000 0.820312 0.595833 0.815625 0.589583 0.815625 0.587500 0.814062 0.585417 0.812500 0.585417 0.809375 0.581250 0.809375 0.579167 0.806250 0.575000 0.804688 0.575000 0.789062 0.554167 0.787500 0.554167 0.784375 0.550000 0.782812 0.550000 0.779688 0.545833 0.778125 0.545833 0.770312 0.535417 0.770312 0.531250 0.768750 0.529167 0.768750 0.522917 0.767187 0.520833 0.767187 0.514583 0.765625 0.512500 0.765625 0.510417 0.764063 0.508333 0.764063 0.504167 0.762500 0.502083 0.762500 0.497917 0.760938 0.495833
0 0.175000 0.412500 0.175000 0.418750 0.173438 0.420833 0.173438 0.422917 0.171875 0.425000 0.171875 0.427083 0.170312 0.429167 0.170312 0.433333 0.168750 0.435417 0.168750 0.454167 0.167187 0.456250 0.167187 0.458333 0.160938 0.466667 0.159375 0.466667 0.157813 0.468750 0.156250 0.468750 0.150000 0.477083 0.150000 0.479167 0.148438 0.481250 0.148438 0.483333 0.146875 0.485417 0.146875 0.491667 0.145313 0.493750 0.145313 0.500000 0.143750 0.502083 0.143750 0.504167 0.145313 0.506250 0.145313 0.525000 0.143750 0.527083 0.143750 0.543750 0.145313 0.545833 0.145313 0.581250 0.146875 0.583333 0.146875 0.600000 0.145313 0.602083 0.145313 0.620833 0.143750 0.622917 0.143750 0.631250 0.142188 0.633333 0.142188 0.641667 0.140625 0.643750 0.140625 0.650000 0.139062 0.652083 0.139062 0.660417 0.137500 0.662500 0.137500 0.670833 0.135937 0.672917 0.135937 0.677083 0.134375 0.679167 0.134375 0.681250 0.132812 0.683333 0.128125 0.683333 0.128125 0.708333 0.132812 0.708333 0.135937 0.712500 0.137500 0.712500 0.140625 0.716667 0.143750 0.716667 0.145313 0.718750 0.146875 0.718750 0.150000 0.722917 0.151562 0.722917 0.153125 0.725000 0.153125 0.727083 0.154687 0.729167 0.154687 0.735417 0.153125 0.737500 0.153125 0.756250 0.154687 0.758333 0.154687 0.760417 0.157813 0.764583 0.168750 0.764583 0.170312 0.762500 0.181250 0.762500 0.182812 0.764583 0.203125 0.764583 0.204688 0.762500 0.207813 0.762500 0.209375 0.760417 0.209375 0.758333 0.210938 0.756250 0.210938 0.752083 0.209375 0.750000 0.209375 0.745833 0.207813 0.743750 0.207813 0.741667 0.206250 0.741667 0.201562 0.735417 0.201562 0.722917 0.203125 0.720833 0.204688 0.720833 0.206250 0.718750 0.206250 0.714583 0.207813 0.712500 0.207813 0.697917 0.209375 0.695833 0.209375 0.687500 0.210938 0.685417 0.210938 0.625000 0.214062 0.620833 0.214062 0.606250 0.212500 0.606250 0.210938 0.604167 0.209375 0.604167 0.204688 0.597917 0.204688 0.595833 0.203125 0.593750 0.204688 0.591667 0.204688 0.585417 0.209375 0.579167 0.212500 0.583333 0.215625 0.583333 0.215625 0.581250 0.217187 0.579167 0.217187 0.570833 0.215625 0.568750 0.215625 0.566667 0.214062 0.564583 0.212500 0.564583 0.210938 0.566667 0.209375 0.566667 0.204688 0.560417 0.204688 0.552083 0.206250 0.550000 0.206250 0.541667 0.207813 0.539583 0.207813 0.535417 0.209375 0.533333 0.209375 0.531250 0.214062 0.525000 0.215625 0.525000 0.215625 0.510417 0.214062 0.508333 0.214062 0.502083 0.212500 0.500000 0.212500 0.495833 0.210938 0.493750 0.210938 0.487500 0.209375 0.485417 0.209375 0.481250 0.207813 0.479167 0.207813 0.477083 0.204688 0.472917 0.204688 0.470833 0.203125 0.468750 0.203125 0.460417 0.201562 0.458333 0.201562 0.435417 0.200000 0.433333 0.200000 0.429167 0.198437 0.427083 0.198437 0.425000 0.196875 0.422917 0.196875 0.420833 0.195312 0.418750 0.195312 0.412500
0 0.070312 0.395833 0.070312 0.402083 0.067188 0.406250 0.067188 0.408333 0.065625 0.410417 0.065625 0.414583 0.064062 0.416667 0.064062 0.418750 0.062500 0.420833 0.062500 0.427083 0.060938 0.429167 0.060938 0.433333 0.059375 0.435417 0.059375 0.437500 0.053125 0.445833 0.051562 0.445833 0.043750 0.456250 0.043750 0.458333 0.042188 0.460417 0.042188 0.462500 0.037500 0.468750 0.037500 0.470833 0.035937 0.472917 0.035937 0.475000 0.032812 0.479167 0.028125 0.479167 0.028125 0.487500 0.032812 0.487500 0.034375 0.489583 0.034375 0.495833 0.035937 0.497917 0.035937 0.508333 0.037500 0.510417 0.037500 0.512500 0.039062 0.514583 0.039062 0.516667 0.042188 0.520833 0.042188 0.522917 0.043750 0.525000 0.043750 0.527083 0.045313 0.529167 0.045313 0.533333 0.046875 0.535417 0.046875 0.543750 0.048437 0.545833 0.048437 0.585417 0.046875 0.587500 0.046875 0.637500 0.045313 0.639583 0.045313 0.729167 0.046875 0.731250 0.046875 0.735417 0.048437 0.737500 0.048437 0.743750 0.050000 0.745833 0.050000 0.752083 0.051562 0.754167 0.051562 0.758333 0.053125 0.760417 0.054688 0.760417 0.056250 0.762500 0.064062 0.762500 0.065625 0.760417 0.067188 0.762500 0.071875 0.762500 0.078125 0.770833 0.078125 0.777083 0.085938 0.777083 0.085938 0.770833 0.087500 0.768750 0.089062 0.768750 0.090625 0.766667 0.103125 0.766667 0.104687 0.764583 0.115625 0.764583 0.117188 0.762500 0.118750 0.762500 0.120312 0.760417 0.107813 0.743750 0.107813 0.739583 0.106250 0.737500 0.106250 0.733333 0.107813 0.731250 0.107813 0.722917 0.109375 0.720833 0.109375 0.675000 0.110937 0.672917 0.110937 0.631250 0.109375 0.629167 0.109375 0.614583 0.110937 0.612500 0.110937 0.600000 0.109375 0.597917 0.109375 0.591667 0.107813 0.589583 0.107813 0.585417 0.106250 0.583333 0.106250 0.579167 0.104687 0.577083 0.104687 0.575000 0.103125 0.572917 0.103125 0.568750 0.101562 0.566667 0.101562 0.560417 0.100000 0.558333 0.100000 0.550000 0.101562 0.547917 0.101562 0.543750 0.104687 0.539583 0.104687 0.537500 0.106250 0.535417 0.106250 0.529167 0.107813 0.527083 0.107813 0.520833 0.110937 0.516667 0.112500 0.516667 0.114063 0.514583 0.114063 0.512500 0.118750 0.506250 0.120312 0.506250 0.123438 0.502083 0.123438 0.500000 0.126563 0.495833 0.126563 0.493750 0.125000 0.491667 0.125000 0.487500 0.123438 0.485417 0.123438 0.483333 0.120312 0.479167 0.120312 0.477083 0.118750 0.477083 0.110937 0.466667 0.109375 0.466667 0.106250 0.462500 0.104687 0.462500 0.103125 0.460417 0.101562 0.460417 0.100000 0.458333 0.098438 0.458333 0.092188 0.450000 0.092188 0.435417 0.093750 0.433333 0.093750 0.427083 0.095312 0.425000 0.095312 0.416667 0.093750 0.414583 0.093750 0.410417 0.089062 0.404167 0.089062 0.395833
0 0.571875 0.745833 0.554688 0.768750 0.553125 0.768750 0.550000 0.772917 0.548437 0.772917 0.546875 0.775000 0.545313 0.775000 0.543750 0.777083 0.542188 0.777083 0.539062 0.781250 0.537500 0.781250 0.529688 0.791667 0.529688 0.793750 0.525000 0.800000 0.525000 0.802083 0.523438 0.804167 0.523438 0.822917 0.525000 0.825000 0.525000 0.835417 0.523438 0.837500 0.523438 0.843750 0.521875 0.845833 0.521875 0.858333 0.523438 0.860417 0.523438 0.864583 0.525000 0.866667 0.525000 0.883333 0.523438 0.885417 0.523438 0.902083 0.521875 0.904167 0.521875 0.908333 0.518750 0.912500 0.518750 0.916667 0.517187 0.918750 0.517187 0.922917 0.515625 0.925000 0.515625 0.968750 0.514063 0.970833 0.514063 0.983333 0.512500 0.985417 0.512500 0.987500 0.507812 0.993750 0.503125 0.993750 0.503125 0.997917 0.596875 0.997917 0.596875 0.993750 0.579687 0.970833 0.579687 0.966667 0.578125 0.964583 0.578125 0.962500 0.576563 0.960417 0.576563 0.929167 0.578125 0.927083 0.578125 0.918750 0.579687 0.916667 0.579687 0.904167 0.581250 0.902083 0.581250 0.887500 0.582812 0.885417 0.582812 0.879167 0.590625 0.868750 0.595312 0.868750 0.596875 0.866667 0.607813 0.866667 0.609375 0.864583 0.609375 0.862500 0.615625 0.854167 0.617188 0.854167 0.618750 0.852083 0.621875 0.852083 0.623438 0.850000 0.625000 0.850000 0.626562 0.847917 0.632812 0.847917 0.632812 0.754167 0.628125 0.754167 0.625000 0.750000 0.621875 0.750000 0.620313 0.747917 0.618750 0.750000 0.607813 0.750000 0.606250 0.752083 0.598437 0.752083 0.596875 0.754167 0.592188 0.754167 0.590625 0.756250 0.589063 0.756250 0.587500 0.754167 0.584375 0.754167 0.582812 0.752083 0.581250 0.752083 0.578125 0.747917 0.575000 0.747917 0.573438 0.745833 0.571875 0.745833 0.559375 0.668750 0.562500 0.664583 0.562500 0.662500 0.564062 0.660417 0.564062 0.654167 0.565625 0.652083 0.567187 0.654167 0.571875 0.654167 0.573438 0.652083 0.575000 0.652083 0.576563 0.650000 0.585938 0.650000 0.589063 0.645833 0.589063 0.643750 0.590625 0.641667 0.590625 0.639583 0.592188 0.637500 0.590625 0.635417 0.590625 0.633333 0.585938 0.627083 0.585938 0.614583 0.587500 0.612500 0.587500 0.600000 0.589063 0.597917 0.589063 0.587500 0.590625 0.585417 0.590625 0.579167 0.595312 0.572917 0.598437 0.572917 0.600000 0.570833 0.603125 0.570833 0.603125 0.558333 0.601562 0.556250 0.601562 0.547917 0.600000 0.545833 0.600000 0.525000 0.598437 0.522917 0.598437 0.500000 0.596875 0.497917 0.596875 0.483333 0.595312 0.481250 0.595312 0.479167 0.590625 0.472917 0.589063 0.472917 0.581250 0.462500 0.581250 0.454167 0.564062 0.454167 0.564062 0.460417 0.550000 0.479167 0.550000 0.481250 0.546875 0.485417 0.546875 0.487500 0.545313 0.489583 0.545313 0.491667 0.543750 0.493750 0.543750 0.497917 0.542188 0.500000 0.542188 0.506250 0.540625 0.508333 0.540625 0.516667 0.539062 0.518750 0.539062 0.525000 0.537500 0.527083 0.537500 0.529167 0.535937 0.531250 0.535937 0.533333 0.534375 0.535417 0.534375 0.537500 0.532812 0.539583 0.532812 0.541667 0.531250 0.543750 0.531250 0.547917 0.526563 0.554167 0.526563 0.556250 0.517187 0.568750 0.515625 0.568750 0.515625 0.577083 0.510938 0.583333 0.509375 0.583333 0.507812 0.585417 0.503125 0.585417 0.503125 0.597917 0.512500 0.597917 0.514063 0.600000 0.532812 0.600000 0.535937 0.604167 0.535937 0.610417 0.529688 0.618750 0.529688 0.620833 0.528125 0.622917 0.528125 0.637500 0.531250 0.641667 0.531250 0.645833 0.532812 0.647917 0.532812 0.650000 0.542188 0.662500 0.543750 0.662500 0.545313 0.664583 0.545313 0.666667 0.546875 0.668750 0.559375 0.668750
0 0.356250 0.420833 0.356250 0.431250 0.354688 0.433333 0.354688 0.437500 0.353125 0.439583 0.353125 0.441667 0.351562 0.443750 0.351562 0.445833 0.350000 0.447917 0.350000 0.450000 0.348437 0.452083 0.348437 0.454167 0.343750 0.460417 0.343750 0.462500 0.340625 0.466667 0.339063 0.466667 0.337500 0.468750 0.337500 0.470833 0.326562 0.485417 0.321875 0.485417 0.321875 0.516667 0.326562 0.516667 0.329688 0.520833 0.331250 0.520833 0.334375 0.525000 0.334375 0.527083 0.335938 0.529167 0.334375 0.531250 0.334375 0.539583 0.335938 0.541667 0.335938 0.543750 0.337500 0.545833 0.337500 0.552083 0.367188 0.552083 0.367188 0.545833 0.376563 0.533333 0.376563 0.531250 0.379687 0.527083 0.376563 0.522917 0.376563 0.510417 0.375000 0.508333 0.375000 0.495833 0.373437 0.493750 0.373437 0.487500 0.371875 0.485417 0.371875 0.475000 0.370313 0.472917 0.370313 0.468750 0.371875 0.466667 0.371875 0.462500 0.373437 0.460417 0.373437 0.441667 0.375000 0.439583 0.375000 0.433333 0.373437 0.431250 0.373437 0.420833
0 0.290625 0.404167 0.290625 0.410417 0.289062 0.412500 0.289062 0.414583 0.285937 0.418750 0.285937 0.422917 0.284375 0.425000 0.284375 0.427083 0.282813 0.429167 0.282813 0.447917 0.281250 0.450000 0.281250 0.452083 0.279687 0.454167 0.279687 0.456250 0.278125 0.458333 0.276563 0.458333 0.273438 0.462500 0.273438 0.466667 0.271875 0.468750 0.271875 0.483333 0.273438 0.485417 0.273438 0.508333 0.271875 0.510417 0.271875 0.516667 0.270312 0.518750 0.270312 0.522917 0.268750 0.525000 0.268750 0.531250 0.267188 0.533333 0.267188 0.539583 0.265625 0.541667 0.265625 0.543750 0.264062 0.545833 0.259375 0.545833 0.259375 0.562500 0.264062 0.562500 0.265625 0.564583 0.265625 0.572917 0.267188 0.575000 0.267188 0.625000 0.268750 0.627083 0.268750 0.641667 0.270312 0.643750 0.270312 0.660417 0.271875 0.660417 0.271875 0.647917 0.273438 0.645833 0.273438 0.643750 0.276563 0.639583 0.276563 0.637500 0.278125 0.635417 0.278125 0.631250 0.279687 0.629167 0.279687 0.627083 0.282813 0.622917 0.282813 0.620833 0.284375 0.618750 0.284375 0.616667 0.285937 0.614583 0.285937 0.612500 0.287500 0.610417 0.287500 0.606250 0.289062 0.604167 0.289062 0.600000 0.290625 0.597917 0.290625 0.591667 0.292188 0.589583 0.292188 0.585417 0.295312 0.581250 0.295312 0.579167 0.296875 0.577083 0.296875 0.575000 0.298438 0.572917 0.298438 0.570833 0.301562 0.566667 0.301562 0.564583 0.304688 0.560417 0.304688 0.558333 0.306250 0.556250 0.306250 0.554167 0.315625 0.541667 0.317187 0.541667 0.318750 0.539583 0.320312 0.539583 0.323438 0.535417 0.323438 0.531250 0.325000 0.529167 0.325000 0.500000 0.326562 0.497917 0.326562 0.495833 0.329688 0.491667 0.329688 0.489583 0.334375 0.483333 0.339063 0.483333 0.339063 0.468750 0.334375 0.468750 0.320312 0.450000 0.320312 0.447917 0.318750 0.445833 0.318750 0.443750 0.317187 0.441667 0.317187 0.439583 0.315625 0.437500 0.315625 0.431250 0.314063 0.429167 0.314063 0.425000 0.312500 0.422917 0.312500 0.404167
0 0.568750 0.741667 0.567187 0.743750 0.565625 0.743750 0.562500 0.747917 0.560938 0.747917 0.551562 0.760417 0.551562 0.762500 0.550000 0.764583 0.548437 0.764583 0.545313 0.768750 0.545313 0.770833 0.543750 0.772917 0.542188 0.772917 0.539062 0.777083 0.537500 0.777083 0.532812 0.783333 0.532812 0.785417 0.529688 0.789583 0.529688 0.791667 0.526563 0.795833 0.526563 0.797917 0.523438 0.802083 0.523438 0.806250 0.528125 0.812500 0.528125 0.816667 0.529688 0.818750 0.529688 0.825000 0.531250 0.827083 0.531250 0.835417 0.532812 0.837500 0.532812 0.841667 0.534375 0.843750 0.534375 0.845833 0.535937 0.843750 0.540625 0.843750 0.542188 0.845833 0.545313 0.845833 0.551562 0.854167 0.556250 0.854167 0.557813 0.856250 0.567187 0.856250 0.568750 0.858333 0.570312 0.858333 0.571875 0.860417 0.571875 0.862500 0.570312 0.864583 0.568750 0.864583 0.567187 0.866667 0.565625 0.866667 0.564062 0.868750 0.562500 0.866667 0.557813 0.866667 0.556250 0.868750 0.553125 0.868750 0.551562 0.870833 0.550000 0.870833 0.550000 0.877083 0.551562 0.879167 0.551562 0.881250 0.556250 0.887500 0.556250 0.891667 0.557813 0.893750 0.557813 0.895833 0.556250 0.897917 0.556250 0.902083 0.554688 0.904167 0.554688 0.906250 0.551562 0.910417 0.550000 0.910417 0.546875 0.914583 0.537500 0.914583 0.532812 0.920833 0.532812 0.925000 0.531250 0.927083 0.531250 0.929167 0.532812 0.931250 0.532812 0.937500 0.534375 0.939583 0.534375 0.943750 0.535937 0.945833 0.535937 0.962500 0.539062 0.966667 0.539062 0.968750 0.545313 0.977083 0.545313 0.985417 0.543750 0.987500 0.543750 0.989583 0.540625 0.993750 0.539062 0.993750 0.537500 0.991667 0.534375 0.991667 0.531250 0.987500 0.529688 0.987500 0.528125 0.985417 0.528125 0.983333 0.526563 0.983333 0.525000 0.981250 0.521875 0.981250 0.518750 0.977083 0.518750 0.962500 0.520312 0.960417 0.518750 0.958333 0.518750 0.954167 0.517187 0.952083 0.517187 0.943750 0.515625 0.941667 0.515625 0.935417 0.514063 0.933333 0.514063 0.902083 0.512500 0.900000 0.512500 0.866667 0.514063 0.864583 0.514063 0.854167 0.512500 0.852083 0.512500 0.837500 0.510938 0.835417 0.510938 0.829167 0.509375 0.827083 0.510938 0.825000 0.510938 0.822917 0.512500 0.820833 0.512500 0.818750 0.506250 0.818750 0.504687 0.820833 0.501562 0.820833 0.498437 0.825000 0.496875 0.825000 0.495313 0.827083 0.492188 0.827083 0.490625 0.829167 0.489062 0.829167 0.481250 0.839583 0.479688 0.839583 0.471875 0.850000 0.470313 0.850000 0.467187 0.854167 0.467187 0.856250 0.464063 0.860417 0.464063 0.862500 0.450000 0.881250 0.448438 0.881250 0.446875 0.883333 0.445312 0.883333 0.443750 0.885417 0.442187 0.885417 0.440625 0.887500 0.439063 0.887500 0.437500 0.889583 0.431250 0.889583 0.429688 0.891667 0.423438 0.891667 0.421875 0.889583 0.420312 0.891667 0.417188 0.891667 0.415625 0.893750 0.414062 0.893750 0.412500 0.891667 0.409375 0.891667 0.403125 0.883333 0.401563 0.883333 0.395312 0.875000 0.393750 0.875000 0.390625 0.870833 0.384375 0.870833 0.384375 0.997917 0.582812 0.997917 0.582812 0.966667 0.578125 0.966667 0.575000 0.962500 0.575000 0.931250 0.576563 0.929167 0.576563 0.927083 0.578125 0.925000 0.582812 0.925000 0.582812 0.745833 0.578125 0.745833 0.576563 0.743750 0.575000 0.743750 0.573438 0.741667 0.568750 0.741667 0.553125 0.675000 0.554688 0.672917 0.556250 0.672917 0.557813 0.670833 0.559375 0.670833 0.565625 0.662500 0.567187 0.662500 0.568750 0.660417 0.570312 0.660417 0.571875 0.658333 0.573438 0.658333 0.575000 0.656250 0.582812 0.656250 0.582812 0.614583 0.573438 0.614583 0.571875 0.612500 0.570312 0.612500 0.568750 0.610417 0.568750 0.608333 0.570312 0.606250 0.570312 0.602083 0.568750 0.600000 0.568750 0.593750 0.571875 0.589583 0.573438 0.591667 0.573438 0.593750 0.575000 0.595833 0.575000 0.597917 0.576563 0.600000 0.582812 0.600000 0.582812 0.466667 0.576563 0.466667 0.575000 0.464583 0.573438 0.464583 0.571875 0.462500 0.570312 0.462500 0.562500 0.472917 0.560938 0.472917 0.559375 0.475000 0.557813 0.475000 0.554688 0.479167 0.553125 0.479167 0.553125 0.481250 0.550000 0.485417 0.550000 0.487500 0.548437 0.489583 0.548437 0.491667 0.546875 0.493750 0.546875 0.495833 0.545313 0.497917 0.545313 0.514583 0.543750 0.516667 0.543750 0.520833 0.545313 0.522917 0.546875 0.522917 0.548437 0.520833 0.550000 0.520833 0.550000 0.518750 0.551562 0.516667 0.553125 0.516667 0.554688 0.514583 0.559375 0.514583 0.565625 0.522917 0.568750 0.522917 0.573438 0.529167 0.573438 0.533333 0.575000 0.535417 0.575000 0.537500 0.571875 0.541667 0.571875 0.543750 0.570312 0.545833 0.570312 0.547917 0.568750 0.550000 0.568750 0.552083 0.567187 0.554167 0.567187 0.558333 0.564062 0.562500 0.560938 0.562500 0.559375 0.564583 0.557813 0.564583 0.551562 0.572917 0.548437 0.572917 0.543750 0.579167 0.542188 0.579167 0.540625 0.581250 0.534375 0.581250 0.531250 0.585417 0.528125 0.585417 0.525000 0.589583 0.523438 0.589583 0.521875 0.591667 0.518750 0.591667 0.517187 0.593750 0.514063 0.593750 0.501562 0.610417 0.500000 0.608333 0.496875 0.608333 0.493750 0.604167 0.493750 0.602083 0.484375 0.589583 0.482812 0.589583 0.481250 0.587500 0.479688 0.587500 0.478125 0.585417 0.478125 0.581250 0.476562 0.579167 0.476562 0.556250 0.479688 0.552083 0.479688 0.550000 0.481250 0.547917 0.481250 0.545833 0.482812 0.543750 0.482812 0.541667 0.484375 0.539583 0.484375 0.533333 0.485938 0.531250 0.485938 0.527083 0.489062 0.522917 0.489062 0.516667 0.490625 0.514583 0.490625 0.508333 0.492188 0.506250 0.492188 0.497917 0.490625 0.495833 0.490625 0.487500 0.489062 0.485417 0.489062 0.477083 0.487500 0.475000 0.487500 0.470833 0.485938 0.468750 0.485938 0.466667 0.484375 0.464583 0.484375 0.462500 0.482812 0.460417 0.482812 0.454167 0.440625 0.454167 0.440625 0.462500 0.439063 0.464583 0.439063 0.466667 0.434375 0.472917 0.434375 0.475000 0.432813 0.477083 0.432813 0.504167 0.434375 0.506250 0.434375 0.512500 0.435937 0.514583 0.435937 0.516667 0.437500 0.518750 0.437500 0.529167 0.435937 0.531250 0.435937 0.537500 0.434375 0.539583 0.434375 0.541667 0.432813 0.543750 0.432813 0.545833 0.426562 0.554167 0.425000 0.554167 0.423438 0.556250 0.421875 0.556250 0.412500 0.568750 0.412500 0.570833 0.410937 0.572917 0.410937 0.575000 0.409375 0.577083 0.409375 0.579167 0.407813 0.581250 0.407813 0.585417 0.406250 0.587500 0.406250 0.597917 0.404687 0.600000 0.404687 0.614583 0.403125 0.616667 0.403125 0.627083 0.404687 0.629167 0.403125 0.631250 0.403125 0.650000 0.404687 0.652083 0.404687 0.656250 0.406250 0.658333 0.406250 0.660417 0.407813 0.662500 0.412500 0.662500 0.414062 0.660417 0.420312 0.660417 0.431250 0.675000 0.432813 0.675000 0.435937 0.679167 0.437500 0.679167 0.440625 0.683333 0.442187 0.683333 0.446875 0.689583 0.448438 0.689583 0.450000 0.691667 0.451562 0.691667 0.453125 0.693750 0.460938 0.693750 0.462500 0.691667 0.464063 0.691667 0.465625 0.689583 0.467187 0.689583 0.473437 0.681250 0.473437 0.679167 0.481250 0.668750 0.481250 0.666667 0.487500 0.658333 0.489062 0.658333 0.490625 0.656250 0.492188 0.656250 0.503125 0.641667 0.504687 0.641667 0.506250 0.639583 0.507812 0.639583 0.509375 0.637500 0.517187 0.637500 0.520312 0.633333 0.521875 0.633333 0.528125 0.641667 0.528125 0.643750 0.529688 0.645833 0.529688 0.647917 0.532812 0.652083 0.532812 0.654167 0.546875 0.672917 0.550000 0.672917 0.551562 0.675000 0.553125 0.675000
5 0.623438 0.312500 0.623438 0.318750 0.621875 0.320833 0.615625 0.320833 0.614062 0.322917 0.606250 0.322917 0.604688 0.325000 0.600000 0.325000 0.598437 0.327083 0.596875 0.327083 0.592188 0.333333 0.592188 0.335417 0.590625 0.337500 0.584375 0.337500 0.584375 0.400000 0.589063 0.400000 0.589063 0.395833 0.590625 0.393750 0.590625 0.391667 0.589063 0.389583 0.589063 0.387500 0.590625 0.385417 0.590625 0.381250 0.595312 0.375000 0.603125 0.375000 0.606250 0.379167 0.607813 0.379167 0.614062 0.387500 0.614062 0.389583 0.615625 0.391667 0.615625 0.393750 0.617188 0.395833 0.617188 0.397917 0.618750 0.400000 0.618750 0.402083 0.620313 0.404167 0.620313 0.406250 0.621875 0.406250 0.623438 0.404167 0.625000 0.404167 0.632812 0.393750 0.642187 0.393750 0.643750 0.395833 0.646875 0.395833 0.648438 0.397917 0.650000 0.397917 0.653125 0.402083 0.654688 0.402083 0.659375 0.408333 0.660937 0.406250 0.665625 0.406250 0.667188 0.408333 0.668750 0.408333 0.670313 0.410417 0.671875 0.410417 0.675000 0.414583 0.678125 0.414583 0.678125 0.412500 0.681250 0.408333 0.681250 0.406250 0.685938 0.400000 0.687500 0.400000 0.689062 0.397917 0.692187 0.397917 0.693750 0.400000 0.696875 0.400000 0.701563 0.406250 0.701563 0.408333 0.703125 0.410417 0.704687 0.408333 0.706250 0.408333 0.707812 0.406250 0.709375 0.406250 0.710938 0.408333 0.715625 0.408333 0.717188 0.406250 0.725000 0.406250 0.726562 0.408333 0.728125 0.408333 0.735937 0.418750 0.737500 0.418750 0.739062 0.420833 0.742188 0.420833 0.743750 0.418750 0.751562 0.418750 0.759375 0.408333 0.759375 0.406250 0.764063 0.400000 0.771875 0.400000 0.773438 0.402083 0.775000 0.402083 0.776563 0.404167 0.778125 0.404167 0.781250 0.408333 0.781250 0.410417 0.782812 0.412500 0.782812 0.416667 0.784375 0.418750 0.784375 0.420833 0.785937 0.420833 0.790625 0.427083 0.790625 0.435417 0.807813 0.435417 0.807813 0.427083 0.810938 0.422917 0.810938 0.420833 0.815625 0.414583 0.817187 0.414583 0.820312 0.410417 0.832812 0.410417 0.837500 0.404167 0.839063 0.404167 0.840625 0.402083 0.840625 0.400000 0.842188 0.397917 0.842188 0.395833 0.843750 0.393750 0.843750 0.391667 0.846875 0.387500 0.848437 0.387500 0.851562 0.383333 0.853125 0.383333 0.860937 0.372917 0.860937 0.370833 0.862500 0.368750 0.862500 0.366667 0.864062 0.364583 0.864062 0.358333 0.865625 0.356250 0.865625 0.352083 0.870313 0.345833 0.871875 0.345833 0.875000 0.341667 0.876562 0.341667 0.878125 0.339583 0.881250 0.339583 0.882812 0.337500 0.885938 0.337500 0.887500 0.335417 0.890625 0.335417 0.893750 0.331250 0.895312 0.331250 0.896875 0.329167 0.898438 0.329167 0.903125 0.322917 0.904688 0.322917 0.906250 0.320833 0.906250 0.312500
2 0.768750 0.510417 0.768750 0.512500 0.770312 0.514583 0.770312 0.520833 0.771875 0.522917 0.771875 0.529167 0.773438 0.531250 0.773438 0.533333 0.781250 0.543750 0.782812 0.543750 0.784375 0.545833 0.785937 0.545833 0.792188 0.554167 0.793750 0.554167 0.796875 0.558333 0.796875 0.560417 0.798437 0.562500 0.800000 0.562500 0.828125 0.600000 0.828125 0.602083 0.829687 0.604167 0.829687 0.608333 0.831250 0.610417 0.831250 0.622917 0.829687 0.625000 0.829687 0.629167 0.826563 0.633333 0.826563 0.635417 0.818750 0.645833 0.817187 0.645833 0.812500 0.652083 0.810938 0.652083 0.809375 0.654167 0.807813 0.654167 0.804688 0.658333 0.804688 0.660417 0.803125 0.662500 0.803125 0.664583 0.801562 0.666667 0.801562 0.668750 0.800000 0.670833 0.800000 0.672917 0.796875 0.677083 0.795313 0.677083 0.793750 0.679167 0.793750 0.681250 0.792188 0.683333 0.792188 0.685417 0.790625 0.687500 0.790625 0.706250 0.789062 0.708333 0.789062 0.733333 0.787500 0.735417 0.787500 0.743750 0.789062 0.745833 0.789062 0.752083 0.792188 0.756250 0.796875 0.756250 0.798437 0.758333 0.804688 0.758333 0.806250 0.756250 0.807813 0.756250 0.809375 0.754167 0.812500 0.754167 0.814062 0.752083 0.817187 0.752083 0.818750 0.750000 0.820312 0.750000 0.821875 0.747917 0.826563 0.747917 0.828125 0.745833 0.832812 0.745833 0.834375 0.743750 0.840625 0.743750 0.842188 0.741667 0.859375 0.741667 0.862500 0.745833 0.864062 0.745833 0.867188 0.750000 0.868750 0.750000 0.870313 0.752083 0.871875 0.752083 0.873438 0.754167 0.875000 0.754167 0.878125 0.758333 0.879687 0.758333 0.881250 0.760417 0.882812 0.760417 0.884375 0.762500 0.887500 0.762500 0.889063 0.764583 0.903125 0.764583 0.904688 0.762500 0.907812 0.762500 0.909375 0.760417 0.910937 0.760417 0.917188 0.752083 0.917188 0.750000 0.920313 0.745833 0.920313 0.743750 0.928125 0.733333 0.928125 0.731250 0.931250 0.727083 0.931250 0.718750 0.932813 0.716667 0.932813 0.714583 0.939062 0.706250 0.945312 0.706250 0.945312 0.627083 0.940625 0.627083 0.937500 0.622917 0.937500 0.620833 0.934375 0.616667 0.934375 0.614583 0.926562 0.604167 0.925000 0.604167 0.923437 0.602083 0.921875 0.602083 0.920313 0.600000 0.918750 0.600000 0.917188 0.597917 0.915625 0.597917 0.912500 0.593750 0.910937 0.593750 0.909375 0.591667 0.906250 0.591667 0.904688 0.589583 0.898438 0.589583 0.896875 0.587500 0.895312 0.587500 0.893750 0.585417 0.890625 0.585417 0.889063 0.583333 0.884375 0.583333 0.882812 0.581250 0.875000 0.581250 0.873438 0.579167 0.865625 0.579167 0.864062 0.577083 0.859375 0.577083 0.857813 0.575000 0.853125 0.575000 0.851562 0.572917 0.850000 0.572917 0.845312 0.566667 0.843750 0.566667 0.839063 0.560417 0.837500 0.560417 0.829687 0.550000 0.828125 0.550000 0.823438 0.543750 0.821875 0.543750 0.820312 0.541667 0.818750 0.541667 0.814062 0.535417 0.812500 0.535417 0.809375 0.531250 0.807813 0.531250 0.806250 0.529167 0.804688 0.529167 0.800000 0.522917 0.798437 0.522917 0.796875 0.520833 0.795313 0.520833 0.793750 0.518750 0.792188 0.518750 0.790625 0.516667 0.787500 0.516667 0.785937 0.514583 0.782812 0.514583 0.781250 0.512500 0.778125 0.512500 0.776563 0.510417 0.773438 0.510417 0.771875 0.508333 0.770312 0.510417 0.768750 0.510417 0.729688 0.495833 0.729688 0.493750 0.728125 0.491667 0.726562 0.491667 0.723437 0.487500 0.721875 0.487500 0.720312 0.485417 0.717188 0.485417 0.715625 0.483333 0.706250 0.483333 0.704687 0.481250 0.695312 0.481250 0.693750 0.483333 0.681250 0.483333 0.679688 0.481250 0.665625 0.481250 0.664062 0.479167 0.660937 0.479167 0.659375 0.477083 0.659375 0.470833 0.595312 0.470833 0.595312 0.477083 0.596875 0.479167 0.596875 0.481250 0.598437 0.483333 0.598437 0.495833 0.600000 0.497917 0.600000 0.510417 0.601562 0.512500 0.601562 0.529167 0.603125 0.531250 0.603125 0.541667 0.604688 0.543750 0.604688 0.556250 0.606250 0.558333 0.606250 0.566667 0.607813 0.568750 0.607813 0.570833 0.601562 0.579167 0.596875 0.579167 0.596875 0.581250 0.595312 0.583333 0.595312 0.600000 0.593750 0.602083 0.593750 0.608333 0.592188 0.610417 0.592188 0.614583 0.593750 0.616667 0.593750 0.622917 0.595312 0.625000 0.595312 0.627083 0.598437 0.631250 0.598437 0.633333 0.600000 0.635417 0.600000 0.639583 0.598437 0.641667 0.598437 0.647917 0.596875 0.650000 0.596875 0.656250 0.595312 0.658333 0.595312 0.662500 0.593750 0.664583 0.593750 0.666667 0.592188 0.668750 0.592188 0.672917 0.590625 0.675000 0.590625 0.706250 0.589063 0.708333 0.589063 0.720833 0.587500 0.722917 0.587500 0.727083 0.585938 0.729167 0.587500 0.731250 0.587500 0.739583 0.592188 0.745833 0.612500 0.745833 0.614062 0.743750 0.623438 0.743750 0.625000 0.741667 0.640625 0.741667 0.642187 0.743750 0.642187 0.745833 0.643750 0.747917 0.643750 0.756250 0.642187 0.758333 0.642187 0.764583 0.640625 0.766667 0.640625 0.768750 0.639063 0.770833 0.637500 0.770833 0.637500 0.772917 0.635938 0.775000 0.635938 0.783333 0.637500 0.785417 0.637500 0.793750 0.646875 0.793750 0.646875 0.787500 0.650000 0.783333 0.654688 0.783333 0.656250 0.781250 0.659375 0.781250 0.660937 0.779167 0.665625 0.779167 0.667188 0.777083 0.670313 0.777083 0.671875 0.775000 0.678125 0.775000 0.679688 0.772917 0.684375 0.772917 0.685938 0.770833 0.692187 0.770833 0.693750 0.768750 0.698438 0.768750 0.700000 0.766667 0.707812 0.766667 0.709375 0.764583 0.714063 0.764583 0.715625 0.762500 0.717188 0.762500 0.717188 0.760417 0.718750 0.758333 0.718750 0.754167 0.720312 0.752083 0.720312 0.708333 0.721875 0.706250 0.721875 0.670833 0.720312 0.668750 0.720312 0.662500 0.717188 0.658333 0.717188 0.656250 0.715625 0.654167 0.715625 0.650000 0.714063 0.647917 0.714063 0.645833 0.712500 0.643750 0.712500 0.633333 0.714063 0.631250 0.714063 0.625000 0.715625 0.622917 0.715625 0.610417 0.717188 0.608333 0.717188 0.602083 0.718750 0.600000 0.718750 0.597917 0.720312 0.595833 0.720312 0.589583 0.721875 0.587500 0.721875 0.581250 0.723437 0.579167 0.723437 0.572917 0.725000 0.570833 0.725000 0.564583 0.726562 0.562500 0.726562 0.556250 0.728125 0.554167 0.728125 0.545833 0.726562 0.543750 0.726562 0.539583 0.725000 0.537500 0.725000 0.533333 0.723437 0.531250 0.723437 0.516667 0.725000 0.514583 0.725000 0.512500 0.726562 0.510417 0.726562 0.506250 0.728125 0.504167 0.728125 0.497917 0.729688 0.495833
0 0.592188 0.395833 0.592188 0.420833 0.590625 0.422917 0.590625 0.425000 0.589063 0.427083 0.589063 0.429167 0.587500 0.431250 0.585938 0.431250 0.584375 0.433333 0.582812 0.433333 0.578125 0.439583 0.571875 0.439583 0.571875 0.462500 0.581250 0.462500 0.582812 0.464583 0.584375 0.464583 0.585938 0.466667 0.587500 0.466667 0.589063 0.468750 0.589063 0.477083 0.626562 0.477083 0.626562 0.443750 0.621875 0.443750 0.618750 0.439583 0.618750 0.437500 0.610937 0.427083 0.610937 0.425000 0.609375 0.422917 0.609375 0.414583 0.610937 0.412500 0.610937 0.395833
0 0.637500 0.395833 0.637500 0.410417 0.635938 0.412500 0.635938 0.418750 0.628125 0.429167 0.621875 0.429167 0.621875 0.477083 0.657812 0.477083 0.657812 0.416667 0.651563 0.416667 0.650000 0.414583 0.650000 0.395833
2 0.134375 0.510417 0.132812 0.510417 0.131250 0.512500 0.131250 0.514583 0.128125 0.518750 0.128125 0.522917 0.126563 0.525000 0.126563 0.527083 0.125000 0.529167 0.121875 0.529167 0.120312 0.531250 0.117188 0.531250 0.115625 0.533333 0.112500 0.533333 0.107813 0.539583 0.107813 0.541667 0.106250 0.543750 0.106250 0.547917 0.104687 0.550000 0.104687 0.562500 0.106250 0.564583 0.106250 0.570833 0.107813 0.572917 0.107813 0.575000 0.109375 0.577083 0.109375 0.579167 0.110937 0.581250 0.110937 0.583333 0.112500 0.585417 0.112500 0.589583 0.114063 0.591667 0.114063 0.593750 0.115625 0.595833 0.115625 0.600000 0.117188 0.602083 0.117188 0.620833 0.118750 0.622917 0.118750 0.625000 0.120312 0.627083 0.120312 0.635417 0.134375 0.635417 0.134375 0.629167 0.139062 0.622917 0.139062 0.610417 0.140625 0.608333 0.140625 0.543750 0.139062 0.541667 0.139062 0.518750 0.135937 0.514583 0.135937 0.512500 0.134375 0.510417 0.134375 0.487500 0.135937 0.485417 0.137500 0.485417 0.139062 0.483333 0.139062 0.479167 0.140625 0.477083 0.140625 0.475000 0.143750 0.470833 0.145313 0.470833 0.148438 0.466667 0.150000 0.466667 0.151562 0.464583 0.153125 0.464583 0.154687 0.462500 0.157813 0.462500 0.160938 0.458333 0.160938 0.456250 0.162500 0.454167 0.162500 0.452083 0.164062 0.450000 0.164062 0.439583 0.165625 0.437500 0.165625 0.425000 0.167187 0.422917 0.167187 0.420833 0.173438 0.412500 0.175000 0.412500 0.176563 0.410417 0.179688 0.410417 0.181250 0.408333 0.185937 0.408333 0.187500 0.410417 0.192188 0.410417 0.193750 0.412500 0.195312 0.412500 0.196875 0.414583 0.198437 0.414583 0.201562 0.418750 0.201562 0.420833 0.203125 0.422917 0.203125 0.427083 0.204688 0.429167 0.204688 0.435417 0.206250 0.437500 0.206250 0.462500 0.207813 0.464583 0.207813 0.468750 0.215625 0.479167 0.215625 0.481250 0.217187 0.483333 0.217187 0.485417 0.218750 0.487500 0.218750 0.491667 0.220313 0.493750 0.220313 0.497917 0.221875 0.500000 0.221875 0.502083 0.223438 0.504167 0.223438 0.506250 0.226562 0.510417 0.226562 0.518750 0.228125 0.520833 0.228125 0.525000 0.229687 0.527083 0.229687 0.529167 0.231250 0.531250 0.231250 0.533333 0.232812 0.535417 0.232812 0.537500 0.234375 0.539583 0.234375 0.543750 0.235938 0.545833 0.234375 0.547917 0.234375 0.562500 0.237500 0.566667 0.237500 0.575000 0.239063 0.577083 0.239063 0.583333 0.240625 0.585417 0.240625 0.589583 0.242188 0.591667 0.242188 0.597917 0.243750 0.600000 0.243750 0.612500 0.245312 0.614583 0.245312 0.618750 0.246875 0.618750 0.246875 0.616667 0.257812 0.602083 0.259375 0.602083 0.260938 0.600000 0.262500 0.600000 0.264062 0.597917 0.264062 0.587500 0.265625 0.585417 0.265625 0.541667 0.267188 0.539583 0.267188 0.531250 0.268750 0.529167 0.268750 0.522917 0.270312 0.520833 0.270312 0.514583 0.271875 0.512500 0.271875 0.466667 0.273438 0.464583 0.273438 0.462500 0.276563 0.458333 0.276563 0.456250 0.279687 0.452083 0.279687 0.445833 0.281250 0.443750 0.281250 0.441667 0.279687 0.439583 0.279687 0.437500 0.281250 0.435417 0.281250 0.429167 0.290625 0.416667 0.292188 0.416667 0.293750 0.414583 0.295312 0.414583 0.296875 0.412500 0.307813 0.412500 0.314063 0.420833 0.314063 0.422917 0.315625 0.425000 0.315625 0.427083 0.317187 0.429167 0.317187 0.433333 0.318750 0.435417 0.318750 0.437500 0.320312 0.439583 0.320312 0.441667 0.323438 0.445833 0.323438 0.447917 0.329688 0.456250 0.331250 0.456250 0.334375 0.460417 0.335938 0.458333 0.339063 0.458333 0.345313 0.450000 0.345313 0.447917 0.346875 0.445833 0.346875 0.443750 0.350000 0.439583 0.350000 0.437500 0.351562 0.435417 0.351562 0.429167 0.353125 0.427083 0.353125 0.422917 0.356250 0.418750 0.356250 0.416667 0.357812 0.414583 0.359375 0.414583 0.360938 0.412500 0.359375 0.410417 0.357812 0.410417 0.356250 0.408333 0.353125 0.408333 0.350000 0.404167 0.348437 0.404167 0.346875 0.402083 0.345313 0.402083 0.343750 0.400000 0.340625 0.400000 0.339063 0.397917 0.331250 0.397917 0.329688 0.395833 0.328125 0.395833 0.326562 0.393750 0.326562 0.387500 0.093750 0.387500 0.093750 0.395833 0.095312 0.397917 0.095312 0.400000 0.100000 0.406250 0.100000 0.408333 0.101562 0.410417 0.101562 0.416667 0.100000 0.418750 0.100000 0.425000 0.098438 0.427083 0.098438 0.429167 0.096875 0.431250 0.096875 0.435417 0.095312 0.437500 0.095312 0.447917 0.100000 0.454167 0.101562 0.454167 0.103125 0.456250 0.106250 0.456250 0.109375 0.460417 0.110937 0.460417 0.112500 0.462500 0.115625 0.462500 0.117188 0.464583 0.118750 0.464583 0.121875 0.468750 0.123438 0.468750 0.128125 0.475000 0.128125 0.477083 0.129688 0.477083 0.132812 0.481250 0.132812 0.483333 0.134375 0.485417 0.134375 0.487500
2 0.376563 0.670833 0.376563 0.670833 0.246875 0.579167 0.296875 0.587500 0.296875 0.606250 0.301562 0.612500 0.307813 0.612500 0.309375 0.614583 0.314063 0.614583 0.315625 0.616667 0.318750 0.616667 0.320312 0.618750 0.328125 0.618750 0.332812 0.625000 0.334375 0.625000 0.337500 0.629167 0.331250 0.637500 0.329688 0.637500 0.328125 0.639583 0.325000 0.639583 0.323438 0.637500 0.312500 0.637500 0.310937 0.639583 0.307813 0.639583 0.306250 0.641667 0.306250 0.643750 0.304688 0.645833 0.306250 0.647917 0.306250 0.652083 0.307813 0.654167 0.307813 0.662500 0.310937 0.666667 0.312500 0.666667 0.314063 0.668750 0.314063 0.677083 0.306250 0.687500 0.306250 0.689583 0.303125 0.693750 0.303125 0.702083 0.301562 0.704167 0.289062 0.704167 0.287500 0.702083 0.287500 0.693750 0.285937 0.691667 0.284375 0.691667 0.281250 0.687500 0.281250 0.683333 0.279687 0.681250 0.279687 0.677083 0.278125 0.675000 0.278125 0.672917 0.276563 0.672917 0.275000 0.670833 0.270312 0.670833 0.265625 0.677083 0.265625 0.679167 0.268750 0.683333 0.268750 0.687500 0.270312 0.689583 0.270312 0.695833 0.273438 0.700000 0.273438 0.702083 0.276563 0.706250 0.276563 0.708333 0.278125 0.710417 0.278125 0.712500 0.281250 0.716667 0.281250 0.718750 0.282813 0.720833 0.282813 0.722917 0.287500 0.729167 0.289062 0.729167 0.290625 0.731250 0.292188 0.731250 0.293750 0.733333 0.295312 0.733333 0.296875 0.735417 0.298438 0.735417 0.300000 0.737500 0.303125 0.737500 0.304688 0.739583 0.306250 0.739583 0.309375 0.743750 0.310937 0.743750 0.312500 0.745833 0.315625 0.745833 0.317187 0.747917 0.318750 0.747917 0.320312 0.750000 0.321875 0.750000 0.323438 0.752083 0.328125 0.752083 0.332812 0.745833 0.332812 0.743750 0.339063 0.735417 0.339063 0.733333 0.350000 0.718750 0.351562 0.718750 0.351562 0.716667 0.353125 0.714583 0.353125 0.712500 0.354688 0.710417 0.354688 0.708333 0.356250 0.706250 0.356250 0.700000 0.354688 0.697917 0.354688 0.693750 0.356250 0.691667 0.356250 0.687500 0.362500 0.679167 0.364062 0.679167 0.365625 0.677083 0.370313 0.677083 0.370313 0.675000 0.368750 0.675000 0.367188 0.677083 0.365625 0.677083 0.364062 0.675000 0.364062 0.672917 0.362500 0.670833 0.359375 0.670833 0.356250 0.666667 0.356250 0.664583 0.354688 0.662500 0.354688 0.658333 0.353125 0.656250 0.353125 0.643750 0.356250 0.639583 0.375000 0.639583 0.376563 0.641667 0.381250 0.641667 0.382812 0.643750 0.385938 0.643750 0.387500 0.645833 0.389062 0.645833 0.390625 0.643750 0.392188 0.643750 0.393750 0.641667 0.393750 0.639583 0.395312 0.637500 0.395312 0.635417 0.396875 0.633333 0.396875 0.622917 0.398438 0.620833 0.398438 0.608333 0.400000 0.606250 0.400000 0.602083 0.401563 0.600000 0.401563 0.587500 0.403125 0.585417 0.403125 0.579167 0.404687 0.577083 0.404687 0.572917 0.407813 0.568750 0.407813 0.566667 0.412500 0.560417 0.412500 0.558333 0.415625 0.554167 0.417188 0.554167 0.425000 0.543750 0.426562 0.543750 0.426562 0.537500 0.428125 0.535417 0.428125 0.518750 0.775000 0.510417 0.776563 0.512500 0.539062 0.504167 0.539062 0.491667 0.596875 0.479167 0.270312 0.491667 0.268750 0.489583 0.268750 0.470833 0.221875 0.470833 0.221875 0.525000 0.226562 0.525000 0.229687 0.529167 0.229687 0.531250 0.231250 0.533333 0.231250 0.535417 0.232812 0.537500 0.232812 0.552083 0.234375 0.554167 0.234375 0.560417 0.235938 0.560417 0.240625 0.566667 0.240625 0.568750 0.240625 0.564583 0.242188 0.562500 0.242188 0.560417 0.245312 0.556250 0.246875 0.556250 0.248437 0.558333 0.257812 0.558333 0.257812 0.552083 0.259375 0.550000 0.259375 0.541667 0.260938 0.539583 0.260938 0.537500 0.262500 0.535417 0.262500 0.531250 0.264062 0.529167 0.264062 0.522917 0.265625 0.520833 0.265625 0.512500 0.267188 0.510417 0.267188 0.506250 0.268750 0.504167 0.268750 0.500000 0.270312 0.497917 0.270312 0.491667 0.596875 0.479167 0.598437 0.481250 0.598437 0.483333 0.600000 0.485417 0.600000 0.500000 0.601562 0.502083 0.601562 0.525000 0.603125 0.527083 0.603125 0.533333 0.604688 0.535417 0.604688 0.554167 0.606250 0.556250 0.606250 0.560417 0.607813 0.562500 0.607813 0.575000 0.603125 0.581250 0.601562 0.581250 0.600000 0.583333 0.598437 0.583333 0.596875 0.585417 0.596875 0.597917 0.595312 0.600000 0.595312 0.608333 0.593750 0.610417 0.593750 0.618750 0.595312 0.620833 0.595312 0.625000 0.596875 0.627083 0.596875 0.629167 0.600000 0.633333 0.600000 0.643750 0.598437 0.645833 0.598437 0.652083 0.596875 0.654167 0.596875 0.660417 0.595312 0.662500 0.595312 0.666667 0.593750 0.668750 0.593750 0.672917 0.592188 0.675000 0.592188 0.706250 0.590625 0.708333 0.590625 0.718750 0.589063 0.720833 0.589063 0.725000 0.587500 0.727083 0.587500 0.735417 0.589063 0.737500 0.589063 0.739583 0.592188 0.743750 0.593750 0.743750 0.595312 0.745833 0.604688 0.745833 0.606250 0.743750 0.612500 0.743750 0.614062 0.741667 0.618750 0.741667 0.620313 0.739583 0.625000 0.739583 0.626562 0.737500 0.640625 0.737500 0.643750 0.741667 0.643750 0.743750 0.645312 0.745833 0.645312 0.754167 0.643750 0.756250 0.643750 0.762500 0.642187 0.764583 0.642187 0.770833 0.640625 0.772917 0.640625 0.785417 0.668750 0.785417 0.668750 0.779167 0.671875 0.775000 0.678125 0.775000 0.679688 0.772917 0.684375 0.772917 0.685938 0.770833 0.692187 0.770833 0.693750 0.768750 0.698438 0.768750 0.700000 0.766667 0.709375 0.766667 0.710938 0.764583 0.714063 0.764583 0.717188 0.760417 0.717188 0.756250 0.718750 0.754167 0.718750 0.747917 0.720312 0.745833 0.720312 0.689583 0.721875 0.687500 0.721875 0.677083 0.720312 0.675000 0.720312 0.668750 0.718750 0.666667 0.718750 0.662500 0.717188 0.660417 0.717188 0.658333 0.715625 0.656250 0.715625 0.654167 0.714063 0.652083 0.714063 0.650000 0.712500 0.647917 0.712500 0.645833 0.710938 0.643750 0.710938 0.633333 0.712500 0.631250 0.712500 0.627083 0.714063 0.625000 0.714063 0.620833 0.715625 0.618750 0.715625 0.608333 0.717188 0.606250 0.717188 0.600000 0.718750 0.597917 0.718750 0.593750 0.720312 0.591667 0.720312 0.587500 0.721875 0.585417 0.721875 0.577083 0.723437 0.575000 0.723437 0.568750 0.725000 0.566667 0.725000 0.562500 0.726562 0.560417 0.726562 0.543750 0.725000 0.541667 0.725000 0.537500 0.723437 0.535417 0.723437 0.512500 0.725000 0.510417 0.725000 0.506250 0.726562 0.504167 0.726562 0.500000 0.728125 0.497917 0.728125 0.493750 0.725000 0.489583 0.723437 0.489583 0.720312 0.485417 0.717188 0.485417 0.715625 0.483333 0.706250 0.483333 0.704687 0.481250 0.696875 0.481250 0.695312 0.483333 0.679688 0.483333 0.678125 0.481250 0.664062 0.481250 0.662500 0.479167 0.659375 0.479167 0.657812 0.477083 0.657812 0.470833 0.596875 0.470833 0.596875 0.479167 0.539062 0.491667 0.537500 0.491667 0.534375 0.487500 0.529688 0.487500 0.528125 0.489583 0.523438 0.489583 0.521875 0.491667 0.518750 0.491667 0.517187 0.489583 0.510938 0.489583 0.509375 0.487500 0.506250 0.487500 0.504687 0.485417 0.503125 0.485417 0.501562 0.487500 0.501562 0.495833 0.500000 0.497917 0.500000 0.502083 0.498437 0.504167 0.498437 0.508333 0.496875 0.510417 0.496875 0.514583 0.495313 0.516667 0.495313 0.554167 0.496875 0.556250 0.510938 0.556250 0.512500 0.554167 0.514063 0.554167 0.515625 0.552083 0.517187 0.552083 0.520312 0.547917 0.521875 0.547917 0.523438 0.545833 0.523438 0.543750 0.525000 0.541667 0.526563 0.541667 0.526563 0.539583 0.529688 0.535417 0.529688 0.531250 0.532812 0.527083 0.532812 0.522917 0.534375 0.520833 0.534375 0.516667 0.535937 0.514583 0.535937 0.512500 0.537500 0.510417 0.537500 0.506250 0.539062 0.504167 0.776563 0.512500 0.781250 0.512500 0.782812 0.514583 0.785937 0.514583 0.787500 0.516667 0.790625 0.516667 0.792188 0.518750 0.795313 0.518750 0.796875 0.520833 0.798437 0.520833 0.800000 0.522917 0.801562 0.522917 0.806250 0.529167 0.807813 0.529167 0.809375 0.531250 0.810938 0.531250 0.812500 0.533333 0.814062 0.533333 0.820312 0.541667 0.821875 0.541667 0.823438 0.543750 0.825000 0.543750 0.834375 0.556250 0.835938 0.556250 0.840625 0.562500 0.842188 0.562500 0.846875 0.568750 0.848437 0.568750 0.851562 0.572917 0.853125 0.572917 0.854688 0.575000 0.857813 0.575000 0.859375 0.577083 0.864062 0.577083 0.865625 0.579167 0.873438 0.579167 0.875000 0.581250 0.882812 0.581250 0.884375 0.583333 0.889063 0.583333 0.890625 0.585417 0.893750 0.585417 0.895312 0.587500 0.898438 0.587500 0.900000 0.589583 0.904688 0.589583 0.906250 0.591667 0.909375 0.591667 0.910937 0.593750 0.912500 0.593750 0.915625 0.597917 0.918750 0.597917 0.920313 0.600000 0.921875 0.600000 0.925000 0.604167 0.926562 0.604167 0.935938 0.616667 0.935938 0.618750 0.937500 0.620833 0.937500 0.622917 0.939062 0.625000 0.939062 0.627083 0.940625 0.629167 0.940625 0.633333 0.942187 0.635417 0.942187 0.643750 0.943750 0.645833 0.943750 0.650000 0.945312 0.652083 0.945312 0.664583 0.943750 0.666667 0.943750 0.685417 0.946875 0.689583 0.951563 0.689583 0.951563 0.704167 0.943750 0.704167 0.942187 0.706250 0.939062 0.706250 0.932813 0.714583 0.932813 0.716667 0.931250 0.718750 0.931250 0.727083 0.926562 0.733333 0.926562 0.735417 0.920313 0.743750 0.920313 0.745833 0.917188 0.750000 0.917188 0.752083 0.912500 0.758333 0.910937 0.758333 0.909375 0.760417 0.907812 0.760417 0.906250 0.762500 0.903125 0.762500 0.901563 0.764583 0.889063 0.764583 0.887500 0.762500 0.884375 0.762500 0.882812 0.760417 0.881250 0.760417 0.878125 0.756250 0.876562 0.756250 0.875000 0.754167 0.873438 0.754167 0.871875 0.752083 0.870313 0.752083 0.867188 0.747917 0.865625 0.747917 0.862500 0.743750 0.860937 0.743750 0.859375 0.741667 0.856250 0.741667 0.854688 0.739583 0.850000 0.739583 0.848437 0.741667 0.842188 0.741667 0.840625 0.743750 0.834375 0.743750 0.832812 0.745833 0.828125 0.745833 0.826563 0.747917 0.821875 0.747917 0.820312 0.750000 0.818750 0.750000 0.817187 0.752083 0.815625 0.752083 0.814062 0.754167 0.810938 0.754167 0.809375 0.756250 0.806250 0.756250 0.804688 0.758333 0.798437 0.758333 0.796875 0.756250 0.793750 0.756250 0.792188 0.754167 0.790625 0.754167 0.790625 0.752083 0.789062 0.750000 0.789062 0.712500 0.790625 0.710417 0.790625 0.695833 0.792188 0.693750 0.792188 0.683333 0.793750 0.681250 0.793750 0.679167 0.795313 0.677083 0.796875 0.677083 0.801562 0.670833 0.801562 0.668750 0.803125 0.666667 0.803125 0.664583 0.804688 0.662500 0.804688 0.660417 0.810938 0.652083 0.812500 0.652083 0.814062 0.650000 0.815625 0.650000 0.821875 0.641667 0.823438 0.641667 0.826563 0.637500 0.826563 0.635417 0.828125 0.633333 0.828125 0.631250 0.829687 0.629167 0.829687 0.627083 0.831250 0.625000 0.831250 0.606250 0.829687 0.604167 0.829687 0.602083 0.826563 0.597917 0.826563 0.595833 0.804688 0.566667 0.803125 0.566667 0.787500 0.545833 0.785937 0.545833 0.784375 0.543750 0.782812 0.543750 0.778125 0.537500 0.776563 0.537500 0.776563 0.535417 0.775000 0.533333 0.775000 0.531250 0.773438 0.529167 0.773438 0.522917 0.771875 0.520833 0.771875 0.514583 0.770312 0.512500 0.770312 0.510417 0.775000 0.510417 0.428125 0.518750 0.426562 0.516667 0.423438 0.516667 0.421875 0.518750 0.415625 0.518750 0.414062 0.520833 0.409375 0.520833 0.407813 0.522917 0.406250 0.522917 0.404687 0.525000 0.401563 0.525000 0.398438 0.529167 0.396875 0.529167 0.395312 0.531250 0.392188 0.531250 0.390625 0.533333 0.387500 0.533333 0.385938 0.535417 0.384375 0.535417 0.379687 0.541667 0.378125 0.541667 0.370313 0.552083 0.348437 0.552083 0.346875 0.554167 0.339063 0.554167 0.337500 0.552083 0.334375 0.552083 0.332812 0.550000 0.328125 0.550000 0.326562 0.552083 0.321875 0.552083 0.320312 0.554167 0.318750 0.554167 0.317187 0.556250 0.315625 0.556250 0.307813 0.566667 0.307813 0.568750 0.306250 0.570833 0.306250 0.572917 0.304688 0.575000 0.304688 0.577083 0.296875 0.587500 0.246875 0.579167 0.245312 0.577083 0.245312 0.579167 0.246875 0.579167
0 0.701563 0.412500 0.701563 0.420833 0.700000 0.422917 0.700000 0.433333 0.698438 0.435417 0.698438 0.437500 0.695312 0.441667 0.690625 0.441667 0.690625 0.485417 0.726562 0.485417 0.726562 0.477083 0.728125 0.475000 0.732813 0.475000 0.732813 0.447917 0.728125 0.447917 0.725000 0.443750 0.725000 0.441667 0.723437 0.439583 0.723437 0.437500 0.721875 0.435417 0.721875 0.433333 0.717188 0.427083 0.717188 0.422917 0.715625 0.420833 0.715625 0.412500
0 0.432813 0.395833 0.432813 0.404167 0.431250 0.406250 0.431250 0.408333 0.429688 0.410417 0.429688 0.412500 0.428125 0.414583 0.428125 0.429167 0.426562 0.431250 0.426562 0.435417 0.425000 0.437500 0.425000 0.439583 0.421875 0.443750 0.420312 0.443750 0.415625 0.450000 0.414062 0.450000 0.407813 0.458333 0.407813 0.460417 0.406250 0.462500 0.406250 0.466667 0.404687 0.468750 0.404687 0.485417 0.403125 0.487500 0.403125 0.491667 0.401563 0.493750 0.396875 0.493750 0.396875 0.527083 0.410937 0.527083 0.410937 0.520833 0.414062 0.516667 0.415625 0.516667 0.417188 0.514583 0.418750 0.514583 0.420312 0.512500 0.423438 0.512500 0.428125 0.506250 0.428125 0.504167 0.429688 0.502083 0.429688 0.481250 0.431250 0.479167 0.431250 0.475000 0.432813 0.472917 0.432813 0.470833 0.434375 0.468750 0.434375 0.466667 0.442187 0.456250 0.443750 0.456250 0.445312 0.454167 0.448438 0.454167 0.450000 0.452083 0.464063 0.452083 0.464063 0.422917 0.459375 0.422917 0.457812 0.420833 0.457812 0.412500 0.456250 0.410417 0.456250 0.406250 0.454688 0.404167 0.454688 0.395833
0 0.371875 0.412500 0.371875 0.497917 0.376563 0.497917 0.379687 0.502083 0.379687 0.504167 0.384375 0.510417 0.384375 0.512500 0.385938 0.514583 0.385938 0.516667 0.387500 0.518750 0.387500 0.527083 0.400000 0.527083 0.400000 0.512500 0.401563 0.510417 0.400000 0.508333 0.400000 0.502083 0.401563 0.500000 0.401563 0.493750 0.403125 0.491667 0.407813 0.491667 0.407813 0.437500 0.403125 0.437500 0.398438 0.431250 0.398438 0.427083 0.396875 0.425000 0.396875 0.420833 0.395312 0.418750 0.395312 0.412500
0 0.684375 0.395833 0.684375 0.416667 0.682813 0.418750 0.682813 0.420833 0.678125 0.427083 0.671875 0.427083 0.671875 0.485417 0.690625 0.485417 0.690625 0.468750 0.692187 0.466667 0.692187 0.456250 0.693750 0.454167 0.693750 0.445833 0.696875 0.441667 0.701563 0.441667 0.701563 0.395833
0 0.760938 0.404167 0.760938 0.412500 0.757812 0.416667 0.753125 0.416667 0.753125 0.464583 0.759375 0.464583 0.760938 0.466667 0.762500 0.466667 0.768750 0.475000 0.768750 0.477083 0.770312 0.479167 0.770312 0.497917 0.771875 0.500000 0.771875 0.502083 0.773438 0.504167 0.775000 0.504167 0.778125 0.508333 0.779688 0.508333 0.782812 0.512500 0.782812 0.518750 0.795313 0.518750 0.795313 0.502083 0.790625 0.502083 0.784375 0.493750 0.784375 0.491667 0.782812 0.489583 0.782812 0.487500 0.781250 0.485417 0.781250 0.464583 0.782812 0.462500 0.782812 0.454167 0.785937 0.450000 0.785937 0.447917 0.787500 0.445833 0.787500 0.437500 0.782812 0.431250 0.782812 0.429167 0.781250 0.427083 0.781250 0.422917 0.779688 0.420833 0.779688 0.404167
0 0.067188 0.360417 0.068750 0.362500 0.068750 0.364583 0.076563 0.364583 0.076563 0.354167 0.067188 0.354167 0.067188 0.360417 0.064062 0.362500 0.062500 0.360417 0.062500 0.354167 0.045313 0.354167 0.045313 0.360417 0.042188 0.364583 0.042188 0.366667 0.040625 0.368750 0.040625 0.370833 0.039062 0.372917 0.039062 0.375000 0.037500 0.377083 0.037500 0.379167 0.035937 0.381250 0.035937 0.387500 0.034375 0.389583 0.034375 0.395833 0.032812 0.397917 0.032812 0.400000 0.031250 0.402083 0.031250 0.404167 0.029687 0.406250 0.029687 0.408333 0.026563 0.412500 0.021875 0.412500 0.021875 0.485417 0.034375 0.485417 0.034375 0.475000 0.035937 0.472917 0.035937 0.470833 0.037500 0.468750 0.037500 0.466667 0.040625 0.462500 0.040625 0.458333 0.046875 0.450000 0.046875 0.447917 0.048437 0.445833 0.050000 0.445833 0.051562 0.443750 0.053125 0.443750 0.053125 0.441667 0.054688 0.439583 0.056250 0.439583 0.057813 0.437500 0.057813 0.422917 0.059375 0.420833 0.059375 0.414583 0.060938 0.412500 0.062500 0.412500 0.065625 0.408333 0.065625 0.406250 0.068750 0.402083 0.068750 0.400000 0.071875 0.395833 0.076563 0.395833 0.071875 0.395833 0.070312 0.393750 0.070312 0.391667 0.068750 0.389583 0.068750 0.383333 0.067188 0.381250 0.067188 0.375000 0.064062 0.370833 0.064062 0.362500
