0 0.126563 0.457489 0.126563 0.471565 0.125000 0.473911 0.125000 0.516141 0.123438 0.518487 0.123438 0.520833 0.121875 0.523179 0.120312 0.523179 0.118750 0.525526 0.117188 0.525526 0.104687 0.544294 0.104687 0.546640 0.103125 0.548986 0.096875 0.548986 0.096875 0.624062 0.101562 0.624062 0.104687 0.628754 0.104687 0.631100 0.106250 0.633446 0.106250 0.649869 0.104687 0.652215 0.104687 0.673330 0.103125 0.675676 0.103125 0.678022 0.101562 0.680368 0.096875 0.680368 0.096875 0.682714 0.101562 0.682714 0.104687 0.687406 0.104687 0.689752 0.107813 0.694444 0.109375 0.694444 0.110937 0.696791 0.110937 0.699137 0.112500 0.701483 0.112500 0.792980 0.110937 0.795327 0.110937 0.811749 0.112500 0.814095 0.112500 0.839902 0.114063 0.842248 0.114063 0.861017 0.117188 0.865709 0.129688 0.865709 0.131250 0.863363 0.134375 0.863363 0.135937 0.861017 0.145313 0.861017 0.146875 0.863363 0.157813 0.863363 0.159375 0.861017 0.160938 0.861017 0.160938 0.851633 0.159375 0.849287 0.159375 0.846941 0.157813 0.844595 0.157813 0.842248 0.156250 0.839902 0.156250 0.809403 0.157813 0.807057 0.157813 0.774212 0.159375 0.771866 0.159375 0.757789 0.160938 0.755443 0.160938 0.731982 0.162500 0.729636 0.162500 0.710867 0.164062 0.708521 0.164062 0.701483 0.165625 0.699137 0.165625 0.696791 0.167187 0.694444 0.167187 0.689752 0.168750 0.687406 0.168750 0.645176 0.171875 0.640484 0.176563 0.640484 0.176563 0.605293 0.171875 0.605293 0.170312 0.602947 0.168750 0.602947 0.165625 0.598255 0.165625 0.595908 0.162500 0.591216 0.160938 0.591216 0.159375 0.588870 0.159375 0.586524 0.157813 0.584178 0.157813 0.574794 0.159375 0.572447 0.159375 0.565409 0.160938 0.563063 0.160938 0.560717 0.162500 0.558371 0.162500 0.548986 0.160938 0.546640 0.160938 0.544294 0.159375 0.541948 0.159375 0.539602 0.156250 0.534910 0.156250 0.532564 0.154687 0.530218 0.154687 0.511449 0.156250 0.509103 0.156250 0.497372 0.157813 0.495026 0.157813 0.492680 0.156250 0.490334 0.156250 0.471565 0.154687 0.469219 0.154687 0.457489
0 0.551562 0.448104 0.551562 0.457489 0.550000 0.459835 0.550000 0.462181 0.548437 0.464527 0.548437 0.466873 0.546875 0.469219 0.546875 0.476258 0.545313 0.478604 0.545313 0.483296 0.543750 0.485642 0.543750 0.490334 0.545313 0.492680 0.545313 0.495026 0.543750 0.497372 0.543750 0.506757 0.545313 0.509103 0.545313 0.523179 0.543750 0.525526 0.543750 0.527872 0.542188 0.530218 0.542188 0.532564 0.540625 0.534910 0.539062 0.534910 0.537500 0.537256 0.535937 0.537256 0.529688 0.546640 0.529688 0.548986 0.526563 0.553679 0.526563 0.556025 0.525000 0.558371 0.525000 0.563063 0.523438 0.565409 0.523438 0.572447 0.520312 0.577140 0.515625 0.577140 0.515625 0.614677 0.520312 0.614677 0.526563 0.624062 0.526563 0.626408 0.529688 0.631100 0.531250 0.631100 0.534375 0.635792 0.534375 0.638138 0.535937 0.640484 0.535937 0.710867 0.537500 0.713213 0.537500 0.757789 0.539062 0.760135 0.539062 0.788288 0.540625 0.790634 0.540625 0.882132 0.542188 0.884478 0.542188 0.929054 0.540625 0.931400 0.540625 0.943131 0.539062 0.945477 0.539062 0.950169 0.537500 0.952515 0.537500 0.954861 0.534375 0.959553 0.534375 0.961899 0.532812 0.964245 0.534375 0.966592 0.534375 0.971284 0.535937 0.973630 0.537500 0.973630 0.539062 0.975976 0.542188 0.975976 0.543750 0.978322 0.551562 0.978322 0.553125 0.980668 0.560938 0.980668 0.562500 0.978322 0.564062 0.978322 0.565625 0.975976 0.565625 0.973630 0.567187 0.971284 0.567187 0.957207 0.568750 0.954861 0.568750 0.851633 0.570312 0.849287 0.570312 0.839902 0.571875 0.837556 0.571875 0.830518 0.573438 0.828172 0.573438 0.818788 0.575000 0.816441 0.575000 0.804711 0.576563 0.802365 0.578125 0.802365 0.579687 0.804711 0.579687 0.811749 0.581250 0.814095 0.581250 0.818788 0.582812 0.821134 0.582812 0.825826 0.584375 0.828172 0.584375 0.832864 0.585938 0.835210 0.585938 0.856325 0.587500 0.858671 0.587500 0.872748 0.585938 0.875094 0.585938 0.929054 0.584375 0.931400 0.584375 0.952515 0.585938 0.954861 0.585938 0.961899 0.587500 0.964245 0.587500 0.971284 0.589063 0.973630 0.589063 0.975976 0.590625 0.978322 0.592188 0.978322 0.595312 0.983014 0.595312 0.990053 0.598437 0.990053 0.598437 0.983014 0.600000 0.980668 0.603125 0.980668 0.604688 0.978322 0.607813 0.978322 0.609375 0.975976 0.612500 0.975976 0.614062 0.973630 0.615625 0.973630 0.617188 0.971284 0.617188 0.966592 0.618750 0.964245 0.618750 0.961899 0.617188 0.959553 0.617188 0.943131 0.615625 0.940785 0.615625 0.931400 0.614062 0.929054 0.614062 0.898555 0.615625 0.896209 0.615625 0.788288 0.614062 0.785942 0.614062 0.783596 0.615625 0.781250 0.615625 0.739020 0.614062 0.736674 0.614062 0.717905 0.612500 0.715559 0.612500 0.699137 0.614062 0.696791 0.614062 0.687406 0.615625 0.685060 0.615625 0.666291 0.614062 0.663945 0.614062 0.659253 0.612500 0.656907 0.612500 0.654561 0.610937 0.652215 0.610937 0.647523 0.609375 0.645176 0.609375 0.635792 0.607813 0.633446 0.607813 0.624062 0.606250 0.621715 0.606250 0.605293 0.604688 0.602947 0.604688 0.570101 0.603125 0.567755 0.603125 0.558371 0.601562 0.556025 0.601562 0.532564 0.595312 0.523179 0.593750 0.523179 0.592188 0.520833 0.590625 0.520833 0.589063 0.518487 0.587500 0.518487 0.585938 0.516141 0.584375 0.516141 0.582812 0.513795 0.582812 0.473911 0.581250 0.471565 0.581250 0.466873 0.579687 0.464527 0.579687 0.462181 0.578125 0.459835 0.578125 0.457489 0.576563 0.455143 0.576563 0.448104
0 0.925000 0.635792 0.925000 0.642830 0.920313 0.649869 0.914062 0.649869 0.912500 0.652215 0.909375 0.652215 0.904688 0.659253 0.904688 0.661599 0.903125 0.663945 0.903125 0.668637 0.904688 0.670983 0.904688 0.678022 0.906250 0.680368 0.906250 0.694444 0.907812 0.696791 0.907812 0.699137 0.909375 0.701483 0.909375 0.706175 0.910937 0.708521 0.910937 0.715559 0.912500 0.717905 0.912500 0.722598 0.914062 0.724944 0.914062 0.727290 0.928125 0.748405 0.928125 0.757789 0.926562 0.760135 0.926562 0.762481 0.925000 0.764827 0.925000 0.771866 0.923437 0.774212 0.923437 0.785942 0.921875 0.788288 0.921875 0.797673 0.920313 0.800019 0.920313 0.802365 0.917188 0.807057 0.917188 0.809403 0.915625 0.811749 0.915625 0.814095 0.909375 0.823480 0.909375 0.825826 0.907812 0.828172 0.907812 0.835210 0.909375 0.837556 0.909375 0.842248 0.907812 0.844595 0.907812 0.851633 0.906250 0.853979 0.906250 0.856325 0.904688 0.858671 0.904688 0.861017 0.903125 0.863363 0.903125 0.868056 0.901563 0.870402 0.901563 0.879786 0.900000 0.882132 0.900000 0.886824 0.898438 0.889170 0.898438 0.893863 0.896875 0.896209 0.896875 0.898555 0.895312 0.900901 0.895312 0.905593 0.893750 0.907939 0.893750 0.919670 0.892187 0.922016 0.892187 0.929054 0.890625 0.931400 0.890625 0.936092 0.889063 0.938438 0.889063 0.943131 0.887500 0.945477 0.887500 0.950169 0.885938 0.952515 0.885938 0.954861 0.882812 0.959553 0.878125 0.959553 0.878125 0.999437 0.909375 0.999437 0.909375 0.992399 0.914062 0.985360 0.923437 0.985360 0.925000 0.987706 0.943750 0.987706 0.946875 0.992399 0.946875 0.999437 0.973437 0.999437 0.973437 0.992399 0.976562 0.987706 0.979688 0.987706 0.981250 0.985360 0.982813 0.985360 0.982813 0.983014 0.984375 0.980668 0.984375 0.978322 0.985937 0.975976 0.985937 0.973630 0.989062 0.968938 0.992188 0.968938 0.993750 0.966592 0.998438 0.966592 0.998438 0.760135 0.995313 0.760135 0.993750 0.757789 0.993750 0.755443 0.976562 0.729636 0.976562 0.724944 0.975000 0.722598 0.975000 0.715559 0.976562 0.713213 0.976562 0.706175 0.978125 0.703829 0.978125 0.689752 0.976562 0.687406 0.976562 0.682714 0.975000 0.680368 0.975000 0.678022 0.973437 0.675676 0.973437 0.673330 0.970312 0.668637 0.970312 0.666291 0.957812 0.647523 0.956250 0.647523 0.953125 0.642830 0.953125 0.635792
0 0.676562 0.490334 0.675000 0.492680 0.673437 0.492680 0.671875 0.495026 0.671875 0.497372 0.670313 0.499718 0.670313 0.523179 0.668750 0.525526 0.668750 0.534910 0.667188 0.537256 0.667188 0.546640 0.668750 0.548986 0.668750 0.563063 0.670313 0.565409 0.670313 0.574794 0.668750 0.577140 0.668750 0.584178 0.667188 0.586524 0.667188 0.588870 0.665625 0.591216 0.665625 0.593562 0.664062 0.595908 0.664062 0.598255 0.662500 0.600601 0.662500 0.649869 0.660937 0.652215 0.660937 0.708521 0.662500 0.710867 0.662500 0.720252 0.664062 0.722598 0.664062 0.724944 0.665625 0.727290 0.665625 0.729636 0.667188 0.731982 0.667188 0.736674 0.668750 0.739020 0.668750 0.753097 0.670313 0.755443 0.670313 0.769520 0.671875 0.771866 0.671875 0.783596 0.673437 0.785942 0.673437 0.800019 0.675000 0.802365 0.675000 0.811749 0.676562 0.814095 0.676562 0.823480 0.678125 0.825826 0.678125 0.839902 0.679688 0.842248 0.678125 0.844595 0.678125 0.858671 0.679688 0.861017 0.679688 0.865709 0.681250 0.868056 0.681250 0.877440 0.682813 0.879786 0.682813 0.893863 0.681250 0.896209 0.681250 0.898555 0.671875 0.912631 0.670313 0.912631 0.667188 0.917324 0.667188 0.922016 0.665625 0.924362 0.667188 0.926708 0.668750 0.926708 0.670313 0.929054 0.673437 0.929054 0.675000 0.931400 0.692187 0.931400 0.693750 0.933746 0.698438 0.933746 0.700000 0.931400 0.706250 0.931400 0.707812 0.933746 0.709375 0.931400 0.710938 0.931400 0.712500 0.929054 0.714063 0.929054 0.715625 0.926708 0.715625 0.924362 0.717188 0.922016 0.717188 0.919670 0.718750 0.917324 0.718750 0.896209 0.717188 0.893863 0.717188 0.877440 0.718750 0.875094 0.718750 0.868056 0.720312 0.865709 0.720312 0.863363 0.721875 0.861017 0.726562 0.861017 0.726562 0.858671 0.720312 0.858671 0.718750 0.856325 0.718750 0.853979 0.717188 0.851633 0.717188 0.849287 0.715625 0.846941 0.715625 0.844595 0.714063 0.842248 0.714063 0.839902 0.712500 0.837556 0.712500 0.830518 0.710938 0.828172 0.710938 0.814095 0.709375 0.811749 0.709375 0.797673 0.710938 0.795327 0.710938 0.788288 0.712500 0.785942 0.712500 0.771866 0.714063 0.769520 0.714063 0.760135 0.715625 0.757789 0.715625 0.750751 0.717188 0.748405 0.717188 0.734328 0.718750 0.731982 0.718750 0.722598 0.720312 0.720252 0.720312 0.717905 0.721875 0.715559 0.726562 0.715559 0.726562 0.591216 0.721875 0.591216 0.720312 0.588870 0.720312 0.586524 0.718750 0.584178 0.718750 0.577140 0.717188 0.574794 0.717188 0.570101 0.715625 0.567755 0.715625 0.565409 0.714063 0.563063 0.714063 0.560717 0.712500 0.558371 0.712500 0.553679 0.710938 0.551333 0.710938 0.544294 0.709375 0.541948 0.709375 0.539602 0.706250 0.534910 0.706250 0.532564 0.703125 0.527872 0.703125 0.525526 0.700000 0.520833 0.700000 0.518487 0.696875 0.513795 0.696875 0.511449 0.692187 0.504411 0.692187 0.502065 0.690625 0.502065 0.684375 0.492680 0.681250 0.492680 0.679688 0.490334
0 0.765625 0.523179 0.765625 0.509103 0.767187 0.506757 0.767187 0.499718 0.768750 0.497372 0.768750 0.490334 0.770312 0.487988 0.770312 0.485642 0.768750 0.483296 0.768750 0.480950 0.767187 0.478604 0.767187 0.476258 0.765625 0.473911 0.764063 0.473911 0.762500 0.471565 0.753125 0.471565 0.753125 0.548986 0.757812 0.548986 0.759375 0.546640 0.760938 0.546640 0.762500 0.544294 0.762500 0.530218 0.764063 0.527872 0.764063 0.525526 0.765625 0.523179 0.775000 0.523179 0.775000 0.532564 0.776563 0.534910 0.776563 0.537256 0.778125 0.539602 0.778125 0.570101 0.776563 0.572447 0.776563 0.577140 0.775000 0.579486 0.775000 0.609985 0.776563 0.612331 0.776563 0.659253 0.775000 0.661599 0.775000 0.678022 0.773438 0.680368 0.773438 0.694444 0.771875 0.696791 0.771875 0.703829 0.770312 0.706175 0.770312 0.710867 0.768750 0.713213 0.768750 0.724944 0.767187 0.727290 0.767187 0.736674 0.765625 0.739020 0.765625 0.741366 0.764063 0.743712 0.764063 0.746059 0.760938 0.750751 0.760938 0.755443 0.759375 0.757789 0.759375 0.760135 0.757812 0.762481 0.753125 0.762481 0.753125 0.769520 0.757812 0.769520 0.759375 0.771866 0.759375 0.776558 0.760938 0.778904 0.760938 0.783596 0.762500 0.785942 0.762500 0.792980 0.764063 0.795327 0.764063 0.800019 0.765625 0.802365 0.765625 0.804711 0.767187 0.804711 0.770312 0.809403 0.779688 0.809403 0.781250 0.807057 0.782812 0.807057 0.784375 0.804711 0.784375 0.792980 0.785937 0.790634 0.785937 0.776558 0.787500 0.774212 0.787500 0.762481 0.789062 0.760135 0.789062 0.755443 0.790625 0.753097 0.790625 0.750751 0.792188 0.748405 0.792188 0.743712 0.793750 0.741366 0.793750 0.729636 0.795313 0.727290 0.795313 0.720252 0.798437 0.715559 0.798437 0.713213 0.800000 0.710867 0.800000 0.703829 0.801562 0.701483 0.801562 0.699137 0.803125 0.696791 0.804688 0.699137 0.804688 0.703829 0.806250 0.706175 0.806250 0.731982 0.804688 0.734328 0.804688 0.736674 0.801562 0.741366 0.801562 0.755443 0.800000 0.757789 0.801562 0.760135 0.801562 0.776558 0.809375 0.788288 0.814062 0.788288 0.818750 0.795327 0.818750 0.800019 0.820312 0.802365 0.820312 0.821134 0.826563 0.821134 0.826563 0.802365 0.823438 0.797673 0.823438 0.741366 0.825000 0.739020 0.825000 0.720252 0.826563 0.717905 0.826563 0.715559 0.828125 0.713213 0.828125 0.706175 0.829687 0.703829 0.829687 0.699137 0.831250 0.696791 0.831250 0.692098 0.832812 0.689752 0.832812 0.685060 0.834375 0.682714 0.834375 0.678022 0.835938 0.675676 0.835938 0.673330 0.837500 0.670983 0.837500 0.609985 0.835938 0.607639 0.835938 0.570101 0.837500 0.567755 0.837500 0.553679 0.839063 0.551333 0.839063 0.546640 0.840625 0.544294 0.845312 0.544294 0.845312 0.532564 0.840625 0.532564 0.839063 0.530218 0.839063 0.527872 0.837500 0.525526 0.837500 0.520833 0.835938 0.518487 0.835938 0.516141 0.832812 0.511449 0.832812 0.509103 0.828125 0.502065 0.828125 0.499718 0.826563 0.497372 0.826563 0.471565 0.825000 0.469219 0.825000 0.457489 0.796875 0.457489 0.796875 0.466873 0.795313 0.469219 0.795313 0.473911 0.793750 0.476258 0.793750 0.480950 0.792188 0.483296 0.792188 0.499718 0.790625 0.502065 0.790625 0.506757 0.782812 0.518487 0.778125 0.518487 0.775000 0.523179
17 0.303125 0.466873 0.303125 0.476258 0.301562 0.478604 0.300000 0.478604 0.290625 0.492680 0.289062 0.492680 0.287500 0.495026 0.285937 0.495026 0.282813 0.499718 0.282813 0.502065 0.279687 0.506757 0.279687 0.509103 0.278125 0.511449 0.278125 0.513795 0.275000 0.518487 0.275000 0.520833 0.273438 0.523179 0.273438 0.527872 0.271875 0.530218 0.271875 0.534910 0.270312 0.537256 0.265625 0.537256 0.265625 0.541948 0.270312 0.541948 0.271875 0.544294 0.271875 0.551333 0.273438 0.553679 0.273438 0.563063 0.275000 0.565409 0.275000 0.572447 0.276563 0.574794 0.276563 0.584178 0.278125 0.586524 0.278125 0.600601 0.276563 0.602947 0.276563 0.607639 0.278125 0.609985 0.278125 0.631100 0.279687 0.633446 0.279687 0.647523 0.281250 0.649869 0.281250 0.654561 0.278125 0.659253 0.276563 0.659253 0.271875 0.652215 0.271875 0.645176 0.265625 0.645176 0.265625 0.731982 0.271875 0.731982 0.273438 0.729636 0.275000 0.729636 0.275000 0.724944 0.271875 0.720252 0.273438 0.717905 0.275000 0.717905 0.276563 0.715559 0.279687 0.720252 0.279687 0.724944 0.278125 0.727290 0.279687 0.729636 0.279687 0.731982 0.281250 0.734328 0.281250 0.743712 0.278125 0.748405 0.278125 0.755443 0.276563 0.757789 0.276563 0.764827 0.275000 0.767173 0.275000 0.769520 0.271875 0.774212 0.265625 0.774212 0.265625 0.849287 0.271875 0.849287 0.271875 0.839902 0.273438 0.837556 0.273438 0.835210 0.275000 0.832864 0.275000 0.804711 0.279687 0.797673 0.284375 0.797673 0.287500 0.802365 0.289062 0.802365 0.290625 0.804711 0.290625 0.807057 0.292188 0.809403 0.292188 0.821134 0.290625 0.823480 0.290625 0.832864 0.293750 0.837556 0.293750 0.839902 0.295312 0.842248 0.295312 0.849287 0.304688 0.849287 0.304688 0.839902 0.306250 0.837556 0.307813 0.837556 0.312500 0.830518 0.312500 0.825826 0.314063 0.823480 0.314063 0.792980 0.312500 0.790634 0.312500 0.760135 0.314063 0.757789 0.314063 0.706175 0.315625 0.703829 0.315625 0.689752 0.317187 0.687406 0.317187 0.685060 0.320312 0.680368 0.326562 0.680368 0.328125 0.682714 0.331250 0.682714 0.332812 0.685060 0.340625 0.685060 0.343750 0.689752 0.343750 0.692098 0.345313 0.694444 0.345313 0.696791 0.346875 0.699137 0.346875 0.720252 0.345313 0.722598 0.345313 0.743712 0.346875 0.746059 0.346875 0.753097 0.348437 0.755443 0.348437 0.762481 0.350000 0.764827 0.350000 0.835210 0.351562 0.837556 0.351562 0.849287 0.364062 0.849287 0.364062 0.839902 0.365625 0.837556 0.365625 0.832864 0.367188 0.830518 0.367188 0.828172 0.368750 0.825826 0.368750 0.821134 0.370313 0.818788 0.370313 0.814095 0.371875 0.811749 0.371875 0.804711 0.373437 0.802365 0.373437 0.792980 0.375000 0.790634 0.375000 0.783596 0.376563 0.781250 0.376563 0.774212 0.378125 0.771866 0.378125 0.762481 0.379687 0.760135 0.379687 0.736674 0.381250 0.734328 0.381250 0.729636 0.382812 0.727290 0.382812 0.722598 0.384375 0.720252 0.384375 0.717905 0.385938 0.715559 0.387500 0.715559 0.389062 0.713213 0.389062 0.710867 0.390625 0.708521 0.390625 0.694444 0.392188 0.692098 0.392188 0.689752 0.395312 0.685060 0.395312 0.682714 0.396875 0.680368 0.396875 0.678022 0.398438 0.675676 0.398438 0.661599 0.396875 0.659253 0.396875 0.640484 0.398438 0.638138 0.398438 0.633446 0.400000 0.631100 0.400000 0.626408 0.401563 0.624062 0.401563 0.609985 0.403125 0.607639 0.407813 0.607639 0.407813 0.595908 0.403125 0.595908 0.401563 0.593562 0.401563 0.588870 0.400000 0.586524 0.400000 0.565409 0.401563 0.563063 0.401563 0.548986 0.403125 0.546640 0.407813 0.546640 0.407813 0.534910 0.403125 0.534910 0.400000 0.530218 0.400000 0.527872 0.398438 0.525526 0.398438 0.523179 0.395312 0.518487 0.393750 0.518487 0.392188 0.516141 0.390625 0.516141 0.389062 0.513795 0.378125 0.513795 0.376563 0.511449 0.364062 0.511449 0.362500 0.513795 0.360938 0.513795 0.359375 0.516141 0.357812 0.516141 0.356250 0.518487 0.350000 0.518487 0.348437 0.516141 0.346875 0.516141 0.343750 0.511449 0.342187 0.511449 0.340625 0.509103 0.339063 0.509103 0.335938 0.504411 0.334375 0.504411 0.331250 0.499718 0.329688 0.499718 0.328125 0.497372 0.326562 0.497372 0.323438 0.492680 0.321875 0.492680 0.320312 0.490334 0.320312 0.487988 0.317187 0.483296 0.317187 0.478604 0.315625 0.476258 0.315625 0.466873
0 0.782812 0.790634 0.776563 0.790634 0.776563 0.792980 0.775000 0.795327 0.775000 0.802365 0.776563 0.804711 0.789062 0.804711 0.789062 0.792980 0.784375 0.792980 0.782812 0.790634 0.789062 0.731982 0.789062 0.776558 0.784375 0.776558 0.784375 0.753097 0.782812 0.750751 0.782812 0.736674 0.778125 0.635792 0.776563 0.633446 0.778125 0.631100 0.778125 0.621715 0.771875 0.595908 0.771875 0.593562 0.775000 0.588870 0.775000 0.586524 0.776563 0.584178 0.776563 0.579486 0.778125 0.577140 0.778125 0.565409 0.779688 0.563063 0.779688 0.553679 0.778125 0.551333 0.778125 0.534910 0.776563 0.532564 0.776563 0.523179 0.778125 0.520833 0.778125 0.516141 0.779688 0.513795 0.779688 0.506757 0.781250 0.504411 0.781250 0.495026 0.779688 0.492680 0.779688 0.487988 0.778125 0.485642 0.778125 0.480950 0.776563 0.478604 0.776563 0.466873 0.750000 0.466873 0.750000 0.476258 0.745313 0.483296 0.745313 0.485642 0.742188 0.490334 0.742188 0.492680 0.740625 0.495026 0.740625 0.497372 0.739062 0.499718 0.739062 0.502065 0.735937 0.506757 0.735937 0.509103 0.732813 0.513795 0.732813 0.516141 0.731250 0.518487 0.731250 0.520833 0.728125 0.525526 0.728125 0.527872 0.726562 0.530218 0.725000 0.530218 0.721875 0.534910 0.715625 0.534910 0.715625 0.563063 0.720312 0.563063 0.723437 0.567755 0.723437 0.572447 0.720312 0.577140 0.715625 0.577140 0.715625 0.666291 0.720312 0.666291 0.723437 0.670983 0.723437 0.673330 0.721875 0.675676 0.721875 0.682714 0.720312 0.685060 0.715625 0.685060 0.715625 0.703829 0.720312 0.703829 0.721875 0.706175 0.721875 0.771866 0.720312 0.774212 0.715625 0.774212 0.715625 0.886824 0.762500 0.886824 0.762500 0.875094 0.764063 0.872748 0.764063 0.868056 0.759375 0.861017 0.757812 0.861017 0.750000 0.849287 0.750000 0.839902 0.748438 0.837556 0.748438 0.807057 0.750000 0.804711 0.750000 0.795327 0.751562 0.792980 0.751562 0.790634 0.753125 0.788288 0.753125 0.785942 0.754687 0.783596 0.754687 0.778904 0.756250 0.776558 0.756250 0.771866 0.757812 0.769520 0.757812 0.762481 0.759375 0.760135 0.759375 0.741366 0.760938 0.739020 0.760938 0.722598 0.762500 0.720252 0.762500 0.713213 0.764063 0.710867 0.764063 0.706175 0.765625 0.703829 0.765625 0.701483 0.767187 0.699137 0.767187 0.689752 0.765625 0.687406 0.765625 0.682714 0.760938 0.682714 0.759375 0.680368 0.756250 0.680368 0.754687 0.678022 0.753125 0.678022 0.751562 0.675676 0.748438 0.675676 0.746875 0.673330 0.745313 0.673330 0.735937 0.659253 0.735937 0.656907 0.734375 0.654561 0.734375 0.652215 0.732813 0.649869 0.729688 0.649869 0.728125 0.647523 0.728125 0.645176 0.723437 0.638138 0.723437 0.619369 0.721875 0.617023 0.721875 0.612331 0.723437 0.609985 0.723437 0.600601 0.725000 0.598255 0.725000 0.595908 0.726562 0.593562 0.728125 0.593562 0.729688 0.595908 0.731250 0.595908 0.732813 0.598255 0.734375 0.595908 0.735937 0.595908 0.737500 0.593562 0.739062 0.593562 0.740625 0.591216 0.745313 0.598255 0.754687 0.598255 0.756250 0.595908 0.771875 0.595908 0.778125 0.621715 0.778125 0.635792 0.782812 0.736674 0.784375 0.734328 0.784375 0.731982 0.789062 0.731982
0 0.532812 0.729636 0.532812 0.739020 0.532812 0.729636 0.532812 0.724944 0.532812 0.708521 0.534375 0.706175 0.534375 0.701483 0.535937 0.699137 0.535937 0.640484 0.534375 0.638138 0.534375 0.633446 0.532812 0.631100 0.531250 0.631100 0.529688 0.628754 0.528125 0.628754 0.521875 0.619369 0.521875 0.617023 0.520312 0.614677 0.520312 0.612331 0.518750 0.609985 0.518750 0.602947 0.517187 0.600601 0.517187 0.588870 0.518750 0.586524 0.518750 0.577140 0.520312 0.574794 0.520312 0.570101 0.521875 0.567755 0.521875 0.563063 0.523438 0.560717 0.523438 0.558371 0.525000 0.556025 0.525000 0.553679 0.526563 0.551333 0.526563 0.548986 0.528125 0.546640 0.528125 0.544294 0.535937 0.532564 0.539062 0.532564 0.546875 0.520833 0.551562 0.520833 0.551562 0.466873 0.543750 0.466873 0.543750 0.476258 0.540625 0.480950 0.539062 0.480950 0.537500 0.483296 0.537500 0.485642 0.532812 0.492680 0.532812 0.495026 0.531250 0.497372 0.531250 0.499718 0.529688 0.502065 0.529688 0.504411 0.526563 0.509103 0.525000 0.509103 0.515625 0.523179 0.515625 0.525526 0.514063 0.527872 0.514063 0.530218 0.512500 0.532564 0.512500 0.534910 0.510938 0.537256 0.510938 0.539602 0.509375 0.541948 0.509375 0.544294 0.507812 0.546640 0.507812 0.548986 0.506250 0.551333 0.506250 0.558371 0.504687 0.560717 0.504687 0.565409 0.501562 0.570101 0.496875 0.570101 0.496875 0.633446 0.501562 0.633446 0.503125 0.635792 0.503125 0.638138 0.504687 0.640484 0.504687 0.652215 0.506250 0.654561 0.506250 0.661599 0.507812 0.663945 0.507812 0.680368 0.506250 0.682714 0.506250 0.701483 0.504687 0.703829 0.504687 0.720252 0.501562 0.724944 0.496875 0.724944 0.496875 0.764827 0.521875 0.764827 0.521875 0.755443 0.523438 0.753097 0.523438 0.750751 0.525000 0.748405 0.525000 0.734328 0.526563 0.731982 0.526563 0.724944 0.528125 0.722598 0.531250 0.722598 0.532812 0.724944
17 0.296875 0.807057 0.296875 0.814095 0.295312 0.816441 0.295312 0.828172 0.296875 0.830518 0.301562 0.830518 0.301562 0.807057 0.296875 0.807057 0.295312 0.748405 0.295312 0.746059 0.293750 0.743712 0.293750 0.741366 0.287500 0.746059 0.287500 0.729636 0.285937 0.727290 0.285937 0.717905 0.287500 0.715559 0.287500 0.708521 0.289062 0.706175 0.289062 0.699137 0.290625 0.696791 0.290625 0.694444 0.292188 0.692098 0.292188 0.680368 0.289062 0.675676 0.289062 0.673330 0.287500 0.670983 0.287500 0.666291 0.285937 0.663945 0.285937 0.661599 0.282813 0.656907 0.282813 0.654561 0.279687 0.649869 0.279687 0.645176 0.278125 0.642830 0.278125 0.631100 0.276563 0.628754 0.276563 0.621715 0.275000 0.619369 0.275000 0.617023 0.273438 0.614677 0.273438 0.600601 0.275000 0.598255 0.275000 0.574794 0.273438 0.572447 0.273438 0.563063 0.271875 0.560717 0.271875 0.546640 0.270312 0.544294 0.270312 0.532564 0.268750 0.530218 0.268750 0.518487 0.267188 0.516141 0.267188 0.506757 0.265625 0.504411 0.265625 0.502065 0.262500 0.497372 0.262500 0.495026 0.260938 0.492680 0.260938 0.490334 0.257812 0.485642 0.257812 0.483296 0.256250 0.480950 0.256250 0.478604 0.253125 0.473911 0.253125 0.471565 0.251563 0.469219 0.251563 0.459835 0.257812 0.450450 0.259375 0.450450 0.264062 0.443412 0.265625 0.443412 0.267188 0.441066 0.268750 0.441066 0.270312 0.438720 0.275000 0.438720 0.276563 0.436374 0.278125 0.436374 0.282813 0.429336 0.282813 0.424643 0.281250 0.422297 0.281250 0.419951 0.279687 0.417605 0.279687 0.410567 0.242188 0.410567 0.242188 0.417605 0.240625 0.419951 0.240625 0.422297 0.234375 0.431682 0.234375 0.434028 0.231250 0.438720 0.231250 0.445758 0.229687 0.448104 0.229687 0.455143 0.226562 0.459835 0.225000 0.459835 0.223438 0.462181 0.221875 0.462181 0.220313 0.464527 0.220313 0.466873 0.218750 0.469219 0.218750 0.473911 0.217187 0.476258 0.217187 0.480950 0.215625 0.483296 0.215625 0.487988 0.214062 0.490334 0.209375 0.490334 0.207813 0.492680 0.196875 0.492680 0.196875 0.502065 0.207813 0.502065 0.212500 0.495026 0.214062 0.495026 0.217187 0.499718 0.217187 0.506757 0.215625 0.509103 0.215625 0.513795 0.214062 0.516141 0.214062 0.518487 0.212500 0.520833 0.212500 0.523179 0.206250 0.532564 0.206250 0.534910 0.203125 0.539602 0.196875 0.539602 0.196875 0.541948 0.203125 0.541948 0.204688 0.544294 0.204688 0.546640 0.206250 0.548986 0.206250 0.551333 0.207813 0.553679 0.207813 0.586524 0.206250 0.588870 0.206250 0.635792 0.207813 0.638138 0.207813 0.659253 0.209375 0.661599 0.209375 0.670983 0.210938 0.673330 0.210938 0.687406 0.212500 0.689752 0.212500 0.724944 0.210938 0.727290 0.210938 0.776558 0.209375 0.778904 0.209375 0.785942 0.207813 0.788288 0.207813 0.795327 0.206250 0.797673 0.206250 0.807057 0.204688 0.809403 0.204688 0.816441 0.201562 0.821134 0.196875 0.821134 0.196875 0.849287 0.221875 0.849287 0.221875 0.837556 0.223438 0.835210 0.223438 0.771866 0.225000 0.769520 0.225000 0.753097 0.226562 0.750751 0.226562 0.748405 0.228125 0.746059 0.228125 0.741366 0.229687 0.739020 0.229687 0.708521 0.231250 0.706175 0.231250 0.685060 0.232812 0.682714 0.232812 0.680368 0.239063 0.670983 0.240625 0.670983 0.246875 0.680368 0.246875 0.682714 0.248437 0.685060 0.248437 0.687406 0.250000 0.689752 0.250000 0.701483 0.251563 0.703829 0.251563 0.715559 0.253125 0.717905 0.253125 0.741366 0.254687 0.743712 0.254687 0.748405 0.253125 0.750751 0.253125 0.774212 0.251563 0.776558 0.251563 0.809403 0.253125 0.811749 0.253125 0.814095 0.254687 0.816441 0.254687 0.818788 0.256250 0.821134 0.256250 0.823480 0.257812 0.825826 0.257812 0.832864 0.259375 0.835210 0.259375 0.839902 0.260938 0.842248 0.260938 0.849287 0.271875 0.849287 0.271875 0.842248 0.273438 0.839902 0.273438 0.835210 0.275000 0.832864 0.275000 0.828172 0.273438 0.825826 0.273438 0.783596 0.271875 0.781250 0.271875 0.778904 0.270312 0.776558 0.270312 0.767173 0.268750 0.764827 0.268750 0.762481 0.270312 0.760135 0.270312 0.753097 0.271875 0.750751 0.273438 0.753097 0.273438 0.755443 0.275000 0.757789 0.275000 0.771866 0.276563 0.774212 0.278125 0.774212 0.279687 0.771866 0.282813 0.771866 0.284375 0.769520 0.284375 0.762481 0.285937 0.760135 0.285937 0.748405 0.287500 0.746059 0.293750 0.741366 0.292188 0.739020 0.293750 0.736674 0.301562 0.736674 0.301562 0.750751 0.296875 0.750751 0.295312 0.748405
0 0.965625 0.438720 0.965625 0.457489 0.964063 0.459835 0.964063 0.464527 0.960938 0.469219 0.960938 0.471565 0.959375 0.473911 0.953125 0.473911 0.953125 0.570101 0.957812 0.570101 0.959375 0.572447 0.959375 0.588870 0.957812 0.591216 0.953125 0.591216 0.953125 0.609985 0.964063 0.609985 0.965625 0.612331 0.971875 0.612331 0.973437 0.609985 0.976562 0.609985 0.978125 0.607639 0.978125 0.595908 0.979688 0.593562 0.979688 0.586524 0.982813 0.581832 0.982813 0.579486 0.984375 0.577140 0.984375 0.567755 0.985937 0.565409 0.985937 0.558371 0.987500 0.556025 0.987500 0.551333 0.989062 0.548986 0.989062 0.546640 0.990625 0.544294 0.995313 0.544294 0.995313 0.485642 0.990625 0.485642 0.989062 0.483296 0.989062 0.480950 0.987500 0.478604 0.987500 0.476258 0.984375 0.471565 0.984375 0.469219 0.981250 0.464527 0.981250 0.450450 0.979688 0.448104 0.979688 0.438720
0 0.920313 0.652215 0.920313 0.654561 0.921875 0.654561 0.923437 0.656907 0.925000 0.656907 0.928125 0.661599 0.932813 0.661599 0.932813 0.649869 0.923437 0.649869 0.921875 0.652215 0.920313 0.652215 0.912500 0.649869 0.912500 0.633446 0.910937 0.631100 0.910937 0.624062 0.909375 0.621715 0.909375 0.617023 0.906250 0.612331 0.904688 0.612331 0.903125 0.609985 0.901563 0.609985 0.898438 0.605293 0.898438 0.598255 0.878125 0.598255 0.878125 0.607639 0.876562 0.609985 0.875000 0.609985 0.865625 0.624062 0.865625 0.626408 0.864062 0.628754 0.864062 0.635792 0.862500 0.638138 0.862500 0.645176 0.860937 0.647523 0.860937 0.649869 0.854688 0.659253 0.853125 0.659253 0.851562 0.661599 0.848437 0.661599 0.846875 0.663945 0.845312 0.663945 0.839063 0.673330 0.839063 0.675676 0.837500 0.678022 0.837500 0.680368 0.835938 0.682714 0.835938 0.685060 0.834375 0.687406 0.834375 0.689752 0.832812 0.692098 0.832812 0.696791 0.831250 0.699137 0.831250 0.703829 0.826563 0.710867 0.821875 0.710867 0.821875 0.762481 0.826563 0.762481 0.829687 0.767173 0.829687 0.778904 0.831250 0.781250 0.831250 0.792980 0.829687 0.795327 0.829687 0.800019 0.828125 0.802365 0.821875 0.802365 0.821875 0.835210 0.826563 0.835210 0.829687 0.839902 0.829687 0.849287 0.831250 0.851633 0.831250 0.856325 0.832812 0.858671 0.832812 0.861017 0.834375 0.863363 0.840625 0.863363 0.843750 0.858671 0.843750 0.853979 0.845312 0.851633 0.845312 0.818788 0.843750 0.816441 0.843750 0.811749 0.842188 0.809403 0.842188 0.807057 0.840625 0.804711 0.840625 0.797673 0.842188 0.795327 0.842188 0.790634 0.845312 0.785942 0.845312 0.783596 0.846875 0.781250 0.846875 0.774212 0.848437 0.771866 0.848437 0.769520 0.850000 0.767173 0.850000 0.764827 0.851562 0.762481 0.867188 0.785942 0.867188 0.788288 0.868750 0.790634 0.868750 0.792980 0.870313 0.795327 0.870313 0.797673 0.868750 0.800019 0.868750 0.804711 0.870313 0.807057 0.870313 0.816441 0.871875 0.818788 0.871875 0.821134 0.873438 0.823480 0.873438 0.825826 0.871875 0.828172 0.871875 0.839902 0.870313 0.842248 0.870313 0.858671 0.871875 0.861017 0.871875 0.884478 0.870313 0.886824 0.870313 0.896209 0.871875 0.898555 0.871875 0.907939 0.873438 0.910285 0.873438 0.912631 0.882812 0.926708 0.882812 0.933746 0.890625 0.933746 0.890625 0.924362 0.893750 0.919670 0.893750 0.912631 0.895312 0.910285 0.895312 0.893863 0.896875 0.891517 0.896875 0.882132 0.898438 0.879786 0.898438 0.870402 0.900000 0.868056 0.900000 0.858671 0.901563 0.856325 0.901563 0.828172 0.900000 0.825826 0.900000 0.809403 0.904688 0.802365 0.906250 0.802365 0.907812 0.800019 0.907812 0.797673 0.909375 0.795327 0.909375 0.790634 0.910937 0.788288 0.910937 0.785942 0.912500 0.783596 0.912500 0.781250 0.915625 0.776558 0.915625 0.774212 0.926562 0.757789 0.932813 0.757789 0.932813 0.743712 0.926562 0.743712 0.921875 0.736674 0.920313 0.736674 0.917188 0.731982 0.917188 0.729636 0.915625 0.727290 0.915625 0.724944 0.914062 0.722598 0.912500 0.722598 0.910937 0.720252 0.910937 0.717905 0.909375 0.715559 0.909375 0.706175 0.907812 0.703829 0.907812 0.696791 0.906250 0.694444 0.906250 0.678022 0.904688 0.675676 0.904688 0.661599 0.906250 0.659253 0.906250 0.656907 0.909375 0.652215 0.910937 0.652215 0.912500 0.649869
2 0.181250 0.476258 0.181250 0.483296 0.175000 0.492680 0.175000 0.495026 0.165625 0.509103 0.159375 0.509103 0.159375 0.539602 0.164062 0.539602 0.168750 0.546640 0.168750 0.551333 0.170312 0.553679 0.170312 0.556025 0.171875 0.558371 0.171875 0.572447 0.173438 0.574794 0.173438 0.591216 0.171875 0.593562 0.171875 0.598255 0.176563 0.605293 0.176563 0.614677 0.189063 0.614677 0.189063 0.607639 0.192188 0.602947 0.193750 0.602947 0.196875 0.598255 0.201562 0.598255 0.204688 0.593562 0.204688 0.591216 0.206250 0.588870 0.206250 0.584178 0.207813 0.581832 0.207813 0.579486 0.209375 0.577140 0.214062 0.577140 0.214062 0.558371 0.209375 0.558371 0.207813 0.556025 0.207813 0.539602 0.206250 0.537256 0.206250 0.530218 0.204688 0.527872 0.204688 0.511449 0.206250 0.509103 0.206250 0.506757 0.209375 0.502065 0.214062 0.502065 0.214062 0.476258
0 0.521875 0.577140 0.521875 0.586524 0.520312 0.588870 0.520312 0.607639 0.521875 0.609985 0.526563 0.609985 0.526563 0.577140 0.521875 0.577140 0.371875 0.520833 0.417188 0.537256 0.417188 0.544294 0.415625 0.546640 0.415625 0.560717 0.414062 0.563063 0.414062 0.579486 0.412500 0.581832 0.412500 0.591216 0.410937 0.593562 0.410937 0.602947 0.409375 0.605293 0.409375 0.612331 0.407813 0.614677 0.407813 0.621715 0.406250 0.624062 0.406250 0.631100 0.404687 0.633446 0.404687 0.638138 0.403125 0.640484 0.403125 0.652215 0.401563 0.654561 0.401563 0.675676 0.400000 0.678022 0.400000 0.680368 0.398438 0.682714 0.398438 0.685060 0.393750 0.692098 0.393750 0.694444 0.392188 0.696791 0.392188 0.706175 0.390625 0.708521 0.390625 0.713213 0.389062 0.715559 0.389062 0.720252 0.387500 0.722598 0.387500 0.724944 0.384375 0.729636 0.384375 0.734328 0.382812 0.736674 0.382812 0.743712 0.381250 0.746059 0.381250 0.757789 0.379687 0.760135 0.379687 0.771866 0.378125 0.774212 0.378125 0.781250 0.376563 0.783596 0.376563 0.788288 0.375000 0.790634 0.375000 0.795327 0.370313 0.802365 0.368750 0.802365 0.367188 0.800019 0.359375 0.800019 0.359375 0.842248 0.367188 0.842248 0.368750 0.839902 0.370313 0.839902 0.376563 0.830518 0.379687 0.835210 0.379687 0.839902 0.384375 0.846941 0.385938 0.846941 0.389062 0.851633 0.389062 0.858671 0.498437 0.858671 0.498437 0.849287 0.495313 0.844595 0.495313 0.837556 0.493750 0.835210 0.493750 0.788288 0.495313 0.785942 0.495313 0.781250 0.493750 0.778904 0.493750 0.771866 0.495313 0.769520 0.495313 0.762481 0.496875 0.760135 0.498437 0.762481 0.498437 0.764827 0.500000 0.767173 0.500000 0.769520 0.501562 0.771866 0.501562 0.774212 0.503125 0.771866 0.503125 0.760135 0.496875 0.750751 0.496875 0.743712 0.495313 0.741366 0.495313 0.736674 0.493750 0.734328 0.493750 0.727290 0.492188 0.724944 0.492188 0.717905 0.490625 0.715559 0.490625 0.710867 0.489062 0.708521 0.489062 0.701483 0.487500 0.699137 0.487500 0.696791 0.485938 0.694444 0.485938 0.692098 0.484375 0.689752 0.484375 0.687406 0.482812 0.685060 0.482812 0.680368 0.481250 0.678022 0.481250 0.670983 0.479688 0.668637 0.479688 0.652215 0.478125 0.649869 0.478125 0.645176 0.476562 0.642830 0.476562 0.640484 0.475000 0.638138 0.475000 0.635792 0.473437 0.633446 0.473437 0.624062 0.471875 0.621715 0.471875 0.612331 0.470313 0.609985 0.470313 0.602947 0.468750 0.600601 0.468750 0.567755 0.467187 0.565409 0.467187 0.548986 0.465625 0.546640 0.465625 0.544294 0.459375 0.534910 0.459375 0.530218 0.454688 0.523179 0.454688 0.506757 0.453125 0.504411 0.453125 0.497372 0.454688 0.495026 0.453125 0.492680 0.453125 0.483296 0.451562 0.480950 0.451562 0.476258 0.450000 0.473911 0.450000 0.469219 0.448438 0.466873 0.448438 0.457489 0.432813 0.457489 0.432813 0.466873 0.429688 0.471565 0.429688 0.473911 0.428125 0.476258 0.428125 0.478604 0.426562 0.480950 0.426562 0.487988 0.428125 0.490334 0.428125 0.509103 0.429688 0.511449 0.429688 0.513795 0.428125 0.516141 0.428125 0.520833 0.423438 0.527872 0.421875 0.527872 0.418750 0.532564 0.418750 0.534910 0.417188 0.537256 0.371875 0.520833 0.370313 0.518487 0.370313 0.516141 0.368750 0.513795 0.359375 0.513795 0.359375 0.525526 0.365625 0.525526 0.367188 0.523179 0.368750 0.523179 0.370313 0.520833 0.371875 0.520833
0 0.871875 0.466873 0.871875 0.476258 0.870313 0.478604 0.870313 0.483296 0.868750 0.485642 0.868750 0.509103 0.870313 0.511449 0.870313 0.520833 0.871875 0.523179 0.871875 0.537256 0.870313 0.539602 0.870313 0.541948 0.867188 0.546640 0.867188 0.548986 0.864062 0.553679 0.864062 0.556025 0.862500 0.558371 0.862500 0.560717 0.860937 0.563063 0.860937 0.572447 0.862500 0.574794 0.862500 0.577140 0.864062 0.579486 0.864062 0.591216 0.862500 0.593562 0.862500 0.619369 0.860937 0.621715 0.860937 0.624062 0.857813 0.628754 0.853125 0.628754 0.853125 0.661599 0.857813 0.661599 0.857813 0.652215 0.859375 0.649869 0.859375 0.638138 0.860937 0.635792 0.860937 0.633446 0.867188 0.624062 0.867188 0.621715 0.870313 0.617023 0.871875 0.617023 0.871875 0.614677 0.875000 0.609985 0.876562 0.609985 0.878125 0.607639 0.879687 0.607639 0.881250 0.605293 0.895312 0.605293 0.896875 0.607639 0.903125 0.607639 0.904688 0.605293 0.904688 0.600601 0.906250 0.598255 0.906250 0.588870 0.904688 0.586524 0.904688 0.558371 0.906250 0.556025 0.906250 0.537256 0.904688 0.534910 0.904688 0.530218 0.903125 0.527872 0.903125 0.525526 0.901563 0.523179 0.901563 0.518487 0.900000 0.516141 0.900000 0.485642 0.898438 0.483296 0.898438 0.478604 0.896875 0.476258 0.896875 0.466873
0 0.029687 0.495026 0.029687 0.504411 0.028125 0.506757 0.028125 0.509103 0.026563 0.511449 0.021875 0.511449 0.021875 0.581832 0.026563 0.581832 0.029687 0.586524 0.029687 0.595908 0.035937 0.595908 0.035937 0.584178 0.037500 0.581832 0.037500 0.579486 0.039062 0.577140 0.039062 0.574794 0.040625 0.572447 0.040625 0.570101 0.042188 0.567755 0.042188 0.565409 0.045313 0.560717 0.051562 0.560717 0.051562 0.518487 0.045313 0.518487 0.043750 0.516141 0.043750 0.513795 0.042188 0.511449 0.042188 0.509103 0.040625 0.506757 0.040625 0.504411 0.039062 0.502065 0.039062 0.495026
0 0.623438 0.476258 0.623438 0.487988 0.621875 0.490334 0.621875 0.492680 0.618750 0.497372 0.618750 0.499718 0.614062 0.506757 0.609375 0.506757 0.609375 0.553679 0.615625 0.553679 0.620313 0.560717 0.621875 0.560717 0.625000 0.565409 0.626562 0.565409 0.634375 0.577140 0.634375 0.579486 0.639063 0.586524 0.639063 0.588870 0.640625 0.591216 0.642187 0.591216 0.643750 0.593562 0.648438 0.593562 0.650000 0.591216 0.651563 0.591216 0.654688 0.586524 0.653125 0.584178 0.653125 0.567755 0.654688 0.565409 0.654688 0.560717 0.656250 0.558371 0.656250 0.546640 0.657812 0.544294 0.657812 0.539602 0.656250 0.537256 0.656250 0.530218 0.654688 0.527872 0.654688 0.525526 0.653125 0.523179 0.653125 0.520833 0.651563 0.518487 0.651563 0.516141 0.642187 0.502065 0.642187 0.499718 0.640625 0.497372 0.640625 0.476258
26 0.596875 0.513795 0.596875 0.574794 0.603125 0.574794 0.604688 0.577140 0.604688 0.579486 0.606250 0.581832 0.606250 0.586524 0.607813 0.588870 0.607813 0.617023 0.609375 0.619369 0.609375 0.628754 0.610937 0.631100 0.610937 0.638138 0.612500 0.640484 0.612500 0.645176 0.614062 0.647523 0.614062 0.649869 0.620313 0.659253 0.621875 0.659253 0.623438 0.661599 0.623438 0.670983 0.646875 0.670983 0.646875 0.663945 0.650000 0.659253 0.651563 0.659253 0.653125 0.656907 0.654688 0.656907 0.659375 0.649869 0.664062 0.649869 0.664062 0.609985 0.659375 0.609985 0.657812 0.607639 0.657812 0.605293 0.656250 0.602947 0.656250 0.600601 0.653125 0.595908 0.643750 0.595908 0.642187 0.593562 0.640625 0.593562 0.635938 0.586524 0.635938 0.584178 0.634375 0.581832 0.634375 0.579486 0.632812 0.577140 0.631250 0.577140 0.625000 0.567755 0.623438 0.567755 0.621875 0.565409 0.617188 0.565409 0.614062 0.570101 0.610937 0.565409 0.610937 0.563063 0.609375 0.560717 0.609375 0.539602 0.607813 0.537256 0.607813 0.532564 0.606250 0.530218 0.606250 0.527872 0.604688 0.525526 0.604688 0.513795
0 0.932813 0.448104 0.932813 0.457489 0.931250 0.459835 0.931250 0.464527 0.929688 0.466873 0.929688 0.469219 0.926562 0.473911 0.921875 0.473911 0.921875 0.534910 0.926562 0.534910 0.929688 0.539602 0.929688 0.541948 0.931250 0.544294 0.931250 0.546640 0.932813 0.548986 0.932813 0.553679 0.935938 0.558371 0.935938 0.560717 0.937500 0.563063 0.937500 0.567755 0.939062 0.570101 0.939062 0.586524 0.940625 0.586524 0.940625 0.572447 0.942187 0.570101 0.942187 0.567755 0.946875 0.560717 0.946875 0.551333 0.948438 0.548986 0.948438 0.527872 0.950000 0.525526 0.950000 0.509103 0.951563 0.506757 0.951563 0.502065 0.953125 0.499718 0.957812 0.499718 0.957812 0.485642 0.953125 0.485642 0.950000 0.480950 0.950000 0.478604 0.948438 0.476258 0.948438 0.473911 0.946875 0.471565 0.946875 0.469219 0.945312 0.466873 0.945312 0.464527 0.943750 0.462181 0.943750 0.448104
0 0.640625 0.663945 0.631250 0.663945 0.631250 0.670983 0.632812 0.673330 0.639063 0.673330 0.640625 0.670983 0.640625 0.663945 0.664062 0.619369 0.664062 0.638138 0.659375 0.638138 0.659375 0.635792 0.657812 0.633446 0.657812 0.624062 0.654688 0.591216 0.657812 0.586524 0.657812 0.577140 0.656250 0.574794 0.656250 0.563063 0.657812 0.560717 0.657812 0.553679 0.659375 0.551333 0.664062 0.551333 0.664062 0.539602 0.659375 0.539602 0.657812 0.537256 0.657812 0.534910 0.656250 0.532564 0.656250 0.530218 0.654688 0.527872 0.654688 0.523179 0.653125 0.520833 0.653125 0.518487 0.651563 0.516141 0.651563 0.513795 0.642187 0.499718 0.642187 0.495026 0.640625 0.492680 0.640625 0.476258 0.623438 0.476258 0.623438 0.485642 0.621875 0.487988 0.621875 0.490334 0.620313 0.492680 0.620313 0.495026 0.618750 0.497372 0.618750 0.499718 0.612500 0.509103 0.609375 0.509103 0.607813 0.511449 0.603125 0.511449 0.603125 0.537256 0.607813 0.537256 0.612500 0.544294 0.612500 0.546640 0.621875 0.560717 0.623438 0.560717 0.642187 0.588870 0.643750 0.588870 0.645312 0.591216 0.654688 0.591216 0.657812 0.624062 0.659375 0.621715 0.659375 0.619369 0.664062 0.619369
0 0.000000 0.504411 0.000000 0.584178 0.004688 0.584178 0.006250 0.586524 0.010937 0.586524 0.012500 0.584178 0.014062 0.584178 0.018750 0.577140 0.018750 0.574794 0.021875 0.570101 0.026563 0.570101 0.026563 0.532564 0.021875 0.532564 0.017188 0.525526 0.017188 0.523179 0.015625 0.520833 0.015625 0.518487 0.014062 0.516141 0.014062 0.513795 0.012500 0.511449 0.012500 0.504411
