0 0.265625 0.363850 0.265625 0.380282 0.264062 0.382629 0.264062 0.387324 0.259375 0.394366 0.257812 0.394366 0.257812 0.396714 0.251563 0.406103 0.246875 0.406103 0.246875 0.474178 0.306250 0.474178 0.306250 0.467136 0.309375 0.462441 0.314063 0.462441 0.314063 0.443662 0.309375 0.443662 0.306250 0.438967 0.306250 0.436620 0.304688 0.434272 0.304688 0.429577 0.303125 0.427230 0.303125 0.424883 0.292188 0.408451 0.292188 0.401408 0.290625 0.399061 0.290625 0.396714 0.287500 0.392019 0.287500 0.389671 0.285937 0.387324 0.285937 0.384977 0.284375 0.382629 0.284375 0.375587 0.282813 0.373239 0.282813 0.363850
5 0.551562 0.694836 0.553125 0.694836 0.554688 0.697183 0.562500 0.697183 0.564062 0.694836 0.567187 0.694836 0.568750 0.692488 0.567187 0.690141 0.556250 0.690141 0.554688 0.692488 0.551562 0.692488 0.551562 0.694836 0.542188 0.699531 0.589063 0.673709 0.592188 0.690141 0.590625 0.692488 0.589063 0.692488 0.590625 0.692488 0.595312 0.699531 0.612500 0.699531 0.614062 0.701878 0.628125 0.701878 0.629687 0.699531 0.632812 0.699531 0.634375 0.697183 0.635938 0.697183 0.637500 0.699531 0.640625 0.699531 0.642187 0.697183 0.650000 0.697183 0.651563 0.694836 0.665625 0.694836 0.667188 0.692488 0.701563 0.692488 0.703125 0.694836 0.706250 0.694836 0.707812 0.697183 0.710938 0.697183 0.712500 0.699531 0.718750 0.699531 0.720312 0.701878 0.728125 0.701878 0.729688 0.704225 0.731250 0.704225 0.732813 0.706573 0.734375 0.706573 0.735937 0.708920 0.740625 0.708920 0.742188 0.711268 0.753125 0.711268 0.754687 0.713615 0.781250 0.713615 0.782812 0.711268 0.790625 0.711268 0.793750 0.706573 0.795313 0.706573 0.798437 0.701878 0.798437 0.699531 0.806250 0.687793 0.807813 0.687793 0.809375 0.685446 0.823438 0.685446 0.825000 0.687793 0.837500 0.687793 0.839063 0.690141 0.840625 0.690141 0.842188 0.687793 0.862500 0.687793 0.864062 0.685446 0.885938 0.685446 0.887500 0.683099 0.892187 0.683099 0.893750 0.685446 0.896875 0.685446 0.898438 0.683099 0.906250 0.683099 0.907812 0.685446 0.939062 0.685446 0.940625 0.683099 0.945312 0.683099 0.946875 0.680751 0.948438 0.680751 0.950000 0.678404 0.951563 0.678404 0.962500 0.661972 0.962500 0.659624 0.964063 0.657277 0.964063 0.652582 0.965625 0.650235 0.965625 0.638498 0.967188 0.636150 0.967188 0.619718 0.968750 0.617371 0.968750 0.612676 0.967188 0.610329 0.967188 0.605634 0.968750 0.603286 0.968750 0.598592 0.970312 0.596244 0.970312 0.589202 0.971875 0.586854 0.973437 0.589202 0.975000 0.589202 0.976562 0.591549 0.979688 0.591549 0.981250 0.593897 0.989062 0.593897 0.989062 0.396714 0.979688 0.396714 0.978125 0.394366 0.971875 0.394366 0.970312 0.392019 0.967188 0.392019 0.965625 0.389671 0.960938 0.389671 0.959375 0.387324 0.954687 0.387324 0.953125 0.384977 0.951563 0.384977 0.946875 0.377934 0.946875 0.375587 0.945312 0.373239 0.945312 0.370892 0.943750 0.368545 0.943750 0.359155 0.942187 0.356808 0.942187 0.349765 0.940625 0.347418 0.940625 0.342723 0.939062 0.340376 0.939062 0.338028 0.934375 0.330986 0.932813 0.330986 0.931250 0.328638 0.929688 0.328638 0.928125 0.326291 0.925000 0.326291 0.923437 0.323944 0.907812 0.323944 0.906250 0.321596 0.887500 0.321596 0.885938 0.319249 0.867188 0.319249 0.865625 0.321596 0.864062 0.321596 0.862500 0.319249 0.854688 0.319249 0.853125 0.321596 0.850000 0.321596 0.848437 0.319249 0.815625 0.319249 0.814062 0.316901 0.801562 0.316901 0.800000 0.314554 0.800000 0.307512 0.782812 0.307512 0.782812 0.314554 0.781250 0.316901 0.779688 0.316901 0.778125 0.319249 0.776563 0.319249 0.773438 0.314554 0.773438 0.307512 0.739062 0.307512 0.739062 0.314554 0.735937 0.319249 0.731250 0.319249 0.729688 0.321596 0.700000 0.321596 0.698438 0.319249 0.642187 0.319249 0.640625 0.321596 0.623438 0.321596 0.621875 0.323944 0.610937 0.323944 0.609375 0.326291 0.592188 0.326291 0.590625 0.328638 0.578125 0.328638 0.576563 0.330986 0.565625 0.330986 0.564062 0.333333 0.562500 0.330986 0.556250 0.330986 0.554688 0.333333 0.543750 0.333333 0.542188 0.330986 0.525000 0.330986 0.523438 0.333333 0.521875 0.333333 0.518750 0.338028 0.517187 0.338028 0.515625 0.340376 0.514063 0.340376 0.501562 0.321596 0.496875 0.321596 0.495313 0.319249 0.492188 0.319249 0.490625 0.316901 0.484375 0.316901 0.482812 0.314554 0.482812 0.307512 0.468750 0.307512 0.468750 0.314554 0.467187 0.316901 0.459375 0.316901 0.457812 0.319249 0.406250 0.319249 0.404687 0.316901 0.389062 0.316901 0.387500 0.314554 0.387500 0.307512 0.229687 0.307512 0.229687 0.314554 0.228125 0.316901 0.223438 0.316901 0.221875 0.314554 0.221875 0.307512 0.221875 0.314554 0.220313 0.316901 0.143750 0.316901 0.142188 0.319249 0.106250 0.319249 0.104687 0.321596 0.064062 0.321596 0.062500 0.323944 0.059375 0.323944 0.057813 0.326291 0.056250 0.326291 0.053125 0.330986 0.051562 0.330986 0.050000 0.333333 0.048437 0.333333 0.045313 0.338028 0.043750 0.338028 0.042188 0.335681 0.042188 0.333333 0.040625 0.330986 0.040625 0.319249 0.039062 0.316901 0.039062 0.307512 0.021875 0.307512 0.021875 0.593897 0.034375 0.593897 0.042188 0.605634 0.042188 0.610329 0.043750 0.612676 0.043750 0.673709 0.045313 0.676056 0.045313 0.680751 0.046875 0.683099 0.046875 0.685446 0.048437 0.687793 0.048437 0.690141 0.051562 0.694836 0.053125 0.694836 0.054688 0.697183 0.056250 0.697183 0.057813 0.699531 0.065625 0.699531 0.067188 0.701878 0.095312 0.701878 0.096875 0.704225 0.120312 0.704225 0.121875 0.706573 0.175000 0.706573 0.176563 0.708920 0.184375 0.708920 0.185937 0.706573 0.204688 0.706573 0.206250 0.708920 0.214062 0.708920 0.215625 0.706573 0.221875 0.706573 0.223438 0.704225 0.229687 0.704225 0.235938 0.713615 0.240625 0.713615 0.245312 0.706573 0.250000 0.706573 0.251563 0.704225 0.276563 0.704225 0.278125 0.706573 0.279687 0.706573 0.282813 0.711268 0.284375 0.711268 0.289062 0.718310 0.289062 0.720657 0.295312 0.730047 0.295312 0.737089 0.343750 0.737089 0.343750 0.727700 0.345313 0.725352 0.346875 0.725352 0.350000 0.720657 0.350000 0.718310 0.359375 0.704225 0.365625 0.704225 0.367188 0.701878 0.400000 0.701878 0.401563 0.699531 0.403125 0.699531 0.404687 0.701878 0.420312 0.701878 0.421875 0.699531 0.429688 0.699531 0.431250 0.697183 0.440625 0.697183 0.442187 0.699531 0.457812 0.699531 0.459375 0.697183 0.479688 0.697183 0.481250 0.694836 0.490625 0.694836 0.492188 0.692488 0.493750 0.692488 0.493750 0.676056 0.492188 0.673709 0.492188 0.654930 0.490625 0.652582 0.490625 0.643192 0.487500 0.638498 0.487500 0.636150 0.485938 0.633803 0.485938 0.631455 0.484375 0.629108 0.484375 0.624413 0.482812 0.622066 0.482812 0.619718 0.481250 0.617371 0.481250 0.615023 0.479688 0.612676 0.479688 0.605634 0.478125 0.603286 0.478125 0.596244 0.479688 0.593897 0.479688 0.586854 0.484375 0.579812 0.484375 0.568075 0.485938 0.565728 0.485938 0.558685 0.487500 0.556338 0.487500 0.553991 0.490625 0.549296 0.492188 0.549296 0.493750 0.546948 0.495313 0.546948 0.496875 0.544601 0.504687 0.544601 0.506250 0.546948 0.507812 0.546948 0.510938 0.551643 0.510938 0.553991 0.512500 0.556338 0.512500 0.558685 0.514063 0.561033 0.514063 0.568075 0.515625 0.570423 0.515625 0.586854 0.518750 0.591549 0.518750 0.596244 0.521875 0.600939 0.525000 0.596244 0.525000 0.589202 0.528125 0.584507 0.532812 0.584507 0.535937 0.589202 0.535937 0.591549 0.540625 0.598592 0.545313 0.598592 0.551562 0.589202 0.551562 0.586854 0.553125 0.584507 0.553125 0.582160 0.554688 0.579812 0.554688 0.561033 0.553125 0.558685 0.553125 0.551643 0.554688 0.549296 0.554688 0.544601 0.559375 0.537559 0.559375 0.530516 0.562500 0.525822 0.562500 0.523474 0.571875 0.509390 0.573438 0.509390 0.573438 0.507042 0.575000 0.504695 0.575000 0.492958 0.576563 0.490610 0.578125 0.490610 0.578125 0.488263 0.579687 0.485915 0.579687 0.483568 0.581250 0.481221 0.590625 0.481221 0.592188 0.483568 0.592188 0.497653 0.590625 0.500000 0.590625 0.518779 0.592188 0.521127 0.592188 0.539906 0.590625 0.542253 0.590625 0.546948 0.587500 0.551643 0.582812 0.551643 0.581250 0.549296 0.581250 0.546948 0.579687 0.544601 0.579687 0.539906 0.581250 0.537559 0.581250 0.535211 0.582812 0.532864 0.584375 0.532864 0.585938 0.530516 0.585938 0.523474 0.584375 0.521127 0.582812 0.521127 0.581250 0.523474 0.579687 0.523474 0.575000 0.530516 0.575000 0.537559 0.573438 0.539906 0.573438 0.542253 0.571875 0.544601 0.568750 0.544601 0.567187 0.546948 0.564062 0.546948 0.562500 0.549296 0.564062 0.551643 0.573438 0.551643 0.576563 0.556338 0.576563 0.558685 0.582812 0.568075 0.582812 0.572770 0.584375 0.575117 0.584375 0.579812 0.590625 0.589202 0.593750 0.589202 0.596875 0.593897 0.596875 0.596244 0.600000 0.600939 0.600000 0.603286 0.601562 0.605634 0.601562 0.607981 0.603125 0.610329 0.604688 0.610329 0.604688 0.596244 0.603125 0.593897 0.600000 0.593897 0.596875 0.589202 0.600000 0.584507 0.604688 0.584507 0.606250 0.582160 0.609375 0.582160 0.610937 0.579812 0.614062 0.579812 0.617188 0.584507 0.617188 0.589202 0.618750 0.591549 0.618750 0.610329 0.617188 0.612676 0.615625 0.612676 0.614062 0.615023 0.609375 0.615023 0.607813 0.617371 0.603125 0.617371 0.600000 0.622066 0.600000 0.624413 0.598437 0.626761 0.598437 0.636150 0.600000 0.638498 0.600000 0.640845 0.601562 0.643192 0.601562 0.647887 0.603125 0.650235 0.603125 0.652582 0.604688 0.654930 0.604688 0.680751 0.601562 0.685446 0.600000 0.685446 0.596875 0.690141 0.592188 0.690141 0.589063 0.673709 0.589063 0.671362 0.589063 0.673709 0.542188 0.699531 0.540625 0.697183 0.540625 0.692488 0.532812 0.692488 0.531250 0.690141 0.521875 0.690141 0.520312 0.692488 0.515625 0.692488 0.517187 0.694836 0.518750 0.694836 0.520312 0.697183 0.534375 0.697183 0.535937 0.699531 0.542188 0.699531
0 0.489062 0.542253 0.489062 0.551643 0.487500 0.553991 0.487500 0.577465 0.482812 0.584507 0.478125 0.584507 0.478125 0.619718 0.482812 0.619718 0.485938 0.624413 0.485938 0.629108 0.487500 0.631455 0.487500 0.636150 0.489062 0.638498 0.489062 0.640845 0.490625 0.643192 0.490625 0.647887 0.492188 0.650235 0.492188 0.664319 0.493750 0.666667 0.493750 0.690141 0.532812 0.690141 0.532812 0.640845 0.528125 0.640845 0.525000 0.636150 0.525000 0.631455 0.523438 0.629108 0.523438 0.626761 0.520312 0.622066 0.520312 0.617371 0.518750 0.615023 0.518750 0.607981 0.517187 0.605634 0.517187 0.603286 0.515625 0.600939 0.515625 0.596244 0.514063 0.593897 0.514063 0.591549 0.512500 0.589202 0.512500 0.561033 0.510938 0.558685 0.510938 0.542253
0 0.593750 0.363850 0.593750 0.380282 0.592188 0.382629 0.592188 0.384977 0.589063 0.389671 0.584375 0.389671 0.584375 0.464789 0.603125 0.464789 0.603125 0.441315 0.604688 0.438967 0.604688 0.434272 0.606250 0.431925 0.606250 0.429577 0.609375 0.424883 0.614062 0.424883 0.614062 0.387324 0.609375 0.387324 0.606250 0.382629 0.606250 0.363850
0 0.589063 0.690141 0.601562 0.690141 0.601562 0.659624 0.596875 0.659624 0.596875 0.661972 0.595312 0.664319 0.595312 0.666667 0.593750 0.669014 0.593750 0.671362 0.590625 0.676056 0.590625 0.678404 0.589063 0.680751 0.589063 0.690141 0.573438 0.690141 0.573438 0.678404 0.571875 0.676056 0.571875 0.671362 0.570312 0.669014 0.570312 0.666667 0.568750 0.664319 0.568750 0.659624 0.570312 0.657277 0.570312 0.636150 0.576563 0.626761 0.578125 0.626761 0.579687 0.624413 0.581250 0.624413 0.582812 0.622066 0.587500 0.622066 0.590625 0.617371 0.590625 0.607981 0.585938 0.600939 0.585938 0.598592 0.582812 0.593897 0.582812 0.591549 0.579687 0.586854 0.579687 0.584507 0.578125 0.582160 0.578125 0.572770 0.576563 0.570423 0.576563 0.568075 0.575000 0.565728 0.575000 0.563380 0.573438 0.561033 0.573438 0.551643 0.556250 0.551643 0.556250 0.572770 0.557813 0.575117 0.557813 0.577465 0.556250 0.579812 0.556250 0.584507 0.545313 0.600939 0.540625 0.600939 0.540625 0.643192 0.545313 0.643192 0.545313 0.636150 0.550000 0.629108 0.553125 0.629108 0.557813 0.636150 0.557813 0.640845 0.559375 0.643192 0.559375 0.650235 0.560938 0.652582 0.560938 0.654930 0.559375 0.657277 0.559375 0.659624 0.557813 0.661972 0.556250 0.661972 0.556250 0.664319 0.557813 0.664319 0.559375 0.666667 0.559375 0.669014 0.560938 0.671362 0.557813 0.676056 0.548437 0.676056 0.546875 0.678404 0.540625 0.678404 0.540625 0.690141 0.573438 0.690141
0 0.651563 0.363850 0.651563 0.373239 0.650000 0.375587 0.650000 0.384977 0.648438 0.387324 0.648438 0.389671 0.645312 0.394366 0.643750 0.394366 0.642187 0.396714 0.642187 0.399061 0.640625 0.401408 0.640625 0.403756 0.639063 0.406103 0.634375 0.406103 0.634375 0.410798 0.639063 0.410798 0.640625 0.413146 0.640625 0.415493 0.642187 0.417840 0.642187 0.429577 0.640625 0.431925 0.640625 0.434272 0.639063 0.436620 0.634375 0.436620 0.634375 0.438967 0.639063 0.438967 0.640625 0.441315 0.640625 0.443662 0.642187 0.446009 0.642187 0.453052 0.643750 0.455399 0.643750 0.464789 0.660937 0.464789 0.660937 0.450704 0.662500 0.448357 0.662500 0.443662 0.668750 0.434272 0.670313 0.434272 0.671875 0.431925 0.673437 0.431925 0.675000 0.429577 0.675000 0.427230 0.676562 0.424883 0.676562 0.415493 0.675000 0.413146 0.675000 0.408451 0.673437 0.406103 0.673437 0.401408 0.668750 0.394366 0.668750 0.392019 0.667188 0.389671 0.667188 0.380282 0.665625 0.377934 0.665625 0.363850
0 0.571875 0.476526 0.571875 0.500000 0.573438 0.502347 0.571875 0.504695 0.571875 0.511737 0.568750 0.516432 0.567187 0.516432 0.565625 0.518779 0.559375 0.518779 0.559375 0.551643 0.564062 0.551643 0.565625 0.553991 0.568750 0.553991 0.570312 0.556338 0.571875 0.556338 0.573438 0.558685 0.575000 0.558685 0.576563 0.561033 0.576563 0.568075 0.578125 0.568075 0.578125 0.556338 0.579687 0.553991 0.579687 0.549296 0.584375 0.542253 0.585938 0.542253 0.587500 0.539906 0.601562 0.539906 0.601562 0.516432 0.596875 0.516432 0.593750 0.511737 0.593750 0.492958 0.592188 0.490610 0.592188 0.488263 0.590625 0.485915 0.590625 0.476526
0 0.460938 0.382629 0.460938 0.389671 0.462500 0.392019 0.462500 0.401408 0.464063 0.403756 0.464063 0.420188 0.465625 0.422535 0.465625 0.429577 0.464063 0.431925 0.464063 0.434272 0.462500 0.436620 0.462500 0.438967 0.459375 0.443662 0.457812 0.443662 0.454688 0.448357 0.453125 0.448357 0.451562 0.450704 0.446875 0.450704 0.446875 0.464789 0.507812 0.464789 0.507812 0.455399 0.501562 0.455399 0.500000 0.453052 0.500000 0.450704 0.498437 0.448357 0.498437 0.446009 0.496875 0.443662 0.496875 0.438967 0.495313 0.436620 0.495313 0.431925 0.493750 0.429577 0.493750 0.420188 0.492188 0.417840 0.492188 0.415493 0.490625 0.413146 0.490625 0.410798 0.487500 0.406103 0.485938 0.406103 0.484375 0.403756 0.482812 0.403756 0.473437 0.389671 0.473437 0.382629
0 0.628125 0.382629 0.628125 0.389671 0.626562 0.392019 0.626562 0.394366 0.625000 0.396714 0.625000 0.399061 0.614062 0.415493 0.612500 0.415493 0.610937 0.417840 0.609375 0.417840 0.607813 0.420188 0.603125 0.420188 0.603125 0.464789 0.651563 0.464789 0.651563 0.448357 0.645312 0.448357 0.643750 0.446009 0.643750 0.443662 0.642187 0.441315 0.642187 0.431925 0.640625 0.429577 0.640625 0.408451 0.639063 0.406103 0.639063 0.401408 0.637500 0.399061 0.639063 0.396714 0.639063 0.382629
0 0.515625 0.570423 0.515625 0.643192 0.520312 0.643192 0.523438 0.647887 0.523438 0.652582 0.525000 0.654930 0.525000 0.664319 0.526563 0.666667 0.526563 0.680751 0.525000 0.683099 0.525000 0.690141 0.564062 0.690141 0.564062 0.631455 0.559375 0.631455 0.557813 0.629108 0.556250 0.629108 0.554688 0.626761 0.553125 0.626761 0.551562 0.624413 0.545313 0.624413 0.542188 0.619718 0.542188 0.615023 0.540625 0.612676 0.540625 0.598592 0.537500 0.593897 0.537500 0.591549 0.535937 0.589202 0.535937 0.586854 0.534375 0.584507 0.534375 0.582160 0.532812 0.579812 0.532812 0.570423
0 0.559375 0.598592 0.559375 0.661972 0.564062 0.661972 0.567187 0.666667 0.567187 0.669014 0.568750 0.671362 0.568750 0.690141 0.601562 0.690141 0.601562 0.640845 0.596875 0.640845 0.595312 0.638498 0.595312 0.636150 0.593750 0.633803 0.593750 0.629108 0.592188 0.626761 0.592188 0.617371 0.590625 0.615023 0.590625 0.612676 0.589063 0.610329 0.585938 0.615023 0.584375 0.615023 0.582812 0.617371 0.581250 0.617371 0.579687 0.619718 0.568750 0.619718 0.567187 0.617371 0.567187 0.615023 0.568750 0.612676 0.571875 0.612676 0.573438 0.610329 0.575000 0.610329 0.576563 0.607981 0.576563 0.598592
