5 0.442187 0.277778 0.442187 0.284870 0.440625 0.287234 0.435937 0.287234 0.434375 0.289598 0.426562 0.289598 0.425000 0.291962 0.420312 0.291962 0.418750 0.294326 0.417188 0.294326 0.415625 0.296690 0.412500 0.296690 0.410937 0.299054 0.406250 0.299054 0.404687 0.301418 0.400000 0.301418 0.398438 0.303782 0.393750 0.303782 0.392188 0.306147 0.390625 0.306147 0.389062 0.308511 0.387500 0.308511 0.385938 0.310875 0.384375 0.310875 0.382812 0.313239 0.381250 0.313239 0.371875 0.327423 0.370313 0.327423 0.367188 0.332151 0.365625 0.332151 0.362500 0.336879 0.360938 0.336879 0.356250 0.343972 0.354688 0.343972 0.351562 0.348700 0.350000 0.348700 0.345313 0.355792 0.343750 0.355792 0.340625 0.360520 0.339063 0.360520 0.335938 0.365248 0.334375 0.365248 0.332812 0.367612 0.331250 0.367612 0.329688 0.369976 0.328125 0.369976 0.323438 0.377069 0.321875 0.377069 0.317187 0.384161 0.315625 0.384161 0.307813 0.395981 0.306250 0.395981 0.301562 0.403073 0.300000 0.403073 0.298438 0.405437 0.296875 0.405437 0.293750 0.410165 0.292188 0.410165 0.287500 0.417258 0.287500 0.419622 0.285937 0.421986 0.285937 0.426714 0.284375 0.429078 0.284375 0.504728 0.282813 0.507092 0.282813 0.530733 0.281250 0.533097 0.281250 0.547281 0.279687 0.549645 0.279687 0.559102 0.278125 0.561466 0.278125 0.582742 0.276563 0.585106 0.271875 0.585106 0.271875 0.821513 0.276563 0.821513 0.281250 0.828605 0.281250 0.830969 0.282813 0.833333 0.282813 0.840426 0.284375 0.842790 0.284375 0.845154 0.290625 0.854610 0.290625 0.856974 0.293750 0.861702 0.293750 0.871158 0.295312 0.873522 0.295312 0.880615 0.296875 0.882979 0.298438 0.882979 0.300000 0.885343 0.310937 0.885343 0.312500 0.882979 0.329688 0.882979 0.331250 0.885343 0.335938 0.885343 0.337500 0.887707 0.340625 0.887707 0.343750 0.892435 0.343750 0.897163 0.345313 0.899527 0.345313 0.908983 0.346875 0.911348 0.348437 0.911348 0.351562 0.916076 0.353125 0.916076 0.353125 0.911348 0.354688 0.908983 0.354688 0.904255 0.357812 0.899527 0.378125 0.899527 0.379687 0.897163 0.442187 0.897163 0.443750 0.899527 0.489062 0.899527 0.490625 0.901891 0.504687 0.901891 0.506250 0.904255 0.531250 0.904255 0.532812 0.906619 0.535937 0.906619 0.537500 0.908983 0.539062 0.908983 0.540625 0.911348 0.542188 0.911348 0.548437 0.920804 0.548437 0.927896 0.567187 0.927896 0.567187 0.920804 0.570312 0.916076 0.570312 0.913712 0.573438 0.908983 0.575000 0.908983 0.576563 0.906619 0.603125 0.906619 0.604688 0.908983 0.609375 0.908983 0.610937 0.906619 0.614062 0.906619 0.615625 0.904255 0.615625 0.901891 0.617188 0.899527 0.617188 0.894799 0.618750 0.892435 0.618750 0.885343 0.620313 0.882979 0.620313 0.859338 0.621875 0.856974 0.621875 0.833333 0.623438 0.830969 0.628125 0.830969 0.631250 0.835697 0.631250 0.842790 0.632812 0.845154 0.632812 0.847518 0.634375 0.849882 0.639063 0.849882 0.639063 0.488180 0.634375 0.488180 0.632812 0.485816 0.629687 0.485816 0.628125 0.483452 0.626562 0.483452 0.620313 0.473995 0.620313 0.459811 0.621875 0.457447 0.621875 0.426714 0.620313 0.424350 0.620313 0.386525 0.618750 0.384161 0.618750 0.362884 0.617188 0.360520 0.617188 0.348700 0.615625 0.346336 0.615625 0.336879 0.614062 0.334515 0.614062 0.332151 0.612500 0.329787 0.612500 0.327423 0.607813 0.320331 0.606250 0.320331 0.604688 0.317967 0.603125 0.317967 0.601562 0.315603 0.600000 0.315603 0.598437 0.313239 0.596875 0.313239 0.595312 0.310875 0.589063 0.310875 0.587500 0.308511 0.582812 0.308511 0.581250 0.306147 0.578125 0.306147 0.576563 0.303782 0.573438 0.303782 0.571875 0.301418 0.568750 0.301418 0.567187 0.299054 0.564062 0.299054 0.562500 0.296690 0.559375 0.296690 0.557813 0.294326 0.556250 0.294326 0.554688 0.291962 0.551562 0.291962 0.550000 0.289598 0.546875 0.289598 0.545313 0.287234 0.543750 0.287234 0.542188 0.284870 0.542188 0.277778
2 0.215625 0.722222 0.215625 0.729314 0.210938 0.736407 0.209375 0.736407 0.207813 0.738771 0.206250 0.738771 0.204688 0.741135 0.203125 0.741135 0.201562 0.743499 0.198437 0.743499 0.196875 0.745863 0.195312 0.745863 0.193750 0.748227 0.192188 0.748227 0.189063 0.752955 0.184375 0.752955 0.184375 0.797872 0.190625 0.797872 0.193750 0.802600 0.195312 0.802600 0.198437 0.807329 0.198437 0.809693 0.204688 0.819149 0.206250 0.819149 0.207813 0.821513 0.220313 0.821513 0.221875 0.819149 0.223438 0.819149 0.226562 0.814421 0.228125 0.814421 0.229687 0.812057 0.245312 0.812057 0.246875 0.814421 0.253125 0.814421 0.259375 0.823877 0.259375 0.833333 0.273438 0.833333 0.273438 0.826241 0.276563 0.821513 0.282813 0.821513 0.282813 0.722222
0 0.675000 0.684397 0.675000 0.696217 0.673437 0.698582 0.673437 0.705674 0.675000 0.708038 0.675000 0.712766 0.676562 0.715130 0.676562 0.726950 0.678125 0.729314 0.676562 0.731678 0.676562 0.741135 0.675000 0.743499 0.675000 0.745863 0.673437 0.748227 0.673437 0.752955 0.671875 0.755319 0.671875 0.757683 0.670313 0.760047 0.670313 0.767139 0.668750 0.769504 0.668750 0.771868 0.670313 0.774232 0.670313 0.793144 0.671875 0.795508 0.671875 0.804965 0.670313 0.807329 0.670313 0.816785 0.668750 0.819149 0.668750 0.823877 0.667188 0.826241 0.667188 0.830969 0.665625 0.833333 0.665625 0.838061 0.664062 0.840426 0.659375 0.840426 0.659375 0.871158 0.679688 0.871158 0.679688 0.856974 0.681250 0.854610 0.681250 0.845154 0.685938 0.838061 0.687500 0.838061 0.689062 0.835697 0.692187 0.840426 0.692187 0.847518 0.693750 0.849882 0.693750 0.854610 0.696875 0.859338 0.703125 0.859338 0.703125 0.856974 0.704687 0.854610 0.704687 0.840426 0.703125 0.838061 0.703125 0.833333 0.701563 0.830969 0.701563 0.828605 0.700000 0.826241 0.700000 0.823877 0.698438 0.821513 0.698438 0.819149 0.696875 0.816785 0.696875 0.814421 0.695312 0.812057 0.695312 0.809693 0.693750 0.807329 0.693750 0.786052 0.695312 0.783688 0.695312 0.781324 0.696875 0.778960 0.696875 0.776596 0.700000 0.771868 0.700000 0.769504 0.703125 0.764775 0.703125 0.762411 0.706250 0.757683 0.706250 0.752955 0.709375 0.748227 0.714063 0.748227 0.714063 0.738771 0.709375 0.738771 0.706250 0.734043 0.706250 0.731678 0.701563 0.724586 0.700000 0.724586 0.698438 0.722222 0.698438 0.719858 0.693750 0.712766 0.693750 0.708038 0.692187 0.705674 0.692187 0.698582 0.690625 0.696217 0.690625 0.684397
2 0.021875 0.684397 0.021875 0.691489 0.020312 0.693853 0.020312 0.696217 0.018750 0.698582 0.018750 0.700946 0.017188 0.703310 0.017188 0.708038 0.014062 0.712766 0.014062 0.717494 0.012500 0.719858 0.012500 0.724586 0.010937 0.726950 0.010937 0.729314 0.007812 0.734043 0.003125 0.734043 0.003125 0.797872 0.010937 0.797872 0.012500 0.800236 0.021875 0.800236 0.023438 0.797872 0.025000 0.797872 0.026563 0.795508 0.029687 0.795508 0.031250 0.793144 0.040625 0.793144 0.042188 0.795508 0.050000 0.795508 0.051562 0.797872 0.054688 0.797872 0.056250 0.800236 0.057813 0.800236 0.059375 0.802600 0.060938 0.802600 0.064062 0.807329 0.064062 0.814421 0.078125 0.814421 0.078125 0.807329 0.081250 0.802600 0.082813 0.802600 0.084375 0.800236 0.114063 0.800236 0.115625 0.802600 0.117188 0.802600 0.118750 0.804965 0.118750 0.814421 0.139062 0.814421 0.139062 0.752955 0.134375 0.752955 0.123438 0.736407 0.123438 0.734043 0.121875 0.731678 0.121875 0.729314 0.118750 0.724586 0.118750 0.722222 0.114063 0.715130 0.114063 0.712766 0.110937 0.708038 0.110937 0.705674 0.109375 0.703310 0.109375 0.700946 0.107813 0.698582 0.106250 0.698582 0.103125 0.693853 0.103125 0.684397
0 0.404687 0.637116 0.404687 0.667849 0.398438 0.677305 0.396875 0.677305 0.395312 0.679669 0.390625 0.679669 0.390625 0.710402 0.414062 0.710402 0.414062 0.703310 0.415625 0.700946 0.417188 0.700946 0.418750 0.698582 0.428125 0.698582 0.431250 0.703310 0.431250 0.710402 0.445312 0.710402 0.445312 0.691489 0.440625 0.691489 0.435937 0.684397 0.435937 0.682033 0.428125 0.670213 0.428125 0.667849 0.426562 0.665485 0.426562 0.660757 0.425000 0.658392 0.425000 0.637116
0 0.648438 0.674941 0.648438 0.696217 0.650000 0.698582 0.650000 0.715130 0.648438 0.717494 0.648438 0.722222 0.645312 0.726950 0.640625 0.726950 0.640625 0.769504 0.645312 0.769504 0.646875 0.771868 0.646875 0.774232 0.648438 0.776596 0.648438 0.788416 0.646875 0.790780 0.646875 0.793144 0.645312 0.795508 0.640625 0.795508 0.640625 0.859338 0.646875 0.859338 0.648438 0.861702 0.648438 0.871158 0.659375 0.871158 0.659375 0.864066 0.660937 0.861702 0.660937 0.856974 0.662500 0.854610 0.662500 0.849882 0.664062 0.847518 0.664062 0.823877 0.665625 0.821513 0.665625 0.774232 0.667188 0.771868 0.667188 0.760047 0.671875 0.752955 0.676562 0.752955 0.676562 0.712766 0.671875 0.712766 0.670313 0.710402 0.668750 0.710402 0.667188 0.708038 0.667188 0.705674 0.664062 0.700946 0.664062 0.696217 0.662500 0.693853 0.662500 0.674941
0 0.912500 0.741135 0.912500 0.750591 0.910937 0.752955 0.910937 0.757683 0.907812 0.762411 0.903125 0.762411 0.903125 0.880615 0.920313 0.880615 0.920313 0.873522 0.921875 0.871158 0.921875 0.866430 0.923437 0.864066 0.923437 0.847518 0.925000 0.845154 0.925000 0.830969 0.926562 0.828605 0.926562 0.826241 0.928125 0.823877 0.932813 0.823877 0.932813 0.783688 0.928125 0.783688 0.926562 0.781324 0.926562 0.778960 0.925000 0.776596 0.925000 0.762411 0.923437 0.760047 0.923437 0.741135
0 0.820312 0.703310 0.820312 0.724586 0.818750 0.726950 0.818750 0.731678 0.817187 0.734043 0.817187 0.736407 0.814062 0.741135 0.809375 0.741135 0.809375 0.823877 0.814062 0.823877 0.815625 0.826241 0.815625 0.840426 0.814062 0.842790 0.809375 0.842790 0.809375 0.871158 0.835938 0.871158 0.835938 0.859338 0.837500 0.856974 0.837500 0.804965 0.839063 0.802600 0.839063 0.795508 0.840625 0.793144 0.845312 0.793144 0.845312 0.736407 0.840625 0.736407 0.837500 0.731678 0.837500 0.726950 0.835938 0.724586 0.835938 0.717494 0.834375 0.715130 0.834375 0.703310
0 0.856250 0.722222 0.856250 0.736407 0.854688 0.738771 0.854688 0.741135 0.848437 0.750591 0.848437 0.752955 0.846875 0.755319 0.840625 0.755319 0.840625 0.864066 0.846875 0.864066 0.848437 0.866430 0.860937 0.866430 0.862500 0.864066 0.865625 0.864066 0.867188 0.866430 0.871875 0.866430 0.873438 0.864066 0.876562 0.864066 0.876562 0.852246 0.875000 0.849882 0.875000 0.840426 0.876562 0.838061 0.876562 0.830969 0.878125 0.828605 0.878125 0.816785 0.879687 0.814421 0.879687 0.812057 0.881250 0.809693 0.881250 0.807329 0.882812 0.804965 0.882812 0.802600 0.884375 0.800236 0.889063 0.800236 0.889063 0.771868 0.884375 0.771868 0.881250 0.767139 0.881250 0.764775 0.879687 0.762411 0.879687 0.757683 0.878125 0.755319 0.878125 0.750591 0.875000 0.745863 0.875000 0.743499 0.873438 0.741135 0.873438 0.736407 0.871875 0.734043 0.871875 0.722222
0 0.889063 0.731678 0.889063 0.738771 0.887500 0.741135 0.887500 0.745863 0.885938 0.748227 0.885938 0.750591 0.882812 0.755319 0.878125 0.755319 0.878125 0.847518 0.884375 0.847518 0.885938 0.849882 0.885938 0.856974 0.887500 0.859338 0.887500 0.866430 0.889063 0.868794 0.889063 0.871158 0.890625 0.873522 0.890625 0.880615 0.895312 0.880615 0.895312 0.873522 0.896875 0.871158 0.896875 0.866430 0.898438 0.864066 0.898438 0.849882 0.900000 0.847518 0.900000 0.838061 0.901563 0.835697 0.901563 0.833333 0.903125 0.830969 0.907812 0.830969 0.907812 0.757683 0.903125 0.757683 0.898438 0.750591 0.898438 0.745863 0.896875 0.743499 0.896875 0.731678
0 0.742188 0.693853 0.742188 0.708038 0.740625 0.710402 0.740625 0.712766 0.742188 0.715130 0.742188 0.722222 0.740625 0.724586 0.740625 0.731678 0.739062 0.734043 0.739062 0.738771 0.737500 0.741135 0.737500 0.743499 0.732813 0.750591 0.739062 0.760047 0.739062 0.771868 0.735937 0.776596 0.732813 0.776596 0.731250 0.774232 0.731250 0.771868 0.729688 0.769504 0.729688 0.762411 0.726562 0.757683 0.721875 0.757683 0.721875 0.781324 0.728125 0.781324 0.731250 0.786052 0.731250 0.788416 0.732813 0.790780 0.732813 0.797872 0.734375 0.800236 0.734375 0.804965 0.735937 0.804965 0.737500 0.807329 0.737500 0.809693 0.739062 0.812057 0.739062 0.838061 0.740625 0.840426 0.740625 0.856974 0.739062 0.859338 0.739062 0.861702 0.737500 0.864066 0.737500 0.866430 0.734375 0.871158 0.734375 0.880615 0.770312 0.880615 0.770312 0.833333 0.765625 0.833333 0.764063 0.835697 0.764063 0.849882 0.762500 0.852246 0.762500 0.856974 0.760938 0.859338 0.760938 0.864066 0.759375 0.866430 0.757812 0.866430 0.754687 0.861702 0.754687 0.856974 0.753125 0.854610 0.753125 0.852246 0.751562 0.849882 0.751562 0.833333 0.750000 0.830969 0.750000 0.821513 0.751562 0.819149 0.751562 0.816785 0.753125 0.814421 0.754687 0.816785 0.754687 0.821513 0.756250 0.823877 0.756250 0.826241 0.757812 0.828605 0.759375 0.828605 0.760938 0.826241 0.760938 0.821513 0.759375 0.819149 0.759375 0.793144 0.760938 0.790780 0.760938 0.783688 0.762500 0.781324 0.762500 0.776596 0.764063 0.774232 0.770312 0.774232 0.770312 0.729314 0.764063 0.729314 0.760938 0.724586 0.760938 0.719858 0.759375 0.717494 0.759375 0.693853
0 0.739062 0.790780 0.739062 0.788416 0.734375 0.788416 0.734375 0.790780 0.739062 0.790780 0.748438 0.804965 0.746875 0.807329 0.746875 0.819149 0.745313 0.821513 0.745313 0.823877 0.742188 0.828605 0.742188 0.833333 0.743750 0.835697 0.743750 0.861702 0.740625 0.866430 0.734375 0.866430 0.734375 0.880615 0.768750 0.880615 0.768750 0.871158 0.767187 0.868794 0.767187 0.849882 0.765625 0.847518 0.765625 0.826241 0.764063 0.823877 0.764063 0.788416 0.765625 0.786052 0.765625 0.774232 0.767187 0.771868 0.767187 0.764775 0.768750 0.762411 0.768750 0.757683 0.771875 0.752955 0.776563 0.752955 0.776563 0.738771 0.771875 0.738771 0.765625 0.729314 0.765625 0.726950 0.762500 0.722222 0.762500 0.717494 0.760938 0.715130 0.760938 0.703310 0.745313 0.703310 0.745313 0.731678 0.740625 0.738771 0.734375 0.738771 0.734375 0.755319 0.739062 0.755319 0.740625 0.757683 0.742188 0.757683 0.743750 0.760047 0.743750 0.762411 0.745313 0.762411 0.746875 0.764775 0.746875 0.767139 0.748438 0.769504 0.748438 0.804965
0 0.960938 0.750591 0.960938 0.767139 0.956250 0.774232 0.956250 0.776596 0.951563 0.783688 0.946875 0.783688 0.946875 0.833333 0.951563 0.833333 0.953125 0.835697 0.953125 0.838061 0.954687 0.840426 0.954687 0.847518 0.956250 0.849882 0.956250 0.854610 0.960938 0.861702 0.960938 0.864066 0.962500 0.866430 0.962500 0.871158 0.964063 0.873522 0.964063 0.880615 0.970312 0.880615 0.970312 0.868794 0.971875 0.866430 0.971875 0.840426 0.973437 0.838061 0.973437 0.833333 0.975000 0.830969 0.975000 0.828605 0.976562 0.826241 0.976562 0.823877 0.978125 0.821513 0.978125 0.819149 0.979688 0.816785 0.979688 0.814421 0.981250 0.812057 0.981250 0.809693 0.982813 0.807329 0.989062 0.807329 0.989062 0.783688 0.982813 0.783688 0.978125 0.776596 0.978125 0.774232 0.976562 0.771868 0.976562 0.767139 0.975000 0.764775 0.975000 0.750591
0 0.798437 0.722222 0.798437 0.736407 0.795313 0.741135 0.790625 0.741135 0.790625 0.861702 0.812500 0.861702 0.812500 0.852246 0.815625 0.847518 0.820312 0.847518 0.820312 0.816785 0.815625 0.816785 0.812500 0.812057 0.812500 0.807329 0.810938 0.804965 0.810938 0.788416 0.812500 0.786052 0.812500 0.783688 0.814062 0.781324 0.814062 0.778960 0.815625 0.776596 0.820312 0.776596 0.820312 0.760047 0.815625 0.760047 0.814062 0.757683 0.814062 0.755319 0.812500 0.752955 0.812500 0.736407 0.810938 0.734043 0.810938 0.722222
0 0.759375 0.712766 0.759375 0.731678 0.765625 0.731678 0.768750 0.736407 0.768750 0.738771 0.770312 0.741135 0.770312 0.755319 0.768750 0.757683 0.768750 0.762411 0.767187 0.764775 0.767187 0.767139 0.765625 0.769504 0.765625 0.774232 0.764063 0.776596 0.759375 0.776596 0.759375 0.830969 0.764063 0.830969 0.767187 0.835697 0.767187 0.838061 0.770312 0.842790 0.770312 0.847518 0.771875 0.849882 0.771875 0.852246 0.776563 0.852246 0.782812 0.861702 0.782812 0.871158 0.795313 0.871158 0.795313 0.816785 0.789062 0.816785 0.787500 0.814421 0.787500 0.809693 0.785937 0.807329 0.785937 0.786052 0.787500 0.783688 0.787500 0.769504 0.790625 0.764775 0.795313 0.764775 0.795313 0.750591 0.789062 0.750591 0.785937 0.745863 0.785937 0.743499 0.784375 0.741135 0.784375 0.736407 0.782812 0.734043 0.782812 0.729314 0.781250 0.726950 0.781250 0.722222 0.779688 0.719858 0.779688 0.712766 0.771875 0.712766 0.771875 0.719858 0.770312 0.722222 0.768750 0.719858 0.768750 0.712766
0 0.857813 0.722222 0.857813 0.736407 0.856250 0.738771 0.856250 0.741135 0.851562 0.748227 0.850000 0.748227 0.845312 0.755319 0.840625 0.748227 0.840625 0.741135 0.839063 0.738771 0.834375 0.738771 0.834375 0.812057 0.839063 0.812057 0.840625 0.814421 0.840625 0.823877 0.842188 0.826241 0.842188 0.871158 0.864062 0.871158 0.864062 0.788416 0.859375 0.788416 0.857813 0.786052 0.857813 0.781324 0.856250 0.778960 0.856250 0.776596 0.857813 0.774232 0.857813 0.769504 0.859375 0.767139 0.864062 0.767139 0.864062 0.722222
9 0.871875 0.599291 0.871875 0.644208 0.876562 0.644208 0.878125 0.646572 0.878125 0.656028 0.876562 0.658392 0.871875 0.658392 0.871875 0.667849 0.876562 0.667849 0.881250 0.674941 0.881250 0.682033 0.901563 0.682033 0.901563 0.599291
9 0.953125 0.476359 0.953125 0.587470 0.975000 0.587470 0.975000 0.575650 0.976562 0.573286 0.976562 0.547281 0.978125 0.544917 0.982813 0.544917 0.982813 0.528369 0.978125 0.528369 0.975000 0.523641 0.975000 0.521277 0.976562 0.518913 0.976562 0.509456 0.978125 0.507092 0.982813 0.507092 0.982813 0.497636 0.978125 0.497636 0.976562 0.495272 0.976562 0.492908 0.975000 0.490544 0.975000 0.485816 0.973437 0.483452 0.973437 0.476359
0 0.740625 0.703310 0.740625 0.726950 0.739062 0.729314 0.739062 0.736407 0.737500 0.738771 0.737500 0.741135 0.731250 0.750591 0.731250 0.752955 0.729688 0.755319 0.721875 0.755319 0.721875 0.786052 0.726562 0.786052 0.729688 0.790780 0.729688 0.793144 0.731250 0.795508 0.731250 0.804965 0.732813 0.807329 0.732813 0.809693 0.734375 0.812057 0.734375 0.814421 0.735937 0.816785 0.735937 0.823877 0.737500 0.826241 0.737500 0.833333 0.739062 0.835697 0.739062 0.845154 0.740625 0.847518 0.740625 0.856974 0.739062 0.859338 0.739062 0.864066 0.737500 0.866430 0.737500 0.868794 0.734375 0.873522 0.734375 0.880615 0.757812 0.880615 0.757812 0.866430 0.753125 0.866430 0.751562 0.864066 0.751562 0.861702 0.750000 0.859338 0.750000 0.845154 0.748438 0.842790 0.748438 0.830969 0.746875 0.828605 0.746875 0.804965 0.748438 0.802600 0.748438 0.778960 0.746875 0.776596 0.746875 0.760047 0.745313 0.757683 0.745313 0.750591 0.748438 0.745863 0.750000 0.745863 0.751562 0.743499 0.757812 0.743499 0.757812 0.703310
