33 0.210938 0.070833 0.210938 0.077083 0.209375 0.079167 0.209375 0.085417 0.207813 0.087500 0.207813 0.091667 0.206250 0.093750 0.206250 0.097917 0.204688 0.100000 0.204688 0.104167 0.201562 0.108333 0.196875 0.108333 0.196875 0.160417 0.206250 0.160417 0.206250 0.154167 0.207813 0.152083 0.207813 0.147917 0.209375 0.145833 0.209375 0.135417 0.210938 0.133333 0.210938 0.131250 0.217187 0.122917 0.218750 0.122917 0.220313 0.120833 0.220313 0.116667 0.218750 0.114583 0.218750 0.095833 0.221875 0.091667 0.235938 0.091667 0.237500 0.089583 0.237500 0.085417 0.235938 0.083333 0.234375 0.083333 0.232812 0.081250 0.231250 0.081250 0.228125 0.077083 0.228125 0.070833
2 0.609375 0.820833 0.609375 0.827083 0.604688 0.833333 0.603125 0.833333 0.601562 0.835417 0.600000 0.835417 0.596875 0.839583 0.590625 0.839583 0.590625 0.868750 0.670313 0.868750 0.670313 0.841667 0.664062 0.841667 0.662500 0.839583 0.660937 0.839583 0.657812 0.835417 0.656250 0.835417 0.653125 0.831250 0.650000 0.831250 0.648438 0.829167 0.646875 0.829167 0.645312 0.827083 0.645312 0.820833
2 0.689062 0.820833 0.689062 0.827083 0.684375 0.833333 0.678125 0.833333 0.678125 0.868750 0.692187 0.868750 0.693750 0.870833 0.693750 0.877083 0.714063 0.877083 0.714063 0.870833 0.715625 0.868750 0.723437 0.868750 0.725000 0.866667 0.729688 0.866667 0.731250 0.864583 0.732813 0.864583 0.734375 0.862500 0.739062 0.862500 0.739062 0.833333 0.732813 0.833333 0.728125 0.827083 0.728125 0.820833
2 0.879687 0.854167 0.879687 0.860417 0.876562 0.864583 0.875000 0.864583 0.868750 0.872917 0.867188 0.872917 0.864062 0.877083 0.862500 0.877083 0.857813 0.883333 0.853125 0.883333 0.853125 0.910417 0.903125 0.910417 0.903125 0.900000 0.904688 0.897917 0.904688 0.895833 0.906250 0.893750 0.906250 0.891667 0.907812 0.889583 0.907812 0.887500 0.909375 0.885417 0.909375 0.881250 0.912500 0.877083 0.912500 0.875000 0.917188 0.868750 0.915625 0.866667 0.915625 0.854167
2 0.764063 0.812500 0.764063 0.818750 0.759375 0.825000 0.757812 0.825000 0.754687 0.829167 0.753125 0.829167 0.750000 0.833333 0.748438 0.833333 0.746875 0.835417 0.745313 0.835417 0.739062 0.843750 0.737500 0.843750 0.735937 0.845833 0.735937 0.847917 0.732813 0.852083 0.728125 0.852083 0.728125 0.866667 0.735937 0.866667 0.739062 0.870833 0.739062 0.877083 0.782812 0.877083 0.782812 0.870833 0.784375 0.868750 0.784375 0.866667 0.785937 0.864583 0.785937 0.862500 0.787500 0.860417 0.787500 0.858333 0.790625 0.854167 0.790625 0.850000 0.796875 0.841667 0.801562 0.841667 0.801562 0.812500
7 0.782812 0.654167 0.782812 0.660417 0.779688 0.664583 0.778125 0.664583 0.776563 0.666667 0.775000 0.666667 0.771875 0.670833 0.765625 0.670833 0.765625 0.729167 0.770312 0.729167 0.771875 0.731250 0.776563 0.731250 0.784375 0.741667 0.790625 0.741667 0.792188 0.739583 0.796875 0.739583 0.801562 0.745833 0.801562 0.752083 0.804688 0.752083 0.804688 0.745833 0.807813 0.741667 0.812500 0.741667 0.814062 0.743750 0.815625 0.743750 0.817187 0.745833 0.817187 0.752083 0.859375 0.752083 0.859375 0.743750 0.860937 0.741667 0.860937 0.735417 0.862500 0.733333 0.862500 0.685417 0.860937 0.683333 0.860937 0.677083 0.859375 0.675000 0.859375 0.672917 0.857813 0.670833 0.857813 0.668750 0.856250 0.668750 0.853125 0.664583 0.850000 0.664583 0.846875 0.660417 0.846875 0.654167
2 0.956250 0.845833 0.956250 0.852083 0.951563 0.858333 0.937500 0.858333 0.935938 0.860417 0.934375 0.860417 0.932813 0.862500 0.931250 0.862500 0.929688 0.864583 0.928125 0.864583 0.926562 0.866667 0.925000 0.866667 0.923437 0.868750 0.917188 0.868750 0.915625 0.870833 0.910937 0.870833 0.907812 0.866667 0.907812 0.862500 0.903125 0.862500 0.903125 0.910417 0.943750 0.910417 0.943750 0.897917 0.945312 0.895833 0.945312 0.891667 0.946875 0.889583 0.946875 0.887500 0.948438 0.885417 0.948438 0.883333 0.951563 0.879167 0.951563 0.877083 0.954687 0.872917 0.954687 0.870833 0.957812 0.866667 0.960938 0.866667 0.962500 0.864583 0.964063 0.864583 0.965625 0.862500 0.967188 0.862500 0.968750 0.860417 0.976562 0.860417 0.976562 0.845833
2 0.560938 0.795833 0.560938 0.802083 0.559375 0.804167 0.557813 0.804167 0.556250 0.806250 0.546875 0.806250 0.546875 0.868750 0.567187 0.868750 0.567187 0.862500 0.570312 0.858333 0.582812 0.858333 0.584375 0.856250 0.585938 0.856250 0.592188 0.847917 0.592188 0.845833 0.603125 0.831250 0.607813 0.831250 0.607813 0.808333 0.603125 0.808333 0.600000 0.804167 0.600000 0.795833
2 0.967188 0.720833 0.967188 0.729167 0.965625 0.731250 0.964063 0.731250 0.962500 0.733333 0.960938 0.733333 0.957812 0.737500 0.956250 0.737500 0.953125 0.741667 0.946875 0.741667 0.946875 0.768750 0.998438 0.768750 0.998438 0.720833
2 0.967188 0.854167 0.967188 0.860417 0.964063 0.864583 0.962500 0.864583 0.959375 0.868750 0.957812 0.868750 0.954687 0.872917 0.953125 0.872917 0.951563 0.875000 0.946875 0.875000 0.946875 0.910417 0.953125 0.910417 0.954687 0.912500 0.954687 0.918750 0.989062 0.918750 0.989062 0.854167
2 0.953125 0.795833 0.953125 0.835417 0.987500 0.835417 0.987500 0.829167 0.990625 0.825000 0.995313 0.825000 0.995313 0.795833
2 0.932813 0.787500 0.932813 0.795833 0.931250 0.797917 0.929688 0.797917 0.928125 0.800000 0.926562 0.800000 0.920313 0.808333 0.915625 0.808333 0.915625 0.820833 0.920313 0.820833 0.921875 0.822917 0.923437 0.822917 0.925000 0.825000 0.926562 0.825000 0.929688 0.829167 0.929688 0.835417 0.962500 0.835417 0.962500 0.822917 0.965625 0.818750 0.967188 0.820833 0.967188 0.825000 0.968750 0.827083 0.968750 0.835417 0.982813 0.835417 0.982813 0.787500
2 0.962500 0.845833 0.962500 0.852083 0.954687 0.862500 0.945312 0.862500 0.943750 0.860417 0.937500 0.860417 0.935938 0.862500 0.934375 0.862500 0.932813 0.864583 0.929688 0.864583 0.928125 0.866667 0.926562 0.866667 0.925000 0.868750 0.921875 0.868750 0.918750 0.872917 0.917188 0.872917 0.915625 0.875000 0.909375 0.875000 0.909375 0.908333 0.918750 0.908333 0.920313 0.906250 0.929688 0.906250 0.931250 0.908333 0.940625 0.908333 0.942187 0.906250 0.957812 0.906250 0.959375 0.904167 0.971875 0.904167 0.973437 0.906250 0.975000 0.906250 0.976562 0.908333 0.978125 0.908333 0.981250 0.912500 0.981250 0.918750 0.989062 0.918750 0.989062 0.845833
2 0.975000 0.712500 0.975000 0.720833 0.971875 0.725000 0.965625 0.725000 0.965625 0.768750 0.998438 0.768750 0.998438 0.712500
