2 0.000000 0.570981 0.000000 0.650313 0.001563 0.650313 0.003125 0.648225 0.014062 0.648225 0.015625 0.650313 0.018750 0.650313 0.021875 0.654489 0.021875 0.660752 0.031250 0.660752 0.031250 0.654489 0.032812 0.652401 0.039062 0.652401 0.039062 0.604384 0.034375 0.604384 0.031250 0.600209 0.031250 0.598121 0.029687 0.596033 0.029687 0.593946 0.028125 0.591858 0.028125 0.589770 0.026563 0.587683 0.026563 0.585595 0.023438 0.581420 0.023438 0.579332 0.021875 0.577244 0.021875 0.570981
0 0.498437 0.579332 0.498437 0.587683 0.496875 0.589770 0.496875 0.593946 0.495313 0.596033 0.495313 0.600209 0.493750 0.602296 0.493750 0.610647 0.492188 0.612735 0.492188 0.623173 0.489062 0.627349 0.484375 0.627349 0.484375 0.710856 0.514063 0.710856 0.514063 0.702505 0.515625 0.700418 0.515625 0.696242 0.517187 0.694155 0.517187 0.692067 0.518750 0.689979 0.518750 0.685804 0.520312 0.683716 0.520312 0.681628 0.521875 0.679541 0.521875 0.675365 0.523438 0.673278 0.523438 0.671190 0.525000 0.669102 0.525000 0.650313 0.526563 0.648225 0.526563 0.641962 0.525000 0.639875 0.525000 0.627349 0.523438 0.625261 0.523438 0.621086 0.520312 0.616910 0.520312 0.614823 0.518750 0.612735 0.518750 0.610647 0.517187 0.608559 0.517187 0.604384 0.515625 0.602296 0.515625 0.593946 0.512500 0.589770 0.512500 0.579332
0 0.470313 0.698330 0.470313 0.700418 0.468750 0.702505 0.468750 0.710856 0.467187 0.712944 0.467187 0.719207 0.471875 0.719207 0.471875 0.698330 0.470313 0.698330 0.470313 0.689979 0.471875 0.689979 0.471875 0.687891 0.473437 0.685804 0.475000 0.685804 0.476562 0.683716 0.478125 0.683716 0.478125 0.681628 0.479688 0.679541 0.479688 0.677453 0.481250 0.675365 0.481250 0.671190 0.482812 0.669102 0.482812 0.667015 0.484375 0.664927 0.489062 0.664927 0.489062 0.612735 0.484375 0.612735 0.481250 0.608559 0.481250 0.606472 0.479688 0.604384 0.479688 0.602296 0.478125 0.600209 0.478125 0.598121 0.476562 0.596033 0.476562 0.587683 0.475000 0.585595 0.475000 0.579332 0.473437 0.577244 0.473437 0.570981 0.459375 0.570981 0.459375 0.587683 0.457812 0.589770 0.457812 0.596033 0.453125 0.602296 0.453125 0.604384 0.451562 0.606472 0.451562 0.608559 0.450000 0.610647 0.450000 0.612735 0.446875 0.616910 0.446875 0.618998 0.443750 0.623173 0.443750 0.625261 0.442187 0.627349 0.442187 0.633612 0.439063 0.637787 0.434375 0.637787 0.434375 0.702505 0.440625 0.702505 0.442187 0.704593 0.442187 0.706681 0.443750 0.708768 0.443750 0.719207 0.454688 0.719207 0.454688 0.710856 0.460938 0.702505 0.460938 0.694155 0.462500 0.692067 0.462500 0.685804 0.465625 0.681628 0.470313 0.687891 0.470313 0.689979
5 0.132812 0.270355 0.132812 0.276618 0.131250 0.278706 0.129688 0.278706 0.128125 0.280793 0.121875 0.280793 0.120312 0.282881 0.115625 0.282881 0.114063 0.284969 0.112500 0.284969 0.110937 0.287056 0.109375 0.287056 0.107813 0.289144 0.107813 0.291232 0.104687 0.295407 0.104687 0.297495 0.103125 0.299582 0.103125 0.301670 0.101562 0.303758 0.101562 0.307933 0.100000 0.310021 0.100000 0.314196 0.098438 0.316284 0.098438 0.326722 0.096875 0.328810 0.096875 0.335073 0.095312 0.337161 0.095312 0.343424 0.093750 0.345511 0.093750 0.349687 0.092188 0.351775 0.092188 0.360125 0.090625 0.362213 0.090625 0.366388 0.089062 0.368476 0.089062 0.378914 0.087500 0.381002 0.087500 0.387265 0.085938 0.389353 0.085938 0.397704 0.084375 0.399791 0.084375 0.403967 0.082813 0.406054 0.082813 0.414405 0.081250 0.416493 0.081250 0.424843 0.079687 0.426931 0.079687 0.437370 0.078125 0.439457 0.078125 0.445720 0.076563 0.447808 0.076563 0.454071 0.075000 0.456159 0.075000 0.464509 0.073437 0.466597 0.073437 0.479123 0.071875 0.481211 0.071875 0.533403 0.073437 0.535491 0.073437 0.545929 0.075000 0.548017 0.075000 0.552192 0.076563 0.554280 0.076563 0.558455 0.078125 0.560543 0.078125 0.589770 0.076563 0.591858 0.076563 0.608559 0.078125 0.610647 0.076563 0.612735 0.076563 0.616910 0.075000 0.618998 0.075000 0.621086 0.073437 0.623173 0.073437 0.631524 0.071875 0.633612 0.071875 0.639875 0.070312 0.641962 0.065625 0.641962 0.065625 0.727557 0.071875 0.727557 0.073437 0.729645 0.087500 0.729645 0.089062 0.731733 0.103125 0.731733 0.104687 0.733820 0.112500 0.733820 0.114063 0.735908 0.131250 0.735908 0.132812 0.737996 0.146875 0.737996 0.148438 0.740084 0.159375 0.740084 0.160938 0.737996 0.162500 0.737996 0.162500 0.735908 0.164062 0.733820 0.164062 0.729645 0.167187 0.725470 0.167187 0.723382 0.170312 0.719207 0.170312 0.717119 0.171875 0.715031 0.175000 0.715031 0.179688 0.708768 0.181250 0.708768 0.182812 0.706681 0.184375 0.706681 0.190625 0.715031 0.190625 0.719207 0.192188 0.721294 0.192188 0.725470 0.193750 0.727557 0.193750 0.735908 0.195312 0.737996 0.195312 0.752610 0.253125 0.752610 0.253125 0.742171 0.254687 0.740084 0.254687 0.737996 0.256250 0.735908 0.256250 0.733820 0.259375 0.729645 0.260938 0.729645 0.262500 0.727557 0.267188 0.727557 0.268750 0.729645 0.271875 0.729645 0.273438 0.731733 0.276563 0.731733 0.279687 0.735908 0.287500 0.735908 0.289062 0.737996 0.292188 0.737996 0.293750 0.735908 0.295312 0.735908 0.296875 0.737996 0.306250 0.737996 0.307813 0.740084 0.310937 0.740084 0.312500 0.742171 0.315625 0.742171 0.317187 0.744259 0.334375 0.744259 0.335938 0.742171 0.345313 0.742171 0.346875 0.740084 0.356250 0.740084 0.357812 0.737996 0.360938 0.737996 0.364062 0.733820 0.365625 0.733820 0.370313 0.727557 0.371875 0.727557 0.373437 0.725470 0.389062 0.725470 0.390625 0.723382 0.398438 0.723382 0.400000 0.721294 0.415625 0.721294 0.417188 0.719207 0.425000 0.719207 0.426562 0.717119 0.429688 0.717119 0.431250 0.715031 0.432813 0.715031 0.434375 0.712944 0.439063 0.712944 0.440625 0.710856 0.440625 0.700418 0.439063 0.698330 0.439063 0.689979 0.440625 0.687891 0.440625 0.685804 0.439063 0.683716 0.439063 0.664927 0.437500 0.662839 0.437500 0.660752 0.439063 0.658664 0.439063 0.637787 0.440625 0.635699 0.440625 0.627349 0.442187 0.625261 0.442187 0.621086 0.443750 0.618998 0.443750 0.616910 0.445312 0.614823 0.445312 0.612735 0.448438 0.608559 0.448438 0.606472 0.451562 0.602296 0.451562 0.598121 0.453125 0.596033 0.453125 0.593946 0.454688 0.591858 0.454688 0.589770 0.456250 0.587683 0.456250 0.583507 0.457812 0.581420 0.457812 0.579332 0.460938 0.575157 0.462500 0.575157 0.464063 0.573069 0.468750 0.573069 0.470313 0.575157 0.471875 0.575157 0.476562 0.581420 0.476562 0.583507 0.478125 0.585595 0.478125 0.589770 0.482812 0.596033 0.482812 0.600209 0.485938 0.604384 0.489062 0.604384 0.489062 0.602296 0.490625 0.600209 0.490625 0.593946 0.492188 0.591858 0.492188 0.589770 0.495313 0.585595 0.495313 0.583507 0.500000 0.577244 0.506250 0.577244 0.507812 0.579332 0.509375 0.579332 0.514063 0.585595 0.514063 0.587683 0.517187 0.591858 0.517187 0.593946 0.518750 0.596033 0.518750 0.602296 0.520312 0.604384 0.520312 0.610647 0.525000 0.616910 0.525000 0.618998 0.526563 0.621086 0.526563 0.629436 0.528125 0.631524 0.528125 0.664927 0.526563 0.667015 0.526563 0.673278 0.525000 0.675365 0.525000 0.679541 0.523438 0.681628 0.523438 0.683716 0.521875 0.685804 0.521875 0.692067 0.523438 0.694155 0.529688 0.694155 0.531250 0.692067 0.534375 0.692067 0.535937 0.689979 0.543750 0.689979 0.545313 0.687891 0.546875 0.687891 0.548437 0.689979 0.556250 0.689979 0.557813 0.687891 0.564062 0.687891 0.565625 0.685804 0.576563 0.685804 0.578125 0.683716 0.579687 0.683716 0.581250 0.681628 0.584375 0.681628 0.585938 0.679541 0.589063 0.679541 0.590625 0.677453 0.604688 0.677453 0.606250 0.675365 0.610937 0.675365 0.612500 0.677453 0.621875 0.677453 0.623438 0.675365 0.626562 0.675365 0.628125 0.673278 0.629687 0.673278 0.631250 0.671190 0.635938 0.671190 0.637500 0.669102 0.640625 0.669102 0.640625 0.664927 0.642187 0.662839 0.642187 0.654489 0.643750 0.652401 0.643750 0.644050 0.645312 0.641962 0.645312 0.637787 0.646875 0.635699 0.646875 0.625261 0.648438 0.623173 0.648438 0.618998 0.650000 0.616910 0.650000 0.614823 0.653125 0.610647 0.653125 0.606472 0.654688 0.604384 0.654688 0.593946 0.656250 0.591858 0.656250 0.587683 0.657812 0.585595 0.657812 0.583507 0.664062 0.575157 0.665625 0.575157 0.667188 0.573069 0.673437 0.573069 0.678125 0.579332 0.679688 0.579332 0.682813 0.583507 0.682813 0.585595 0.684375 0.587683 0.687500 0.583507 0.687500 0.581420 0.689062 0.579332 0.689062 0.575157 0.690625 0.573069 0.690625 0.570981 0.696875 0.562630 0.703125 0.562630 0.709375 0.570981 0.710938 0.570981 0.714063 0.575157 0.714063 0.577244 0.715625 0.577244 0.715625 0.575157 0.717188 0.573069 0.717188 0.568894 0.718750 0.566806 0.718750 0.564718 0.720312 0.562630 0.721875 0.562630 0.723437 0.564718 0.723437 0.566806 0.726562 0.570981 0.726562 0.573069 0.728125 0.573069 0.728125 0.566806 0.729688 0.564718 0.729688 0.560543 0.743750 0.541754 0.748438 0.541754 0.750000 0.539666 0.756250 0.539666 0.757812 0.537578 0.757812 0.535491 0.759375 0.533403 0.759375 0.527140 0.760938 0.525052 0.760938 0.508351 0.762500 0.506263 0.762500 0.491649 0.764063 0.489562 0.764063 0.485386 0.765625 0.483299 0.765625 0.479123 0.767187 0.477035 0.767187 0.470772 0.768750 0.468685 0.768750 0.460334 0.771875 0.456159 0.776563 0.456159 0.778125 0.454071 0.787500 0.454071 0.789062 0.456159 0.795313 0.456159 0.795313 0.416493 0.784375 0.416493 0.782812 0.414405 0.778125 0.414405 0.776563 0.412317 0.771875 0.412317 0.770312 0.410230 0.765625 0.410230 0.764063 0.408142 0.760938 0.408142 0.759375 0.406054 0.756250 0.406054 0.754687 0.403967 0.751562 0.403967 0.750000 0.401879 0.746875 0.401879 0.745313 0.399791 0.737500 0.399791 0.735937 0.397704 0.726562 0.397704 0.725000 0.395616 0.718750 0.395616 0.717188 0.393528 0.712500 0.393528 0.710938 0.391441 0.706250 0.391441 0.704687 0.389353 0.700000 0.389353 0.698438 0.387265 0.692187 0.387265 0.690625 0.385177 0.685938 0.385177 0.684375 0.383090 0.676562 0.383090 0.675000 0.381002 0.665625 0.381002 0.664062 0.378914 0.657812 0.378914 0.656250 0.376827 0.650000 0.376827 0.648438 0.374739 0.642187 0.374739 0.640625 0.372651 0.628125 0.372651 0.626562 0.370564 0.621875 0.370564 0.620313 0.368476 0.617188 0.368476 0.615625 0.366388 0.600000 0.366388 0.598437 0.364301 0.589063 0.364301 0.587500 0.362213 0.578125 0.362213 0.576563 0.360125 0.570312 0.360125 0.568750 0.358038 0.564062 0.358038 0.562500 0.355950 0.556250 0.355950 0.554688 0.353862 0.548437 0.353862 0.546875 0.351775 0.540625 0.351775 0.539062 0.349687 0.532812 0.349687 0.531250 0.347599 0.523438 0.347599 0.521875 0.345511 0.512500 0.345511 0.510938 0.343424 0.496875 0.343424 0.495313 0.341336 0.492188 0.341336 0.490625 0.339248 0.487500 0.339248 0.485938 0.337161 0.481250 0.337161 0.479688 0.335073 0.478125 0.335073 0.476562 0.332985 0.470313 0.332985 0.468750 0.330898 0.457812 0.330898 0.456250 0.328810 0.446875 0.328810 0.445312 0.326722 0.437500 0.326722 0.435937 0.324635 0.429688 0.324635 0.428125 0.322547 0.418750 0.322547 0.417188 0.320459 0.414062 0.320459 0.412500 0.318372 0.407813 0.318372 0.406250 0.316284 0.401563 0.316284 0.400000 0.314196 0.389062 0.314196 0.387500 0.312109 0.376563 0.312109 0.375000 0.310021 0.370313 0.310021 0.368750 0.307933 0.364062 0.307933 0.362500 0.305845 0.354688 0.305845 0.353125 0.303758 0.346875 0.303758 0.345313 0.301670 0.342187 0.301670 0.340625 0.299582 0.334375 0.299582 0.332812 0.297495 0.325000 0.297495 0.323438 0.295407 0.317187 0.295407 0.315625 0.293319 0.310937 0.293319 0.309375 0.291232 0.303125 0.291232 0.301562 0.289144 0.292188 0.289144 0.290625 0.287056 0.284375 0.287056 0.282813 0.284969 0.279687 0.284969 0.278125 0.282881 0.273438 0.282881 0.271875 0.280793 0.260938 0.280793 0.259375 0.278706 0.254687 0.278706 0.253125 0.276618 0.253125 0.270355
0 0.660937 0.570981 0.660937 0.581420 0.659375 0.583507 0.659375 0.593946 0.657812 0.596033 0.657812 0.608559 0.656250 0.610647 0.656250 0.612735 0.654688 0.614823 0.653125 0.614823 0.651563 0.616910 0.646875 0.616910 0.646875 0.637787 0.651563 0.637787 0.654688 0.641962 0.654688 0.644050 0.656250 0.646138 0.656250 0.648225 0.657812 0.650313 0.657812 0.654489 0.659375 0.656576 0.659375 0.658664 0.660937 0.660752 0.660937 0.664927 0.662500 0.667015 0.662500 0.677453 0.681250 0.677453 0.681250 0.669102 0.682813 0.667015 0.689062 0.667015 0.689062 0.637787 0.684375 0.637787 0.681250 0.633612 0.681250 0.629436 0.679688 0.627349 0.679688 0.614823 0.678125 0.612735 0.678125 0.600209 0.679688 0.598121 0.679688 0.585595 0.678125 0.583507 0.678125 0.579332 0.676562 0.577244 0.676562 0.570981
2 0.035937 0.570981 0.035937 0.577244 0.032812 0.581420 0.028125 0.581420 0.028125 0.608559 0.032812 0.608559 0.035937 0.612735 0.035937 0.616910 0.037500 0.618998 0.037500 0.625261 0.039062 0.627349 0.039062 0.637787 0.040625 0.639875 0.040625 0.652401 0.067188 0.652401 0.067188 0.644050 0.068750 0.641962 0.068750 0.639875 0.070312 0.637787 0.070312 0.635699 0.071875 0.633612 0.076563 0.633612 0.076563 0.570981
0 0.878125 0.570981 0.878125 0.587683 0.876562 0.589770 0.871875 0.589770 0.871875 0.635699 0.901563 0.635699 0.901563 0.596033 0.896875 0.596033 0.893750 0.591858 0.893750 0.587683 0.892187 0.585595 0.892187 0.570981
0 0.834375 0.562630 0.834375 0.635699 0.857813 0.635699 0.857813 0.627349 0.859375 0.625261 0.864062 0.625261 0.864062 0.618998 0.859375 0.618998 0.857813 0.616910 0.857813 0.610647 0.859375 0.608559 0.864062 0.608559 0.864062 0.587683 0.859375 0.587683 0.854688 0.581420 0.854688 0.579332 0.853125 0.577244 0.853125 0.570981 0.851562 0.568894 0.851562 0.562630
0 0.912500 0.562630 0.912500 0.573069 0.910937 0.575157 0.910937 0.577244 0.907812 0.581420 0.903125 0.581420 0.903125 0.618998 0.907812 0.618998 0.909375 0.621086 0.909375 0.627349 0.928125 0.627349 0.928125 0.616910 0.934375 0.608559 0.939062 0.608559 0.939062 0.591858 0.934375 0.591858 0.929688 0.585595 0.929688 0.583507 0.928125 0.581420 0.928125 0.579332 0.926562 0.577244 0.926562 0.570981 0.925000 0.568894 0.925000 0.562630
0 0.823438 0.554280 0.823438 0.562630 0.821875 0.564718 0.821875 0.566806 0.820312 0.568894 0.820312 0.581420 0.818750 0.583507 0.818750 0.589770 0.817187 0.591858 0.817187 0.598121 0.815625 0.600209 0.815625 0.602296 0.814062 0.604384 0.809375 0.604384 0.809375 0.633612 0.815625 0.633612 0.817187 0.635699 0.817187 0.644050 0.839063 0.644050 0.839063 0.554280
0 0.459375 0.570981 0.459375 0.589770 0.457812 0.591858 0.453125 0.591858 0.453125 0.706681 0.457812 0.706681 0.462500 0.712944 0.462500 0.719207 0.473437 0.719207 0.473437 0.706681 0.475000 0.704593 0.475000 0.702505 0.476562 0.700418 0.476562 0.694155 0.478125 0.692067 0.478125 0.689979 0.479688 0.687891 0.479688 0.683716 0.481250 0.681628 0.481250 0.675365 0.482812 0.673278 0.482812 0.669102 0.484375 0.667015 0.489062 0.667015 0.489062 0.612735 0.484375 0.612735 0.479688 0.606472 0.479688 0.604384 0.478125 0.602296 0.478125 0.600209 0.476562 0.598121 0.476562 0.591858 0.475000 0.589770 0.475000 0.581420 0.473437 0.579332 0.473437 0.570981
0 0.746875 0.570981 0.746875 0.583507 0.753125 0.583507 0.754687 0.585595 0.754687 0.598121 0.751562 0.602296 0.746875 0.602296 0.746875 0.625261 0.751562 0.625261 0.753125 0.627349 0.753125 0.629436 0.754687 0.631524 0.754687 0.633612 0.756250 0.635699 0.756250 0.637787 0.757812 0.639875 0.759375 0.639875 0.760938 0.641962 0.764063 0.641962 0.767187 0.646138 0.767187 0.652401 0.782812 0.652401 0.782812 0.593946 0.776563 0.593946 0.771875 0.587683 0.771875 0.585595 0.768750 0.581420 0.768750 0.570981
0 0.740625 0.554280 0.740625 0.581420 0.745313 0.581420 0.753125 0.591858 0.753125 0.596033 0.751562 0.598121 0.750000 0.598121 0.748438 0.600209 0.748438 0.604384 0.746875 0.606472 0.746875 0.608559 0.745313 0.610647 0.740625 0.610647 0.740625 0.612735 0.745313 0.612735 0.746875 0.614823 0.746875 0.616910 0.748438 0.618998 0.748438 0.621086 0.753125 0.627349 0.753125 0.629436 0.754687 0.631524 0.754687 0.633612 0.756250 0.635699 0.756250 0.637787 0.759375 0.641962 0.762500 0.641962 0.767187 0.648225 0.767187 0.652401 0.768750 0.654489 0.768750 0.660752 0.773438 0.660752 0.773438 0.654489 0.775000 0.652401 0.775000 0.650313 0.776563 0.648225 0.776563 0.646138 0.778125 0.644050 0.778125 0.639875 0.779688 0.637787 0.779688 0.631524 0.781250 0.629436 0.781250 0.614823 0.782812 0.612735 0.782812 0.610647 0.781250 0.608559 0.781250 0.602296 0.779688 0.600209 0.779688 0.596033 0.770312 0.583507 0.770312 0.581420 0.768750 0.579332 0.768750 0.577244 0.767187 0.575157 0.767187 0.573069 0.765625 0.570981 0.765625 0.568894 0.760938 0.568894 0.759375 0.566806 0.757812 0.566806 0.754687 0.562630 0.754687 0.554280
0 0.693750 0.570981 0.693750 0.577244 0.692187 0.579332 0.692187 0.583507 0.689062 0.587683 0.689062 0.589770 0.684375 0.596033 0.678125 0.596033 0.678125 0.637787 0.682813 0.637787 0.685938 0.641962 0.685938 0.648225 0.687500 0.650313 0.687500 0.669102 0.696875 0.669102 0.696875 0.658664 0.698438 0.656576 0.698438 0.646138 0.700000 0.644050 0.700000 0.623173 0.701563 0.621086 0.701563 0.610647 0.703125 0.608559 0.706250 0.612735 0.706250 0.614823 0.707812 0.616910 0.709375 0.616910 0.710938 0.614823 0.712500 0.614823 0.714063 0.612735 0.720312 0.612735 0.714063 0.612735 0.710938 0.608559 0.710938 0.606472 0.709375 0.604384 0.709375 0.602296 0.707812 0.600209 0.707812 0.598121 0.706250 0.596033 0.706250 0.587683 0.704687 0.585595 0.704687 0.570981
