5 0.295312 0.279859 0.295312 0.286885 0.293750 0.289227 0.284375 0.289227 0.282813 0.291569 0.268750 0.291569 0.267188 0.293911 0.256250 0.293911 0.254687 0.296253 0.248437 0.296253 0.246875 0.298595 0.239063 0.298595 0.237500 0.300937 0.229687 0.300937 0.228125 0.303279 0.221875 0.303279 0.220313 0.305621 0.217187 0.305621 0.215625 0.307963 0.212500 0.307963 0.210938 0.310304 0.204688 0.310304 0.203125 0.312646 0.198437 0.312646 0.196875 0.314988 0.193750 0.314988 0.192188 0.317330 0.189063 0.317330 0.187500 0.319672 0.182812 0.319672 0.181250 0.322014 0.176563 0.322014 0.175000 0.324356 0.171875 0.324356 0.170312 0.326698 0.165625 0.326698 0.164062 0.329040 0.160938 0.329040 0.159375 0.331382 0.156250 0.331382 0.154687 0.333724 0.151562 0.333724 0.150000 0.336066 0.148438 0.336066 0.146875 0.338407 0.145313 0.338407 0.143750 0.340749 0.140625 0.340749 0.137500 0.345433 0.135937 0.345433 0.134375 0.347775 0.132812 0.347775 0.120312 0.366511 0.117188 0.366511 0.115625 0.368852 0.112500 0.368852 0.110937 0.371194 0.106250 0.371194 0.104687 0.373536 0.100000 0.373536 0.098438 0.375878 0.093750 0.375878 0.092188 0.378220 0.087500 0.378220 0.085938 0.380562 0.082813 0.380562 0.081250 0.382904 0.078125 0.382904 0.076563 0.385246 0.073437 0.385246 0.071875 0.387588 0.070312 0.387588 0.068750 0.389930 0.065625 0.389930 0.064062 0.392272 0.062500 0.392272 0.059375 0.396955 0.057813 0.396955 0.053125 0.403981 0.046875 0.403981 0.046875 0.509368 0.051562 0.509368 0.054688 0.504684 0.054688 0.502342 0.056250 0.500000 0.056250 0.495316 0.057813 0.492974 0.057813 0.488290 0.064062 0.478923 0.065625 0.478923 0.070312 0.485948 0.070312 0.488290 0.071875 0.490632 0.073437 0.490632 0.073437 0.488290 0.075000 0.485948 0.075000 0.483607 0.076563 0.481265 0.078125 0.483607 0.078125 0.495316 0.079687 0.497658 0.079687 0.509368 0.081250 0.511710 0.081250 0.514051 0.082813 0.514051 0.084375 0.516393 0.085938 0.516393 0.087500 0.518735 0.087500 0.521077 0.092188 0.528103 0.092188 0.563232 0.090625 0.565574 0.090625 0.572600 0.089062 0.574941 0.089062 0.600703 0.087500 0.603045 0.087500 0.614754 0.085938 0.617096 0.085938 0.631148 0.084375 0.633489 0.084375 0.640515 0.082813 0.642857 0.082813 0.647541 0.081250 0.649883 0.081250 0.661592 0.079687 0.663934 0.079687 0.694379 0.078125 0.696721 0.078125 0.701405 0.079687 0.703747 0.079687 0.755269 0.078125 0.757611 0.078125 0.795082 0.079687 0.797424 0.079687 0.811475 0.081250 0.813817 0.081250 0.816159 0.089062 0.827869 0.089062 0.830211 0.104687 0.853630 0.106250 0.853630 0.107813 0.855972 0.110937 0.855972 0.112500 0.858314 0.117188 0.858314 0.118750 0.860656 0.123438 0.860656 0.125000 0.862998 0.140625 0.862998 0.142188 0.865340 0.168750 0.865340 0.170312 0.867682 0.203125 0.867682 0.204688 0.865340 0.212500 0.865340 0.214062 0.867682 0.221875 0.867682 0.223438 0.865340 0.232812 0.865340 0.234375 0.867682 0.250000 0.867682 0.251563 0.870023 0.271875 0.870023 0.273438 0.867682 0.285937 0.867682 0.287500 0.865340 0.304688 0.865340 0.306250 0.862998 0.323438 0.862998 0.325000 0.860656 0.331250 0.860656 0.332812 0.858314 0.339063 0.858314 0.340625 0.855972 0.348437 0.855972 0.350000 0.853630 0.356250 0.853630 0.357812 0.851288 0.382812 0.851288 0.384375 0.853630 0.393750 0.853630 0.395312 0.855972 0.403125 0.855972 0.404687 0.853630 0.409375 0.853630 0.410937 0.851288 0.412500 0.851288 0.414062 0.848946 0.418750 0.848946 0.420312 0.846604 0.429688 0.846604 0.431250 0.844262 0.443750 0.844262 0.445312 0.841920 0.446875 0.844262 0.451562 0.844262 0.459375 0.855972 0.460938 0.855972 0.462500 0.858314 0.464063 0.858314 0.465625 0.860656 0.468750 0.860656 0.470313 0.862998 0.489062 0.862998 0.490625 0.860656 0.496875 0.860656 0.498437 0.858314 0.500000 0.858314 0.501562 0.855972 0.503125 0.855972 0.515625 0.837237 0.515625 0.834895 0.517187 0.832553 0.517187 0.830211 0.518750 0.827869 0.518750 0.823185 0.520312 0.820843 0.520312 0.818501 0.521875 0.816159 0.521875 0.813817 0.526563 0.806792 0.528125 0.806792 0.529688 0.804450 0.535937 0.804450 0.537500 0.802108 0.542188 0.802108 0.543750 0.799766 0.546875 0.799766 0.548437 0.797424 0.551562 0.797424 0.553125 0.795082 0.554688 0.795082 0.556250 0.792740 0.557813 0.792740 0.559375 0.790398 0.571875 0.790398 0.573438 0.792740 0.582812 0.792740 0.584375 0.790398 0.593750 0.790398 0.595312 0.788056 0.604688 0.788056 0.606250 0.785714 0.610937 0.785714 0.612500 0.783372 0.618750 0.783372 0.620313 0.781030 0.631250 0.781030 0.632812 0.778689 0.639063 0.778689 0.640625 0.776347 0.645312 0.776347 0.646875 0.774005 0.654688 0.774005 0.656250 0.771663 0.667188 0.771663 0.668750 0.769321 0.676562 0.769321 0.678125 0.766979 0.684375 0.766979 0.685938 0.764637 0.692187 0.764637 0.693750 0.762295 0.704687 0.762295 0.706250 0.759953 0.714063 0.759953 0.715625 0.757611 0.723437 0.757611 0.725000 0.755269 0.732813 0.755269 0.734375 0.752927 0.739062 0.752927 0.740625 0.755269 0.745313 0.755269 0.748438 0.759953 0.750000 0.759953 0.756250 0.769321 0.756250 0.771663 0.757812 0.774005 0.759375 0.774005 0.764063 0.781030 0.776563 0.781030 0.778125 0.778689 0.782812 0.778689 0.785937 0.774005 0.787500 0.774005 0.792188 0.766979 0.793750 0.766979 0.793750 0.764637 0.796875 0.759953 0.796875 0.757611 0.798437 0.755269 0.798437 0.743560 0.800000 0.741218 0.800000 0.708431 0.798437 0.706089 0.798437 0.696721 0.796875 0.694379 0.796875 0.680328 0.798437 0.677986 0.798437 0.668618 0.800000 0.666276 0.800000 0.661592 0.801562 0.659251 0.801562 0.656909 0.803125 0.654567 0.803125 0.652225 0.809375 0.642857 0.809375 0.640515 0.812500 0.635831 0.812500 0.633489 0.814062 0.631148 0.814062 0.628806 0.815625 0.626464 0.815625 0.624122 0.817187 0.621780 0.817187 0.619438 0.818750 0.617096 0.818750 0.614754 0.820312 0.612412 0.820312 0.610070 0.823438 0.605386 0.823438 0.603045 0.828125 0.596019 0.828125 0.593677 0.834375 0.584309 0.851562 0.584309 0.853125 0.586651 0.854688 0.586651 0.857813 0.591335 0.859375 0.591335 0.864062 0.598361 0.871875 0.598361 0.873438 0.596019 0.875000 0.596019 0.876562 0.593677 0.882812 0.593677 0.882812 0.399297 0.878125 0.399297 0.876562 0.396955 0.876562 0.394614 0.875000 0.392272 0.875000 0.378220 0.873438 0.375878 0.873438 0.368852 0.871875 0.366511 0.871875 0.361827 0.870313 0.359485 0.870313 0.357143 0.860937 0.343091 0.859375 0.343091 0.857813 0.340749 0.856250 0.340749 0.854688 0.338407 0.851562 0.338407 0.850000 0.336066 0.846875 0.336066 0.845312 0.333724 0.837500 0.333724 0.835938 0.331382 0.826563 0.331382 0.825000 0.329040 0.814062 0.329040 0.812500 0.326698 0.804688 0.326698 0.803125 0.324356 0.798437 0.324356 0.796875 0.322014 0.787500 0.322014 0.785937 0.319672 0.771875 0.319672 0.770312 0.317330 0.754687 0.317330 0.753125 0.314988 0.743750 0.314988 0.742188 0.312646 0.732813 0.312646 0.731250 0.310304 0.703125 0.310304 0.701563 0.307963 0.678125 0.307963 0.676562 0.310304 0.667188 0.310304 0.665625 0.312646 0.656250 0.312646 0.654688 0.314988 0.629687 0.314988 0.628125 0.312646 0.620313 0.312646 0.618750 0.310304 0.606250 0.310304 0.604688 0.307963 0.587500 0.307963 0.585938 0.305621 0.575000 0.305621 0.573438 0.303279 0.560938 0.303279 0.559375 0.300937 0.542188 0.300937 0.540625 0.298595 0.531250 0.298595 0.529688 0.296253 0.523438 0.296253 0.521875 0.293911 0.518750 0.293911 0.517187 0.291569 0.510938 0.291569 0.509375 0.289227 0.504687 0.289227 0.503125 0.286885 0.503125 0.279859
0 0.000000 0.720141 0.000000 0.998829 0.115625 0.998829 0.115625 0.987119 0.117188 0.984778 0.117188 0.977752 0.118750 0.975410 0.118750 0.973068 0.121875 0.968384 0.126563 0.968384 0.126563 0.921546 0.121875 0.921546 0.118750 0.916862 0.118750 0.912178 0.117188 0.909836 0.117188 0.907494 0.115625 0.905152 0.115625 0.902810 0.114063 0.900468 0.114063 0.895785 0.110937 0.891101 0.110937 0.886417 0.109375 0.884075 0.109375 0.881733 0.107813 0.879391 0.107813 0.877049 0.106250 0.874707 0.106250 0.870023 0.104687 0.867682 0.104687 0.862998 0.103125 0.860656 0.103125 0.858314 0.100000 0.853630 0.100000 0.851288 0.084375 0.827869 0.082813 0.827869 0.081250 0.825527 0.076563 0.825527 0.075000 0.823185 0.071875 0.823185 0.070312 0.820843 0.068750 0.820843 0.067188 0.818501 0.065625 0.818501 0.064062 0.816159 0.062500 0.816159 0.060938 0.813817 0.059375 0.813817 0.057813 0.811475 0.056250 0.811475 0.054688 0.809133 0.051562 0.809133 0.050000 0.806792 0.046875 0.806792 0.045313 0.804450 0.043750 0.804450 0.035937 0.792740 0.035937 0.790398 0.034375 0.788056 0.034375 0.783372 0.032812 0.781030 0.032812 0.766979 0.031250 0.764637 0.031250 0.755269 0.029687 0.752927 0.029687 0.748244 0.028125 0.745902 0.028125 0.743560 0.025000 0.738876 0.025000 0.736534 0.021875 0.731850 0.021875 0.729508 0.020312 0.727166 0.020312 0.720141
26 0.831250 0.652225 0.829687 0.654567 0.829687 0.666276 0.831250 0.668618 0.831250 0.673302 0.832812 0.675644 0.832812 0.677986 0.835938 0.682670 0.835938 0.685012 0.842188 0.694379 0.842188 0.696721 0.843750 0.699063 0.843750 0.701405 0.845312 0.703747 0.845312 0.708431 0.846875 0.710773 0.846875 0.713115 0.848437 0.715457 0.848437 0.717799 0.850000 0.720141 0.850000 0.722482 0.851562 0.724824 0.851562 0.727166 0.854688 0.731850 0.854688 0.736534 0.856250 0.738876 0.856250 0.741218 0.857813 0.743560 0.857813 0.745902 0.859375 0.748244 0.859375 0.750585 0.862500 0.755269 0.862500 0.762295 0.864062 0.764637 0.864062 0.769321 0.865625 0.771663 0.865625 0.774005 0.868750 0.778689 0.868750 0.783372 0.870313 0.785714 0.870313 0.788056 0.875000 0.795082 0.875000 0.802108 0.901563 0.802108 0.901563 0.759953 0.895312 0.759953 0.892187 0.755269 0.890625 0.755269 0.889063 0.752927 0.887500 0.752927 0.884375 0.748244 0.882812 0.748244 0.882812 0.750585 0.881250 0.752927 0.881250 0.757611 0.885938 0.764637 0.885938 0.766979 0.881250 0.774005 0.879687 0.774005 0.878125 0.776347 0.876562 0.776347 0.873438 0.771663 0.871875 0.771663 0.868750 0.766979 0.868750 0.752927 0.862500 0.743560 0.862500 0.738876 0.860937 0.736534 0.860937 0.729508 0.859375 0.727166 0.859375 0.724824 0.856250 0.720141 0.856250 0.717799 0.854688 0.715457 0.854688 0.713115 0.853125 0.710773 0.853125 0.706089 0.850000 0.701405 0.850000 0.699063 0.848437 0.696721 0.848437 0.694379 0.846875 0.692037 0.846875 0.687354 0.843750 0.682670 0.843750 0.680328 0.842188 0.677986 0.842188 0.675644 0.840625 0.673302 0.840625 0.668618 0.837500 0.663934 0.837500 0.661592 0.835938 0.659251 0.835938 0.656909 0.834375 0.654567 0.834375 0.652225
0 0.829687 0.579625 0.829687 0.588993 0.828125 0.591335 0.828125 0.593677 0.826563 0.596019 0.826563 0.598361 0.825000 0.600703 0.825000 0.603045 0.821875 0.607728 0.821875 0.610070 0.820312 0.612412 0.820312 0.614754 0.818750 0.617096 0.818750 0.621780 0.817187 0.624122 0.817187 0.626464 0.815625 0.628806 0.815625 0.631148 0.814062 0.633489 0.814062 0.638173 0.812500 0.640515 0.812500 0.642857 0.809375 0.647541 0.809375 0.649883 0.806250 0.654567 0.806250 0.656909 0.803125 0.661592 0.796875 0.661592 0.796875 0.766979 0.801562 0.766979 0.804688 0.771663 0.804688 0.774005 0.806250 0.776347 0.806250 0.778689 0.807813 0.781030 0.807813 0.790398 0.806250 0.792740 0.807813 0.795082 0.807813 0.797424 0.809375 0.799766 0.809375 0.802108 0.817187 0.813817 0.817187 0.820843 0.818750 0.823185 0.818750 0.844262 0.820312 0.846604 0.820312 0.860656 0.818750 0.862998 0.818750 0.891101 0.817187 0.893443 0.817187 0.895785 0.818750 0.898126 0.818750 0.923888 0.864062 0.923888 0.864062 0.914520 0.865625 0.912178 0.865625 0.905152 0.867188 0.902810 0.867188 0.893443 0.868750 0.891101 0.868750 0.867682 0.870313 0.865340 0.870313 0.860656 0.875000 0.853630 0.875000 0.851288 0.876562 0.848946 0.876562 0.839578 0.878125 0.837237 0.878125 0.797424 0.868750 0.783372 0.868750 0.781030 0.867188 0.778689 0.867188 0.776347 0.865625 0.774005 0.865625 0.771663 0.864062 0.769321 0.864062 0.766979 0.862500 0.764637 0.862500 0.762295 0.860937 0.759953 0.860937 0.755269 0.857813 0.750585 0.857813 0.748244 0.856250 0.745902 0.856250 0.743560 0.854688 0.741218 0.854688 0.738876 0.846875 0.727166 0.846875 0.724824 0.845312 0.722482 0.845312 0.720141 0.843750 0.717799 0.843750 0.710773 0.842188 0.708431 0.842188 0.701405 0.840625 0.699063 0.840625 0.696721 0.837500 0.692037 0.837500 0.689696 0.835938 0.687354 0.835938 0.685012 0.832812 0.680328 0.832812 0.677986 0.831250 0.675644 0.831250 0.670960 0.829687 0.668618 0.829687 0.661592 0.832812 0.656909 0.834375 0.656909 0.840625 0.666276 0.840625 0.668618 0.842188 0.670960 0.842188 0.673302 0.845312 0.677986 0.845312 0.680328 0.851562 0.689696 0.851562 0.692037 0.853125 0.694379 0.853125 0.696721 0.856250 0.701405 0.856250 0.703747 0.857813 0.706089 0.857813 0.710773 0.859375 0.713115 0.859375 0.717799 0.860937 0.720141 0.860937 0.722482 0.862500 0.724824 0.862500 0.727166 0.864062 0.729508 0.864062 0.734192 0.865625 0.736534 0.865625 0.738876 0.868750 0.743560 0.868750 0.748244 0.870313 0.750585 0.870313 0.755269 0.871875 0.757611 0.873438 0.755269 0.879687 0.755269 0.881250 0.757611 0.881250 0.759953 0.882812 0.762295 0.882812 0.766979 0.881250 0.769321 0.881250 0.785714 0.882812 0.788056 0.882812 0.790398 0.884375 0.790398 0.885938 0.788056 0.887500 0.788056 0.893750 0.778689 0.893750 0.764637 0.892187 0.762295 0.892187 0.757611 0.893750 0.755269 0.893750 0.752927 0.895312 0.750585 0.901563 0.750585 0.901563 0.724824 0.896875 0.724824 0.895312 0.722482 0.895312 0.720141 0.893750 0.717799 0.893750 0.713115 0.892187 0.710773 0.892187 0.706089 0.890625 0.703747 0.890625 0.699063 0.889063 0.696721 0.889063 0.694379 0.885938 0.689696 0.885938 0.687354 0.884375 0.685012 0.884375 0.682670 0.882812 0.680328 0.882812 0.677986 0.881250 0.675644 0.881250 0.673302 0.878125 0.668618 0.878125 0.666276 0.871875 0.656909 0.871875 0.654567 0.865625 0.645199 0.865625 0.640515 0.864062 0.638173 0.864062 0.603045 0.862500 0.600703 0.862500 0.598361 0.860937 0.596019 0.860937 0.593677 0.856250 0.586651 0.856250 0.579625
2 0.015625 0.570258 0.015625 0.605386 0.070312 0.605386 0.070312 0.570258
0 0.943750 0.645199 0.943750 0.656909 0.945312 0.659251 0.945312 0.663934 0.946875 0.663934 0.946875 0.652225 0.945312 0.649883 0.945312 0.645199 0.943750 0.645199 0.942187 0.640515 0.942187 0.633489 0.940625 0.631148 0.940625 0.619438 0.939062 0.617096 0.939062 0.614754 0.937500 0.614754 0.934375 0.610070 0.934375 0.607728 0.932813 0.605386 0.932813 0.603045 0.931250 0.600703 0.931250 0.567916 0.929688 0.565574 0.929688 0.563232 0.928125 0.560890 0.928125 0.558548 0.926562 0.556206 0.926562 0.553864 0.925000 0.551522 0.925000 0.542155 0.901563 0.542155 0.901563 0.553864 0.900000 0.556206 0.900000 0.558548 0.898438 0.560890 0.898438 0.563232 0.896875 0.565574 0.896875 0.570258 0.895312 0.572600 0.895312 0.574941 0.892187 0.579625 0.892187 0.581967 0.887500 0.588993 0.887500 0.591335 0.882812 0.598361 0.882812 0.600703 0.879687 0.605386 0.876562 0.605386 0.875000 0.607728 0.871875 0.607728 0.870313 0.610070 0.865625 0.610070 0.865625 0.647541 0.871875 0.647541 0.873438 0.649883 0.873438 0.652225 0.876562 0.656909 0.876562 0.659251 0.879687 0.663934 0.879687 0.666276 0.882812 0.670960 0.882812 0.673302 0.884375 0.675644 0.884375 0.677986 0.885938 0.680328 0.885938 0.682670 0.887500 0.685012 0.887500 0.687354 0.889063 0.689696 0.889063 0.692037 0.893750 0.699063 0.893750 0.701405 0.895312 0.703747 0.895312 0.708431 0.896875 0.710773 0.896875 0.715457 0.898438 0.717799 0.898438 0.722482 0.900000 0.724824 0.900000 0.734192 0.901563 0.736534 0.901563 0.743560 0.900000 0.745902 0.900000 0.757611 0.901563 0.759953 0.901563 0.769321 0.903125 0.771663 0.903125 0.788056 0.901563 0.790398 0.901563 0.797424 0.898438 0.802108 0.898438 0.804450 0.895312 0.809133 0.895312 0.823185 0.893750 0.825527 0.893750 0.837237 0.895312 0.839578 0.895312 0.858314 0.896875 0.860656 0.896875 0.867682 0.898438 0.870023 0.898438 0.879391 0.900000 0.881733 0.900000 0.900468 0.901563 0.902810 0.901563 0.907494 0.904688 0.907494 0.906250 0.909836 0.910937 0.909836 0.912500 0.907494 0.918750 0.907494 0.920313 0.905152 0.921875 0.905152 0.921875 0.902810 0.923437 0.900468 0.923437 0.870023 0.921875 0.867682 0.921875 0.853630 0.920313 0.851288 0.920313 0.844262 0.918750 0.841920 0.918750 0.811475 0.920313 0.809133 0.920313 0.804450 0.921875 0.802108 0.925000 0.806792 0.926562 0.806792 0.929688 0.811475 0.929688 0.813817 0.931250 0.816159 0.931250 0.823185 0.932813 0.825527 0.932813 0.834895 0.934375 0.837237 0.934375 0.853630 0.935938 0.855972 0.935938 0.870023 0.937500 0.872365 0.937500 0.886417 0.939062 0.888759 0.939062 0.895785 0.940625 0.898126 0.940625 0.905152 0.942187 0.907494 0.940625 0.909836 0.940625 0.923888 0.982813 0.923888 0.982813 0.902810 0.975000 0.902810 0.973437 0.900468 0.971875 0.900468 0.967188 0.893443 0.967188 0.891101 0.964063 0.886417 0.964063 0.881733 0.962500 0.879391 0.962500 0.870023 0.960938 0.867682 0.960938 0.844262 0.959375 0.841920 0.959375 0.832553 0.957812 0.830211 0.957812 0.825527 0.956250 0.823185 0.956250 0.792740 0.954687 0.790398 0.954687 0.781030 0.953125 0.778689 0.953125 0.776347 0.951563 0.774005 0.951563 0.766979 0.950000 0.764637 0.950000 0.752927 0.948438 0.750585 0.948438 0.745902 0.946875 0.743560 0.946875 0.741218 0.943750 0.736534 0.943750 0.734192 0.942187 0.734192 0.937500 0.727166 0.937500 0.724824 0.935938 0.722482 0.935938 0.720141 0.934375 0.717799 0.934375 0.710773 0.932813 0.708431 0.932813 0.703747 0.931250 0.701405 0.931250 0.687354 0.929688 0.685012 0.929688 0.675644 0.928125 0.673302 0.928125 0.668618 0.926562 0.666276 0.926562 0.654567 0.928125 0.652225 0.926562 0.649883 0.926562 0.642857 0.928125 0.640515 0.928125 0.626464 0.931250 0.621780 0.934375 0.621780 0.935938 0.624122 0.935938 0.628806 0.937500 0.631148 0.937500 0.635831 0.940625 0.640515 0.942187 0.640515
0 0.196875 0.485948 0.196875 0.500000 0.195312 0.502342 0.195312 0.511710 0.193750 0.514051 0.193750 0.518735 0.192188 0.521077 0.192188 0.530445 0.190625 0.532787 0.190625 0.535129 0.185937 0.542155 0.184375 0.542155 0.182812 0.544496 0.178125 0.544496 0.178125 0.570258 0.184375 0.570258 0.185937 0.572600 0.210938 0.572600 0.212500 0.574941 0.220313 0.574941 0.221875 0.577283 0.240625 0.577283 0.242188 0.574941 0.245312 0.574941 0.246875 0.572600 0.248437 0.572600 0.253125 0.565574 0.257812 0.565574 0.257812 0.549180 0.253125 0.549180 0.251563 0.546838 0.251563 0.544496 0.250000 0.542155 0.250000 0.539813 0.248437 0.537471 0.248437 0.535129 0.246875 0.532787 0.246875 0.530445 0.245312 0.528103 0.243750 0.528103 0.242188 0.525761 0.239063 0.525761 0.237500 0.523419 0.234375 0.523419 0.232812 0.521077 0.231250 0.521077 0.229687 0.518735 0.228125 0.518735 0.223438 0.511710 0.223438 0.507026 0.221875 0.504684 0.221875 0.485948
28 0.546875 0.832553 0.546875 0.839578 0.543750 0.844262 0.540625 0.844262 0.539062 0.846604 0.534375 0.846604 0.531250 0.851288 0.529688 0.851288 0.525000 0.858314 0.525000 0.860656 0.523438 0.862998 0.523438 0.867682 0.520312 0.872365 0.515625 0.872365 0.515625 0.968384 0.520312 0.968384 0.523438 0.973068 0.523438 0.980094 0.550000 0.980094 0.550000 0.973068 0.551562 0.970726 0.553125 0.970726 0.554688 0.973068 0.554688 0.980094 0.570312 0.980094 0.570312 0.970726 0.573438 0.966042 0.573438 0.963700 0.575000 0.961358 0.575000 0.954333 0.576563 0.951991 0.576563 0.949649 0.578125 0.947307 0.582812 0.947307 0.582812 0.853630 0.576563 0.853630 0.575000 0.851288 0.575000 0.848946 0.573438 0.846604 0.573438 0.832553
0 0.903125 0.542155 0.903125 0.551522 0.901563 0.553864 0.901563 0.556206 0.900000 0.558548 0.900000 0.560890 0.898438 0.563232 0.898438 0.565574 0.896875 0.567916 0.896875 0.572600 0.895312 0.574941 0.895312 0.584309 0.896875 0.586651 0.896875 0.607728 0.900000 0.612412 0.900000 0.614754 0.903125 0.619438 0.903125 0.624122 0.904688 0.626464 0.903125 0.628806 0.903125 0.635831 0.901563 0.638173 0.900000 0.638173 0.898438 0.635831 0.893750 0.635831 0.889063 0.628806 0.884375 0.628806 0.884375 0.692037 0.890625 0.692037 0.895312 0.699063 0.895312 0.701405 0.896875 0.703747 0.896875 0.708431 0.898438 0.710773 0.898438 0.715457 0.900000 0.717799 0.900000 0.722482 0.901563 0.724824 0.901563 0.762295 0.903125 0.764637 0.903125 0.795082 0.901563 0.797424 0.901563 0.799766 0.900000 0.802108 0.900000 0.804450 0.895312 0.811475 0.895312 0.848946 0.896875 0.851288 0.896875 0.860656 0.898438 0.862998 0.898438 0.870023 0.900000 0.872365 0.900000 0.884075 0.901563 0.886417 0.901563 0.902810 0.904688 0.907494 0.910937 0.907494 0.912500 0.905152 0.920313 0.905152 0.921875 0.902810 0.921875 0.900468 0.923437 0.898126 0.923437 0.881733 0.921875 0.879391 0.921875 0.855972 0.920313 0.853630 0.920313 0.848946 0.918750 0.846604 0.918750 0.834895 0.917188 0.832553 0.917188 0.827869 0.918750 0.825527 0.918750 0.797424 0.920313 0.795082 0.921875 0.795082 0.923437 0.797424 0.923437 0.802108 0.929688 0.811475 0.929688 0.813817 0.931250 0.816159 0.931250 0.823185 0.932813 0.825527 0.932813 0.834895 0.934375 0.837237 0.934375 0.858314 0.935938 0.860656 0.935938 0.874707 0.937500 0.877049 0.937500 0.888759 0.939062 0.891101 0.939062 0.900468 0.940625 0.902810 0.940625 0.912178 0.939062 0.914520 0.939062 0.923888 0.964063 0.923888 0.964063 0.827869 0.959375 0.827869 0.956250 0.823185 0.956250 0.790398 0.954687 0.788056 0.954687 0.781030 0.953125 0.778689 0.953125 0.776347 0.951563 0.774005 0.951563 0.764637 0.950000 0.762295 0.950000 0.750585 0.948438 0.748244 0.948438 0.743560 0.943750 0.736534 0.943750 0.734192 0.942187 0.731850 0.940625 0.731850 0.937500 0.727166 0.937500 0.724824 0.935938 0.722482 0.935938 0.717799 0.934375 0.715457 0.934375 0.708431 0.932813 0.706089 0.932813 0.689696 0.931250 0.687354 0.931250 0.670960 0.929688 0.668618 0.929688 0.659251 0.931250 0.656909 0.931250 0.640515 0.932813 0.638173 0.934375 0.638173 0.939062 0.645199 0.939062 0.647541 0.942187 0.652225 0.942187 0.654567 0.945312 0.659251 0.946875 0.656909 0.946875 0.652225 0.945312 0.649883 0.945312 0.642857 0.942187 0.638173 0.942187 0.631148 0.940625 0.628806 0.940625 0.619438 0.939062 0.617096 0.939062 0.614754 0.937500 0.614754 0.935938 0.612412 0.935938 0.610070 0.934375 0.607728 0.934375 0.605386 0.932813 0.603045 0.932813 0.600703 0.931250 0.598361 0.931250 0.570258 0.929688 0.567916 0.929688 0.563232 0.928125 0.560890 0.928125 0.558548 0.926562 0.556206 0.926562 0.553864 0.925000 0.551522 0.925000 0.542155
2 0.990625 0.523419 0.990625 0.549180 0.987500 0.553864 0.987500 0.556206 0.978125 0.570258 0.976562 0.570258 0.973437 0.574941 0.965625 0.574941 0.965625 0.624122 0.998438 0.624122 0.998438 0.523419
