17 0.784375 0.875000 0.784375 0.877083 0.784375 0.875000 0.628125 0.756250 0.631250 0.760417 0.632812 0.760417 0.634375 0.762500 0.634375 0.766667 0.632812 0.768750 0.632812 0.770833 0.634375 0.772917 0.634375 0.775000 0.635938 0.777083 0.635938 0.779167 0.639063 0.783333 0.639063 0.787500 0.637500 0.787500 0.634375 0.791667 0.634375 0.795833 0.631250 0.800000 0.631250 0.802083 0.629687 0.804167 0.629687 0.808333 0.628125 0.810417 0.628125 0.812500 0.626562 0.814583 0.626562 0.816667 0.623438 0.820833 0.623438 0.822917 0.621875 0.825000 0.621875 0.827083 0.618750 0.831250 0.618750 0.835417 0.617188 0.837500 0.617188 0.839583 0.615625 0.841667 0.615625 0.847917 0.614062 0.850000 0.614062 0.852083 0.612500 0.854167 0.612500 0.856250 0.610937 0.858333 0.610937 0.860417 0.609375 0.862500 0.609375 0.864583 0.607813 0.866667 0.607813 0.868750 0.606250 0.870833 0.606250 0.872917 0.604688 0.875000 0.604688 0.877083 0.603125 0.879167 0.603125 0.881250 0.600000 0.885417 0.598437 0.885417 0.590625 0.895833 0.590625 0.897917 0.587500 0.902083 0.587500 0.904167 0.584375 0.908333 0.584375 0.910417 0.571875 0.927083 0.570312 0.927083 0.568750 0.929167 0.559375 0.929167 0.557813 0.927083 0.554688 0.927083 0.554688 0.916667 0.556250 0.914583 0.556250 0.910417 0.557813 0.908333 0.557813 0.906250 0.559375 0.904167 0.559375 0.902083 0.560938 0.900000 0.560938 0.897917 0.570312 0.885417 0.570312 0.883333 0.571875 0.881250 0.571875 0.879167 0.573438 0.877083 0.575000 0.877083 0.578125 0.872917 0.578125 0.870833 0.579687 0.868750 0.579687 0.866667 0.581250 0.864583 0.581250 0.862500 0.582812 0.860417 0.582812 0.858333 0.584375 0.856250 0.585938 0.856250 0.587500 0.854167 0.589063 0.854167 0.590625 0.852083 0.590625 0.850000 0.593750 0.845833 0.593750 0.843750 0.598437 0.837500 0.598437 0.835417 0.601562 0.831250 0.601562 0.829167 0.603125 0.827083 0.603125 0.825000 0.606250 0.820833 0.606250 0.816667 0.607813 0.814583 0.607813 0.808333 0.609375 0.806250 0.609375 0.802083 0.610937 0.800000 0.610937 0.797917 0.790625 0.618750 0.790625 0.622917 0.792188 0.625000 0.792188 0.627083 0.793750 0.629167 0.793750 0.637500 0.795313 0.639583 0.795313 0.641667 0.796875 0.643750 0.796875 0.647917 0.806250 0.660417 0.807813 0.660417 0.807813 0.668750 0.806250 0.670833 0.806250 0.672917 0.804688 0.675000 0.804688 0.685417 0.803125 0.687500 0.801562 0.687500 0.801562 0.685417 0.798437 0.681250 0.796875 0.681250 0.796875 0.679167 0.795313 0.677083 0.795313 0.670833 0.793750 0.668750 0.793750 0.652083 0.790625 0.647917 0.790625 0.645833 0.787500 0.641667 0.785937 0.641667 0.784375 0.639583 0.501562 0.662500 0.498437 0.658333 0.496875 0.658333 0.495313 0.656250 0.493750 0.656250 0.484375 0.643750 0.484375 0.641667 0.482812 0.639583 0.482812 0.637500 0.481250 0.635417 0.481250 0.625000 0.479688 0.622917 0.479688 0.614583 0.478125 0.612500 0.478125 0.608333 0.476562 0.606250 0.476562 0.602083 0.475000 0.600000 0.475000 0.597917 0.473437 0.595833 0.473437 0.587500 0.471875 0.585417 0.471875 0.577083 0.470313 0.575000 0.470313 0.572917 0.468750 0.570833 0.468750 0.520833 0.467187 0.518750 0.467187 0.512500 0.465625 0.510417 0.465625 0.489583 0.467187 0.487500 0.467187 0.479167 0.470313 0.475000 0.473437 0.475000 0.476562 0.479167 0.478125 0.479167 0.479688 0.477083 0.482812 0.477083 0.485938 0.472917 0.487500 0.472917 0.490625 0.468750 0.490625 0.466667 0.492188 0.464583 0.492188 0.462500 0.495313 0.458333 0.498437 0.458333 0.500000 0.460417 0.517187 0.460417 0.515625 0.458333 0.515625 0.454167 0.514063 0.454167 0.512500 0.452083 0.509375 0.452083 0.507812 0.450000 0.500000 0.450000 0.498437 0.447917 0.496875 0.447917 0.495313 0.445833 0.493750 0.445833 0.490625 0.441667 0.484375 0.441667 0.482812 0.443750 0.478125 0.443750 0.476562 0.445833 0.475000 0.445833 0.471875 0.450000 0.470313 0.450000 0.468750 0.452083 0.465625 0.452083 0.464063 0.454167 0.460938 0.454167 0.459375 0.456250 0.457812 0.456250 0.456250 0.454167 0.453125 0.454167 0.451562 0.452083 0.448438 0.452083 0.446875 0.450000 0.443750 0.450000 0.442187 0.447917 0.434375 0.447917 0.432813 0.445833 0.429688 0.445833 0.428125 0.443750 0.423438 0.443750 0.421875 0.441667 0.417188 0.441667 0.415625 0.439583 0.412500 0.439583 0.410937 0.437500 0.409375 0.437500 0.407813 0.435417 0.404687 0.435417 0.403125 0.433333 0.395312 0.433333 0.393750 0.431250 0.387500 0.431250 0.385938 0.429167 0.379687 0.429167 0.378125 0.427083 0.371875 0.427083 0.370313 0.425000 0.364062 0.425000 0.362500 0.422917 0.356250 0.422917 0.354688 0.420833 0.350000 0.420833 0.348437 0.418750 0.342187 0.418750 0.340625 0.416667 0.334375 0.416667 0.332812 0.414583 0.323438 0.414583 0.321875 0.412500 0.312500 0.412500 0.310937 0.410417 0.307813 0.410417 0.306250 0.408333 0.301562 0.408333 0.300000 0.406250 0.287500 0.406250 0.285937 0.404167 0.276563 0.404167 0.275000 0.406250 0.253125 0.406250 0.251563 0.408333 0.243750 0.408333 0.242188 0.410417 0.235938 0.410417 0.234375 0.412500 0.223438 0.412500 0.221875 0.410417 0.217187 0.410417 0.214062 0.406250 0.210938 0.406250 0.209375 0.404167 0.204688 0.404167 0.203125 0.402083 0.201562 0.402083 0.200000 0.404167 0.196875 0.404167 0.196875 0.406250 0.195312 0.408333 0.195312 0.418750 0.196875 0.420833 0.196875 0.491667 0.198437 0.493750 0.198437 0.504167 0.196875 0.506250 0.196875 0.522917 0.195312 0.525000 0.195312 0.531250 0.193750 0.533333 0.193750 0.537500 0.192188 0.539583 0.192188 0.550000 0.190625 0.552083 0.190625 0.554167 0.192188 0.556250 0.192188 0.564583 0.193750 0.566667 0.193750 0.579167 0.192188 0.581250 0.192188 0.587500 0.190625 0.589583 0.190625 0.595833 0.193750 0.600000 0.193750 0.602083 0.207813 0.620833 0.223438 0.620833 0.225000 0.618750 0.228125 0.618750 0.231250 0.614583 0.232812 0.614583 0.234375 0.612500 0.235938 0.612500 0.240625 0.606250 0.242188 0.606250 0.245312 0.602083 0.246875 0.602083 0.246875 0.600000 0.251563 0.593750 0.256250 0.593750 0.257812 0.591667 0.257812 0.587500 0.262500 0.581250 0.262500 0.579167 0.264062 0.577083 0.264062 0.570833 0.267188 0.566667 0.267188 0.564583 0.271875 0.558333 0.271875 0.556250 0.275000 0.552083 0.275000 0.550000 0.278125 0.545833 0.281250 0.545833 0.282813 0.543750 0.290625 0.543750 0.298438 0.554167 0.300000 0.554167 0.301562 0.556250 0.303125 0.556250 0.306250 0.560417 0.307813 0.560417 0.309375 0.562500 0.312500 0.562500 0.314063 0.564583 0.315625 0.564583 0.317187 0.566667 0.318750 0.566667 0.320312 0.568750 0.321875 0.568750 0.325000 0.572917 0.326562 0.572917 0.339063 0.589583 0.339063 0.591667 0.342187 0.595833 0.342187 0.597917 0.343750 0.600000 0.343750 0.602083 0.345313 0.604167 0.345313 0.606250 0.346875 0.608333 0.346875 0.610417 0.348437 0.612500 0.348437 0.616667 0.350000 0.618750 0.350000 0.622917 0.351562 0.625000 0.351562 0.629167 0.353125 0.631250 0.353125 0.635417 0.354688 0.637500 0.354688 0.643750 0.356250 0.645833 0.356250 0.652083 0.357812 0.654167 0.357812 0.660417 0.359375 0.662500 0.359375 0.672917 0.360938 0.675000 0.360938 0.679167 0.362500 0.681250 0.362500 0.685417 0.364062 0.687500 0.364062 0.689583 0.365625 0.691667 0.365625 0.693750 0.368750 0.697917 0.368750 0.700000 0.370313 0.702083 0.370313 0.704167 0.371875 0.706250 0.371875 0.708333 0.375000 0.712500 0.375000 0.714583 0.376563 0.716667 0.376563 0.718750 0.384375 0.729167 0.384375 0.731250 0.385938 0.733333 0.385938 0.735417 0.387500 0.737500 0.385938 0.739583 0.385938 0.754167 0.387500 0.756250 0.387500 0.760417 0.389062 0.762500 0.389062 0.766667 0.392188 0.770833 0.392188 0.772917 0.393750 0.775000 0.393750 0.779167 0.395312 0.781250 0.395312 0.787500 0.396875 0.789583 0.396875 0.791667 0.400000 0.791667 0.401563 0.789583 0.403125 0.791667 0.404687 0.791667 0.406250 0.793750 0.407813 0.793750 0.409375 0.795833 0.409375 0.797917 0.410937 0.800000 0.410937 0.804167 0.412500 0.806250 0.412500 0.808333 0.414062 0.810417 0.414062 0.829167 0.415625 0.831250 0.415625 0.833333 0.417188 0.835417 0.417188 0.841667 0.418750 0.843750 0.418750 0.881250 0.417188 0.883333 0.417188 0.891667 0.418750 0.893750 0.417188 0.895833 0.417188 0.900000 0.415625 0.902083 0.415625 0.906250 0.414062 0.908333 0.414062 0.910417 0.412500 0.912500 0.412500 0.914583 0.410937 0.916667 0.410937 0.918750 0.409375 0.920833 0.409375 0.922917 0.407813 0.925000 0.407813 0.929167 0.406250 0.931250 0.406250 0.935417 0.404687 0.937500 0.404687 0.939583 0.398438 0.947917 0.398438 0.950000 0.396875 0.952083 0.396875 0.962500 0.401563 0.968750 0.401563 0.977083 0.418750 0.977083 0.418750 0.970833 0.421875 0.966667 0.423438 0.966667 0.425000 0.964583 0.426562 0.964583 0.429688 0.960417 0.431250 0.960417 0.432813 0.958333 0.432813 0.956250 0.434375 0.954167 0.434375 0.952083 0.435937 0.950000 0.435937 0.922917 0.437500 0.920833 0.437500 0.914583 0.439063 0.912500 0.439063 0.910417 0.440625 0.908333 0.440625 0.906250 0.442187 0.904167 0.442187 0.893750 0.443750 0.891667 0.443750 0.887500 0.445312 0.885417 0.445312 0.856250 0.443750 0.854167 0.443750 0.837500 0.442187 0.835417 0.442187 0.825000 0.443750 0.822917 0.443750 0.787500 0.442187 0.785417 0.443750 0.783333 0.443750 0.752083 0.445312 0.750000 0.445312 0.737500 0.446875 0.735417 0.446875 0.731250 0.448438 0.729167 0.448438 0.727083 0.450000 0.725000 0.450000 0.722917 0.456250 0.714583 0.457812 0.714583 0.459375 0.712500 0.462500 0.712500 0.464063 0.710417 0.471875 0.710417 0.473437 0.708333 0.476562 0.708333 0.478125 0.706250 0.479688 0.706250 0.481250 0.704167 0.482812 0.704167 0.490625 0.693750 0.490625 0.691667 0.493750 0.687500 0.493750 0.685417 0.495313 0.683333 0.495313 0.681250 0.500000 0.675000 0.500000 0.672917 0.501562 0.670833 0.501562 0.662500 0.784375 0.639583 0.782812 0.639583 0.779688 0.643750 0.779688 0.650000 0.778125 0.652083 0.778125 0.656250 0.776563 0.658333 0.775000 0.656250 0.771875 0.656250 0.768750 0.660417 0.768750 0.666667 0.767187 0.668750 0.767187 0.675000 0.760938 0.683333 0.760938 0.685417 0.759375 0.687500 0.759375 0.704167 0.760938 0.706250 0.760938 0.710417 0.762500 0.712500 0.762500 0.714583 0.764063 0.716667 0.764063 0.718750 0.765625 0.720833 0.765625 0.722917 0.768750 0.727083 0.768750 0.729167 0.773438 0.735417 0.773438 0.739583 0.776563 0.743750 0.776563 0.752083 0.781250 0.758333 0.781250 0.760417 0.782812 0.762500 0.782812 0.775000 0.784375 0.777083 0.784375 0.787500 0.785937 0.789583 0.785937 0.795833 0.787500 0.797917 0.787500 0.800000 0.789062 0.802083 0.789062 0.806250 0.790625 0.808333 0.790625 0.814583 0.795313 0.820833 0.795313 0.822917 0.796875 0.825000 0.796875 0.829167 0.798437 0.831250 0.798437 0.835417 0.800000 0.837500 0.800000 0.850000 0.795313 0.856250 0.793750 0.856250 0.789062 0.862500 0.789062 0.864583 0.785937 0.860417 0.784375 0.860417 0.776563 0.850000 0.776563 0.847917 0.775000 0.845833 0.775000 0.835417 0.773438 0.833333 0.773438 0.829167 0.771875 0.827083 0.771875 0.825000 0.770312 0.822917 0.770312 0.820833 0.768750 0.818750 0.768750 0.816667 0.767187 0.814583 0.767187 0.812500 0.765625 0.810417 0.765625 0.808333 0.764063 0.806250 0.764063 0.804167 0.760938 0.800000 0.760938 0.797917 0.756250 0.791667 0.756250 0.789583 0.753125 0.785417 0.753125 0.781250 0.751562 0.779167 0.751562 0.777083 0.750000 0.775000 0.750000 0.772917 0.746875 0.768750 0.746875 0.766667 0.745313 0.764583 0.745313 0.762500 0.743750 0.760417 0.743750 0.758333 0.739062 0.752083 0.739062 0.750000 0.731250 0.739583 0.731250 0.737500 0.728125 0.733333 0.728125 0.731250 0.712500 0.710417 0.710938 0.710417 0.707812 0.706250 0.706250 0.706250 0.689062 0.683333 0.687500 0.683333 0.684375 0.679167 0.678125 0.679167 0.676562 0.681250 0.675000 0.681250 0.670313 0.687500 0.668750 0.687500 0.662500 0.695833 0.660937 0.695833 0.659375 0.697917 0.659375 0.700000 0.657812 0.700000 0.651563 0.691667 0.648438 0.691667 0.646875 0.693750 0.645312 0.691667 0.643750 0.691667 0.642187 0.689583 0.640625 0.689583 0.639063 0.687500 0.635938 0.687500 0.634375 0.685417 0.629687 0.685417 0.628125 0.687500 0.623438 0.687500 0.621875 0.689583 0.620313 0.687500 0.614062 0.687500 0.612500 0.685417 0.607813 0.685417 0.606250 0.687500 0.603125 0.687500 0.601562 0.689583 0.596875 0.689583 0.595312 0.691667 0.593750 0.691667 0.592188 0.693750 0.590625 0.693750 0.589063 0.695833 0.578125 0.695833 0.576563 0.697917 0.573438 0.697917 0.571875 0.700000 0.570312 0.697917 0.568750 0.697917 0.564062 0.691667 0.560938 0.691667 0.559375 0.689583 0.559375 0.687500 0.557813 0.685417 0.557813 0.683333 0.556250 0.681250 0.556250 0.679167 0.553125 0.675000 0.553125 0.670833 0.551562 0.668750 0.551562 0.664583 0.553125 0.662500 0.553125 0.629167 0.551562 0.627083 0.551562 0.620833 0.550000 0.618750 0.550000 0.606250 0.548437 0.604167 0.548437 0.585417 0.551562 0.581250 0.553125 0.581250 0.554688 0.579167 0.557813 0.579167 0.559375 0.577083 0.565625 0.577083 0.567187 0.575000 0.571875 0.575000 0.573438 0.572917 0.575000 0.572917 0.576563 0.570833 0.578125 0.570833 0.579687 0.568750 0.582812 0.568750 0.584375 0.566667 0.585938 0.566667 0.587500 0.564583 0.590625 0.564583 0.592188 0.562500 0.593750 0.562500 0.595312 0.560417 0.596875 0.560417 0.598437 0.558333 0.601562 0.558333 0.604688 0.554167 0.606250 0.554167 0.610937 0.547917 0.612500 0.547917 0.621875 0.535417 0.621875 0.533333 0.628125 0.525000 0.628125 0.522917 0.631250 0.518750 0.631250 0.516667 0.632812 0.514583 0.632812 0.510417 0.634375 0.508333 0.634375 0.504167 0.631250 0.500000 0.629687 0.500000 0.628125 0.497917 0.625000 0.497917 0.623438 0.495833 0.620313 0.495833 0.618750 0.493750 0.614062 0.493750 0.612500 0.491667 0.610937 0.491667 0.607813 0.487500 0.606250 0.487500 0.606250 0.485417 0.609375 0.485417 0.610937 0.483333 0.614062 0.483333 0.615625 0.481250 0.617188 0.481250 0.620313 0.477083 0.626562 0.477083 0.628125 0.475000 0.651563 0.475000 0.653125 0.477083 0.657812 0.477083 0.659375 0.479167 0.673437 0.479167 0.675000 0.481250 0.681250 0.481250 0.682813 0.483333 0.685938 0.483333 0.687500 0.485417 0.692187 0.485417 0.693750 0.487500 0.698438 0.487500 0.700000 0.489583 0.704687 0.489583 0.706250 0.491667 0.709375 0.491667 0.710938 0.493750 0.714063 0.493750 0.715625 0.495833 0.717188 0.495833 0.718750 0.497917 0.721875 0.497917 0.723437 0.500000 0.725000 0.500000 0.726562 0.502083 0.728125 0.502083 0.734375 0.510417 0.737500 0.510417 0.739062 0.512500 0.740625 0.512500 0.743750 0.516667 0.745313 0.516667 0.746875 0.518750 0.748438 0.518750 0.750000 0.520833 0.751562 0.520833 0.756250 0.527083 0.757812 0.527083 0.759375 0.529167 0.759375 0.531250 0.765625 0.539583 0.765625 0.541667 0.771875 0.550000 0.771875 0.552083 0.773438 0.554167 0.773438 0.560417 0.775000 0.562500 0.775000 0.564583 0.776563 0.566667 0.776563 0.570833 0.778125 0.572917 0.778125 0.577083 0.779688 0.579167 0.779688 0.581250 0.781250 0.583333 0.781250 0.585417 0.782812 0.587500 0.782812 0.589583 0.784375 0.591667 0.784375 0.600000 0.785937 0.602083 0.785937 0.606250 0.787500 0.608333 0.787500 0.610417 0.789062 0.612500 0.789062 0.616667 0.790625 0.618750 0.610937 0.797917 0.612500 0.795833 0.612500 0.793750 0.614062 0.791667 0.614062 0.789583 0.626562 0.772917 0.626562 0.770833 0.628125 0.768750 0.628125 0.758333 0.626562 0.756250 0.626562 0.750000 0.628125 0.747917 0.628125 0.743750 0.628125 0.756250
5 0.000000 0.229167 0.000000 0.552083 0.004688 0.552083 0.004688 0.543750 0.006250 0.541667 0.017188 0.541667 0.018750 0.539583 0.065625 0.539583 0.067188 0.541667 0.071875 0.541667 0.073437 0.543750 0.075000 0.543750 0.076563 0.545833 0.076563 0.552083 0.110937 0.552083 0.110937 0.545833 0.114063 0.541667 0.115625 0.541667 0.117188 0.539583 0.120312 0.539583 0.121875 0.537500 0.175000 0.537500 0.176563 0.539583 0.184375 0.539583 0.185937 0.537500 0.187500 0.537500 0.190625 0.533333 0.190625 0.531250 0.192188 0.529167 0.192188 0.527083 0.193750 0.525000 0.193750 0.516667 0.195312 0.514583 0.195312 0.493750 0.193750 0.491667 0.193750 0.464583 0.195312 0.462500 0.195312 0.460417 0.193750 0.458333 0.193750 0.431250 0.192188 0.429167 0.192188 0.418750 0.193750 0.416667 0.193750 0.410417 0.195312 0.408333 0.195312 0.406250 0.196875 0.404167 0.198437 0.404167 0.200000 0.402083 0.210938 0.402083 0.212500 0.404167 0.242188 0.404167 0.243750 0.402083 0.250000 0.402083 0.251563 0.400000 0.257812 0.400000 0.259375 0.397917 0.264062 0.397917 0.264062 0.379167 0.259375 0.379167 0.256250 0.375000 0.256250 0.364583 0.257812 0.362500 0.257812 0.358333 0.256250 0.356250 0.256250 0.350000 0.254687 0.347917 0.254687 0.339583 0.253125 0.337500 0.253125 0.331250 0.254687 0.329167 0.253125 0.327083 0.253125 0.322917 0.251563 0.320833 0.251563 0.316667 0.250000 0.314583 0.250000 0.312500 0.248437 0.310417 0.248437 0.308333 0.246875 0.306250 0.246875 0.295833 0.245312 0.293750 0.245312 0.291667 0.243750 0.289583 0.243750 0.287500 0.235938 0.277083 0.234375 0.277083 0.228125 0.268750 0.228125 0.266667 0.223438 0.260417 0.223438 0.258333 0.212500 0.243750 0.210938 0.243750 0.209375 0.241667 0.207813 0.241667 0.206250 0.239583 0.204688 0.239583 0.203125 0.237500 0.196875 0.237500 0.195312 0.235417 0.195312 0.229167
0 0.918750 0.429167 0.918750 0.435417 0.910937 0.445833 0.910937 0.447917 0.909375 0.450000 0.909375 0.460417 0.907812 0.462500 0.907812 0.481250 0.906250 0.483333 0.906250 0.508333 0.907812 0.510417 0.907812 0.527083 0.909375 0.529167 0.909375 0.533333 0.910937 0.535417 0.910937 0.539583 0.912500 0.541667 0.912500 0.543750 0.914062 0.545833 0.914062 0.550000 0.915625 0.552083 0.915625 0.554167 0.914062 0.556250 0.914062 0.560417 0.909375 0.566667 0.907812 0.566667 0.901563 0.575000 0.900000 0.575000 0.898438 0.577083 0.896875 0.577083 0.895312 0.579167 0.893750 0.579167 0.890625 0.583333 0.889063 0.583333 0.887500 0.585417 0.885938 0.585417 0.884375 0.587500 0.882812 0.587500 0.879687 0.591667 0.878125 0.591667 0.876562 0.593750 0.875000 0.593750 0.868750 0.602083 0.867188 0.602083 0.862500 0.608333 0.860937 0.608333 0.850000 0.622917 0.850000 0.625000 0.846875 0.629167 0.846875 0.631250 0.845312 0.633333 0.845312 0.635417 0.843750 0.637500 0.843750 0.639583 0.842188 0.641667 0.842188 0.645833 0.840625 0.647917 0.840625 0.654167 0.839063 0.656250 0.839063 0.662500 0.837500 0.664583 0.837500 0.670833 0.835938 0.672917 0.835938 0.677083 0.834375 0.679167 0.834375 0.681250 0.832812 0.683333 0.832812 0.685417 0.831250 0.687500 0.831250 0.691667 0.829687 0.693750 0.829687 0.695833 0.828125 0.697917 0.828125 0.700000 0.826563 0.702083 0.826563 0.704167 0.825000 0.706250 0.825000 0.708333 0.823438 0.710417 0.823438 0.712500 0.821875 0.714583 0.821875 0.716667 0.820312 0.718750 0.820312 0.722917 0.818750 0.725000 0.818750 0.729167 0.817187 0.731250 0.817187 0.737500 0.815625 0.739583 0.815625 0.741667 0.814062 0.743750 0.809375 0.743750 0.809375 0.843750 0.814062 0.843750 0.815625 0.845833 0.815625 0.847917 0.817187 0.850000 0.817187 0.860417 0.818750 0.862500 0.818750 0.868750 0.820312 0.870833 0.820312 0.875000 0.821875 0.877083 0.821875 0.879167 0.825000 0.883333 0.825000 0.885417 0.831250 0.893750 0.831250 0.895833 0.837500 0.904167 0.839063 0.904167 0.845312 0.912500 0.845312 0.914583 0.846875 0.916667 0.846875 0.920833 0.848437 0.922917 0.848437 0.929167 0.846875 0.931250 0.846875 0.939583 0.845312 0.941667 0.845312 0.950000 0.843750 0.952083 0.843750 0.968750 0.842188 0.970833 0.842188 0.981250 0.840625 0.983333 0.840625 0.989583 0.842188 0.991667 0.842188 0.997917 0.998438 0.997917 0.998438 0.947917 0.995313 0.947917 0.993750 0.950000 0.987500 0.950000 0.985937 0.952083 0.981250 0.952083 0.979688 0.950000 0.970312 0.950000 0.968750 0.947917 0.965625 0.947917 0.964063 0.945833 0.957812 0.945833 0.956250 0.943750 0.953125 0.943750 0.951563 0.941667 0.939062 0.941667 0.937500 0.939583 0.928125 0.939583 0.926562 0.937500 0.921875 0.937500 0.920313 0.935417 0.918750 0.935417 0.917188 0.933333 0.915625 0.933333 0.914062 0.931250 0.909375 0.931250 0.907812 0.929167 0.906250 0.929167 0.904688 0.927083 0.903125 0.927083 0.901563 0.925000 0.898438 0.925000 0.896875 0.922917 0.895312 0.922917 0.881250 0.904167 0.881250 0.902083 0.879687 0.900000 0.879687 0.897917 0.878125 0.895833 0.878125 0.891667 0.876562 0.889583 0.876562 0.883333 0.875000 0.881250 0.875000 0.875000 0.873438 0.872917 0.873438 0.864583 0.875000 0.862500 0.875000 0.856250 0.873438 0.854167 0.873438 0.850000 0.875000 0.847917 0.875000 0.843750 0.873438 0.841667 0.873438 0.812500 0.875000 0.810417 0.875000 0.795833 0.876562 0.793750 0.876562 0.779167 0.875000 0.777083 0.875000 0.775000 0.871875 0.770833 0.871875 0.768750 0.870313 0.766667 0.870313 0.764583 0.868750 0.762500 0.870313 0.760417 0.870313 0.758333 0.878125 0.747917 0.878125 0.745833 0.879687 0.743750 0.879687 0.735417 0.881250 0.733333 0.881250 0.725000 0.882812 0.722917 0.882812 0.714583 0.884375 0.712500 0.884375 0.706250 0.885938 0.704167 0.885938 0.697917 0.887500 0.695833 0.887500 0.689583 0.889063 0.687500 0.889063 0.683333 0.890625 0.681250 0.890625 0.677083 0.892187 0.675000 0.892187 0.672917 0.893750 0.670833 0.893750 0.666667 0.895312 0.664583 0.895312 0.662500 0.901563 0.654167 0.901563 0.652083 0.906250 0.645833 0.906250 0.643750 0.914062 0.633333 0.914062 0.631250 0.915625 0.629167 0.915625 0.627083 0.917188 0.625000 0.917188 0.618750 0.918750 0.616667 0.918750 0.610417 0.926562 0.600000 0.929688 0.600000 0.931250 0.597917 0.950000 0.597917 0.951563 0.600000 0.957812 0.600000 0.959375 0.602083 0.970312 0.602083 0.971875 0.604167 0.973437 0.604167 0.975000 0.606250 0.981250 0.606250 0.982813 0.608333 0.985937 0.608333 0.992188 0.616667 0.992188 0.618750 0.993750 0.620833 0.993750 0.643750 0.995313 0.645833 0.995313 0.654167 0.989062 0.662500 0.987500 0.662500 0.987500 0.664583 0.984375 0.668750 0.984375 0.675000 0.985937 0.677083 0.985937 0.681250 0.989062 0.685417 0.989062 0.687500 0.992188 0.691667 0.992188 0.693750 0.993750 0.695833 0.993750 0.702083 0.996875 0.706250 0.998438 0.706250 0.998438 0.547917 0.996875 0.547917 0.993750 0.543750 0.995313 0.541667 0.998438 0.541667 0.998438 0.462500 0.996875 0.462500 0.978125 0.437500 0.978125 0.429167
9 0.628125 0.212500 0.628125 0.310417 0.664062 0.310417 0.664062 0.212500
9 0.284375 0.204167 0.284375 0.254167 0.289062 0.254167 0.292188 0.258333 0.292188 0.260417 0.293750 0.262500 0.293750 0.275000 0.295312 0.277083 0.295312 0.285417 0.320312 0.285417 0.320312 0.204167
24 0.910937 0.587500 0.910937 0.593750 0.912500 0.595833 0.912500 0.597917 0.914062 0.600000 0.914062 0.602083 0.915625 0.604167 0.915625 0.610417 0.914062 0.612500 0.914062 0.625000 0.912500 0.627083 0.912500 0.631250 0.910937 0.633333 0.910937 0.635417 0.909375 0.637500 0.909375 0.639583 0.907812 0.641667 0.907812 0.643750 0.903125 0.650000 0.903125 0.652083 0.896875 0.660417 0.896875 0.662500 0.895312 0.664583 0.895312 0.666667 0.893750 0.668750 0.893750 0.670833 0.892187 0.672917 0.892187 0.677083 0.890625 0.679167 0.890625 0.681250 0.889063 0.683333 0.889063 0.687500 0.887500 0.689583 0.887500 0.695833 0.885938 0.697917 0.885938 0.702083 0.884375 0.704167 0.884375 0.708333 0.882812 0.710417 0.882812 0.716667 0.881250 0.718750 0.881250 0.725000 0.879687 0.727083 0.879687 0.739583 0.878125 0.741667 0.878125 0.743750 0.875000 0.747917 0.873438 0.747917 0.871875 0.750000 0.870313 0.750000 0.867188 0.754167 0.867188 0.758333 0.865625 0.760417 0.865625 0.762500 0.867188 0.764583 0.867188 0.770833 0.870313 0.775000 0.870313 0.777083 0.871875 0.779167 0.871875 0.791667 0.870313 0.793750 0.870313 0.797917 0.868750 0.800000 0.868750 0.810417 0.867188 0.812500 0.867188 0.820833 0.864062 0.825000 0.859375 0.825000 0.859375 0.931250 0.864062 0.931250 0.864062 0.929167 0.865625 0.927083 0.865625 0.925000 0.868750 0.920833 0.878125 0.920833 0.879687 0.922917 0.882812 0.922917 0.884375 0.925000 0.885938 0.925000 0.887500 0.927083 0.889063 0.927083 0.893750 0.933333 0.895312 0.933333 0.896875 0.935417 0.900000 0.935417 0.901563 0.937500 0.901563 0.943750 0.998438 0.943750 0.998438 0.587500
0 0.446875 0.270833 0.446875 0.277083 0.443750 0.281250 0.443750 0.283333 0.442187 0.285417 0.442187 0.291667 0.440625 0.293750 0.440625 0.297917 0.442187 0.300000 0.442187 0.322917 0.443750 0.325000 0.443750 0.341667 0.442187 0.343750 0.442187 0.345833 0.440625 0.347917 0.440625 0.350000 0.439063 0.352083 0.439063 0.358333 0.437500 0.360417 0.437500 0.377083 0.435937 0.379167 0.435937 0.385417 0.415625 0.412500 0.409375 0.412500 0.409375 0.429167 0.414062 0.429167 0.415625 0.431250 0.418750 0.431250 0.420312 0.433333 0.421875 0.433333 0.425000 0.437500 0.425000 0.443750 0.443750 0.443750 0.443750 0.435417 0.448438 0.429167 0.448438 0.427083 0.454688 0.418750 0.454688 0.416667 0.456250 0.414583 0.456250 0.412500 0.457812 0.410417 0.457812 0.404167 0.459375 0.402083 0.457812 0.400000 0.457812 0.395833 0.459375 0.393750 0.464063 0.393750 0.465625 0.391667 0.473437 0.391667 0.475000 0.389583 0.476562 0.389583 0.479688 0.385417 0.479688 0.383333 0.481250 0.381250 0.482812 0.381250 0.484375 0.379167 0.484375 0.377083 0.489062 0.370833 0.495313 0.370833 0.495313 0.341667 0.489062 0.341667 0.485938 0.337500 0.485938 0.335417 0.482812 0.331250 0.481250 0.331250 0.479688 0.329167 0.479688 0.302083 0.478125 0.300000 0.478125 0.291667 0.476562 0.289583 0.476562 0.285417 0.475000 0.283333 0.475000 0.281250 0.473437 0.279167 0.473437 0.270833
0 0.570312 0.562500 0.571875 0.564583 0.573438 0.562500 0.582812 0.562500 0.570312 0.562500 0.490625 0.564583 0.490625 0.566667 0.492188 0.568750 0.493750 0.568750 0.495313 0.570833 0.498437 0.570833 0.500000 0.572917 0.503125 0.572917 0.504687 0.575000 0.509375 0.575000 0.510938 0.577083 0.518750 0.577083 0.520312 0.575000 0.539062 0.575000 0.540625 0.577083 0.543750 0.577083 0.545313 0.579167 0.545313 0.595833 0.546875 0.597917 0.546875 0.622917 0.548437 0.625000 0.548437 0.639583 0.546875 0.641667 0.546875 0.645833 0.548437 0.647917 0.548437 0.675000 0.550000 0.677083 0.550000 0.685417 0.551562 0.687500 0.550000 0.689583 0.550000 0.697917 0.548437 0.700000 0.548437 0.702083 0.546875 0.704167 0.546875 0.706250 0.539062 0.716667 0.539062 0.718750 0.537500 0.720833 0.537500 0.729167 0.535937 0.731250 0.535937 0.735417 0.534375 0.737500 0.534375 0.743750 0.503125 0.743750 0.503125 0.737500 0.504687 0.735417 0.504687 0.733333 0.506250 0.731250 0.506250 0.729167 0.507812 0.727083 0.507812 0.718750 0.506250 0.716667 0.506250 0.714583 0.503125 0.710417 0.503125 0.689583 0.504687 0.687500 0.504687 0.681250 0.506250 0.679167 0.506250 0.675000 0.507812 0.672917 0.507812 0.670833 0.509375 0.668750 0.509375 0.666667 0.510938 0.664583 0.510938 0.662500 0.512500 0.660417 0.512500 0.643750 0.510938 0.641667 0.509375 0.641667 0.507812 0.639583 0.507812 0.637500 0.506250 0.635417 0.506250 0.625000 0.504687 0.622917 0.479688 0.500000 0.481250 0.500000 0.482812 0.502083 0.482812 0.504167 0.481250 0.506250 0.481250 0.508333 0.479688 0.510417 0.479688 0.520833 0.478125 0.522917 0.446875 0.343750 0.446875 0.356250 0.442187 0.356250 0.440625 0.358333 0.440625 0.360417 0.439063 0.362500 0.439063 0.383333 0.437500 0.385417 0.437500 0.387500 0.435937 0.389583 0.434375 0.389583 0.429688 0.395833 0.428125 0.395833 0.414062 0.414583 0.409375 0.414583 0.409375 0.431250 0.417188 0.431250 0.418750 0.433333 0.420312 0.433333 0.421875 0.435417 0.425000 0.435417 0.426562 0.437500 0.431250 0.437500 0.432813 0.439583 0.440625 0.439583 0.442187 0.441667 0.448438 0.441667 0.450000 0.443750 0.456250 0.443750 0.457812 0.441667 0.462500 0.441667 0.464063 0.439583 0.467187 0.439583 0.468750 0.437500 0.476562 0.437500 0.478125 0.435417 0.482812 0.435417 0.484375 0.433333 0.503125 0.433333 0.504687 0.435417 0.506250 0.435417 0.509375 0.439583 0.510938 0.439583 0.514063 0.443750 0.515625 0.443750 0.517187 0.445833 0.518750 0.445833 0.520312 0.447917 0.523438 0.447917 0.525000 0.450000 0.526563 0.450000 0.528125 0.452083 0.532812 0.452083 0.534375 0.450000 0.543750 0.450000 0.545313 0.452083 0.554688 0.452083 0.554688 0.447917 0.556250 0.445833 0.554688 0.445833 0.550000 0.439583 0.550000 0.429167 0.551562 0.427083 0.551562 0.422917 0.553125 0.420833 0.553125 0.418750 0.554688 0.416667 0.554688 0.410417 0.556250 0.408333 0.556250 0.389583 0.557813 0.387500 0.557813 0.383333 0.559375 0.381250 0.559375 0.379167 0.564062 0.372917 0.564062 0.370833 0.567187 0.366667 0.567187 0.364583 0.568750 0.362500 0.568750 0.360417 0.570312 0.358333 0.570312 0.352083 0.571875 0.350000 0.571875 0.345833 0.573438 0.343750 0.573438 0.341667 0.575000 0.339583 0.575000 0.335417 0.576563 0.333333 0.576563 0.331250 0.578125 0.329167 0.582812 0.329167 0.582812 0.316667 0.578125 0.316667 0.576563 0.314583 0.576563 0.312500 0.575000 0.310417 0.575000 0.306250 0.573438 0.304167 0.573438 0.300000 0.571875 0.297917 0.571875 0.295833 0.570312 0.293750 0.570312 0.291667 0.560938 0.279167 0.560938 0.277083 0.559375 0.275000 0.559375 0.272917 0.557813 0.270833 0.557813 0.260417 0.559375 0.258333 0.559375 0.254167 0.560938 0.252083 0.560938 0.247917 0.562500 0.245833 0.562500 0.225000 0.560938 0.222917 0.560938 0.218750 0.559375 0.216667 0.559375 0.214583 0.551562 0.204167 0.551562 0.195833 0.515625 0.195833 0.515625 0.202083 0.510938 0.208333 0.510938 0.210417 0.506250 0.216667 0.506250 0.218750 0.504687 0.220833 0.504687 0.225000 0.503125 0.227083 0.503125 0.229167 0.501562 0.231250 0.501562 0.235417 0.500000 0.237500 0.501562 0.239583 0.501562 0.245833 0.503125 0.247917 0.503125 0.252083 0.504687 0.254167 0.504687 0.260417 0.506250 0.262500 0.506250 0.264583 0.507812 0.266667 0.507812 0.268750 0.509375 0.270833 0.509375 0.272917 0.510938 0.275000 0.510938 0.277083 0.512500 0.279167 0.512500 0.281250 0.514063 0.283333 0.514063 0.287500 0.515625 0.289583 0.515625 0.293750 0.514063 0.295833 0.514063 0.297917 0.510938 0.302083 0.510938 0.304167 0.509375 0.306250 0.509375 0.308333 0.507812 0.310417 0.507812 0.320833 0.506250 0.322917 0.506250 0.327083 0.504687 0.329167 0.504687 0.333333 0.503125 0.335417 0.503125 0.337500 0.501562 0.339583 0.501562 0.341667 0.500000 0.343750 0.500000 0.345833 0.498437 0.347917 0.498437 0.352083 0.493750 0.358333 0.492188 0.358333 0.489062 0.362500 0.482812 0.362500 0.481250 0.360417 0.479688 0.360417 0.478125 0.358333 0.476562 0.358333 0.475000 0.356250 0.473437 0.356250 0.471875 0.354167 0.462500 0.354167 0.460938 0.356250 0.457812 0.356250 0.456250 0.358333 0.454688 0.358333 0.451562 0.362500 0.446875 0.356250 0.446875 0.343750 0.446875 0.341667 0.448438 0.339583 0.450000 0.339583 0.451562 0.337500 0.453125 0.337500 0.453125 0.335417 0.457812 0.329167 0.459375 0.329167 0.464063 0.322917 0.471875 0.322917 0.471875 0.320833 0.473437 0.318750 0.473437 0.316667 0.475000 0.314583 0.475000 0.293750 0.471875 0.289583 0.471875 0.287500 0.470313 0.285417 0.470313 0.283333 0.468750 0.281250 0.468750 0.279167 0.467187 0.277083 0.465625 0.277083 0.464063 0.275000 0.462500 0.275000 0.460938 0.272917 0.456250 0.272917 0.454688 0.275000 0.451562 0.275000 0.445312 0.283333 0.445312 0.285417 0.443750 0.287500 0.443750 0.312500 0.445312 0.314583 0.445312 0.333333 0.446875 0.335417 0.446875 0.343750 0.478125 0.522917 0.478125 0.527083 0.476562 0.527083 0.476562 0.522917 0.475000 0.520833 0.475000 0.510417 0.476562 0.508333 0.476562 0.502083 0.478125 0.500000 0.478125 0.497917 0.479688 0.500000 0.504687 0.622917 0.504687 0.618750 0.503125 0.616667 0.503125 0.612500 0.498437 0.606250 0.496875 0.606250 0.495313 0.604167 0.490625 0.604167 0.489062 0.602083 0.484375 0.602083 0.484375 0.595833 0.485938 0.593750 0.485938 0.591667 0.487500 0.589583 0.487500 0.572917 0.489062 0.570833 0.489062 0.562500 0.490625 0.564583
0 0.728125 0.412500 0.728125 0.502083 0.743750 0.502083 0.743750 0.483333 0.745313 0.481250 0.745313 0.477083 0.746875 0.475000 0.751562 0.475000 0.751562 0.420833 0.746875 0.420833 0.745313 0.418750 0.745313 0.412500
0 0.806250 0.412500 0.806250 0.420833 0.803125 0.425000 0.796875 0.425000 0.796875 0.493750 0.801562 0.493750 0.803125 0.495833 0.803125 0.497917 0.804688 0.500000 0.804688 0.512500 0.806250 0.514583 0.806250 0.516667 0.807813 0.518750 0.807813 0.527083 0.818750 0.527083 0.818750 0.518750 0.820312 0.516667 0.820312 0.514583 0.821875 0.512500 0.821875 0.508333 0.820312 0.506250 0.820312 0.497917 0.821875 0.495833 0.823438 0.495833 0.825000 0.497917 0.826563 0.497917 0.828125 0.500000 0.828125 0.504167 0.829687 0.506250 0.829687 0.510417 0.832812 0.514583 0.835938 0.514583 0.837500 0.516667 0.840625 0.516667 0.840625 0.514583 0.842188 0.512500 0.842188 0.500000 0.840625 0.497917 0.840625 0.491667 0.842188 0.489583 0.842188 0.483333 0.843750 0.481250 0.843750 0.479167 0.845312 0.477083 0.845312 0.475000 0.846875 0.472917 0.846875 0.460417 0.845312 0.458333 0.845312 0.456250 0.843750 0.454167 0.843750 0.452083 0.840625 0.447917 0.840625 0.445833 0.837500 0.441667 0.837500 0.439583 0.835938 0.437500 0.835938 0.433333 0.834375 0.431250 0.834375 0.422917 0.832812 0.420833 0.832812 0.412500
0 0.446875 0.339583 0.448438 0.337500 0.451562 0.337500 0.457812 0.329167 0.459375 0.329167 0.464063 0.322917 0.471875 0.322917 0.471875 0.320833 0.473437 0.318750 0.473437 0.316667 0.475000 0.314583 0.475000 0.312500 0.476562 0.310417 0.476562 0.302083 0.475000 0.300000 0.475000 0.293750 0.473437 0.291667 0.473437 0.289583 0.471875 0.287500 0.471875 0.285417 0.470313 0.283333 0.470313 0.279167 0.467187 0.275000 0.464063 0.275000 0.462500 0.272917 0.454688 0.272917 0.453125 0.275000 0.451562 0.275000 0.446875 0.281250 0.446875 0.283333 0.443750 0.287500 0.443750 0.312500 0.445312 0.314583 0.445312 0.329167 0.446875 0.331250 0.446875 0.339583 0.446875 0.347917 0.445312 0.350000 0.445312 0.352083 0.442187 0.356250 0.440625 0.356250 0.440625 0.358333 0.439063 0.360417 0.439063 0.377083 0.437500 0.379167 0.437500 0.385417 0.429688 0.395833 0.428125 0.395833 0.414062 0.414583 0.409375 0.414583 0.409375 0.431250 0.417188 0.431250 0.418750 0.433333 0.421875 0.433333 0.423438 0.435417 0.425000 0.435417 0.426562 0.437500 0.431250 0.437500 0.432813 0.439583 0.440625 0.439583 0.442187 0.441667 0.448438 0.441667 0.450000 0.443750 0.451562 0.443750 0.453125 0.445833 0.453125 0.452083 0.453125 0.445833 0.454688 0.443750 0.457812 0.443750 0.459375 0.441667 0.462500 0.441667 0.464063 0.439583 0.467187 0.439583 0.468750 0.437500 0.473437 0.437500 0.475000 0.435417 0.479688 0.435417 0.481250 0.433333 0.484375 0.433333 0.485938 0.431250 0.490625 0.431250 0.492188 0.429167 0.503125 0.429167 0.504687 0.431250 0.506250 0.431250 0.507812 0.433333 0.509375 0.433333 0.510938 0.435417 0.512500 0.435417 0.514063 0.437500 0.515625 0.437500 0.517187 0.439583 0.518750 0.439583 0.520312 0.441667 0.521875 0.441667 0.525000 0.445833 0.525000 0.452083 0.553125 0.452083 0.553125 0.445833 0.551562 0.443750 0.551562 0.441667 0.550000 0.439583 0.550000 0.429167 0.551562 0.427083 0.551562 0.425000 0.553125 0.422917 0.553125 0.418750 0.554688 0.416667 0.554688 0.412500 0.556250 0.410417 0.556250 0.395833 0.557813 0.393750 0.557813 0.385417 0.560938 0.381250 0.560938 0.379167 0.567187 0.370833 0.567187 0.368750 0.568750 0.366667 0.568750 0.364583 0.570312 0.362500 0.570312 0.360417 0.571875 0.358333 0.571875 0.354167 0.573438 0.352083 0.573438 0.343750 0.575000 0.341667 0.575000 0.339583 0.576563 0.337500 0.576563 0.333333 0.578125 0.331250 0.582812 0.331250 0.582812 0.316667 0.578125 0.316667 0.576563 0.314583 0.576563 0.312500 0.575000 0.310417 0.575000 0.304167 0.573438 0.302083 0.573438 0.300000 0.571875 0.297917 0.571875 0.293750 0.567187 0.287500 0.567187 0.285417 0.562500 0.279167 0.562500 0.277083 0.559375 0.272917 0.559375 0.264583 0.557813 0.262500 0.559375 0.260417 0.559375 0.256250 0.560938 0.254167 0.560938 0.250000 0.562500 0.247917 0.562500 0.239583 0.564062 0.237500 0.562500 0.235417 0.562500 0.225000 0.560938 0.222917 0.560938 0.218750 0.559375 0.216667 0.559375 0.214583 0.551562 0.204167 0.551562 0.195833 0.515625 0.195833 0.515625 0.202083 0.512500 0.206250 0.512500 0.208333 0.510938 0.210417 0.510938 0.212500 0.506250 0.218750 0.506250 0.220833 0.504687 0.222917 0.504687 0.225000 0.503125 0.227083 0.503125 0.231250 0.501562 0.233333 0.501562 0.235417 0.500000 0.237500 0.501562 0.239583 0.501562 0.245833 0.503125 0.247917 0.503125 0.254167 0.504687 0.256250 0.504687 0.260417 0.506250 0.262500 0.506250 0.264583 0.507812 0.266667 0.507812 0.270833 0.510938 0.275000 0.510938 0.277083 0.512500 0.279167 0.512500 0.283333 0.514063 0.285417 0.514063 0.291667 0.515625 0.293750 0.512500 0.297917 0.512500 0.300000 0.510938 0.302083 0.510938 0.304167 0.509375 0.306250 0.509375 0.308333 0.507812 0.310417 0.507812 0.318750 0.506250 0.320833 0.506250 0.327083 0.504687 0.329167 0.504687 0.333333 0.503125 0.335417 0.503125 0.337500 0.501562 0.339583 0.501562 0.341667 0.500000 0.343750 0.500000 0.345833 0.498437 0.347917 0.498437 0.352083 0.495313 0.356250 0.493750 0.356250 0.489062 0.362500 0.487500 0.362500 0.485938 0.364583 0.482812 0.364583 0.479688 0.360417 0.478125 0.360417 0.476562 0.358333 0.475000 0.358333 0.473437 0.356250 0.470313 0.356250 0.468750 0.354167 0.462500 0.354167 0.460938 0.356250 0.456250 0.356250 0.454688 0.358333 0.451562 0.358333 0.446875 0.352083 0.446875 0.347917
0 0.746875 0.420833 0.746875 0.468750 0.751562 0.468750 0.753125 0.470833 0.753125 0.472917 0.754687 0.475000 0.754687 0.495833 0.757812 0.500000 0.760938 0.500000 0.762500 0.502083 0.764063 0.502083 0.767187 0.497917 0.767187 0.487500 0.768750 0.485417 0.768750 0.479167 0.773438 0.472917 0.773438 0.470833 0.775000 0.468750 0.775000 0.464583 0.776563 0.462500 0.782812 0.462500 0.782812 0.447917 0.778125 0.447917 0.771875 0.439583 0.771875 0.437500 0.770312 0.435417 0.770312 0.433333 0.768750 0.431250 0.768750 0.420833
