0 0.912500 0.363529 0.912500 0.375294 0.910937 0.377647 0.910937 0.387059 0.909375 0.389412 0.909375 0.394118 0.910937 0.396471 0.910937 0.403529 0.909375 0.405882 0.909375 0.410588 0.907812 0.412941 0.906250 0.412941 0.904688 0.415294 0.903125 0.415294 0.898438 0.422353 0.896875 0.422353 0.885938 0.438824 0.885938 0.441176 0.882812 0.445882 0.882812 0.448235 0.879687 0.452941 0.879687 0.457647 0.876562 0.462353 0.871875 0.462353 0.871875 0.504706 0.876562 0.504706 0.879687 0.509412 0.879687 0.511765 0.882812 0.516471 0.882812 0.518824 0.887500 0.525882 0.887500 0.528235 0.889063 0.530588 0.889063 0.532941 0.892187 0.537647 0.892187 0.540000 0.893750 0.542353 0.893750 0.558824 0.895312 0.561176 0.895312 0.648235 0.896875 0.650588 0.896875 0.664706 0.898438 0.667059 0.898438 0.671765 0.900000 0.674118 0.900000 0.685882 0.898438 0.688235 0.898438 0.702353 0.900000 0.704706 0.900000 0.711765 0.901563 0.714118 0.914062 0.714118 0.917188 0.718824 0.917188 0.728235 0.939062 0.728235 0.939062 0.707059 0.940625 0.704706 0.940625 0.700000 0.942187 0.697647 0.942187 0.690588 0.943750 0.688235 0.943750 0.676471 0.945312 0.674118 0.945312 0.662353 0.946875 0.660000 0.946875 0.645882 0.948438 0.643529 0.948438 0.615294 0.950000 0.612941 0.950000 0.608235 0.954687 0.601177 0.956250 0.601177 0.957812 0.598824 0.959375 0.598824 0.960938 0.596471 0.960938 0.587059 0.959375 0.584706 0.959375 0.565882 0.960938 0.563529 0.960938 0.558824 0.965625 0.551765 0.970312 0.551765 0.970312 0.481176 0.965625 0.481176 0.964063 0.478824 0.964063 0.474118 0.962500 0.471765 0.962500 0.460000 0.960938 0.457647 0.960938 0.450588 0.959375 0.448235 0.959375 0.445882 0.957812 0.443529 0.957812 0.441176 0.956250 0.438824 0.956250 0.436471 0.954687 0.434118 0.954687 0.431765 0.945312 0.417647 0.943750 0.417647 0.937500 0.408235 0.937500 0.377647 0.935938 0.375294 0.935938 0.363529
0 0.512500 0.391765 0.512500 0.398824 0.509375 0.403529 0.507812 0.403529 0.501562 0.412941 0.501562 0.415294 0.500000 0.417647 0.500000 0.420000 0.498437 0.422353 0.498437 0.424706 0.496875 0.427059 0.496875 0.450588 0.495313 0.452941 0.495313 0.497647 0.493750 0.500000 0.493750 0.504706 0.492188 0.507059 0.492188 0.509412 0.489062 0.514118 0.489062 0.516471 0.485938 0.521176 0.485938 0.523529 0.484375 0.525882 0.484375 0.528235 0.482812 0.530588 0.481250 0.530588 0.479688 0.532941 0.478125 0.532941 0.476562 0.535294 0.475000 0.535294 0.473437 0.537647 0.470313 0.537647 0.468750 0.540000 0.467187 0.540000 0.465625 0.542353 0.462500 0.542353 0.460938 0.544706 0.457812 0.544706 0.456250 0.547059 0.454688 0.547059 0.450000 0.554118 0.450000 0.556471 0.448438 0.558824 0.448438 0.563529 0.446875 0.565882 0.446875 0.570588 0.445312 0.572941 0.445312 0.577647 0.443750 0.580000 0.443750 0.587059 0.442187 0.589412 0.442187 0.594118 0.440625 0.596471 0.440625 0.610588 0.439063 0.612941 0.439063 0.617647 0.437500 0.620000 0.437500 0.622353 0.435937 0.624706 0.435937 0.629412 0.434375 0.631765 0.434375 0.634118 0.432813 0.636471 0.428125 0.636471 0.428125 0.754118 0.432813 0.754118 0.434375 0.756471 0.434375 0.758824 0.435937 0.761176 0.435937 0.765882 0.437500 0.768235 0.437500 0.782353 0.439063 0.784706 0.439063 0.794118 0.440625 0.796471 0.440625 0.798824 0.442187 0.801176 0.442187 0.808235 0.443750 0.810588 0.443750 0.820000 0.445312 0.822353 0.445312 0.827059 0.446875 0.829412 0.446875 0.831765 0.450000 0.836471 0.450000 0.838824 0.451562 0.841176 0.451562 0.843529 0.453125 0.845882 0.453125 0.848235 0.454688 0.850588 0.454688 0.857647 0.456250 0.860000 0.456250 0.876471 0.454688 0.878824 0.454688 0.897647 0.453125 0.900000 0.453125 0.907059 0.451562 0.909412 0.451562 0.916471 0.450000 0.918824 0.450000 0.949412 0.451562 0.951765 0.451562 0.961176 0.453125 0.963529 0.453125 0.970588 0.454688 0.972941 0.454688 0.977647 0.456250 0.980000 0.456250 0.991765 0.581250 0.991765 0.581250 0.984706 0.582812 0.982353 0.582812 0.977647 0.584375 0.975294 0.584375 0.970588 0.585938 0.968235 0.585938 0.956471 0.587500 0.954118 0.587500 0.949412 0.589063 0.947059 0.589063 0.921176 0.587500 0.918824 0.587500 0.890588 0.589063 0.888235 0.589063 0.881176 0.590625 0.878824 0.590625 0.874118 0.592188 0.871765 0.592188 0.869412 0.593750 0.867059 0.593750 0.864706 0.595312 0.862353 0.595312 0.860000 0.596875 0.857647 0.596875 0.855294 0.598437 0.852941 0.598437 0.850588 0.604688 0.841176 0.604688 0.838824 0.610937 0.829412 0.612500 0.829412 0.614062 0.827059 0.615625 0.827059 0.634375 0.798824 0.634375 0.796471 0.637500 0.791765 0.637500 0.789412 0.640625 0.784706 0.640625 0.782353 0.643750 0.777647 0.643750 0.775294 0.645312 0.772941 0.645312 0.770588 0.648438 0.765882 0.648438 0.763529 0.650000 0.761176 0.650000 0.756471 0.653125 0.751765 0.653125 0.749412 0.654688 0.747059 0.654688 0.742353 0.656250 0.740000 0.656250 0.732941 0.657812 0.730588 0.657812 0.728235 0.659375 0.725882 0.659375 0.721176 0.660937 0.718824 0.660937 0.714118 0.662500 0.711765 0.662500 0.707059 0.665625 0.702353 0.670313 0.702353 0.670313 0.681176 0.665625 0.681176 0.664062 0.678824 0.664062 0.676471 0.662500 0.674118 0.662500 0.669412 0.660937 0.667059 0.660937 0.664706 0.659375 0.662353 0.659375 0.660000 0.657812 0.657647 0.657812 0.655294 0.654688 0.650588 0.654688 0.648235 0.653125 0.645882 0.653125 0.643529 0.650000 0.638824 0.650000 0.636471 0.646875 0.631765 0.646875 0.629412 0.642187 0.622353 0.642187 0.620000 0.639063 0.615294 0.639063 0.612941 0.634375 0.605882 0.634375 0.603529 0.632812 0.601177 0.632812 0.598824 0.631250 0.596471 0.631250 0.594118 0.628125 0.589412 0.628125 0.587059 0.625000 0.582353 0.625000 0.580000 0.620313 0.572941 0.620313 0.570588 0.615625 0.563529 0.615625 0.561176 0.610937 0.554118 0.609375 0.554118 0.604688 0.547059 0.603125 0.547059 0.601562 0.544706 0.598437 0.544706 0.596875 0.542353 0.595312 0.542353 0.589063 0.532941 0.585938 0.532941 0.584375 0.530588 0.579687 0.530588 0.575000 0.523529 0.575000 0.521176 0.573438 0.521176 0.562500 0.504706 0.562500 0.502353 0.560938 0.500000 0.560938 0.497647 0.559375 0.495294 0.559375 0.492941 0.557813 0.490588 0.557813 0.462353 0.556250 0.460000 0.556250 0.443529 0.554688 0.441176 0.554688 0.434118 0.553125 0.431765 0.553125 0.427059 0.551562 0.424706 0.551562 0.422353 0.539062 0.403529 0.537500 0.403529 0.534375 0.398824 0.534375 0.391765
0 0.214062 0.476471 0.214062 0.485882 0.212500 0.488235 0.212500 0.490588 0.210938 0.492941 0.210938 0.495294 0.209375 0.497647 0.209375 0.507059 0.207813 0.509412 0.207813 0.535294 0.209375 0.537647 0.209375 0.558824 0.207813 0.561176 0.207813 0.563529 0.200000 0.575294 0.200000 0.577647 0.192188 0.589412 0.192188 0.594118 0.190625 0.596471 0.190625 0.631765 0.192188 0.634118 0.192188 0.641176 0.193750 0.643529 0.193750 0.648235 0.195312 0.650588 0.195312 0.652941 0.196875 0.655294 0.196875 0.660000 0.198437 0.662353 0.198437 0.669412 0.200000 0.671765 0.200000 0.676471 0.201562 0.678824 0.201562 0.688235 0.203125 0.690588 0.203125 0.700000 0.201562 0.702353 0.201562 0.721176 0.200000 0.723529 0.200000 0.742353 0.198437 0.744706 0.198437 0.805882 0.196875 0.808235 0.196875 0.812941 0.195312 0.815294 0.195312 0.817647 0.193750 0.820000 0.193750 0.822353 0.192188 0.824706 0.192188 0.827059 0.190625 0.829412 0.190625 0.834118 0.189063 0.836471 0.189063 0.843529 0.187500 0.845882 0.187500 0.860000 0.185937 0.862353 0.185937 0.871765 0.182812 0.876471 0.182812 0.878824 0.176563 0.888235 0.175000 0.888235 0.173438 0.890588 0.170312 0.890588 0.168750 0.892941 0.167187 0.892941 0.165625 0.895294 0.159375 0.895294 0.159375 0.918824 0.165625 0.918824 0.167187 0.921176 0.168750 0.921176 0.171875 0.925882 0.173438 0.925882 0.176563 0.930588 0.178125 0.930588 0.179688 0.932941 0.182812 0.932941 0.185937 0.937647 0.185937 0.944706 0.204688 0.944706 0.204688 0.932941 0.206250 0.930588 0.206250 0.923529 0.207813 0.921176 0.207813 0.911765 0.209375 0.909412 0.209375 0.907059 0.210938 0.904706 0.210938 0.900000 0.212500 0.897647 0.212500 0.890588 0.214062 0.888235 0.214062 0.878824 0.217187 0.874118 0.217187 0.871765 0.218750 0.869412 0.218750 0.862353 0.220313 0.860000 0.220313 0.857647 0.221875 0.855294 0.221875 0.852941 0.223438 0.850588 0.223438 0.845882 0.225000 0.843529 0.225000 0.838824 0.226562 0.836471 0.226562 0.834118 0.228125 0.831765 0.228125 0.827059 0.229687 0.824706 0.229687 0.820000 0.231250 0.817647 0.231250 0.812941 0.232812 0.810588 0.232812 0.805882 0.234375 0.803529 0.234375 0.798824 0.235938 0.796471 0.235938 0.794118 0.237500 0.791765 0.237500 0.789412 0.245312 0.777647 0.248437 0.782353 0.248437 0.784706 0.253125 0.791765 0.253125 0.794118 0.254687 0.796471 0.254687 0.798824 0.256250 0.801176 0.256250 0.803529 0.257812 0.805882 0.257812 0.808235 0.259375 0.810588 0.259375 0.812941 0.260938 0.815294 0.260938 0.820000 0.262500 0.822353 0.262500 0.829412 0.264062 0.831765 0.264062 0.836471 0.265625 0.838824 0.265625 0.850588 0.267188 0.852941 0.267188 0.876471 0.268750 0.878824 0.268750 0.883529 0.267188 0.885882 0.267188 0.902353 0.265625 0.904706 0.265625 0.909412 0.264062 0.911765 0.264062 0.923529 0.265625 0.925882 0.268750 0.925882 0.270312 0.928235 0.276563 0.928235 0.278125 0.925882 0.282813 0.925882 0.284375 0.923529 0.287500 0.923529 0.289062 0.921176 0.292188 0.921176 0.300000 0.909412 0.300000 0.904706 0.301562 0.902353 0.301562 0.888235 0.300000 0.885882 0.300000 0.874118 0.298438 0.871765 0.298438 0.867059 0.296875 0.864706 0.296875 0.857647 0.295312 0.855294 0.295312 0.845882 0.293750 0.843529 0.293750 0.827059 0.292188 0.824706 0.292188 0.815294 0.290625 0.812941 0.290625 0.805882 0.289062 0.803529 0.289062 0.796471 0.287500 0.794118 0.287500 0.787059 0.285937 0.784706 0.285937 0.777647 0.284375 0.775294 0.284375 0.728235 0.289062 0.721176 0.290625 0.721176 0.290625 0.718824 0.292188 0.716471 0.292188 0.709412 0.290625 0.707059 0.290625 0.702353 0.284375 0.692941 0.284375 0.671765 0.293750 0.657647 0.293750 0.655294 0.295312 0.652941 0.295312 0.650588 0.296875 0.648235 0.296875 0.641176 0.298438 0.638824 0.298438 0.627059 0.296875 0.624706 0.296875 0.610588 0.295312 0.608235 0.295312 0.605882 0.293750 0.603529 0.293750 0.601177 0.292188 0.598824 0.292188 0.596471 0.281250 0.580000 0.281250 0.577647 0.278125 0.572941 0.276563 0.572941 0.265625 0.556471 0.264062 0.556471 0.257812 0.547059 0.256250 0.547059 0.246875 0.532941 0.246875 0.530588 0.245312 0.528235 0.245312 0.523529 0.243750 0.521176 0.243750 0.502353 0.242188 0.500000 0.242188 0.495294 0.240625 0.492941 0.240625 0.490588 0.235938 0.483529 0.235938 0.476471
0 0.803125 0.382353 0.803125 0.394118 0.807813 0.394118 0.810938 0.398824 0.810938 0.401176 0.809375 0.403529 0.809375 0.405882 0.804688 0.412941 0.803125 0.412941 0.803125 0.415294 0.801562 0.417647 0.801562 0.429412 0.803125 0.431765 0.803125 0.436471 0.804688 0.438824 0.804688 0.443529 0.806250 0.445882 0.806250 0.450588 0.804688 0.452941 0.804688 0.457647 0.800000 0.464706 0.800000 0.471765 0.798437 0.474118 0.798437 0.476471 0.800000 0.478824 0.800000 0.483529 0.801562 0.485882 0.801562 0.490588 0.803125 0.492941 0.803125 0.495294 0.804688 0.497647 0.804688 0.507059 0.806250 0.509412 0.806250 0.525882 0.804688 0.528235 0.804688 0.537647 0.803125 0.540000 0.803125 0.547059 0.801562 0.549412 0.801562 0.556471 0.800000 0.558824 0.800000 0.591765 0.798437 0.594118 0.798437 0.598824 0.796875 0.601177 0.796875 0.603529 0.793750 0.608235 0.793750 0.622353 0.792188 0.624706 0.792188 0.638824 0.790625 0.641176 0.790625 0.648235 0.789062 0.650588 0.784375 0.650588 0.784375 0.692941 0.789062 0.692941 0.790625 0.695294 0.790625 0.697647 0.792188 0.700000 0.792188 0.725882 0.793750 0.728235 0.793750 0.768235 0.795313 0.770588 0.795313 0.787059 0.796875 0.789412 0.796875 0.794118 0.798437 0.796471 0.798437 0.801176 0.800000 0.803529 0.800000 0.817647 0.798437 0.820000 0.798437 0.831765 0.800000 0.834118 0.800000 0.841176 0.815625 0.841176 0.815625 0.834118 0.818750 0.829412 0.820312 0.829412 0.826563 0.820000 0.826563 0.817647 0.828125 0.815294 0.829687 0.815294 0.831250 0.812941 0.843750 0.812941 0.845312 0.810588 0.846875 0.810588 0.846875 0.808235 0.848437 0.805882 0.848437 0.803529 0.850000 0.801176 0.850000 0.796471 0.851562 0.794118 0.851562 0.789412 0.853125 0.787059 0.853125 0.780000 0.854688 0.777647 0.854688 0.697647 0.853125 0.695294 0.853125 0.688235 0.854688 0.685882 0.854688 0.674118 0.856250 0.671765 0.856250 0.648235 0.857813 0.645882 0.857813 0.636471 0.859375 0.634118 0.859375 0.631765 0.860937 0.629412 0.860937 0.627059 0.862500 0.624706 0.862500 0.622353 0.865625 0.617647 0.865625 0.615294 0.867188 0.612941 0.867188 0.610588 0.868750 0.608235 0.868750 0.601177 0.871875 0.596471 0.876562 0.596471 0.876562 0.509412 0.871875 0.509412 0.868750 0.504706 0.868750 0.500000 0.867188 0.497647 0.867188 0.490588 0.865625 0.488235 0.865625 0.483529 0.864062 0.481176 0.864062 0.478824 0.862500 0.476471 0.862500 0.474118 0.859375 0.469412 0.859375 0.467059 0.846875 0.448235 0.846875 0.443529 0.845312 0.441176 0.845312 0.429412 0.846875 0.427059 0.846875 0.415294 0.845312 0.412941 0.845312 0.405882 0.843750 0.403529 0.843750 0.401176 0.835938 0.389412 0.835938 0.382353
0 0.795313 0.528235 0.801562 0.528235 0.801562 0.504706 0.796875 0.504706 0.796875 0.507059 0.795313 0.509412 0.795313 0.511765 0.793750 0.514118 0.793750 0.521176 0.795313 0.523529 0.795313 0.528235 0.792188 0.532941 0.790625 0.532941 0.789062 0.530588 0.789062 0.523529 0.787500 0.521176 0.787500 0.509412 0.785937 0.507059 0.785937 0.500000 0.784375 0.497647 0.784375 0.495294 0.782812 0.492941 0.782812 0.485882 0.781250 0.483529 0.781250 0.474118 0.779688 0.471765 0.779688 0.469412 0.776563 0.464706 0.776563 0.462353 0.771875 0.455294 0.771875 0.452941 0.770312 0.450588 0.770312 0.429412 0.768750 0.427059 0.768750 0.405882 0.767187 0.403529 0.767187 0.398824 0.765625 0.396471 0.765625 0.394118 0.764063 0.391765 0.764063 0.382353 0.740625 0.382353 0.740625 0.394118 0.737500 0.398824 0.737500 0.403529 0.735937 0.405882 0.735937 0.408235 0.734375 0.410588 0.734375 0.417647 0.732813 0.420000 0.732813 0.441176 0.731250 0.443529 0.731250 0.445882 0.729688 0.448235 0.729688 0.450588 0.725000 0.457647 0.725000 0.460000 0.720312 0.467059 0.715625 0.467059 0.715625 0.518824 0.720312 0.518824 0.721875 0.521176 0.721875 0.523529 0.720312 0.525882 0.715625 0.525882 0.715625 0.594118 0.720312 0.594118 0.721875 0.596471 0.721875 0.608235 0.723437 0.610588 0.723437 0.660000 0.725000 0.662353 0.725000 0.707059 0.726562 0.709412 0.726562 0.718824 0.728125 0.721176 0.728125 0.730588 0.729688 0.732941 0.729688 0.782353 0.731250 0.784706 0.731250 0.815294 0.732813 0.817647 0.732813 0.820000 0.735937 0.824706 0.737500 0.824706 0.739062 0.827059 0.740625 0.827059 0.742188 0.824706 0.748438 0.824706 0.750000 0.822353 0.753125 0.822353 0.754687 0.824706 0.759375 0.824706 0.760938 0.827059 0.771875 0.827059 0.773438 0.824706 0.776563 0.824706 0.778125 0.822353 0.778125 0.820000 0.779688 0.817647 0.779688 0.812941 0.781250 0.810588 0.781250 0.784706 0.779688 0.782353 0.779688 0.770588 0.781250 0.768235 0.781250 0.749412 0.782812 0.747059 0.782812 0.732941 0.784375 0.730588 0.784375 0.714118 0.785937 0.711765 0.785937 0.667059 0.787500 0.664706 0.787500 0.610588 0.785937 0.608235 0.785937 0.605882 0.784375 0.603529 0.784375 0.601177 0.782812 0.598824 0.782812 0.575294 0.784375 0.572941 0.784375 0.570588 0.789062 0.563529 0.789062 0.561176 0.790625 0.558824 0.790625 0.549412 0.792188 0.547059 0.792188 0.542353 0.793750 0.540000 0.792188 0.537647 0.792188 0.532941
0 0.298438 0.401176 0.298438 0.410588 0.296875 0.412941 0.296875 0.415294 0.295312 0.417647 0.295312 0.424706 0.293750 0.427059 0.295312 0.429412 0.295312 0.431765 0.301562 0.441176 0.301562 0.443529 0.304688 0.448235 0.304688 0.460000 0.303125 0.462353 0.303125 0.464706 0.301562 0.467059 0.301562 0.469412 0.300000 0.471765 0.300000 0.474118 0.298438 0.476471 0.298438 0.478824 0.295312 0.483529 0.295312 0.490588 0.293750 0.492941 0.293750 0.502353 0.292188 0.504706 0.292188 0.509412 0.289062 0.514118 0.284375 0.514118 0.284375 0.530588 0.289062 0.530588 0.290625 0.532941 0.290625 0.544706 0.292188 0.547059 0.292188 0.563529 0.293750 0.565882 0.293750 0.570588 0.296875 0.575294 0.296875 0.584706 0.298438 0.587059 0.298438 0.591765 0.296875 0.594118 0.296875 0.596471 0.298438 0.598824 0.298438 0.605882 0.300000 0.608235 0.300000 0.615294 0.301562 0.617647 0.301562 0.641176 0.300000 0.643529 0.300000 0.650588 0.298438 0.652941 0.298438 0.655294 0.300000 0.657647 0.300000 0.660000 0.303125 0.664706 0.303125 0.671765 0.318750 0.671765 0.318750 0.664706 0.321875 0.660000 0.323438 0.660000 0.325000 0.657647 0.328125 0.657647 0.329688 0.655294 0.332812 0.655294 0.335938 0.650588 0.337500 0.650588 0.342187 0.643529 0.342187 0.629412 0.340625 0.627059 0.340625 0.624706 0.337500 0.620000 0.337500 0.617647 0.335938 0.615294 0.335938 0.612941 0.334375 0.610588 0.334375 0.605882 0.331250 0.601177 0.331250 0.598824 0.328125 0.594118 0.328125 0.591765 0.326562 0.589412 0.326562 0.584706 0.325000 0.582353 0.325000 0.565882 0.326562 0.563529 0.326562 0.558824 0.328125 0.556471 0.328125 0.554118 0.331250 0.549412 0.331250 0.544706 0.332812 0.542353 0.332812 0.540000 0.334375 0.537647 0.334375 0.535294 0.339063 0.528235 0.340625 0.528235 0.346875 0.518824 0.346875 0.516471 0.348437 0.514118 0.348437 0.511765 0.353125 0.504706 0.357812 0.504706 0.357812 0.502353 0.353125 0.502353 0.350000 0.497647 0.350000 0.495294 0.348437 0.492941 0.348437 0.490588 0.346875 0.490588 0.343750 0.485882 0.343750 0.483529 0.337500 0.474118 0.337500 0.469412 0.335938 0.467059 0.335938 0.464706 0.332812 0.460000 0.332812 0.457647 0.331250 0.455294 0.331250 0.452941 0.329688 0.450588 0.329688 0.448235 0.328125 0.445882 0.328125 0.436471 0.329688 0.434118 0.329688 0.424706 0.328125 0.422353 0.328125 0.417647 0.331250 0.412941 0.332812 0.412941 0.332812 0.410588 0.334375 0.408235 0.334375 0.401176
0 0.421875 0.382353 0.421875 0.394118 0.420312 0.396471 0.420312 0.405882 0.418750 0.408235 0.418750 0.412941 0.417188 0.415294 0.417188 0.417647 0.412500 0.424706 0.410937 0.424706 0.407813 0.429412 0.407813 0.431765 0.404687 0.436471 0.404687 0.441176 0.401563 0.445882 0.396875 0.445882 0.396875 0.488235 0.401563 0.488235 0.404687 0.492941 0.404687 0.497647 0.406250 0.500000 0.406250 0.502353 0.407813 0.504706 0.407813 0.507059 0.409375 0.509412 0.409375 0.514118 0.410937 0.516471 0.410937 0.528235 0.412500 0.530588 0.412500 0.549412 0.414062 0.551765 0.414062 0.591765 0.415625 0.594118 0.415625 0.612941 0.417188 0.615294 0.417188 0.627059 0.418750 0.629412 0.418750 0.634118 0.420312 0.636471 0.420312 0.643529 0.428125 0.643529 0.428125 0.636471 0.429688 0.634118 0.432813 0.634118 0.432813 0.627059 0.434375 0.624706 0.434375 0.620000 0.435937 0.617647 0.435937 0.612941 0.437500 0.610588 0.437500 0.601177 0.439063 0.598824 0.439063 0.587059 0.440625 0.584706 0.440625 0.575294 0.442187 0.572941 0.442187 0.565882 0.443750 0.563529 0.443750 0.549412 0.445312 0.547059 0.445312 0.540000 0.446875 0.537647 0.446875 0.532941 0.448438 0.530588 0.448438 0.514118 0.450000 0.511765 0.450000 0.504706 0.453125 0.500000 0.456250 0.500000 0.460938 0.507059 0.462500 0.507059 0.464063 0.509412 0.476562 0.509412 0.476562 0.488235 0.471875 0.488235 0.470313 0.485882 0.468750 0.485882 0.464063 0.478824 0.464063 0.476471 0.459375 0.469412 0.459375 0.467059 0.457812 0.464706 0.457812 0.462353 0.456250 0.460000 0.456250 0.457647 0.454688 0.455294 0.454688 0.448235 0.453125 0.445882 0.453125 0.441176 0.451562 0.438824 0.451562 0.436471 0.440625 0.420000 0.440625 0.415294 0.439063 0.412941 0.439063 0.408235 0.437500 0.405882 0.437500 0.396471 0.439063 0.394118 0.439063 0.382353
0 0.657812 0.335294 0.657812 0.351765 0.656250 0.354118 0.656250 0.356471 0.653125 0.361176 0.646875 0.361176 0.646875 0.382353 0.651563 0.382353 0.654688 0.387059 0.654688 0.389412 0.656250 0.391765 0.656250 0.431765 0.654688 0.434118 0.654688 0.441176 0.653125 0.443529 0.653125 0.445882 0.651563 0.448235 0.646875 0.448235 0.646875 0.462353 0.659375 0.462353 0.660937 0.460000 0.660937 0.457647 0.662500 0.455294 0.662500 0.443529 0.665625 0.438824 0.667188 0.441176 0.667188 0.445882 0.668750 0.448235 0.668750 0.457647 0.670313 0.460000 0.670313 0.462353 0.671875 0.464706 0.673437 0.464706 0.675000 0.467059 0.675000 0.474118 0.676562 0.474118 0.676562 0.467059 0.678125 0.464706 0.678125 0.462353 0.679688 0.460000 0.679688 0.422353 0.681250 0.420000 0.681250 0.410588 0.682813 0.408235 0.682813 0.403529 0.684375 0.401176 0.689062 0.401176 0.689062 0.368235 0.684375 0.368235 0.678125 0.358824 0.678125 0.356471 0.675000 0.351765 0.675000 0.347059 0.673437 0.344706 0.673437 0.335294
0 0.570312 0.344706 0.570312 0.356471 0.568750 0.358824 0.568750 0.363529 0.567187 0.365882 0.567187 0.370588 0.564062 0.375294 0.559375 0.375294 0.559375 0.502353 0.579687 0.502353 0.579687 0.469412 0.581250 0.467059 0.581250 0.450588 0.582812 0.448235 0.582812 0.443529 0.584375 0.441176 0.584375 0.434118 0.585938 0.431765 0.585938 0.422353 0.587500 0.420000 0.587500 0.412941 0.589063 0.410588 0.589063 0.394118 0.587500 0.391765 0.587500 0.387059 0.585938 0.384706 0.585938 0.380000 0.584375 0.377647 0.584375 0.372941 0.582812 0.370588 0.582812 0.358824 0.581250 0.356471 0.581250 0.344706
0 0.609375 0.335294 0.609375 0.344706 0.607813 0.347059 0.607813 0.351765 0.606250 0.354118 0.606250 0.358824 0.604688 0.361176 0.604688 0.363529 0.601562 0.368235 0.596875 0.368235 0.596875 0.474118 0.606250 0.474118 0.606250 0.462353 0.607813 0.460000 0.607813 0.455294 0.609375 0.452941 0.609375 0.445882 0.612500 0.441176 0.614062 0.441176 0.617188 0.445882 0.617188 0.455294 0.618750 0.457647 0.618750 0.474118 0.632812 0.474118 0.632812 0.457647 0.628125 0.457647 0.626562 0.455294 0.626562 0.452941 0.625000 0.450588 0.625000 0.412941 0.628125 0.408235 0.632812 0.408235 0.632812 0.380000 0.628125 0.380000 0.625000 0.375294 0.625000 0.372941 0.623438 0.370588 0.623438 0.361176 0.621875 0.358824 0.621875 0.335294
0 0.270312 0.401176 0.270312 0.415294 0.265625 0.422353 0.257812 0.422353 0.254687 0.427059 0.254687 0.429412 0.251563 0.434118 0.251563 0.436471 0.250000 0.438824 0.250000 0.441176 0.248437 0.443529 0.248437 0.445882 0.239063 0.460000 0.234375 0.460000 0.234375 0.485882 0.240625 0.485882 0.242188 0.488235 0.242188 0.490588 0.245312 0.495294 0.245312 0.502353 0.246875 0.504706 0.245312 0.507059 0.245312 0.525882 0.246875 0.528235 0.246875 0.532941 0.248437 0.535294 0.250000 0.535294 0.251563 0.537647 0.253125 0.537647 0.254687 0.540000 0.256250 0.540000 0.260938 0.547059 0.260938 0.549412 0.270312 0.563529 0.271875 0.563529 0.275000 0.568235 0.275000 0.570588 0.276563 0.572941 0.278125 0.572941 0.281250 0.577647 0.281250 0.587059 0.284375 0.587059 0.284375 0.577647 0.285937 0.575294 0.285937 0.568235 0.287500 0.565882 0.287500 0.549412 0.289062 0.547059 0.289062 0.537647 0.287500 0.535294 0.287500 0.521176 0.289062 0.518824 0.289062 0.516471 0.290625 0.514118 0.295312 0.514118 0.295312 0.467059 0.290625 0.467059 0.285937 0.460000 0.285937 0.457647 0.284375 0.455294 0.284375 0.452941 0.281250 0.448235 0.281250 0.445882 0.279687 0.443529 0.279687 0.441176 0.278125 0.438824 0.278125 0.434118 0.276563 0.431765 0.276563 0.429412 0.275000 0.427059 0.275000 0.422353 0.273438 0.420000 0.273438 0.417647 0.271875 0.415294 0.271875 0.401176
5 0.000000 0.137647 0.000000 0.822353 0.067188 0.822353 0.067188 0.815294 0.068750 0.812941 0.079687 0.812941 0.081250 0.815294 0.081250 0.822353 0.085938 0.822353 0.085938 0.815294 0.087500 0.812941 0.089062 0.812941 0.090625 0.810588 0.095312 0.810588 0.096875 0.808235 0.106250 0.808235 0.107813 0.805882 0.117188 0.805882 0.118750 0.803529 0.123438 0.803529 0.125000 0.801176 0.131250 0.801176 0.132812 0.803529 0.143750 0.803529 0.145313 0.805882 0.157813 0.805882 0.159375 0.808235 0.176563 0.808235 0.176563 0.212941 0.170312 0.212941 0.165625 0.205882 0.165625 0.203529 0.164062 0.201176 0.164062 0.198824 0.162500 0.196471 0.162500 0.194118 0.153125 0.180000 0.151562 0.180000 0.150000 0.177647 0.148438 0.177647 0.146875 0.175294 0.145313 0.175294 0.143750 0.172941 0.142188 0.172941 0.140625 0.170588 0.139062 0.170588 0.137500 0.168235 0.132812 0.168235 0.131250 0.165882 0.128125 0.165882 0.126563 0.163529 0.123438 0.163529 0.121875 0.161176 0.118750 0.161176 0.117188 0.158824 0.107813 0.158824 0.106250 0.156471 0.093750 0.156471 0.092188 0.154118 0.084375 0.154118 0.082813 0.151765 0.067188 0.151765 0.065625 0.149412 0.043750 0.149412 0.042188 0.147059 0.037500 0.147059 0.035937 0.144706 0.035937 0.137647
0 0.468750 0.344706 0.468750 0.363529 0.467187 0.365882 0.467187 0.370588 0.465625 0.372941 0.459375 0.372941 0.459375 0.436471 0.464063 0.436471 0.465625 0.438824 0.465625 0.441176 0.467187 0.443529 0.467187 0.457647 0.468750 0.460000 0.468750 0.464706 0.470313 0.467059 0.470313 0.474118 0.481250 0.474118 0.481250 0.467059 0.484375 0.462353 0.489062 0.462353 0.489062 0.344706
5 0.240625 0.365882 0.240625 0.344706 0.232812 0.332941 0.232812 0.328235 0.228125 0.328235 0.228125 0.384706 0.232812 0.384706 0.235938 0.380000 0.235938 0.372941 0.240625 0.365882 0.256250 0.380000 0.256250 0.382353 0.257812 0.384706 0.257812 0.405882 0.260938 0.410588 0.264062 0.410588 0.265625 0.412941 0.267188 0.412941 0.268750 0.415294 0.271875 0.415294 0.273438 0.417647 0.278125 0.417647 0.279687 0.420000 0.279687 0.424706 0.281250 0.427059 0.281250 0.429412 0.282813 0.431765 0.282813 0.434118 0.284375 0.436471 0.284375 0.434118 0.285937 0.431765 0.285937 0.429412 0.287500 0.427059 0.287500 0.424706 0.289062 0.422353 0.289062 0.420000 0.290625 0.417647 0.290625 0.415294 0.296875 0.405882 0.298438 0.405882 0.300000 0.403529 0.301562 0.403529 0.303125 0.401176 0.312500 0.401176 0.314063 0.403529 0.323438 0.389412 0.325000 0.389412 0.326562 0.387059 0.328125 0.387059 0.329688 0.389412 0.332812 0.389412 0.337500 0.396471 0.337500 0.398824 0.339063 0.401176 0.339063 0.408235 0.340625 0.410588 0.340625 0.415294 0.342187 0.417647 0.342187 0.422353 0.343750 0.424706 0.343750 0.427059 0.346875 0.431765 0.346875 0.434118 0.350000 0.438824 0.350000 0.441176 0.351562 0.443529 0.351562 0.450588 0.353125 0.452941 0.353125 0.457647 0.354688 0.460000 0.354688 0.474118 0.356250 0.476471 0.356250 0.500000 0.357812 0.502353 0.357812 0.504706 0.356250 0.507059 0.356250 0.537647 0.354688 0.540000 0.354688 0.542353 0.356250 0.544706 0.356250 0.547059 0.357812 0.549412 0.359375 0.549412 0.364062 0.542353 0.367188 0.542353 0.368750 0.544706 0.373437 0.544706 0.375000 0.542353 0.381250 0.542353 0.382812 0.540000 0.389062 0.540000 0.390625 0.537647 0.392188 0.537647 0.392188 0.535294 0.395312 0.530588 0.395312 0.528235 0.396875 0.525882 0.396875 0.507059 0.395312 0.504706 0.395312 0.445882 0.396875 0.443529 0.396875 0.438824 0.398438 0.436471 0.398438 0.434118 0.401563 0.429412 0.401563 0.427059 0.403125 0.424706 0.403125 0.422353 0.406250 0.417647 0.407813 0.417647 0.412500 0.410588 0.412500 0.405882 0.414062 0.403529 0.414062 0.382353 0.415625 0.380000 0.415625 0.375294 0.418750 0.370588 0.418750 0.365882 0.420312 0.363529 0.420312 0.361176 0.421875 0.358824 0.421875 0.354118 0.423438 0.351765 0.425000 0.351765 0.426562 0.349412 0.429688 0.349412 0.431250 0.351765 0.432813 0.351765 0.435937 0.356471 0.437500 0.356471 0.442187 0.363529 0.442187 0.368235 0.443750 0.370588 0.443750 0.372941 0.446875 0.377647 0.448438 0.377647 0.451562 0.382353 0.451562 0.384706 0.453125 0.387059 0.453125 0.389412 0.448438 0.396471 0.446875 0.396471 0.445312 0.398824 0.443750 0.398824 0.443750 0.405882 0.445312 0.408235 0.445312 0.412941 0.446875 0.415294 0.446875 0.417647 0.448438 0.417647 0.453125 0.424706 0.457812 0.424706 0.457812 0.311765 0.453125 0.311765 0.450000 0.307059 0.450000 0.304706 0.445312 0.297647 0.443750 0.297647 0.440625 0.292941 0.439063 0.292941 0.437500 0.290588 0.435937 0.290588 0.432813 0.285882 0.429688 0.285882 0.428125 0.283529 0.421875 0.283529 0.420312 0.281176 0.417188 0.281176 0.415625 0.278824 0.407813 0.278824 0.406250 0.276471 0.400000 0.276471 0.398438 0.274118 0.396875 0.274118 0.385938 0.257647 0.384375 0.257647 0.382812 0.255294 0.381250 0.255294 0.378125 0.250588 0.376563 0.250588 0.375000 0.248235 0.371875 0.248235 0.370313 0.245882 0.365625 0.245882 0.364062 0.243529 0.354688 0.243529 0.353125 0.241176 0.348437 0.241176 0.346875 0.238824 0.340625 0.238824 0.339063 0.236471 0.337500 0.238824 0.323438 0.238824 0.321875 0.236471 0.312500 0.236471 0.310937 0.234118 0.300000 0.234118 0.298438 0.231765 0.295312 0.231765 0.293750 0.229412 0.293750 0.222353 0.245312 0.222353 0.245312 0.229412 0.237500 0.241176 0.239063 0.241176 0.240625 0.243529 0.242188 0.243529 0.243750 0.245882 0.245312 0.245882 0.246875 0.248235 0.248437 0.248235 0.250000 0.250588 0.251563 0.250588 0.253125 0.252941 0.254687 0.252941 0.262500 0.264706 0.262500 0.267059 0.264062 0.269412 0.264062 0.276471 0.265625 0.278824 0.265625 0.285882 0.267188 0.288235 0.267188 0.295294 0.268750 0.297647 0.268750 0.311765 0.270312 0.314118 0.270312 0.330588 0.268750 0.332941 0.268750 0.342353 0.267188 0.344706 0.267188 0.358824 0.265625 0.361176 0.265625 0.365882 0.267188 0.368235 0.267188 0.372941 0.265625 0.375294 0.265625 0.377647 0.264062 0.380000 0.262500 0.377647 0.260938 0.377647 0.259375 0.375294 0.256250 0.380000
0 0.235938 0.391765 0.235938 0.405882 0.234375 0.408235 0.234375 0.410588 0.232812 0.412941 0.232812 0.415294 0.231250 0.417647 0.231250 0.420000 0.226562 0.427059 0.226562 0.429412 0.221875 0.436471 0.220313 0.436471 0.220313 0.438824 0.217187 0.443529 0.217187 0.445882 0.214062 0.450588 0.209375 0.450588 0.209375 0.483529 0.237500 0.483529 0.237500 0.474118 0.239063 0.471765 0.239063 0.464706 0.242188 0.460000 0.242188 0.457647 0.246875 0.450588 0.251563 0.450588 0.251563 0.391765
5 0.000000 0.147059 0.000000 0.822353 0.092188 0.822353 0.092188 0.815294 0.093750 0.812941 0.095312 0.812941 0.096875 0.810588 0.101562 0.810588 0.103125 0.808235 0.114063 0.808235 0.115625 0.805882 0.120312 0.805882 0.121875 0.803529 0.125000 0.803529 0.126563 0.801176 0.129688 0.801176 0.131250 0.803529 0.139062 0.803529 0.140625 0.805882 0.156250 0.805882 0.157813 0.808235 0.170312 0.808235 0.171875 0.805882 0.173438 0.805882 0.182812 0.791765 0.182812 0.789412 0.185937 0.784706 0.185937 0.780000 0.187500 0.777647 0.187500 0.772941 0.189063 0.770588 0.189063 0.754118 0.190625 0.751765 0.190625 0.749412 0.192188 0.747059 0.192188 0.742353 0.193750 0.740000 0.193750 0.737647 0.195312 0.735294 0.195312 0.732941 0.196875 0.730588 0.196875 0.702353 0.198437 0.700000 0.198437 0.690588 0.196875 0.688235 0.196875 0.678824 0.195312 0.676471 0.195312 0.667059 0.193750 0.664706 0.193750 0.660000 0.192188 0.657647 0.192188 0.652941 0.190625 0.650588 0.190625 0.648235 0.189063 0.645882 0.189063 0.641176 0.187500 0.638824 0.187500 0.631765 0.185937 0.629412 0.185937 0.601177 0.187500 0.598824 0.187500 0.589412 0.189063 0.587059 0.189063 0.584706 0.193750 0.577647 0.195312 0.577647 0.196875 0.575294 0.196875 0.572941 0.201562 0.565882 0.201562 0.563529 0.204688 0.558824 0.204688 0.540000 0.203125 0.537647 0.203125 0.523529 0.204688 0.521176 0.204688 0.502353 0.206250 0.500000 0.206250 0.495294 0.207813 0.492941 0.207813 0.488235 0.209375 0.485882 0.209375 0.457647 0.210938 0.455294 0.210938 0.450588 0.212500 0.448235 0.212500 0.445882 0.215625 0.441176 0.215625 0.438824 0.228125 0.420000 0.228125 0.417647 0.229687 0.415294 0.229687 0.412941 0.231250 0.410588 0.231250 0.408235 0.235938 0.401176 0.235938 0.398824 0.239063 0.394118 0.240625 0.394118 0.242188 0.391765 0.246875 0.391765 0.248437 0.394118 0.250000 0.394118 0.253125 0.398824 0.254687 0.398824 0.257812 0.403529 0.262500 0.403529 0.264062 0.401176 0.270312 0.401176 0.270312 0.278824 0.265625 0.278824 0.262500 0.274118 0.262500 0.269412 0.254687 0.257647 0.253125 0.257647 0.248437 0.250588 0.246875 0.250588 0.245312 0.248235 0.243750 0.248235 0.242188 0.245882 0.240625 0.245882 0.239063 0.243529 0.235938 0.243529 0.234375 0.241176 0.232812 0.241176 0.231250 0.238824 0.228125 0.238824 0.226562 0.236471 0.225000 0.236471 0.223438 0.234118 0.221875 0.234118 0.220313 0.231765 0.218750 0.231765 0.217187 0.229412 0.212500 0.229412 0.210938 0.227059 0.206250 0.227059 0.204688 0.224706 0.201562 0.224706 0.200000 0.222353 0.193750 0.222353 0.192188 0.220000 0.185937 0.220000 0.184375 0.217647 0.178125 0.217647 0.176563 0.215294 0.173438 0.215294 0.171875 0.212941 0.170312 0.212941 0.165625 0.205882 0.165625 0.203529 0.164062 0.201176 0.164062 0.198824 0.160938 0.194118 0.160938 0.191765 0.154687 0.182353 0.153125 0.182353 0.150000 0.177647 0.148438 0.177647 0.146875 0.175294 0.145313 0.175294 0.143750 0.172941 0.140625 0.172941 0.139062 0.170588 0.137500 0.170588 0.135937 0.168235 0.131250 0.168235 0.129688 0.165882 0.126563 0.165882 0.125000 0.163529 0.121875 0.163529 0.120312 0.161176 0.115625 0.161176 0.114063 0.158824 0.104687 0.158824 0.103125 0.156471 0.096875 0.156471 0.095312 0.154118 0.095312 0.147059
0 0.315625 0.391765 0.315625 0.452941 0.323438 0.452941 0.325000 0.455294 0.326562 0.455294 0.331250 0.462353 0.331250 0.467059 0.332812 0.469412 0.332812 0.471765 0.334375 0.474118 0.334375 0.476471 0.345313 0.492941 0.345313 0.495294 0.350000 0.502353 0.346875 0.507059 0.343750 0.507059 0.342187 0.509412 0.335938 0.509412 0.334375 0.507059 0.326562 0.507059 0.323438 0.511765 0.315625 0.511765 0.315625 0.528235 0.321875 0.528235 0.326562 0.535294 0.326562 0.544706 0.325000 0.547059 0.325000 0.554118 0.323438 0.556471 0.323438 0.561176 0.320312 0.565882 0.315625 0.565882 0.315625 0.652941 0.342187 0.652941 0.342187 0.629412 0.340625 0.627059 0.340625 0.624706 0.339063 0.622353 0.339063 0.620000 0.337500 0.617647 0.337500 0.615294 0.335938 0.612941 0.335938 0.605882 0.334375 0.603529 0.334375 0.596471 0.335938 0.594118 0.335938 0.587059 0.337500 0.584706 0.337500 0.582353 0.339063 0.580000 0.339063 0.572941 0.340625 0.570588 0.340625 0.563529 0.342187 0.561176 0.342187 0.556471 0.343750 0.554118 0.343750 0.540000 0.345313 0.537647 0.345313 0.530588 0.346875 0.528235 0.346875 0.523529 0.348437 0.521176 0.348437 0.516471 0.350000 0.514118 0.350000 0.509412 0.351562 0.507059 0.357812 0.507059 0.357812 0.460000 0.353125 0.460000 0.350000 0.455294 0.350000 0.452941 0.348437 0.450588 0.348437 0.445882 0.346875 0.443529 0.346875 0.438824 0.342187 0.431765 0.342187 0.427059 0.340625 0.424706 0.340625 0.422353 0.339063 0.420000 0.339063 0.417647 0.337500 0.415294 0.337500 0.391765
0 0.235938 0.391765 0.235938 0.401176 0.234375 0.403529 0.234375 0.408235 0.232812 0.410588 0.232812 0.415294 0.231250 0.417647 0.231250 0.420000 0.218750 0.438824 0.218750 0.441176 0.214062 0.448235 0.209375 0.448235 0.209375 0.483529 0.217187 0.483529 0.218750 0.481176 0.223438 0.481176 0.225000 0.478824 0.234375 0.478824 0.235938 0.476471 0.237500 0.476471 0.237500 0.471765 0.239063 0.469412 0.239063 0.464706 0.240625 0.462353 0.240625 0.460000 0.242188 0.457647 0.242188 0.455294 0.246875 0.448235 0.246875 0.443529 0.248437 0.441176 0.248437 0.438824 0.250000 0.436471 0.250000 0.427059 0.251563 0.424706 0.251563 0.405882 0.250000 0.403529 0.250000 0.391765
0 0.535937 0.354118 0.535937 0.368235 0.532812 0.372941 0.528125 0.372941 0.528125 0.401176 0.534375 0.401176 0.535937 0.403529 0.539062 0.403529 0.546875 0.415294 0.548437 0.415294 0.551562 0.420000 0.551562 0.422353 0.557813 0.422353 0.557813 0.387059 0.551562 0.387059 0.550000 0.384706 0.550000 0.382353 0.548437 0.380000 0.548437 0.368235 0.546875 0.365882 0.546875 0.354118
