0 0.226562 0.364169 0.221875 0.364169 0.220313 0.361827 0.207813 0.361827 0.206250 0.364169 0.207813 0.364169 0.209375 0.366511 0.217187 0.366511 0.218750 0.364169 0.226562 0.364169 0.253125 0.434426 0.250000 0.439110 0.250000 0.441452 0.248437 0.443794 0.248437 0.446136 0.245312 0.450820 0.243750 0.450820 0.240625 0.455504 0.239063 0.455504 0.235938 0.460187 0.234375 0.460187 0.226562 0.471897 0.223438 0.471897 0.221875 0.474239 0.203125 0.474239 0.201562 0.471897 0.196875 0.471897 0.195312 0.469555 0.185937 0.469555 0.184375 0.467213 0.175000 0.467213 0.173438 0.464871 0.171875 0.464871 0.168750 0.460187 0.167187 0.460187 0.164062 0.455504 0.164062 0.453162 0.159375 0.446136 0.159375 0.443794 0.156250 0.439110 0.156250 0.429742 0.154687 0.427400 0.154687 0.418033 0.153125 0.415691 0.153125 0.408665 0.151562 0.406323 0.151562 0.396955 0.150000 0.394614 0.150000 0.387588 0.148438 0.385246 0.148438 0.380562 0.146875 0.378220 0.146875 0.373536 0.142188 0.366511 0.140625 0.366511 0.135937 0.359485 0.134375 0.359485 0.129688 0.352459 0.129688 0.345433 0.104687 0.345433 0.104687 0.352459 0.101562 0.357143 0.100000 0.357143 0.098438 0.359485 0.096875 0.359485 0.085938 0.375878 0.085938 0.378220 0.084375 0.380562 0.084375 0.382904 0.082813 0.385246 0.082813 0.389930 0.081250 0.392272 0.081250 0.418033 0.082813 0.420375 0.082813 0.425059 0.084375 0.427400 0.084375 0.439110 0.082813 0.441452 0.082813 0.443794 0.081250 0.446136 0.081250 0.448478 0.079687 0.450820 0.079687 0.467213 0.082813 0.471897 0.082813 0.478923 0.084375 0.481265 0.084375 0.483607 0.085938 0.485948 0.087500 0.485948 0.090625 0.490632 0.090625 0.492974 0.092188 0.495316 0.090625 0.497658 0.090625 0.511710 0.085938 0.518735 0.085938 0.523419 0.084375 0.525761 0.084375 0.535129 0.082813 0.537471 0.082813 0.553864 0.081250 0.556206 0.081250 0.558548 0.079687 0.560890 0.079687 0.563232 0.076563 0.567916 0.071875 0.560890 0.068750 0.560890 0.065625 0.565574 0.064062 0.565574 0.062500 0.567916 0.060938 0.567916 0.059375 0.570258 0.059375 0.574941 0.057813 0.577283 0.057813 0.610070 0.059375 0.612412 0.059375 0.617096 0.060938 0.619438 0.060938 0.621780 0.062500 0.624122 0.062500 0.626464 0.064062 0.628806 0.064062 0.631148 0.070312 0.640515 0.073437 0.640515 0.075000 0.642857 0.082813 0.642857 0.092188 0.628806 0.092188 0.626464 0.096875 0.619438 0.098438 0.619438 0.100000 0.617096 0.101562 0.617096 0.103125 0.614754 0.104687 0.614754 0.112500 0.603045 0.114063 0.603045 0.117188 0.598361 0.118750 0.598361 0.121875 0.593677 0.126563 0.593677 0.129688 0.598361 0.129688 0.603045 0.131250 0.605386 0.131250 0.677986 0.129688 0.680328 0.129688 0.682670 0.131250 0.685012 0.131250 0.701405 0.132812 0.703747 0.132812 0.710773 0.134375 0.713115 0.134375 0.720141 0.135937 0.722482 0.135937 0.729508 0.137500 0.731850 0.137500 0.745902 0.139062 0.748244 0.139062 0.750585 0.140625 0.752927 0.140625 0.757611 0.142188 0.759953 0.142188 0.769321 0.143750 0.771663 0.143750 0.778689 0.145313 0.781030 0.145313 0.785714 0.146875 0.788056 0.146875 0.790398 0.148438 0.792740 0.148438 0.797424 0.150000 0.799766 0.150000 0.806792 0.151562 0.809133 0.151562 0.811475 0.153125 0.813817 0.153125 0.818501 0.154687 0.820843 0.154687 0.827869 0.156250 0.830211 0.156250 0.834895 0.157813 0.837237 0.157813 0.841920 0.159375 0.844262 0.159375 0.848946 0.160938 0.851288 0.160938 0.858314 0.162500 0.860656 0.162500 0.867682 0.164062 0.870023 0.164062 0.872365 0.165625 0.874707 0.165625 0.879391 0.167187 0.881733 0.167187 0.888759 0.168750 0.891101 0.168750 0.895785 0.170312 0.898126 0.170312 0.902810 0.171875 0.905152 0.171875 0.907494 0.173438 0.909836 0.173438 0.916862 0.175000 0.919204 0.175000 0.923888 0.176563 0.926230 0.176563 0.928571 0.178125 0.930913 0.178125 0.933255 0.179688 0.935597 0.179688 0.937939 0.181250 0.940281 0.181250 0.942623 0.182812 0.944965 0.182812 0.949649 0.184375 0.951991 0.184375 0.989461 0.246875 0.989461 0.246875 0.968384 0.245312 0.966042 0.245312 0.956674 0.243750 0.954333 0.243750 0.947307 0.242188 0.944965 0.242188 0.940281 0.240625 0.937939 0.240625 0.933255 0.239063 0.930913 0.239063 0.923888 0.237500 0.921546 0.237500 0.914520 0.235938 0.912178 0.235938 0.905152 0.234375 0.902810 0.234375 0.895785 0.232812 0.893443 0.232812 0.872365 0.231250 0.870023 0.231250 0.858314 0.232812 0.855972 0.232812 0.841920 0.234375 0.839578 0.234375 0.832553 0.235938 0.830211 0.235938 0.823185 0.237500 0.820843 0.237500 0.809133 0.239063 0.806792 0.239063 0.769321 0.240625 0.766979 0.240625 0.738876 0.242188 0.736534 0.242188 0.717799 0.243750 0.715457 0.243750 0.642857 0.242188 0.640515 0.242188 0.635831 0.240625 0.633489 0.240625 0.631148 0.239063 0.628806 0.239063 0.626464 0.237500 0.624122 0.237500 0.621780 0.235938 0.619438 0.235938 0.617096 0.234375 0.614754 0.234375 0.612412 0.232812 0.610070 0.232812 0.607728 0.231250 0.605386 0.231250 0.600703 0.229687 0.598361 0.229687 0.593677 0.228125 0.591335 0.228125 0.584309 0.226562 0.581967 0.226562 0.558548 0.228125 0.556206 0.228125 0.553864 0.231250 0.549180 0.240625 0.549180 0.242188 0.551522 0.245312 0.551522 0.246875 0.553864 0.248437 0.553864 0.250000 0.556206 0.251563 0.556206 0.253125 0.558548 0.254687 0.558548 0.256250 0.560890 0.257812 0.560890 0.259375 0.563232 0.260938 0.563232 0.262500 0.565574 0.265625 0.565574 0.267188 0.567916 0.268750 0.567916 0.270312 0.570258 0.281250 0.570258 0.282813 0.567916 0.284375 0.567916 0.284375 0.565574 0.285937 0.563232 0.285937 0.558548 0.287500 0.556206 0.287500 0.535129 0.285937 0.532787 0.285937 0.525761 0.284375 0.523419 0.284375 0.516393 0.282813 0.514051 0.282813 0.509368 0.281250 0.507026 0.281250 0.504684 0.279687 0.502342 0.279687 0.497658 0.278125 0.495316 0.278125 0.492974 0.276563 0.490632 0.276563 0.488290 0.275000 0.485948 0.275000 0.483607 0.273438 0.481265 0.273438 0.476581 0.271875 0.474239 0.271875 0.469555 0.270312 0.467213 0.270312 0.460187 0.268750 0.457845 0.268750 0.455504 0.265625 0.450820 0.265625 0.448478 0.264062 0.446136 0.264062 0.441452 0.262500 0.439110 0.262500 0.436768 0.259375 0.432084 0.256250 0.432084 0.254687 0.434426 0.253125 0.434426
0 0.439063 0.167447 0.439063 0.176815 0.434375 0.183841 0.434375 0.186183 0.432813 0.188525 0.432813 0.193208 0.431250 0.195550 0.431250 0.223653 0.425000 0.233021 0.423438 0.233021 0.420312 0.237705 0.418750 0.237705 0.417188 0.240047 0.415625 0.240047 0.409375 0.249415 0.409375 0.251756 0.406250 0.256440 0.406250 0.258782 0.404687 0.261124 0.404687 0.263466 0.401563 0.268150 0.396875 0.268150 0.396875 0.401639 0.401563 0.401639 0.404687 0.406323 0.404687 0.411007 0.406250 0.413349 0.406250 0.415691 0.407813 0.418033 0.407813 0.422717 0.409375 0.425059 0.409375 0.432084 0.410937 0.434426 0.410937 0.460187 0.412500 0.462529 0.412500 0.478923 0.414062 0.481265 0.414062 0.492974 0.415625 0.495316 0.415625 0.507026 0.417188 0.509368 0.417188 0.516393 0.418750 0.518735 0.418750 0.535129 0.420312 0.537471 0.420312 0.553864 0.421875 0.556206 0.421875 0.560890 0.423438 0.560890 0.426562 0.565574 0.429688 0.565574 0.431250 0.567916 0.434375 0.567916 0.434375 0.565574 0.437500 0.560890 0.437500 0.549180 0.435937 0.546838 0.435937 0.542155 0.434375 0.539813 0.434375 0.530445 0.432813 0.528103 0.432813 0.441452 0.434375 0.439110 0.434375 0.418033 0.432813 0.415691 0.432813 0.413349 0.431250 0.411007 0.431250 0.408665 0.428125 0.403981 0.428125 0.392272 0.432813 0.385246 0.434375 0.385246 0.435937 0.382904 0.440625 0.382904 0.442187 0.380562 0.453125 0.380562 0.454688 0.378220 0.476562 0.378220 0.479688 0.382904 0.479688 0.389930 0.478125 0.392272 0.478125 0.394614 0.475000 0.399297 0.475000 0.401639 0.473437 0.403981 0.473437 0.408665 0.471875 0.411007 0.471875 0.413349 0.470313 0.415691 0.470313 0.420375 0.468750 0.422717 0.468750 0.434426 0.470313 0.436768 0.470313 0.453162 0.471875 0.455504 0.471875 0.464871 0.473437 0.467213 0.475000 0.467213 0.482812 0.478923 0.482812 0.481265 0.485938 0.485948 0.487500 0.485948 0.489062 0.488290 0.489062 0.490632 0.490625 0.492974 0.490625 0.495316 0.492188 0.497658 0.492188 0.502342 0.493750 0.504684 0.493750 0.507026 0.495313 0.509368 0.495313 0.516393 0.496875 0.518735 0.496875 0.542155 0.498437 0.544496 0.498437 0.551522 0.496875 0.553864 0.496875 0.560890 0.498437 0.563232 0.498437 0.565574 0.500000 0.567916 0.500000 0.572600 0.501562 0.574941 0.501562 0.581967 0.501562 0.577283 0.503125 0.574941 0.503125 0.516393 0.501562 0.514051 0.501562 0.500000 0.500000 0.497658 0.500000 0.492974 0.498437 0.490632 0.498437 0.481265 0.496875 0.478923 0.496875 0.439110 0.495313 0.436768 0.495313 0.420375 0.493750 0.418033 0.493750 0.394614 0.498437 0.387588 0.500000 0.387588 0.501562 0.385246 0.506250 0.385246 0.507812 0.382904 0.510938 0.382904 0.512500 0.380562 0.514063 0.380562 0.515625 0.378220 0.520312 0.378220 0.520312 0.336066 0.515625 0.336066 0.514063 0.333724 0.514063 0.329040 0.512500 0.326698 0.512500 0.322014 0.510938 0.319672 0.510938 0.314988 0.509375 0.312646 0.509375 0.307963 0.507812 0.305621 0.507812 0.298595 0.506250 0.296253 0.506250 0.291569 0.504687 0.289227 0.504687 0.284543 0.503125 0.282201 0.503125 0.279859 0.501562 0.277518 0.501562 0.275176 0.500000 0.272834 0.500000 0.270492 0.498437 0.268150 0.498437 0.265808 0.496875 0.263466 0.496875 0.261124 0.495313 0.258782 0.495313 0.256440 0.493750 0.254098 0.493750 0.251756 0.485938 0.240047 0.485938 0.237705 0.481250 0.230679 0.479688 0.230679 0.475000 0.223653 0.475000 0.218970 0.473437 0.216628 0.473437 0.207260 0.471875 0.204918 0.471875 0.195550 0.470313 0.193208 0.470313 0.188525 0.468750 0.186183 0.468750 0.183841 0.465625 0.179157 0.465625 0.176815 0.464063 0.174473 0.464063 0.167447
0 0.754687 0.176815 0.754687 0.193208 0.753125 0.195550 0.753125 0.202576 0.751562 0.204918 0.751562 0.207260 0.743750 0.218970 0.742188 0.218970 0.729688 0.237705 0.729688 0.240047 0.728125 0.242389 0.728125 0.258782 0.729688 0.261124 0.729688 0.263466 0.734375 0.270492 0.734375 0.272834 0.735937 0.275176 0.735937 0.277518 0.737500 0.279859 0.737500 0.282201 0.739062 0.284543 0.739062 0.286885 0.740625 0.289227 0.740625 0.298595 0.742188 0.300937 0.742188 0.305621 0.743750 0.307963 0.743750 0.314988 0.745313 0.317330 0.745313 0.322014 0.746875 0.324356 0.746875 0.336066 0.748438 0.338407 0.748438 0.378220 0.750000 0.380562 0.750000 0.385246 0.751562 0.387588 0.751562 0.392272 0.753125 0.394614 0.753125 0.399297 0.754687 0.401639 0.754687 0.411007 0.756250 0.413349 0.756250 0.427400 0.776563 0.427400 0.776563 0.418033 0.778125 0.415691 0.781250 0.420375 0.781250 0.427400 0.796875 0.427400 0.796875 0.420375 0.798437 0.418033 0.798437 0.413349 0.800000 0.411007 0.800000 0.399297 0.801562 0.396955 0.801562 0.378220 0.800000 0.375878 0.800000 0.364169 0.798437 0.361827 0.798437 0.357143 0.796875 0.354801 0.796875 0.347775 0.795313 0.345433 0.795313 0.340749 0.793750 0.338407 0.793750 0.329040 0.792188 0.326698 0.792188 0.310304 0.790625 0.307963 0.790625 0.270492 0.795313 0.263466 0.795313 0.261124 0.796875 0.258782 0.796875 0.254098 0.798437 0.251756 0.798437 0.244731 0.796875 0.242389 0.796875 0.237705 0.795313 0.235363 0.795313 0.233021 0.787500 0.221311 0.785937 0.221311 0.784375 0.218970 0.782812 0.218970 0.781250 0.216628 0.779688 0.216628 0.776563 0.211944 0.776563 0.209602 0.775000 0.207260 0.775000 0.200234 0.773438 0.197892 0.773438 0.190867 0.771875 0.188525 0.771875 0.176815
1 0.448438 0.382904 0.446875 0.385246 0.443750 0.385246 0.442187 0.387588 0.439063 0.387588 0.435937 0.392272 0.435937 0.396955 0.437500 0.399297 0.437500 0.411007 0.439063 0.413349 0.439063 0.425059 0.437500 0.427400 0.437500 0.509368 0.439063 0.511710 0.439063 0.537471 0.440625 0.539813 0.440625 0.565574 0.439063 0.567916 0.439063 0.593677 0.440625 0.596019 0.440625 0.598361 0.442187 0.600703 0.442187 0.605386 0.443750 0.607728 0.443750 0.617096 0.445312 0.619438 0.445312 0.628806 0.446875 0.631148 0.446875 0.635831 0.448438 0.638173 0.448438 0.645199 0.450000 0.647541 0.450000 0.654567 0.451562 0.656909 0.451562 0.659251 0.453125 0.661592 0.454688 0.661592 0.456250 0.663934 0.460938 0.663934 0.462500 0.666276 0.464063 0.666276 0.468750 0.673302 0.468750 0.680328 0.490625 0.680328 0.490625 0.670960 0.492188 0.668618 0.492188 0.663934 0.493750 0.661592 0.493750 0.649883 0.495313 0.647541 0.495313 0.640515 0.496875 0.638173 0.501562 0.638173 0.501562 0.607728 0.496875 0.607728 0.495313 0.605386 0.495313 0.603045 0.493750 0.600703 0.493750 0.546838 0.495313 0.544496 0.495313 0.537471 0.493750 0.535129 0.493750 0.521077 0.492188 0.518735 0.492188 0.516393 0.490625 0.514051 0.490625 0.511710 0.489062 0.509368 0.489062 0.507026 0.487500 0.504684 0.487500 0.500000 0.485938 0.497658 0.485938 0.495316 0.484375 0.492974 0.484375 0.490632 0.481250 0.485948 0.481250 0.483607 0.473437 0.471897 0.471875 0.471897 0.470313 0.469555 0.470313 0.467213 0.468750 0.464871 0.468750 0.457845 0.467187 0.455504 0.467187 0.434426 0.465625 0.432084 0.465625 0.420375 0.467187 0.418033 0.467187 0.411007 0.468750 0.408665 0.468750 0.394614 0.470313 0.392272 0.470313 0.385246 0.468750 0.382904
0 0.621875 0.148712 0.621875 0.165105 0.620313 0.167447 0.620313 0.169789 0.618750 0.172131 0.618750 0.174473 0.612500 0.183841 0.612500 0.186183 0.607813 0.193208 0.603125 0.193208 0.603125 0.305621 0.643750 0.305621 0.643750 0.298595 0.645312 0.296253 0.646875 0.296253 0.648438 0.293911 0.653125 0.293911 0.654688 0.291569 0.656250 0.291569 0.657812 0.289227 0.659375 0.289227 0.659375 0.286885 0.662500 0.282201 0.662500 0.279859 0.665625 0.275176 0.670313 0.275176 0.670313 0.249415 0.665625 0.249415 0.664062 0.247073 0.664062 0.244731 0.662500 0.242389 0.662500 0.235363 0.660937 0.233021 0.660937 0.228337 0.659375 0.225995 0.659375 0.221311 0.657812 0.218970 0.657812 0.214286 0.656250 0.211944 0.656250 0.204918 0.654688 0.202576 0.654688 0.195550 0.653125 0.193208 0.653125 0.190867 0.650000 0.186183 0.650000 0.183841 0.643750 0.174473 0.643750 0.172131 0.642187 0.169789 0.642187 0.148712
0 0.801562 0.186183 0.801562 0.193208 0.800000 0.195550 0.800000 0.197892 0.796875 0.202576 0.790625 0.202576 0.790625 0.223653 0.798437 0.223653 0.800000 0.221311 0.800000 0.218970 0.801562 0.216628 0.804688 0.216628 0.807813 0.221311 0.807813 0.223653 0.809375 0.225995 0.809375 0.240047 0.807813 0.242389 0.807813 0.244731 0.804688 0.249415 0.804688 0.251756 0.796875 0.263466 0.790625 0.263466 0.790625 0.317330 0.796875 0.317330 0.798437 0.319672 0.798437 0.324356 0.801562 0.329040 0.801562 0.331382 0.803125 0.333724 0.803125 0.336066 0.804688 0.338407 0.804688 0.340749 0.806250 0.343091 0.806250 0.354801 0.807813 0.357143 0.807813 0.373536 0.806250 0.375878 0.806250 0.401639 0.804688 0.403981 0.804688 0.413349 0.806250 0.415691 0.806250 0.418033 0.807813 0.420375 0.809375 0.420375 0.810938 0.422717 0.812500 0.422717 0.814062 0.425059 0.814062 0.427400 0.815625 0.427400 0.820312 0.434426 0.820312 0.436768 0.825000 0.443794 0.825000 0.455504 0.829687 0.455504 0.829687 0.418033 0.831250 0.415691 0.831250 0.411007 0.832812 0.408665 0.832812 0.406323 0.834375 0.403981 0.834375 0.399297 0.835938 0.396955 0.835938 0.392272 0.837500 0.389930 0.837500 0.387588 0.839063 0.385246 0.839063 0.380562 0.840625 0.378220 0.840625 0.373536 0.842188 0.371194 0.842188 0.359485 0.843750 0.357143 0.843750 0.352459 0.846875 0.347775 0.851562 0.347775 0.851562 0.279859 0.846875 0.279859 0.843750 0.275176 0.843750 0.270492 0.842188 0.268150 0.842188 0.261124 0.840625 0.258782 0.840625 0.254098 0.839063 0.251756 0.839063 0.249415 0.837500 0.247073 0.837500 0.244731 0.835938 0.242389 0.835938 0.240047 0.834375 0.237705 0.834375 0.235363 0.831250 0.230679 0.831250 0.228337 0.829687 0.225995 0.829687 0.221311 0.828125 0.218970 0.828125 0.207260 0.821875 0.197892 0.820312 0.197892 0.817187 0.193208 0.817187 0.186183
5 0.950000 0.008197 0.950000 0.015222 0.945312 0.022248 0.945312 0.024590 0.937500 0.036300 0.935938 0.036300 0.932813 0.040984 0.931250 0.040984 0.929688 0.043326 0.928125 0.043326 0.926562 0.045667 0.925000 0.045667 0.923437 0.048009 0.921875 0.048009 0.920313 0.050351 0.918750 0.050351 0.910937 0.062061 0.910937 0.064403 0.900000 0.080796 0.898438 0.080796 0.895312 0.085480 0.893750 0.085480 0.892187 0.087822 0.890625 0.087822 0.889063 0.090164 0.887500 0.090164 0.885938 0.092506 0.884375 0.092506 0.882812 0.094848 0.876562 0.094848 0.875000 0.092506 0.875000 0.080796 0.876562 0.078454 0.876562 0.071429 0.878125 0.069087 0.878125 0.052693 0.879687 0.050351 0.879687 0.048009 0.881250 0.045667 0.881250 0.040984 0.882812 0.038642 0.882812 0.033958 0.875000 0.022248 0.873438 0.022248 0.871875 0.019906 0.865625 0.019906 0.865625 0.415691 0.870313 0.415691 0.871875 0.418033 0.871875 0.427400 0.873438 0.429742 0.873438 0.448478 0.875000 0.450820 0.875000 0.467213 0.873438 0.469555 0.873438 0.490632 0.871875 0.492974 0.871875 0.495316 0.873438 0.497658 0.873438 0.523419 0.871875 0.525761 0.871875 0.532787 0.870313 0.535129 0.865625 0.535129 0.865625 0.701405 0.870313 0.701405 0.873438 0.706089 0.873438 0.708431 0.878125 0.715457 0.878125 0.717799 0.879687 0.720141 0.879687 0.724824 0.881250 0.727166 0.881250 0.736534 0.882812 0.738876 0.882812 0.766979 0.881250 0.769321 0.881250 0.781030 0.879687 0.783372 0.879687 0.790398 0.878125 0.792740 0.878125 0.799766 0.876562 0.802108 0.876562 0.818501 0.878125 0.820843 0.878125 0.823185 0.879687 0.825527 0.879687 0.830211 0.881250 0.832553 0.881250 0.841920 0.882812 0.844262 0.882812 0.848946 0.884375 0.851288 0.884375 0.855972 0.885938 0.858314 0.885938 0.860656 0.887500 0.862998 0.887500 0.865340 0.889063 0.867682 0.889063 0.884075 0.887500 0.886417 0.887500 0.898126 0.889063 0.900468 0.889063 0.905152 0.892187 0.909836 0.892187 0.912178 0.893750 0.912178 0.903125 0.926230 0.903125 0.928571 0.904688 0.930913 0.904688 0.942623 0.906250 0.944965 0.906250 0.963700 0.907812 0.966042 0.907812 0.977752 0.909375 0.980094 0.909375 0.984778 0.914062 0.991803 0.914062 0.998829 0.939062 0.998829 0.939062 0.991803 0.940625 0.989461 0.948438 0.989461 0.950000 0.991803 0.950000 0.998829 0.998438 0.998829 0.998438 0.008197
1 0.448438 0.380562 0.446875 0.382904 0.440625 0.382904 0.439063 0.385246 0.437500 0.385246 0.435937 0.387588 0.434375 0.387588 0.432813 0.389930 0.432813 0.392272 0.434375 0.394614 0.434375 0.399297 0.435937 0.401639 0.435937 0.403981 0.437500 0.406323 0.437500 0.415691 0.439063 0.418033 0.439063 0.420375 0.437500 0.422717 0.437500 0.446136 0.435937 0.448478 0.437500 0.450820 0.437500 0.530445 0.439063 0.532787 0.439063 0.544496 0.440625 0.546838 0.440625 0.563232 0.439063 0.565574 0.439063 0.596019 0.440625 0.598361 0.440625 0.600703 0.442187 0.603045 0.442187 0.605386 0.443750 0.607728 0.443750 0.617096 0.445312 0.619438 0.445312 0.628806 0.446875 0.631148 0.446875 0.635831 0.448438 0.638173 0.448438 0.642857 0.450000 0.645199 0.450000 0.652225 0.451562 0.654567 0.451562 0.659251 0.453125 0.661592 0.454688 0.661592 0.456250 0.663934 0.460938 0.663934 0.462500 0.666276 0.464063 0.666276 0.471875 0.677986 0.473437 0.677986 0.475000 0.680328 0.479688 0.680328 0.481250 0.677986 0.484375 0.677986 0.485938 0.675644 0.487500 0.675644 0.490625 0.670960 0.490625 0.668618 0.492188 0.666276 0.492188 0.663934 0.493750 0.661592 0.493750 0.649883 0.495313 0.647541 0.495313 0.631148 0.496875 0.628806 0.496875 0.617096 0.498437 0.614754 0.498437 0.610070 0.500000 0.607728 0.501562 0.607728 0.500000 0.605386 0.496875 0.605386 0.495313 0.603045 0.495313 0.600703 0.493750 0.598361 0.493750 0.567916 0.495313 0.565574 0.495313 0.546838 0.496875 0.544496 0.496875 0.514051 0.495313 0.511710 0.495313 0.509368 0.489062 0.500000 0.489062 0.497658 0.487500 0.495316 0.487500 0.492974 0.479688 0.481265 0.479688 0.478923 0.476562 0.474239 0.475000 0.474239 0.468750 0.464871 0.468750 0.457845 0.467187 0.455504 0.467187 0.439110 0.465625 0.436768 0.465625 0.415691 0.467187 0.413349 0.467187 0.408665 0.468750 0.406323 0.468750 0.403981 0.470313 0.401639 0.470313 0.396955 0.473437 0.392272 0.473437 0.382904 0.471875 0.380562
0 0.001563 0.455504 0.000000 0.455504 0.000000 0.783372 0.031250 0.783372 0.031250 0.776347 0.034375 0.771663 0.039062 0.771663 0.039062 0.720141 0.034375 0.720141 0.032812 0.717799 0.032812 0.713115 0.031250 0.710773 0.031250 0.699063 0.029687 0.696721 0.029687 0.685012 0.028125 0.682670 0.028125 0.673302 0.026563 0.670960 0.026563 0.668618 0.025000 0.666276 0.025000 0.659251 0.023438 0.656909 0.023438 0.652225 0.021875 0.649883 0.021875 0.645199 0.020312 0.642857 0.020312 0.638173 0.018750 0.635831 0.018750 0.631148 0.017188 0.628806 0.017188 0.619438 0.015625 0.617096 0.015625 0.603045 0.014062 0.600703 0.014062 0.593677 0.012500 0.591335 0.012500 0.579625 0.010937 0.577283 0.010937 0.560890 0.009375 0.558548 0.009375 0.544496 0.010937 0.542155 0.010937 0.502342 0.009375 0.500000 0.009375 0.474239 0.007812 0.471897 0.007812 0.467213 0.004688 0.462529 0.004688 0.460187 0.001563 0.455504 0.007812 0.411007 0.007812 0.408665 0.009375 0.406323 0.009375 0.403981 0.010937 0.401639 0.010937 0.382904 0.000000 0.382904 0.000000 0.396955 0.001563 0.396955 0.004688 0.401639 0.004688 0.406323 0.007812 0.411007
0 0.265625 0.429742 0.265625 0.441452 0.267188 0.443794 0.267188 0.448478 0.268750 0.450820 0.268750 0.464871 0.271875 0.464871 0.271875 0.453162 0.275000 0.448478 0.276563 0.448478 0.276563 0.441452 0.275000 0.441452 0.271875 0.436768 0.268750 0.436768 0.265625 0.432084 0.265625 0.429742 0.289062 0.270492 0.289062 0.289227 0.290625 0.291569 0.290625 0.296253 0.292188 0.298595 0.292188 0.300937 0.293750 0.303279 0.293750 0.307963 0.295312 0.310304 0.295312 0.312646 0.296875 0.314988 0.296875 0.319672 0.298438 0.322014 0.298438 0.329040 0.300000 0.331382 0.300000 0.340749 0.303125 0.345433 0.307813 0.345433 0.307813 0.392272 0.301562 0.392272 0.296875 0.399297 0.296875 0.401639 0.295312 0.401639 0.292188 0.396955 0.287500 0.396955 0.254687 0.270492 0.246875 0.270492 0.246875 0.282201 0.251563 0.282201 0.254687 0.277518 0.254687 0.270492 0.287500 0.396955 0.285937 0.394614 0.282813 0.394614 0.281250 0.392272 0.279687 0.392272 0.278125 0.389930 0.276563 0.389930 0.265625 0.373536 0.264062 0.373536 0.262500 0.371194 0.259375 0.371194 0.259375 0.368852 0.257812 0.366511 0.257812 0.357143 0.256250 0.354801 0.256250 0.329040 0.254687 0.326698 0.254687 0.319672 0.253125 0.317330 0.246875 0.317330 0.262500 0.317330 0.265625 0.312646 0.265625 0.310304 0.267188 0.307963 0.267188 0.303279 0.265625 0.300937 0.265625 0.296253 0.267188 0.293911 0.267188 0.270492 0.289062 0.270492
0 0.039062 0.556206 0.039062 0.558548 0.040625 0.560890 0.040625 0.556206 0.039062 0.556206 0.039062 0.497658 0.045313 0.497658 0.045313 0.464871 0.046875 0.462529 0.046875 0.450820 0.048437 0.448478 0.048437 0.446136 0.053125 0.439110 0.053125 0.436768 0.054688 0.434426 0.056250 0.434426 0.059375 0.429742 0.059375 0.427400 0.060938 0.425059 0.060938 0.422717 0.062500 0.420375 0.062500 0.418033 0.064062 0.415691 0.064062 0.413349 0.065625 0.411007 0.065625 0.406323 0.067188 0.403981 0.067188 0.399297 0.068750 0.396955 0.068750 0.394614 0.071875 0.389930 0.076563 0.389930 0.076563 0.359485 0.071875 0.359485 0.070312 0.357143 0.070312 0.352459 0.068750 0.350117 0.068750 0.345433 0.067188 0.343091 0.067188 0.338407 0.065625 0.336066 0.065625 0.326698 0.048437 0.326698 0.048437 0.336066 0.046875 0.338407 0.046875 0.340749 0.045313 0.343091 0.045313 0.350117 0.043750 0.352459 0.043750 0.373536 0.042188 0.375878 0.042188 0.378220 0.040625 0.380562 0.039062 0.380562 0.037500 0.382904 0.035937 0.382904 0.034375 0.385246 0.028125 0.385246 0.028125 0.471897 0.035937 0.471897 0.037500 0.469555 0.040625 0.469555 0.043750 0.474239 0.043750 0.476581 0.042188 0.478923 0.040625 0.478923 0.039062 0.481265 0.037500 0.481265 0.032812 0.488290 0.028125 0.488290 0.028125 0.495316 0.037500 0.495316 0.039062 0.497658
0 0.043750 0.340749 0.043750 0.368852 0.042188 0.371194 0.042188 0.375878 0.040625 0.378220 0.039062 0.378220 0.037500 0.380562 0.035937 0.380562 0.032812 0.385246 0.028125 0.385246 0.028125 0.467213 0.034375 0.467213 0.035937 0.464871 0.040625 0.464871 0.042188 0.462529 0.045313 0.462529 0.045313 0.460187 0.046875 0.457845 0.046875 0.450820 0.048437 0.448478 0.048437 0.446136 0.050000 0.443794 0.050000 0.441452 0.056250 0.432084 0.057813 0.432084 0.059375 0.429742 0.059375 0.427400 0.060938 0.425059 0.060938 0.420375 0.062500 0.418033 0.062500 0.415691 0.064062 0.413349 0.064062 0.411007 0.065625 0.408665 0.065625 0.403981 0.067188 0.401639 0.067188 0.396955 0.068750 0.394614 0.068750 0.392272 0.071875 0.387588 0.076563 0.387588 0.076563 0.354801 0.071875 0.354801 0.070312 0.352459 0.070312 0.350117 0.068750 0.347775 0.068750 0.340749 0.067188 0.338407 0.067188 0.326698 0.045313 0.326698 0.045313 0.338407 0.043750 0.340749 0.035937 0.333724 0.035937 0.326698 0.028125 0.326698 0.028125 0.338407 0.034375 0.338407 0.034375 0.336066 0.035937 0.333724
