5 0.689062 0.270833 0.689062 0.277083 0.687500 0.279167 0.682813 0.279167 0.681250 0.281250 0.673437 0.281250 0.671875 0.283333 0.668750 0.283333 0.665625 0.287500 0.664062 0.287500 0.657812 0.295833 0.656250 0.295833 0.654688 0.297917 0.653125 0.297917 0.650000 0.302083 0.648438 0.302083 0.646875 0.304167 0.645312 0.304167 0.643750 0.306250 0.642187 0.306250 0.640625 0.308333 0.639063 0.308333 0.637500 0.310417 0.635938 0.310417 0.632812 0.314583 0.631250 0.314583 0.629687 0.316667 0.628125 0.316667 0.626562 0.318750 0.625000 0.318750 0.621875 0.322917 0.620313 0.322917 0.617188 0.327083 0.615625 0.327083 0.610937 0.333333 0.609375 0.333333 0.607813 0.335417 0.606250 0.335417 0.604688 0.337500 0.603125 0.337500 0.601562 0.339583 0.600000 0.339583 0.598437 0.341667 0.595312 0.341667 0.592188 0.345833 0.590625 0.345833 0.587500 0.350000 0.585938 0.350000 0.584375 0.352083 0.582812 0.352083 0.579687 0.356250 0.578125 0.356250 0.576563 0.358333 0.575000 0.358333 0.571875 0.362500 0.570312 0.362500 0.568750 0.364583 0.567187 0.364583 0.564062 0.368750 0.562500 0.368750 0.560938 0.370833 0.559375 0.370833 0.556250 0.375000 0.554688 0.375000 0.551562 0.379167 0.550000 0.379167 0.546875 0.383333 0.545313 0.383333 0.543750 0.385417 0.542188 0.385417 0.539062 0.389583 0.537500 0.389583 0.531250 0.397917 0.531250 0.400000 0.528125 0.404167 0.528125 0.406250 0.526563 0.408333 0.521875 0.408333 0.521875 0.450000 0.526563 0.450000 0.528125 0.452083 0.528125 0.454167 0.529688 0.456250 0.529688 0.472917 0.531250 0.475000 0.531250 0.489583 0.532812 0.491667 0.532812 0.527083 0.531250 0.529167 0.531250 0.539583 0.529688 0.541667 0.529688 0.550000 0.528125 0.552083 0.528125 0.556250 0.526563 0.558333 0.521875 0.558333 0.521875 0.564583 0.526563 0.564583 0.528125 0.566667 0.528125 0.568750 0.531250 0.572917 0.531250 0.575000 0.543750 0.591667 0.543750 0.595833 0.545313 0.597917 0.545313 0.608333 0.546875 0.610417 0.546875 0.612500 0.551562 0.618750 0.556250 0.618750 0.557813 0.616667 0.559375 0.616667 0.560938 0.614583 0.562500 0.614583 0.564062 0.612500 0.565625 0.612500 0.570312 0.606250 0.571875 0.606250 0.573438 0.604167 0.575000 0.604167 0.576563 0.602083 0.576563 0.600000 0.578125 0.597917 0.578125 0.593750 0.579687 0.591667 0.579687 0.570833 0.578125 0.568750 0.578125 0.552083 0.576563 0.550000 0.576563 0.545833 0.573438 0.541667 0.573438 0.539583 0.571875 0.537500 0.571875 0.525000 0.570312 0.522917 0.570312 0.495833 0.571875 0.493750 0.571875 0.491667 0.576563 0.485417 0.576563 0.483333 0.581250 0.477083 0.581250 0.475000 0.584375 0.470833 0.584375 0.468750 0.585938 0.466667 0.585938 0.464583 0.589063 0.460417 0.589063 0.458333 0.590625 0.456250 0.590625 0.454167 0.598437 0.443750 0.598437 0.441667 0.601562 0.437500 0.601562 0.435417 0.603125 0.433333 0.603125 0.431250 0.604688 0.429167 0.604688 0.427083 0.607813 0.422917 0.609375 0.422917 0.610937 0.420833 0.612500 0.420833 0.614062 0.418750 0.617188 0.418750 0.618750 0.420833 0.623438 0.420833 0.629687 0.429167 0.629687 0.431250 0.631250 0.433333 0.631250 0.452083 0.629687 0.454167 0.629687 0.458333 0.628125 0.460417 0.628125 0.464583 0.626562 0.466667 0.626562 0.485417 0.628125 0.487500 0.628125 0.497917 0.626562 0.500000 0.626562 0.520833 0.628125 0.522917 0.628125 0.529167 0.629687 0.531250 0.629687 0.537500 0.626562 0.541667 0.626562 0.543750 0.621875 0.550000 0.621875 0.583333 0.623438 0.585417 0.623438 0.587500 0.621875 0.589583 0.621875 0.595833 0.620313 0.597917 0.620313 0.604167 0.618750 0.606250 0.618750 0.627083 0.617188 0.629167 0.617188 0.637500 0.615625 0.639583 0.615625 0.652083 0.621875 0.652083 0.631250 0.639583 0.635938 0.639583 0.637500 0.641667 0.639063 0.641667 0.642187 0.645833 0.642187 0.647917 0.643750 0.650000 0.643750 0.652083 0.645312 0.654167 0.650000 0.654167 0.654688 0.660417 0.654688 0.668750 0.656250 0.670833 0.656250 0.672917 0.657812 0.675000 0.657812 0.677083 0.659375 0.679167 0.659375 0.681250 0.660937 0.683333 0.660937 0.685417 0.662500 0.685417 0.664062 0.687500 0.728125 0.687500 0.729688 0.689583 0.734375 0.689583 0.735937 0.691667 0.739062 0.691667 0.740625 0.693750 0.751562 0.693750 0.756250 0.700000 0.759375 0.700000 0.760938 0.702083 0.760938 0.710417 0.781250 0.710417 0.781250 0.704167 0.782812 0.702083 0.793750 0.702083 0.795313 0.700000 0.815625 0.700000 0.817187 0.697917 0.851562 0.697917 0.853125 0.695833 0.882812 0.695833 0.884375 0.693750 0.904688 0.693750 0.906250 0.691667 0.929688 0.691667 0.931250 0.689583 0.942187 0.689583 0.943750 0.687500 0.945312 0.687500 0.946875 0.685417 0.948438 0.685417 0.951563 0.681250 0.951563 0.679167 0.954687 0.675000 0.954687 0.672917 0.956250 0.670833 0.956250 0.668750 0.957812 0.666667 0.957812 0.664583 0.959375 0.662500 0.964063 0.662500 0.964063 0.633333 0.959375 0.633333 0.957812 0.631250 0.957812 0.627083 0.956250 0.625000 0.956250 0.566667 0.954687 0.564583 0.954687 0.497917 0.953125 0.495833 0.953125 0.472917 0.951563 0.470833 0.951563 0.443750 0.950000 0.441667 0.950000 0.385417 0.948438 0.383333 0.948438 0.372917 0.946875 0.370833 0.946875 0.366667 0.945312 0.364583 0.945312 0.358333 0.943750 0.356250 0.943750 0.352083 0.942187 0.350000 0.942187 0.343750 0.940625 0.341667 0.940625 0.337500 0.939062 0.335417 0.939062 0.329167 0.937500 0.327083 0.937500 0.320833 0.935938 0.318750 0.935938 0.312500 0.934375 0.310417 0.934375 0.302083 0.932813 0.300000 0.932813 0.293750 0.931250 0.291667 0.931250 0.287500 0.926562 0.281250 0.925000 0.281250 0.921875 0.277083 0.921875 0.270833
0 0.118750 0.487500 0.118750 0.497917 0.117188 0.500000 0.117188 0.508333 0.115625 0.510417 0.115625 0.516667 0.114063 0.518750 0.114063 0.520833 0.109375 0.527083 0.107813 0.527083 0.107813 0.529167 0.106250 0.531250 0.106250 0.533333 0.104687 0.535417 0.103125 0.535417 0.095312 0.545833 0.090625 0.545833 0.095312 0.545833 0.096875 0.547917 0.096875 0.550000 0.098438 0.552083 0.098438 0.554167 0.100000 0.556250 0.100000 0.558333 0.103125 0.562500 0.103125 0.564583 0.104687 0.564583 0.107813 0.568750 0.107813 0.572917 0.109375 0.575000 0.109375 0.587500 0.107813 0.589583 0.107813 0.608333 0.109375 0.610417 0.109375 0.612500 0.110937 0.614583 0.110937 0.625000 0.112500 0.627083 0.112500 0.635417 0.110937 0.637500 0.110937 0.645833 0.109375 0.647917 0.109375 0.652083 0.107813 0.654167 0.107813 0.658333 0.106250 0.660417 0.106250 0.664583 0.104687 0.666667 0.104687 0.670833 0.103125 0.672917 0.103125 0.681250 0.106250 0.685417 0.106250 0.693750 0.140625 0.693750 0.140625 0.683333 0.142188 0.681250 0.142188 0.652083 0.143750 0.650000 0.143750 0.606250 0.145313 0.604167 0.145313 0.602083 0.146875 0.600000 0.146875 0.597917 0.150000 0.593750 0.150000 0.591667 0.151562 0.589583 0.157813 0.589583 0.157813 0.535417 0.153125 0.535417 0.145313 0.525000 0.143750 0.525000 0.137500 0.516667 0.137500 0.510417 0.135937 0.508333 0.135937 0.504167 0.134375 0.502083 0.134375 0.497917 0.132812 0.495833 0.132812 0.487500
0 0.034375 0.479167 0.034375 0.489583 0.032812 0.491667 0.032812 0.502083 0.031250 0.504167 0.031250 0.506250 0.023438 0.516667 0.023438 0.518750 0.021875 0.520833 0.015625 0.520833 0.015625 0.572917 0.020312 0.572917 0.025000 0.579167 0.025000 0.581250 0.028125 0.585417 0.028125 0.591667 0.029687 0.593750 0.029687 0.631250 0.028125 0.633333 0.028125 0.647917 0.026563 0.650000 0.026563 0.658333 0.025000 0.660417 0.025000 0.677083 0.023438 0.679167 0.023438 0.683333 0.021875 0.685417 0.021875 0.689583 0.023438 0.691667 0.023438 0.695833 0.025000 0.697917 0.025000 0.700000 0.026563 0.702083 0.026563 0.710417 0.065625 0.710417 0.065625 0.695833 0.064062 0.693750 0.064062 0.689583 0.062500 0.687500 0.062500 0.672917 0.060938 0.670833 0.060938 0.668750 0.062500 0.666667 0.062500 0.658333 0.060938 0.656250 0.060938 0.639583 0.062500 0.637500 0.062500 0.627083 0.064062 0.625000 0.064062 0.616667 0.065625 0.614583 0.065625 0.587500 0.064062 0.585417 0.064062 0.554167 0.068750 0.547917 0.076563 0.547917 0.076563 0.529167 0.070312 0.529167 0.068750 0.527083 0.068750 0.525000 0.065625 0.520833 0.065625 0.516667 0.064062 0.514583 0.064062 0.508333 0.062500 0.506250 0.062500 0.502083 0.060938 0.500000 0.060938 0.497917 0.056250 0.491667 0.056250 0.489583 0.054688 0.487500 0.054688 0.479167
0 0.609375 0.412500 0.609375 0.420833 0.607813 0.422917 0.607813 0.427083 0.606250 0.429167 0.606250 0.431250 0.604688 0.433333 0.604688 0.435417 0.603125 0.437500 0.603125 0.441667 0.601562 0.443750 0.601562 0.447917 0.596875 0.454167 0.596875 0.456250 0.593750 0.460417 0.593750 0.462500 0.589063 0.468750 0.589063 0.470833 0.587500 0.472917 0.587500 0.475000 0.585938 0.477083 0.584375 0.477083 0.582812 0.479167 0.582812 0.481250 0.578125 0.487500 0.571875 0.487500 0.571875 0.539583 0.576563 0.539583 0.579687 0.543750 0.579687 0.545833 0.581250 0.547917 0.581250 0.560417 0.582812 0.562500 0.582812 0.568750 0.584375 0.570833 0.584375 0.575000 0.585938 0.577083 0.585938 0.583333 0.587500 0.585417 0.587500 0.631250 0.585938 0.633333 0.585938 0.639583 0.584375 0.641667 0.584375 0.643750 0.582812 0.645833 0.582812 0.650000 0.581250 0.652083 0.581250 0.658333 0.579687 0.660417 0.579687 0.670833 0.576563 0.675000 0.571875 0.675000 0.571875 0.702083 0.581250 0.702083 0.581250 0.695833 0.582812 0.693750 0.582812 0.689583 0.584375 0.687500 0.584375 0.685417 0.585938 0.683333 0.585938 0.681250 0.592188 0.672917 0.593750 0.672917 0.596875 0.668750 0.598437 0.668750 0.600000 0.666667 0.603125 0.666667 0.604688 0.664583 0.607813 0.664583 0.609375 0.662500 0.610937 0.662500 0.612500 0.660417 0.612500 0.658333 0.610937 0.656250 0.610937 0.645833 0.612500 0.643750 0.612500 0.635417 0.614062 0.633333 0.614062 0.625000 0.615625 0.622917 0.615625 0.600000 0.617188 0.597917 0.617188 0.585417 0.618750 0.583333 0.618750 0.552083 0.620313 0.550000 0.620313 0.547917 0.621875 0.545833 0.626562 0.545833 0.626562 0.412500
1 0.639063 0.997917 0.639063 0.995833 0.639063 0.997917 0.681250 0.977083 0.698438 0.977083 0.698438 0.979167 0.696875 0.981250 0.696875 0.997917 0.678125 0.997917 0.678125 0.960417 0.678125 0.943750 0.746875 0.950000 0.748438 0.947917 0.665625 0.897917 0.665625 0.900000 0.667188 0.902083 0.667188 0.906250 0.668750 0.908333 0.668750 0.914583 0.667188 0.916667 0.667188 0.925000 0.665625 0.927083 0.665625 0.929167 0.665625 0.922917 0.664062 0.920833 0.664062 0.916667 0.662500 0.914583 0.662500 0.912500 0.660937 0.910417 0.660937 0.904167 0.653125 0.802083 0.634375 0.733333 0.637500 0.729167 0.657812 0.745833 0.657812 0.747917 0.654688 0.752083 0.621875 0.729167 0.612500 0.716667 0.610937 0.716667 0.609375 0.714583 0.607813 0.714583 0.600000 0.725000 0.598437 0.725000 0.596875 0.727083 0.595312 0.727083 0.589063 0.718750 0.581250 0.718750 0.578125 0.722917 0.575000 0.722917 0.573438 0.725000 0.567187 0.725000 0.565625 0.727083 0.553125 0.727083 0.546875 0.718750 0.546875 0.716667 0.545313 0.714583 0.545313 0.704167 0.550000 0.697917 0.551562 0.697917 0.553125 0.695833 0.560938 0.695833 0.564062 0.691667 0.564062 0.687500 0.562500 0.685417 0.559375 0.685417 0.557813 0.683333 0.550000 0.683333 0.548437 0.681250 0.532812 0.681250 0.529688 0.677083 0.529688 0.675000 0.528125 0.672917 0.528125 0.668750 0.532812 0.662500 0.532812 0.654167 0.509375 0.654167 0.509375 0.660417 0.512500 0.660417 0.515625 0.664583 0.515625 0.677083 0.514063 0.679167 0.514063 0.681250 0.510938 0.685417 0.512500 0.687500 0.512500 0.689583 0.517187 0.695833 0.518750 0.695833 0.521875 0.700000 0.523438 0.700000 0.525000 0.702083 0.526563 0.702083 0.528125 0.704167 0.528125 0.706250 0.529688 0.708333 0.529688 0.710417 0.531250 0.712500 0.529688 0.714583 0.529688 0.720833 0.528125 0.722917 0.528125 0.725000 0.525000 0.729167 0.523438 0.729167 0.521875 0.731250 0.520312 0.731250 0.517187 0.727083 0.515625 0.727083 0.514063 0.725000 0.509375 0.725000 0.507812 0.722917 0.504687 0.722917 0.503125 0.720833 0.498437 0.720833 0.496875 0.718750 0.468750 0.718750 0.467187 0.720833 0.464063 0.720833 0.462500 0.722917 0.459375 0.722917 0.457812 0.725000 0.456250 0.725000 0.454688 0.727083 0.453125 0.727083 0.451562 0.729167 0.450000 0.729167 0.446875 0.733333 0.445312 0.733333 0.440625 0.739583 0.440625 0.741667 0.439063 0.743750 0.437500 0.743750 0.428125 0.756250 0.428125 0.758333 0.426562 0.760417 0.426562 0.781250 0.425000 0.783333 0.425000 0.800000 0.423438 0.802083 0.423438 0.812500 0.421875 0.814583 0.421875 0.822917 0.420312 0.825000 0.420312 0.831250 0.418750 0.833333 0.418750 0.835417 0.417188 0.837500 0.417188 0.839583 0.414062 0.843750 0.409375 0.843750 0.409375 0.895833 0.414062 0.895833 0.415625 0.897917 0.415625 0.900000 0.417188 0.902083 0.417188 0.904167 0.418750 0.906250 0.418750 0.910417 0.420312 0.912500 0.420312 0.914583 0.421875 0.916667 0.421875 0.918750 0.423438 0.920833 0.423438 0.922917 0.425000 0.925000 0.425000 0.927083 0.426562 0.929167 0.426562 0.931250 0.429688 0.935417 0.429688 0.937500 0.432813 0.941667 0.432813 0.943750 0.435937 0.947917 0.435937 0.950000 0.437500 0.952083 0.437500 0.954167 0.439063 0.956250 0.439063 0.958333 0.440625 0.960417 0.440625 0.964583 0.442187 0.966667 0.442187 0.968750 0.445312 0.972917 0.445312 0.975000 0.446875 0.977083 0.453125 0.977083 0.456250 0.981250 0.457812 0.981250 0.459375 0.983333 0.460938 0.983333 0.462500 0.985417 0.464063 0.985417 0.467187 0.989583 0.468750 0.989583 0.470313 0.991667 0.471875 0.991667 0.473437 0.989583 0.478125 0.989583 0.479688 0.991667 0.482812 0.991667 0.484375 0.993750 0.485938 0.993750 0.487500 0.995833 0.487500 0.997917 0.501562 0.997917 0.501562 0.995833 0.506250 0.989583 0.507812 0.989583 0.510938 0.985417 0.512500 0.985417 0.514063 0.983333 0.520312 0.983333 0.521875 0.981250 0.523438 0.981250 0.523438 0.979167 0.525000 0.977083 0.526563 0.977083 0.539062 0.960417 0.540625 0.960417 0.543750 0.956250 0.545313 0.956250 0.550000 0.950000 0.550000 0.947917 0.559375 0.935417 0.565625 0.935417 0.568750 0.939583 0.568750 0.941667 0.570312 0.941667 0.571875 0.943750 0.573438 0.943750 0.575000 0.945833 0.576563 0.945833 0.578125 0.947917 0.582812 0.947917 0.589063 0.956250 0.590625 0.956250 0.592188 0.958333 0.592188 0.960417 0.593750 0.962500 0.593750 0.964583 0.596875 0.968750 0.600000 0.968750 0.601562 0.970833 0.609375 0.970833 0.610937 0.968750 0.610937 0.956250 0.612500 0.954167 0.612500 0.947917 0.610937 0.945833 0.610937 0.943750 0.612500 0.941667 0.612500 0.922917 0.614062 0.920833 0.614062 0.910417 0.612500 0.908333 0.612500 0.885417 0.614062 0.883333 0.614062 0.879167 0.615625 0.877083 0.615625 0.875000 0.617188 0.872917 0.617188 0.870833 0.618750 0.868750 0.618750 0.866667 0.620313 0.864583 0.620313 0.862500 0.621875 0.860417 0.621875 0.858333 0.625000 0.854167 0.625000 0.852083 0.628125 0.847917 0.628125 0.845833 0.629687 0.843750 0.629687 0.841667 0.632812 0.837500 0.632812 0.835417 0.634375 0.833333 0.634375 0.829167 0.629687 0.822917 0.628125 0.822917 0.626562 0.820833 0.625000 0.820833 0.621875 0.816667 0.614062 0.816667 0.609375 0.810417 0.607813 0.810417 0.600000 0.820833 0.598437 0.820833 0.596875 0.822917 0.593750 0.822917 0.590625 0.818750 0.590625 0.814583 0.589063 0.812500 0.592188 0.808333 0.592188 0.806250 0.593750 0.804167 0.593750 0.802083 0.595312 0.800000 0.595312 0.793750 0.593750 0.791667 0.593750 0.756250 0.592188 0.754167 0.593750 0.752083 0.593750 0.750000 0.595312 0.747917 0.596875 0.747917 0.601562 0.754167 0.601562 0.756250 0.603125 0.758333 0.609375 0.758333 0.614062 0.752083 0.614062 0.750000 0.615625 0.747917 0.615625 0.743750 0.617188 0.741667 0.617188 0.739583 0.618750 0.737500 0.618750 0.733333 0.621875 0.729167 0.654688 0.752083 0.656250 0.754167 0.657812 0.754167 0.664062 0.762500 0.664062 0.768750 0.667188 0.772917 0.667188 0.775000 0.668750 0.777083 0.668750 0.781250 0.670313 0.783333 0.671875 0.781250 0.671875 0.777083 0.676562 0.770833 0.679688 0.770833 0.681250 0.772917 0.687500 0.772917 0.689062 0.775000 0.690625 0.775000 0.692187 0.777083 0.692187 0.783333 0.693750 0.785417 0.693750 0.800000 0.692187 0.802083 0.692187 0.806250 0.693750 0.808333 0.693750 0.814583 0.692187 0.816667 0.692187 0.822917 0.693750 0.825000 0.693750 0.841667 0.695312 0.843750 0.693750 0.845833 0.693750 0.858333 0.695312 0.860417 0.695312 0.862500 0.693750 0.864583 0.693750 0.881250 0.692187 0.883333 0.692187 0.889583 0.690625 0.891667 0.690625 0.895833 0.685938 0.902083 0.685938 0.910417 0.687500 0.912500 0.687500 0.914583 0.690625 0.918750 0.692187 0.918750 0.693750 0.920833 0.701563 0.920833 0.706250 0.914583 0.707812 0.914583 0.709375 0.912500 0.710938 0.912500 0.714063 0.908333 0.715625 0.908333 0.721875 0.900000 0.721875 0.895833 0.723437 0.893750 0.723437 0.881250 0.721875 0.879167 0.721875 0.875000 0.723437 0.872917 0.723437 0.850000 0.725000 0.847917 0.725000 0.841667 0.726562 0.839583 0.726562 0.837500 0.728125 0.835417 0.728125 0.833333 0.729688 0.831250 0.729688 0.829167 0.731250 0.827083 0.731250 0.825000 0.734375 0.820833 0.734375 0.818750 0.735937 0.816667 0.735937 0.814583 0.737500 0.812500 0.737500 0.810417 0.742188 0.804167 0.742188 0.802083 0.746875 0.795833 0.746875 0.783333 0.745313 0.781250 0.745313 0.777083 0.743750 0.775000 0.743750 0.770833 0.740625 0.766667 0.739062 0.766667 0.735937 0.762500 0.734375 0.762500 0.732813 0.760417 0.731250 0.760417 0.729688 0.758333 0.728125 0.758333 0.726562 0.756250 0.720312 0.756250 0.718750 0.754167 0.721875 0.750000 0.731250 0.750000 0.732813 0.747917 0.734375 0.747917 0.740625 0.739583 0.740625 0.737500 0.743750 0.733333 0.743750 0.731250 0.745313 0.729167 0.745313 0.727083 0.746875 0.725000 0.746875 0.722917 0.748438 0.720833 0.748438 0.714583 0.746875 0.712500 0.746875 0.708333 0.740625 0.700000 0.739062 0.700000 0.737500 0.697917 0.735937 0.697917 0.734375 0.695833 0.729688 0.695833 0.728125 0.693750 0.709375 0.693750 0.707812 0.695833 0.701563 0.695833 0.700000 0.697917 0.698438 0.697917 0.696875 0.700000 0.695312 0.700000 0.687500 0.710417 0.682813 0.710417 0.681250 0.712500 0.681250 0.720833 0.685938 0.727083 0.685938 0.737500 0.684375 0.739583 0.682813 0.739583 0.681250 0.737500 0.681250 0.735417 0.679688 0.733333 0.679688 0.731250 0.678125 0.729167 0.667188 0.729167 0.662500 0.735417 0.662500 0.739583 0.657812 0.745833 0.637500 0.729167 0.637500 0.727083 0.635938 0.727083 0.634375 0.725000 0.632812 0.725000 0.631250 0.727083 0.629687 0.727083 0.629687 0.731250 0.631250 0.731250 0.632812 0.733333 0.634375 0.733333 0.653125 0.802083 0.653125 0.802083 0.660937 0.904167 0.659375 0.902083 0.660937 0.900000 0.660937 0.897917 0.662500 0.897917 0.664062 0.895833 0.665625 0.897917 0.748438 0.947917 0.748438 0.943750 0.746875 0.941667 0.746875 0.927083 0.748438 0.925000 0.748438 0.920833 0.750000 0.918750 0.750000 0.916667 0.751562 0.914583 0.751562 0.910417 0.753125 0.908333 0.753125 0.906250 0.757812 0.906250 0.757812 0.977083 0.753125 0.977083 0.750000 0.972917 0.750000 0.968750 0.748438 0.966667 0.748438 0.956250 0.746875 0.954167 0.746875 0.950000 0.678125 0.943750 0.676562 0.941667 0.671875 0.941667 0.671875 0.945833 0.676562 0.952083 0.676562 0.958333 0.678125 0.960417 0.678125 0.997917 0.678125 0.981250 0.676562 0.979167 0.676562 0.977083 0.678125 0.975000 0.678125 0.972917 0.681250 0.977083
0 0.401563 0.462500 0.401563 0.477083 0.403125 0.479167 0.403125 0.483333 0.404687 0.485417 0.404687 0.487500 0.403125 0.489583 0.403125 0.491667 0.395312 0.502083 0.395312 0.504167 0.393750 0.506250 0.393750 0.508333 0.392188 0.510417 0.392188 0.514583 0.389062 0.518750 0.384375 0.518750 0.384375 0.558333 0.390625 0.558333 0.392188 0.556250 0.395312 0.556250 0.396875 0.554167 0.401563 0.554167 0.403125 0.552083 0.417188 0.552083 0.420312 0.556250 0.421875 0.556250 0.426562 0.562500 0.426562 0.564583 0.428125 0.566667 0.428125 0.568750 0.429688 0.570833 0.429688 0.575000 0.431250 0.577083 0.431250 0.583333 0.432813 0.585417 0.432813 0.600000 0.431250 0.602083 0.431250 0.604167 0.429688 0.606250 0.429688 0.608333 0.428125 0.610417 0.428125 0.635417 0.429688 0.637500 0.429688 0.639583 0.431250 0.641667 0.431250 0.643750 0.432813 0.645833 0.432813 0.652083 0.432813 0.641667 0.434375 0.639583 0.434375 0.633333 0.435937 0.631250 0.435937 0.629167 0.437500 0.627083 0.437500 0.620833 0.439063 0.618750 0.439063 0.602083 0.440625 0.600000 0.440625 0.591667 0.442187 0.589583 0.442187 0.587500 0.443750 0.585417 0.443750 0.583333 0.446875 0.579167 0.451562 0.579167 0.451562 0.566667 0.446875 0.566667 0.445312 0.564583 0.445312 0.554167 0.446875 0.552083 0.451562 0.552083 0.451562 0.516667 0.446875 0.516667 0.445312 0.514583 0.445312 0.512500 0.442187 0.508333 0.442187 0.506250 0.440625 0.504167 0.440625 0.502083 0.432813 0.491667 0.432813 0.489583 0.431250 0.487500 0.431250 0.485417 0.429688 0.483333 0.429688 0.479167 0.428125 0.477083 0.428125 0.475000 0.426562 0.472917 0.426562 0.470833 0.425000 0.468750 0.425000 0.462500
2 0.359375 0.470833 0.359375 0.500000 0.368750 0.500000 0.371875 0.504167 0.371875 0.510417 0.393750 0.510417 0.393750 0.502083 0.395312 0.500000 0.401563 0.500000 0.401563 0.470833
2 0.481250 0.462500 0.481250 0.470833 0.476562 0.477083 0.475000 0.477083 0.473437 0.479167 0.471875 0.479167 0.470313 0.481250 0.465625 0.481250 0.465625 0.541667 0.471875 0.541667 0.475000 0.545833 0.475000 0.552083 0.485938 0.552083 0.485938 0.545833 0.489062 0.541667 0.489062 0.539583 0.492188 0.535417 0.492188 0.533333 0.493750 0.531250 0.493750 0.525000 0.492188 0.522917 0.492188 0.514583 0.490625 0.512500 0.490625 0.510417 0.492188 0.508333 0.492188 0.504167 0.493750 0.502083 0.493750 0.493750 0.495313 0.491667 0.496875 0.491667 0.498437 0.493750 0.498437 0.500000 0.500000 0.502083 0.500000 0.520833 0.498437 0.522917 0.498437 0.525000 0.496875 0.527083 0.498437 0.529167 0.498437 0.533333 0.500000 0.535417 0.500000 0.537500 0.501562 0.539583 0.501562 0.541667 0.503125 0.541667 0.504687 0.543750 0.507812 0.543750 0.509375 0.545833 0.509375 0.552083 0.521875 0.552083 0.521875 0.545833 0.526563 0.539583 0.532812 0.539583 0.532812 0.462500
0 0.278125 0.487500 0.278125 0.560417 0.295312 0.560417 0.295312 0.487500
0 0.265625 0.487500 0.265625 0.552083 0.276563 0.552083 0.276563 0.543750 0.278125 0.541667 0.282813 0.541667 0.282813 0.487500
26 0.114063 0.562500 0.114063 0.572917 0.112500 0.575000 0.112500 0.585417 0.107813 0.591667 0.103125 0.591667 0.103125 0.618750 0.123438 0.618750 0.123438 0.610417 0.128125 0.604167 0.128125 0.602083 0.129688 0.600000 0.129688 0.595833 0.131250 0.593750 0.131250 0.591667 0.132812 0.589583 0.139062 0.589583 0.139062 0.577083 0.132812 0.577083 0.129688 0.572917 0.129688 0.570833 0.128125 0.568750 0.128125 0.562500
