0 0.315625 0.064403 0.315625 0.073770 0.306250 0.087822 0.306250 0.090164 0.304688 0.092506 0.304688 0.094848 0.301562 0.099532 0.301562 0.104215 0.300000 0.106557 0.300000 0.111241 0.298438 0.113583 0.298438 0.122951 0.296875 0.125293 0.296875 0.132318 0.298438 0.134660 0.298438 0.148712 0.300000 0.151054 0.300000 0.176815 0.298438 0.179157 0.298438 0.183841 0.296875 0.186183 0.296875 0.188525 0.293750 0.193208 0.293750 0.195550 0.285937 0.207260 0.284375 0.207260 0.282813 0.209602 0.279687 0.209602 0.278125 0.211944 0.275000 0.211944 0.273438 0.214286 0.270312 0.214286 0.268750 0.216628 0.264062 0.216628 0.262500 0.218970 0.259375 0.218970 0.257812 0.221311 0.256250 0.221311 0.254687 0.223653 0.251563 0.223653 0.250000 0.225995 0.248437 0.225995 0.246875 0.228337 0.245312 0.228337 0.243750 0.230679 0.240625 0.230679 0.239063 0.233021 0.237500 0.233021 0.235938 0.235363 0.234375 0.235363 0.231250 0.240047 0.229687 0.240047 0.226562 0.244731 0.225000 0.244731 0.221875 0.249415 0.220313 0.249415 0.214062 0.258782 0.212500 0.258782 0.201562 0.275176 0.201562 0.277518 0.195312 0.286885 0.195312 0.289227 0.190625 0.296253 0.190625 0.298595 0.189063 0.300937 0.189063 0.303279 0.187500 0.305621 0.187500 0.326698 0.189063 0.329040 0.189063 0.331382 0.190625 0.333724 0.190625 0.350117 0.189063 0.352459 0.189063 0.357143 0.187500 0.359485 0.187500 0.364169 0.185937 0.366511 0.185937 0.368852 0.184375 0.371194 0.184375 0.373536 0.182812 0.375878 0.182812 0.378220 0.181250 0.380562 0.181250 0.382904 0.179688 0.385246 0.179688 0.389930 0.178125 0.392272 0.178125 0.394614 0.175000 0.399297 0.175000 0.401639 0.173438 0.403981 0.173438 0.406323 0.171875 0.408665 0.171875 0.413349 0.168750 0.418033 0.168750 0.420375 0.167187 0.422717 0.167187 0.425059 0.165625 0.427400 0.165625 0.432084 0.164062 0.434426 0.164062 0.436768 0.162500 0.439110 0.162500 0.441452 0.160938 0.443794 0.160938 0.446136 0.159375 0.448478 0.159375 0.450820 0.157813 0.453162 0.157813 0.455504 0.156250 0.457845 0.156250 0.462529 0.154687 0.464871 0.154687 0.469555 0.153125 0.471897 0.153125 0.478923 0.151562 0.481265 0.151562 0.490632 0.150000 0.492974 0.150000 0.500000 0.148438 0.502342 0.148438 0.514051 0.146875 0.516393 0.146875 0.525761 0.145313 0.528103 0.145313 0.530445 0.143750 0.532787 0.143750 0.537471 0.142188 0.539813 0.142188 0.544496 0.140625 0.546838 0.140625 0.551522 0.135937 0.558548 0.134375 0.558548 0.132812 0.560890 0.132812 0.563232 0.134375 0.565574 0.134375 0.570258 0.135937 0.570258 0.137500 0.572600 0.139062 0.572600 0.140625 0.574941 0.143750 0.574941 0.145313 0.577283 0.148438 0.577283 0.150000 0.574941 0.153125 0.574941 0.154687 0.577283 0.162500 0.577283 0.164062 0.579625 0.165625 0.579625 0.167187 0.581967 0.168750 0.581967 0.173438 0.588993 0.173438 0.591335 0.178125 0.598361 0.178125 0.600703 0.182812 0.607728 0.182812 0.610070 0.184375 0.612412 0.184375 0.614754 0.190625 0.624122 0.190625 0.626464 0.198437 0.638173 0.200000 0.638173 0.201562 0.640515 0.203125 0.640515 0.204688 0.642857 0.206250 0.642857 0.209375 0.647541 0.210938 0.647541 0.214062 0.652225 0.215625 0.652225 0.218750 0.656909 0.220313 0.656909 0.221875 0.659251 0.223438 0.659251 0.225000 0.661592 0.226562 0.661592 0.229687 0.666276 0.229687 0.668618 0.234375 0.675644 0.234375 0.677986 0.235938 0.680328 0.235938 0.687354 0.237500 0.689696 0.237500 0.694379 0.239063 0.696721 0.239063 0.699063 0.240625 0.701405 0.240625 0.706089 0.242188 0.708431 0.242188 0.715457 0.243750 0.717799 0.243750 0.724824 0.245312 0.727166 0.245312 0.734192 0.246875 0.736534 0.246875 0.785714 0.245312 0.788056 0.245312 0.809133 0.239063 0.818501 0.237500 0.818501 0.235938 0.820843 0.234375 0.820843 0.231250 0.825527 0.229687 0.825527 0.228125 0.827869 0.226562 0.827869 0.225000 0.830211 0.223438 0.830211 0.221875 0.832553 0.220313 0.832553 0.218750 0.834895 0.215625 0.834895 0.214062 0.837237 0.210938 0.837237 0.209375 0.839578 0.206250 0.839578 0.204688 0.841920 0.201562 0.841920 0.200000 0.844262 0.192188 0.844262 0.190625 0.846604 0.181250 0.846604 0.179688 0.848946 0.162500 0.848946 0.160938 0.846604 0.145313 0.846604 0.143750 0.844262 0.137500 0.844262 0.135937 0.846604 0.132812 0.846604 0.131250 0.848946 0.129688 0.848946 0.123438 0.858314 0.121875 0.858314 0.120312 0.860656 0.115625 0.860656 0.115625 0.884075 0.120312 0.884075 0.121875 0.886417 0.121875 0.888759 0.123438 0.891101 0.123438 0.898126 0.125000 0.900468 0.125000 0.902810 0.126563 0.905152 0.126563 0.907494 0.128125 0.909836 0.128125 0.919204 0.129688 0.921546 0.129688 0.935597 0.131250 0.937939 0.131250 0.949649 0.132812 0.951991 0.132812 0.959016 0.134375 0.961358 0.134375 0.963700 0.135937 0.966042 0.135937 0.968384 0.139062 0.973068 0.140625 0.973068 0.142188 0.975410 0.143750 0.975410 0.145313 0.977752 0.148438 0.977752 0.150000 0.980094 0.156250 0.980094 0.157813 0.977752 0.164062 0.977752 0.165625 0.975410 0.167187 0.975410 0.175000 0.963700 0.175000 0.961358 0.179688 0.954333 0.179688 0.949649 0.181250 0.947307 0.181250 0.944965 0.182812 0.942623 0.182812 0.937939 0.184375 0.935597 0.184375 0.933255 0.185937 0.930913 0.185937 0.928571 0.193750 0.916862 0.195312 0.916862 0.196875 0.914520 0.198437 0.914520 0.200000 0.912178 0.204688 0.912178 0.206250 0.909836 0.209375 0.909836 0.210938 0.907494 0.215625 0.907494 0.217187 0.905152 0.239063 0.905152 0.242188 0.909836 0.242188 0.937939 0.240625 0.940281 0.240625 0.966042 0.246875 0.975410 0.248437 0.975410 0.250000 0.977752 0.251563 0.977752 0.254687 0.982436 0.254687 0.989461 0.315625 0.989461 0.315625 0.982436 0.306250 0.968384 0.304688 0.968384 0.301562 0.963700 0.301562 0.961358 0.298438 0.956674 0.298438 0.954333 0.296875 0.951991 0.296875 0.947307 0.295312 0.944965 0.295312 0.942623 0.292188 0.937939 0.292188 0.935597 0.290625 0.933255 0.290625 0.930913 0.289062 0.928571 0.289062 0.923888 0.287500 0.921546 0.287500 0.905152 0.289062 0.902810 0.289062 0.898126 0.298438 0.884075 0.300000 0.884075 0.301562 0.881733 0.304688 0.881733 0.306250 0.879391 0.310937 0.879391 0.312500 0.877049 0.314063 0.877049 0.315625 0.874707 0.317187 0.874707 0.318750 0.872365 0.320312 0.872365 0.323438 0.867682 0.325000 0.867682 0.328125 0.862998 0.328125 0.860656 0.331250 0.855972 0.331250 0.851288 0.332812 0.848946 0.332812 0.844262 0.334375 0.841920 0.334375 0.837237 0.335938 0.834895 0.335938 0.827869 0.337500 0.825527 0.337500 0.757611 0.335938 0.755269 0.335938 0.738876 0.334375 0.736534 0.334375 0.715457 0.332812 0.713115 0.332812 0.699063 0.331250 0.696721 0.331250 0.687354 0.329688 0.685012 0.329688 0.673302 0.328125 0.670960 0.328125 0.659251 0.326562 0.656909 0.326562 0.642857 0.325000 0.640515 0.325000 0.631148 0.323438 0.628806 0.323438 0.619438 0.321875 0.617096 0.321875 0.612412 0.320312 0.610070 0.320312 0.603045 0.318750 0.600703 0.318750 0.588993 0.317187 0.586651 0.317187 0.572600 0.318750 0.570258 0.318750 0.563232 0.320312 0.560890 0.320312 0.553864 0.321875 0.551522 0.321875 0.546838 0.323438 0.544496 0.323438 0.542155 0.325000 0.539813 0.325000 0.537471 0.326562 0.535129 0.326562 0.532787 0.328125 0.530445 0.328125 0.528103 0.329688 0.525761 0.329688 0.521077 0.331250 0.518735 0.331250 0.511710 0.334375 0.507026 0.334375 0.504684 0.339063 0.497658 0.339063 0.495316 0.343750 0.488290 0.343750 0.485948 0.353125 0.471897 0.354688 0.471897 0.359375 0.464871 0.360938 0.464871 0.368750 0.453162 0.368750 0.450820 0.370313 0.448478 0.371875 0.448478 0.373437 0.450820 0.373437 0.453162 0.375000 0.455504 0.375000 0.509368 0.373437 0.511710 0.373437 0.546838 0.375000 0.549180 0.375000 0.563232 0.376563 0.565574 0.376563 0.574941 0.378125 0.577283 0.378125 0.584309 0.379687 0.586651 0.379687 0.598361 0.381250 0.600703 0.381250 0.607728 0.382812 0.610070 0.382812 0.617096 0.384375 0.619438 0.384375 0.631148 0.385938 0.633489 0.385938 0.649883 0.387500 0.652225 0.387500 0.663934 0.389062 0.666276 0.389062 0.675644 0.390625 0.677986 0.390625 0.738876 0.389062 0.741218 0.389062 0.743560 0.387500 0.745902 0.387500 0.750585 0.385938 0.752927 0.385938 0.757611 0.387500 0.759953 0.387500 0.762295 0.390625 0.766979 0.392188 0.766979 0.398438 0.776347 0.398438 0.783372 0.400000 0.785714 0.400000 0.790398 0.401563 0.792740 0.401563 0.795082 0.410937 0.795082 0.412500 0.792740 0.414062 0.792740 0.420312 0.783372 0.420312 0.781030 0.423438 0.776347 0.423438 0.771663 0.425000 0.769321 0.425000 0.757611 0.426562 0.755269 0.426562 0.729508 0.425000 0.727166 0.425000 0.717799 0.423438 0.715457 0.423438 0.713115 0.421875 0.710773 0.421875 0.706089 0.420312 0.703747 0.420312 0.696721 0.418750 0.694379 0.418750 0.682670 0.417188 0.680328 0.417188 0.663934 0.415625 0.661592 0.415625 0.565574 0.417188 0.563232 0.417188 0.546838 0.415625 0.544496 0.415625 0.507026 0.414062 0.504684 0.414062 0.460187 0.415625 0.457845 0.415625 0.443794 0.417188 0.441452 0.417188 0.436768 0.418750 0.434426 0.418750 0.429742 0.421875 0.425059 0.423438 0.425059 0.426562 0.420375 0.428125 0.420375 0.429688 0.418033 0.431250 0.418033 0.434375 0.413349 0.439063 0.413349 0.439063 0.387588 0.434375 0.387588 0.432813 0.385246 0.432813 0.380562 0.431250 0.378220 0.431250 0.375878 0.429688 0.373536 0.429688 0.371194 0.428125 0.368852 0.428125 0.364169 0.426562 0.361827 0.426562 0.354801 0.425000 0.352459 0.425000 0.350117 0.423438 0.347775 0.423438 0.345433 0.421875 0.343091 0.421875 0.340749 0.420312 0.338407 0.420312 0.336066 0.418750 0.333724 0.418750 0.331382 0.417188 0.329040 0.417188 0.326698 0.415625 0.324356 0.415625 0.322014 0.414062 0.319672 0.414062 0.317330 0.410937 0.312646 0.410937 0.310304 0.409375 0.307963 0.409375 0.305621 0.407813 0.303279 0.407813 0.300937 0.406250 0.298595 0.406250 0.296253 0.401563 0.289227 0.401563 0.286885 0.398438 0.282201 0.398438 0.279859 0.385938 0.261124 0.385938 0.258782 0.379687 0.249415 0.379687 0.247073 0.373437 0.237705 0.373437 0.235363 0.368750 0.228337 0.368750 0.223653 0.367188 0.221311 0.367188 0.214286 0.365625 0.211944 0.365625 0.204918 0.367188 0.202576 0.367188 0.197892 0.368750 0.195550 0.368750 0.193208 0.370313 0.190867 0.370313 0.188525 0.371875 0.186183 0.371875 0.181499 0.373437 0.179157 0.373437 0.176815 0.375000 0.174473 0.375000 0.167447 0.376563 0.165105 0.376563 0.141686 0.378125 0.139344 0.378125 0.115925 0.376563 0.113583 0.376563 0.108899 0.373437 0.104215 0.373437 0.101874 0.371875 0.099532 0.371875 0.094848 0.370313 0.092506 0.370313 0.090164 0.364062 0.080796 0.364062 0.078454 0.362500 0.076112 0.362500 0.064403
0 0.764063 0.008197 0.764063 0.015222 0.753125 0.031616 0.753125 0.033958 0.748438 0.040984 0.748438 0.043326 0.746875 0.045667 0.746875 0.050351 0.745313 0.052693 0.745313 0.059719 0.743750 0.062061 0.743750 0.087822 0.742188 0.090164 0.742188 0.094848 0.743750 0.097190 0.743750 0.101874 0.742188 0.104215 0.742188 0.111241 0.739062 0.115925 0.737500 0.115925 0.735937 0.118267 0.734375 0.118267 0.732813 0.120609 0.731250 0.120609 0.729688 0.122951 0.728125 0.122951 0.726562 0.125293 0.720312 0.125293 0.718750 0.127635 0.714063 0.127635 0.712500 0.129977 0.709375 0.129977 0.707812 0.132318 0.704687 0.132318 0.703125 0.134660 0.700000 0.134660 0.698438 0.137002 0.696875 0.137002 0.693750 0.141686 0.692187 0.141686 0.689062 0.146370 0.689062 0.148712 0.685938 0.153396 0.685938 0.155738 0.682813 0.160422 0.682813 0.162763 0.679688 0.167447 0.679688 0.169789 0.678125 0.172131 0.678125 0.174473 0.675000 0.179157 0.675000 0.181499 0.673437 0.183841 0.673437 0.186183 0.671875 0.188525 0.671875 0.190867 0.668750 0.195550 0.668750 0.197892 0.665625 0.202576 0.665625 0.204918 0.659375 0.214286 0.659375 0.216628 0.656250 0.221311 0.656250 0.223653 0.654688 0.225995 0.654688 0.228337 0.653125 0.230679 0.653125 0.244731 0.654688 0.247073 0.654688 0.251756 0.656250 0.254098 0.656250 0.256440 0.657812 0.258782 0.657812 0.261124 0.659375 0.263466 0.659375 0.265808 0.660937 0.268150 0.660937 0.272834 0.659375 0.275176 0.659375 0.282201 0.660937 0.284543 0.660937 0.298595 0.659375 0.300937 0.659375 0.305621 0.657812 0.307963 0.657812 0.310304 0.656250 0.312646 0.656250 0.314988 0.653125 0.319672 0.653125 0.322014 0.650000 0.326698 0.650000 0.331382 0.648438 0.333724 0.648438 0.338407 0.646875 0.340749 0.646875 0.350117 0.645312 0.352459 0.645312 0.359485 0.646875 0.361827 0.646875 0.373536 0.648438 0.375878 0.648438 0.399297 0.646875 0.401639 0.646875 0.413349 0.645312 0.415691 0.645312 0.422717 0.643750 0.425059 0.643750 0.434426 0.642187 0.436768 0.642187 0.443794 0.640625 0.446136 0.640625 0.453162 0.639063 0.455504 0.639063 0.460187 0.637500 0.462529 0.637500 0.469555 0.635938 0.471897 0.635938 0.481265 0.634375 0.483607 0.634375 0.492974 0.632812 0.495316 0.628125 0.495316 0.628125 0.577283 0.632812 0.577283 0.634375 0.579625 0.634375 0.591335 0.635938 0.593677 0.635938 0.638173 0.637500 0.640515 0.637500 0.652225 0.639063 0.654567 0.639063 0.661592 0.640625 0.663934 0.640625 0.670960 0.642187 0.673302 0.642187 0.689696 0.640625 0.692037 0.642187 0.694379 0.642187 0.706089 0.643750 0.708431 0.643750 0.710773 0.645312 0.713115 0.645312 0.715457 0.648438 0.720141 0.648438 0.722482 0.650000 0.724824 0.650000 0.727166 0.659375 0.741218 0.660937 0.741218 0.662500 0.743560 0.665625 0.743560 0.667188 0.745902 0.670313 0.745902 0.671875 0.748244 0.675000 0.748244 0.676562 0.750585 0.678125 0.750585 0.679688 0.752927 0.681250 0.752927 0.685938 0.759953 0.687500 0.759953 0.696875 0.774005 0.696875 0.790398 0.695312 0.792740 0.695312 0.797424 0.696875 0.799766 0.696875 0.809133 0.695312 0.811475 0.695312 0.844262 0.696875 0.846604 0.696875 0.851288 0.700000 0.855972 0.700000 0.858314 0.701563 0.860656 0.701563 0.867682 0.735937 0.867682 0.735937 0.860656 0.751562 0.837237 0.753125 0.837237 0.757812 0.830211 0.757812 0.827869 0.759375 0.825527 0.759375 0.806792 0.757812 0.804450 0.757812 0.802108 0.756250 0.799766 0.756250 0.797424 0.754687 0.795082 0.754687 0.792740 0.751562 0.788056 0.751562 0.785714 0.750000 0.783372 0.750000 0.781030 0.748438 0.778689 0.748438 0.776347 0.745313 0.771663 0.745313 0.769321 0.743750 0.766979 0.743750 0.745902 0.745313 0.743560 0.745313 0.736534 0.746875 0.734192 0.746875 0.731850 0.748438 0.729508 0.748438 0.724824 0.750000 0.722482 0.750000 0.713115 0.751562 0.710773 0.751562 0.703747 0.753125 0.701405 0.753125 0.696721 0.754687 0.694379 0.754687 0.685012 0.756250 0.682670 0.756250 0.668618 0.757812 0.666276 0.757812 0.649883 0.759375 0.647541 0.759375 0.586651 0.760938 0.584309 0.760938 0.567916 0.762500 0.565574 0.762500 0.553864 0.764063 0.551522 0.764063 0.546838 0.765625 0.544496 0.765625 0.542155 0.767187 0.539813 0.767187 0.535129 0.768750 0.532787 0.768750 0.528103 0.770312 0.525761 0.770312 0.521077 0.771875 0.518735 0.771875 0.514051 0.773438 0.511710 0.773438 0.504684 0.775000 0.502342 0.775000 0.485948 0.776563 0.483607 0.776563 0.420375 0.778125 0.418033 0.778125 0.415691 0.779688 0.413349 0.779688 0.411007 0.781250 0.408665 0.781250 0.406323 0.792188 0.389930 0.792188 0.387588 0.793750 0.385246 0.793750 0.382904 0.795313 0.380562 0.795313 0.378220 0.798437 0.373536 0.798437 0.371194 0.800000 0.368852 0.800000 0.364169 0.801562 0.361827 0.801562 0.354801 0.803125 0.352459 0.803125 0.347775 0.804688 0.345433 0.804688 0.343091 0.803125 0.340749 0.803125 0.336066 0.801562 0.333724 0.800000 0.333724 0.795313 0.326698 0.793750 0.326698 0.790625 0.322014 0.789062 0.322014 0.778125 0.305621 0.776563 0.307963 0.776563 0.310304 0.775000 0.312646 0.775000 0.314988 0.771875 0.319672 0.770312 0.319672 0.768750 0.322014 0.767187 0.322014 0.765625 0.324356 0.762500 0.324356 0.760938 0.326698 0.750000 0.326698 0.748438 0.324356 0.745313 0.324356 0.743750 0.322014 0.742188 0.322014 0.737500 0.314988 0.737500 0.312646 0.735937 0.310304 0.735937 0.303279 0.734375 0.300937 0.734375 0.279859 0.735937 0.277518 0.735937 0.275176 0.742188 0.265808 0.743750 0.265808 0.745313 0.263466 0.746875 0.263466 0.748438 0.261124 0.751562 0.261124 0.753125 0.258782 0.767187 0.258782 0.770312 0.254098 0.770312 0.249415 0.771875 0.247073 0.771875 0.244731 0.773438 0.242389 0.773438 0.235363 0.776563 0.230679 0.776563 0.225995 0.778125 0.223653 0.778125 0.216628 0.779688 0.214286 0.779688 0.211944 0.784375 0.204918 0.785937 0.204918 0.787500 0.202576 0.789062 0.202576 0.795313 0.193208 0.796875 0.193208 0.798437 0.190867 0.800000 0.190867 0.801562 0.188525 0.804688 0.188525 0.806250 0.186183 0.832812 0.186183 0.832812 0.183841 0.831250 0.183841 0.821875 0.169789 0.821875 0.167447 0.820312 0.167447 0.818750 0.165105 0.812500 0.165105 0.810938 0.162763 0.809375 0.162763 0.806250 0.158080 0.806250 0.153396 0.804688 0.151054 0.804688 0.129977 0.806250 0.127635 0.806250 0.122951 0.807813 0.120609 0.807813 0.118267 0.812500 0.111241 0.812500 0.106557 0.814062 0.104215 0.814062 0.099532 0.815625 0.097190 0.815625 0.085480 0.817187 0.083138 0.817187 0.062061 0.815625 0.059719 0.815625 0.052693 0.814062 0.050351 0.814062 0.045667 0.812500 0.043326 0.812500 0.040984 0.809375 0.036300 0.809375 0.033958 0.796875 0.015222 0.796875 0.008197
35 0.120312 0.560890 0.120312 0.570258 0.118750 0.572600 0.118750 0.574941 0.115625 0.579625 0.115625 0.600703 0.114063 0.603045 0.114063 0.605386 0.112500 0.607728 0.112500 0.610070 0.110937 0.612412 0.110937 0.617096 0.109375 0.619438 0.109375 0.621780 0.107813 0.624122 0.103125 0.624122 0.103125 0.708431 0.107813 0.708431 0.112500 0.715457 0.112500 0.717799 0.114063 0.720141 0.114063 0.722482 0.117188 0.727166 0.117188 0.729508 0.123438 0.738876 0.123438 0.745902 0.154687 0.745902 0.154687 0.738876 0.157813 0.734192 0.160938 0.734192 0.162500 0.731850 0.165625 0.731850 0.167187 0.729508 0.170312 0.729508 0.171875 0.727166 0.173438 0.727166 0.175000 0.724824 0.176563 0.724824 0.178125 0.722482 0.181250 0.722482 0.182812 0.720141 0.184375 0.720141 0.185937 0.717799 0.192188 0.717799 0.193750 0.715457 0.201562 0.715457 0.201562 0.677986 0.196875 0.677986 0.193750 0.673302 0.193750 0.668618 0.192188 0.666276 0.192188 0.659251 0.190625 0.656909 0.190625 0.652225 0.189063 0.649883 0.189063 0.642857 0.187500 0.640515 0.187500 0.626464 0.185937 0.624122 0.185937 0.621780 0.184375 0.619438 0.184375 0.617096 0.181250 0.612412 0.181250 0.610070 0.176563 0.603045 0.176563 0.600703 0.171875 0.593677 0.171875 0.591335 0.164062 0.579625 0.162500 0.579625 0.160938 0.577283 0.154687 0.577283 0.153125 0.574941 0.150000 0.574941 0.148438 0.577283 0.145313 0.577283 0.139062 0.567916 0.139062 0.560890
2 0.018750 0.289227 0.018750 0.296253 0.015625 0.300937 0.014062 0.300937 0.012500 0.303279 0.010937 0.303279 0.009375 0.305621 0.004688 0.305621 0.003125 0.307963 0.000000 0.307963 0.000000 0.446136 0.001563 0.446136 0.004688 0.441452 0.006250 0.441452 0.009375 0.436768 0.010937 0.436768 0.012500 0.434426 0.014062 0.434426 0.015625 0.432084 0.023438 0.432084 0.025000 0.429742 0.026563 0.429742 0.028125 0.432084 0.031250 0.432084 0.042188 0.448478 0.042188 0.455504 0.060938 0.455504 0.060938 0.448478 0.065625 0.441452 0.067188 0.441452 0.068750 0.439110 0.071875 0.439110 0.073437 0.436768 0.084375 0.436768 0.085938 0.434426 0.093750 0.434426 0.095312 0.432084 0.131250 0.432084 0.132812 0.434426 0.139062 0.434426 0.140625 0.436768 0.142188 0.436768 0.146875 0.443794 0.146875 0.455504 0.153125 0.455504 0.153125 0.441452 0.154687 0.439110 0.154687 0.436768 0.156250 0.434426 0.156250 0.427400 0.159375 0.422717 0.160938 0.425059 0.162500 0.425059 0.164062 0.427400 0.164062 0.420375 0.168750 0.413349 0.170312 0.413349 0.171875 0.411007 0.171875 0.406323 0.173438 0.403981 0.173438 0.401639 0.178125 0.394614 0.178125 0.389930 0.179688 0.387588 0.179688 0.385246 0.181250 0.382904 0.181250 0.380562 0.182812 0.378220 0.182812 0.375878 0.184375 0.373536 0.184375 0.368852 0.190625 0.359485 0.195312 0.359485 0.195312 0.331382 0.190625 0.331382 0.187500 0.326698 0.185937 0.326698 0.184375 0.324356 0.184375 0.322014 0.182812 0.319672 0.181250 0.322014 0.176563 0.322014 0.175000 0.324356 0.167187 0.324356 0.165625 0.322014 0.164062 0.324356 0.151562 0.324356 0.150000 0.322014 0.148438 0.322014 0.143750 0.314988 0.143750 0.312646 0.140625 0.307963 0.139062 0.307963 0.135937 0.303279 0.134375 0.303279 0.132812 0.300937 0.131250 0.300937 0.128125 0.296253 0.128125 0.289227
0 0.851562 0.373536 0.851562 0.380562 0.850000 0.382904 0.850000 0.385246 0.846875 0.389930 0.846875 0.392272 0.845312 0.394614 0.845312 0.396955 0.843750 0.399297 0.843750 0.401639 0.834375 0.415691 0.832812 0.415691 0.823438 0.429742 0.823438 0.432084 0.821875 0.434426 0.821875 0.436768 0.820312 0.439110 0.820312 0.443794 0.818750 0.446136 0.818750 0.448478 0.817187 0.450820 0.817187 0.455504 0.815625 0.457845 0.815625 0.462529 0.814062 0.464871 0.814062 0.471897 0.812500 0.474239 0.812500 0.481265 0.810938 0.483607 0.810938 0.485948 0.807813 0.490632 0.803125 0.490632 0.803125 0.521077 0.809375 0.521077 0.810938 0.523419 0.810938 0.530445 0.876562 0.530445 0.876562 0.523419 0.878125 0.521077 0.879687 0.523419 0.879687 0.530445 0.884375 0.530445 0.884375 0.523419 0.887500 0.518735 0.895312 0.518735 0.895312 0.455504 0.890625 0.455504 0.887500 0.450820 0.887500 0.446136 0.885938 0.443794 0.885938 0.439110 0.884375 0.436768 0.884375 0.434426 0.879687 0.427400 0.879687 0.425059 0.876562 0.420375 0.876562 0.418033 0.875000 0.415691 0.875000 0.389930 0.873438 0.387588 0.873438 0.382904 0.871875 0.380562 0.871875 0.373536
35 0.795313 0.186183 0.795313 0.193208 0.792188 0.197892 0.790625 0.197892 0.789062 0.200234 0.787500 0.200234 0.784375 0.204918 0.782812 0.204918 0.781250 0.207260 0.781250 0.211944 0.779688 0.214286 0.779688 0.225995 0.778125 0.228337 0.778125 0.233021 0.776563 0.235363 0.771875 0.235363 0.771875 0.286885 0.776563 0.286885 0.778125 0.289227 0.778125 0.298595 0.779688 0.300937 0.779688 0.303279 0.785937 0.312646 0.785937 0.314988 0.787500 0.317330 0.789062 0.317330 0.796875 0.329040 0.798437 0.329040 0.800000 0.331382 0.801562 0.331382 0.803125 0.333724 0.804688 0.333724 0.806250 0.336066 0.806250 0.343091 0.815625 0.343091 0.815625 0.336066 0.820312 0.329040 0.821875 0.329040 0.823438 0.326698 0.825000 0.326698 0.828125 0.322014 0.829687 0.322014 0.835938 0.312646 0.837500 0.312646 0.839063 0.310304 0.845312 0.310304 0.846875 0.312646 0.848437 0.312646 0.851562 0.317330 0.859375 0.317330 0.860937 0.314988 0.862500 0.314988 0.864062 0.312646 0.870313 0.312646 0.870313 0.249415 0.865625 0.249415 0.862500 0.244731 0.862500 0.237705 0.860937 0.235363 0.860937 0.228337 0.859375 0.225995 0.859375 0.223653 0.839063 0.193208 0.839063 0.186183
32 0.740625 0.261124 0.740625 0.268150 0.739062 0.270492 0.734375 0.270492 0.734375 0.317330 0.739062 0.317330 0.740625 0.319672 0.742188 0.319672 0.743750 0.322014 0.745313 0.322014 0.748438 0.326698 0.748438 0.333724 0.760938 0.333724 0.760938 0.326698 0.764063 0.322014 0.767187 0.322014 0.768750 0.319672 0.770312 0.319672 0.775000 0.312646 0.775000 0.310304 0.778125 0.305621 0.782812 0.305621 0.782812 0.261124
0 0.604688 0.279859 0.604688 0.291569 0.603125 0.293911 0.603125 0.312646 0.601562 0.314988 0.601562 0.317330 0.600000 0.319672 0.600000 0.324356 0.598437 0.326698 0.598437 0.333724 0.596875 0.336066 0.595312 0.336066 0.593750 0.333724 0.593750 0.324356 0.592188 0.322014 0.592188 0.317330 0.590625 0.314988 0.590625 0.312646 0.589063 0.310304 0.584375 0.310304 0.584375 0.453162 0.590625 0.453162 0.593750 0.457845 0.593750 0.462529 0.595312 0.464871 0.593750 0.467213 0.593750 0.521077 0.604688 0.521077 0.604688 0.462529 0.606250 0.460187 0.606250 0.457845 0.609375 0.453162 0.612500 0.453162 0.614062 0.450820 0.618750 0.450820 0.620313 0.453162 0.621875 0.453162 0.625000 0.457845 0.625000 0.462529 0.626562 0.464871 0.626562 0.476581 0.628125 0.478923 0.628125 0.481265 0.629687 0.483607 0.629687 0.490632 0.631250 0.492974 0.631250 0.502342 0.632812 0.504684 0.632812 0.507026 0.634375 0.504684 0.634375 0.490632 0.635938 0.488290 0.635938 0.481265 0.637500 0.478923 0.637500 0.476581 0.639063 0.474239 0.639063 0.462529 0.640625 0.460187 0.640625 0.443794 0.642187 0.441452 0.642187 0.429742 0.643750 0.427400 0.643750 0.420375 0.645312 0.418033 0.645312 0.415691 0.646875 0.413349 0.651563 0.413349 0.651563 0.371194 0.646875 0.371194 0.643750 0.366511 0.643750 0.361827 0.642187 0.359485 0.642187 0.357143 0.640625 0.354801 0.640625 0.352459 0.639063 0.350117 0.637500 0.350117 0.635938 0.347775 0.634375 0.347775 0.631250 0.343091 0.631250 0.338407 0.629687 0.336066 0.629687 0.324356 0.631250 0.322014 0.631250 0.300937 0.629687 0.298595 0.629687 0.293911 0.628125 0.291569 0.628125 0.289227 0.626562 0.286885 0.626562 0.279859
2 0.403125 0.270492 0.403125 0.305621 0.409375 0.305621 0.412500 0.310304 0.412500 0.312646 0.414062 0.314988 0.414062 0.317330 0.415625 0.319672 0.415625 0.322014 0.417188 0.324356 0.417188 0.326698 0.418750 0.329040 0.418750 0.331382 0.420312 0.333724 0.420312 0.338407 0.421875 0.340749 0.421875 0.343091 0.425000 0.347775 0.425000 0.352459 0.426562 0.354801 0.426562 0.359485 0.428125 0.361827 0.428125 0.366511 0.429688 0.368852 0.429688 0.371194 0.431250 0.373536 0.431250 0.375878 0.432813 0.378220 0.432813 0.380562 0.434375 0.380562 0.435937 0.378220 0.439063 0.378220 0.440625 0.375878 0.443750 0.375878 0.445312 0.373536 0.446875 0.373536 0.450000 0.368852 0.451562 0.368852 0.453125 0.366511 0.454688 0.366511 0.456250 0.364169 0.457812 0.364169 0.462500 0.357143 0.464063 0.357143 0.465625 0.354801 0.467187 0.354801 0.471875 0.347775 0.473437 0.347775 0.475000 0.345433 0.476562 0.345433 0.479688 0.340749 0.481250 0.340749 0.482812 0.338407 0.484375 0.338407 0.485938 0.336066 0.487500 0.336066 0.489062 0.333724 0.490625 0.333724 0.492188 0.331382 0.493750 0.331382 0.495313 0.329040 0.496875 0.329040 0.501562 0.322014 0.503125 0.322014 0.504687 0.319672 0.506250 0.319672 0.512500 0.310304 0.514063 0.310304 0.518750 0.303279 0.520312 0.303279 0.523438 0.298595 0.525000 0.298595 0.528125 0.293911 0.529688 0.293911 0.534375 0.286885 0.539062 0.286885 0.539062 0.270492
0 0.859375 0.291569 0.859375 0.296253 0.857813 0.298595 0.857813 0.300937 0.856250 0.303279 0.856250 0.305621 0.854688 0.307963 0.854688 0.310304 0.853125 0.312646 0.851562 0.312646 0.848437 0.317330 0.845312 0.317330 0.843750 0.319672 0.842188 0.319672 0.840625 0.322014 0.837500 0.322014 0.835938 0.324356 0.832812 0.324356 0.831250 0.326698 0.826563 0.326698 0.825000 0.329040 0.821875 0.329040 0.820312 0.331382 0.818750 0.331382 0.817187 0.333724 0.815625 0.333724 0.814062 0.336066 0.807813 0.336066 0.806250 0.338407 0.804688 0.338407 0.801562 0.343091 0.801562 0.347775 0.800000 0.350117 0.800000 0.359485 0.798437 0.361827 0.798437 0.366511 0.796875 0.368852 0.796875 0.371194 0.795313 0.373536 0.795313 0.375878 0.793750 0.378220 0.793750 0.382904 0.792188 0.385246 0.792188 0.389930 0.790625 0.392272 0.790625 0.394614 0.792188 0.396955 0.792188 0.429742 0.790625 0.432084 0.790625 0.439110 0.789062 0.441452 0.789062 0.443794 0.787500 0.446136 0.787500 0.448478 0.785937 0.450820 0.785937 0.453162 0.782812 0.457845 0.778125 0.457845 0.778125 0.521077 0.803125 0.521077 0.803125 0.511710 0.804688 0.509368 0.804688 0.502342 0.806250 0.500000 0.806250 0.497658 0.809375 0.492974 0.809375 0.490632 0.810938 0.488290 0.810938 0.483607 0.812500 0.481265 0.812500 0.471897 0.814062 0.469555 0.814062 0.462529 0.815625 0.460187 0.815625 0.450820 0.817187 0.448478 0.817187 0.443794 0.818750 0.441452 0.818750 0.436768 0.820312 0.434426 0.820312 0.427400 0.825000 0.420375 0.826563 0.420375 0.832812 0.411007 0.834375 0.411007 0.846875 0.392272 0.846875 0.389930 0.853125 0.380562 0.853125 0.378220 0.854688 0.375878 0.854688 0.324356 0.857813 0.319672 0.864062 0.319672 0.864062 0.291569 0.859375 0.291569 0.853125 0.204918 0.853125 0.214286 0.857813 0.221311 0.864062 0.221311 0.864062 0.258782 0.859375 0.258782 0.859375 0.254098 0.857813 0.251756 0.784375 0.204918 0.778125 0.204918 0.778125 0.216628 0.782812 0.216628 0.782812 0.214286 0.784375 0.211944 0.784375 0.204918 0.857813 0.251756 0.857813 0.242389 0.856250 0.240047 0.856250 0.228337 0.846875 0.214286 0.846875 0.204918 0.853125 0.204918
