0 0.025000 0.909375 0.025000 0.912500 0.022917 0.914062 0.022917 0.915625 0.025000 0.917188 0.025000 0.918750 0.027083 0.920313 0.027083 0.925000 0.029167 0.926562 0.035417 0.926562 0.035417 0.925000 0.037500 0.923437 0.037500 0.918750 0.039583 0.917188 0.039583 0.910937 0.037500 0.909375 0.037500 0.907812 0.035417 0.906250 0.027083 0.906250 0.027083 0.907812 0.025000 0.909375 0.006250 0.906250 0.006250 0.893750 0.008333 0.892187 0.008333 0.881250 0.010417 0.879687 0.012500 0.879687 0.014583 0.881250 0.014583 0.882812 0.016667 0.884375 0.016667 0.885938 0.018750 0.885938 0.020833 0.887500 0.031250 0.887500 0.037500 0.882812 0.043750 0.882812 0.050000 0.887500 0.050000 0.889063 0.052083 0.890625 0.060417 0.890625 0.070833 0.882812 0.070833 0.881250 0.079167 0.875000 0.079167 0.873438 0.083333 0.870313 0.085417 0.870313 0.087500 0.868750 0.089583 0.870313 0.095833 0.870313 0.097917 0.871875 0.104167 0.871875 0.106250 0.873438 0.108333 0.873438 0.110417 0.875000 0.112500 0.875000 0.116667 0.878125 0.118750 0.878125 0.122917 0.881250 0.125000 0.881250 0.127083 0.882812 0.127083 0.884375 0.133333 0.889063 0.133333 0.896875 0.131250 0.898438 0.131250 0.900000 0.129167 0.901563 0.129167 0.903125 0.127083 0.904688 0.127083 0.906250 0.125000 0.907812 0.125000 0.910937 0.122917 0.912500 0.122917 0.914062 0.120833 0.915625 0.120833 0.917188 0.116667 0.920313 0.116667 0.921875 0.114583 0.923437 0.114583 0.925000 0.112500 0.926562 0.112500 0.928125 0.110417 0.929688 0.110417 0.935938 0.108333 0.937500 0.108333 0.939062 0.106250 0.940625 0.106250 0.943750 0.104167 0.945312 0.104167 0.946875 0.100000 0.950000 0.097917 0.950000 0.095833 0.951563 0.093750 0.951563 0.093750 0.953125 0.087500 0.957812 0.085417 0.957812 0.085417 0.959375 0.083333 0.960938 0.083333 0.962500 0.072917 0.970312 0.070833 0.970312 0.058333 0.979688 0.054167 0.979688 0.052083 0.981250 0.050000 0.979688 0.037500 0.979688 0.035417 0.978125 0.031250 0.978125 0.029167 0.976562 0.027083 0.976562 0.022917 0.973437 0.020833 0.973437 0.018750 0.971875 0.016667 0.971875 0.014583 0.970312 0.012500 0.970312 0.008333 0.967188 0.008333 0.965625 0.006250 0.964063 0.006250 0.945312 0.004167 0.943750 0.004167 0.929688 0.002083 0.928125 0.000000 0.928125 0.000000 0.998438 0.102083 0.998438 0.102083 0.995313 0.104167 0.993750 0.106250 0.995313 0.106250 0.998438 0.197917 0.998438 0.197917 0.995313 0.200000 0.993750 0.200000 0.992188 0.204167 0.989062 0.204167 0.987500 0.206250 0.985937 0.206250 0.984375 0.208333 0.982813 0.208333 0.978125 0.210417 0.976562 0.210417 0.971875 0.212500 0.970312 0.212500 0.879687 0.210417 0.878125 0.210417 0.865625 0.208333 0.864062 0.208333 0.853125 0.206250 0.851562 0.206250 0.842188 0.204167 0.840625 0.204167 0.832812 0.202083 0.831250 0.202083 0.823438 0.200000 0.821875 0.200000 0.812500 0.197917 0.810938 0.197917 0.807813 0.200000 0.806250 0.200000 0.801562 0.206250 0.796875 0.212500 0.796875 0.214583 0.795313 0.220833 0.795313 0.225000 0.792188 0.227083 0.792188 0.229167 0.790625 0.231250 0.790625 0.235417 0.787500 0.237500 0.787500 0.239583 0.785937 0.239583 0.784375 0.241667 0.782812 0.241667 0.770312 0.243750 0.768750 0.243750 0.767187 0.245833 0.765625 0.252083 0.765625 0.252083 0.745313 0.245833 0.745313 0.241667 0.742188 0.241667 0.732813 0.239583 0.731250 0.239583 0.712500 0.237500 0.710938 0.237500 0.701563 0.235417 0.700000 0.235417 0.693750 0.233333 0.692187 0.233333 0.685938 0.231250 0.684375 0.231250 0.676562 0.229167 0.675000 0.229167 0.668750 0.227083 0.667188 0.227083 0.662500 0.225000 0.660937 0.225000 0.656250 0.222917 0.654688 0.222917 0.650000 0.220833 0.648438 0.220833 0.643750 0.218750 0.642187 0.218750 0.637500 0.216667 0.635938 0.216667 0.631250 0.214583 0.629687 0.214583 0.621875 0.212500 0.620313 0.212500 0.582812 0.210417 0.581250 0.210417 0.576563 0.208333 0.575000 0.208333 0.573438 0.206250 0.571875 0.206250 0.567187 0.204167 0.565625 0.204167 0.562500 0.202083 0.560938 0.202083 0.559375 0.200000 0.557813 0.200000 0.554688 0.197917 0.553125 0.197917 0.546875 0.195833 0.545313 0.195833 0.540625 0.193750 0.539062 0.193750 0.535937 0.189583 0.532812 0.189583 0.531250 0.187500 0.529688 0.187500 0.526563 0.185417 0.525000 0.185417 0.523438 0.183333 0.521875 0.183333 0.520312 0.181250 0.520312 0.179167 0.518750 0.179167 0.517187 0.175000 0.514063 0.175000 0.512500 0.172917 0.510938 0.172917 0.507812 0.170833 0.506250 0.170833 0.504687 0.168750 0.503125 0.168750 0.500000 0.166667 0.498437 0.166667 0.495313 0.164583 0.493750 0.164583 0.489062 0.166667 0.487500 0.166667 0.484375 0.168750 0.482812 0.168750 0.481250 0.172917 0.478125 0.172917 0.476562 0.175000 0.475000 0.175000 0.473437 0.179167 0.470313 0.181250 0.470313 0.185417 0.467187 0.187500 0.467187 0.191667 0.464063 0.191667 0.462500 0.193750 0.460938 0.193750 0.456250 0.195833 0.454688 0.195833 0.445312 0.197917 0.443750 0.197917 0.439063 0.200000 0.437500 0.200000 0.434375 0.202083 0.432813 0.202083 0.428125 0.204167 0.426562 0.204167 0.423438 0.206250 0.421875 0.206250 0.417188 0.208333 0.415625 0.208333 0.412500 0.210417 0.410937 0.210417 0.401563 0.208333 0.400000 0.208333 0.398438 0.206250 0.396875 0.206250 0.395312 0.197917 0.389062 0.197917 0.387500 0.187500 0.379687 0.185417 0.379687 0.179167 0.375000 0.177083 0.375000 0.170833 0.370313 0.168750 0.370313 0.166667 0.368750 0.164583 0.368750 0.160417 0.365625 0.158333 0.365625 0.152083 0.360938 0.150000 0.360938 0.147917 0.359375 0.145833 0.359375 0.143750 0.357812 0.143750 0.353125 0.104167 0.353125 0.104167 0.357812 0.100000 0.360938 0.097917 0.360938 0.095833 0.362500 0.093750 0.362500 0.089583 0.365625 0.087500 0.365625 0.075000 0.375000 0.075000 0.376563 0.068750 0.381250 0.068750 0.382812 0.066667 0.384375 0.066667 0.385938 0.064583 0.387500 0.064583 0.389062 0.062500 0.390625 0.062500 0.392188 0.060417 0.393750 0.060417 0.395312 0.058333 0.396875 0.058333 0.398438 0.056250 0.400000 0.056250 0.404687 0.054167 0.406250 0.054167 0.410937 0.052083 0.412500 0.052083 0.421875 0.050000 0.423438 0.050000 0.428125 0.052083 0.429688 0.052083 0.439063 0.054167 0.440625 0.054167 0.443750 0.056250 0.445312 0.056250 0.450000 0.058333 0.451562 0.058333 0.459375 0.056250 0.460938 0.056250 0.464063 0.050000 0.468750 0.047917 0.468750 0.045833 0.470313 0.045833 0.471875 0.039583 0.476562 0.039583 0.478125 0.031250 0.484375 0.031250 0.485938 0.025000 0.490625 0.025000 0.492188 0.016667 0.498437 0.016667 0.500000 0.010417 0.504687 0.008333 0.504687 0.008333 0.506250 0.002083 0.510938 0.000000 0.510938 0.000000 0.925000 0.002083 0.925000 0.002083 0.923437 0.004167 0.921875 0.004167 0.907812 0.006250 0.906250
0 0.550000 0.690625 0.550000 0.695312 0.529167 0.710938 0.529167 0.712500 0.527083 0.714063 0.527083 0.715625 0.525000 0.717188 0.525000 0.718750 0.522917 0.720312 0.522917 0.723437 0.520833 0.725000 0.520833 0.728125 0.518750 0.729688 0.518750 0.734375 0.516667 0.735937 0.516667 0.742188 0.514583 0.743750 0.514583 0.750000 0.516667 0.751562 0.516667 0.764063 0.514583 0.765625 0.514583 0.768750 0.508333 0.773438 0.506250 0.773438 0.504167 0.775000 0.500000 0.775000 0.497917 0.776563 0.489583 0.776563 0.487500 0.778125 0.483333 0.778125 0.481250 0.779688 0.479167 0.779688 0.470833 0.785937 0.470833 0.787500 0.468750 0.789062 0.468750 0.790625 0.466667 0.792188 0.466667 0.793750 0.460417 0.798437 0.460417 0.800000 0.445833 0.810938 0.445833 0.812500 0.443750 0.814062 0.443750 0.815625 0.441667 0.817187 0.441667 0.818750 0.425000 0.831250 0.425000 0.832812 0.422917 0.834375 0.422917 0.835938 0.418750 0.839063 0.412500 0.839063 0.412500 0.881250 0.418750 0.881250 0.422917 0.884375 0.422917 0.889063 0.427083 0.892187 0.427083 0.893750 0.429167 0.895312 0.435417 0.895312 0.441667 0.900000 0.443750 0.900000 0.445833 0.901563 0.450000 0.901563 0.452083 0.903125 0.454167 0.903125 0.458333 0.906250 0.458333 0.907812 0.460417 0.909375 0.460417 0.914062 0.462500 0.915625 0.462500 0.918750 0.464583 0.920313 0.464583 0.925000 0.466667 0.926562 0.466667 0.929688 0.468750 0.931250 0.468750 0.934375 0.470833 0.935938 0.470833 0.945312 0.472917 0.946875 0.472917 0.956250 0.475000 0.957812 0.475000 0.960938 0.477083 0.962500 0.477083 0.964063 0.479167 0.965625 0.479167 0.967188 0.481250 0.968750 0.481250 0.975000 0.483333 0.976562 0.483333 0.981250 0.485417 0.982813 0.485417 0.985937 0.487500 0.987500 0.487500 0.998438 0.641667 0.998438 0.641667 0.992188 0.643750 0.990625 0.643750 0.987500 0.645833 0.985937 0.645833 0.984375 0.647917 0.982813 0.647917 0.962500 0.645833 0.960938 0.645833 0.956250 0.643750 0.954687 0.643750 0.945312 0.641667 0.943750 0.641667 0.934375 0.639583 0.932813 0.639583 0.926562 0.637500 0.925000 0.637500 0.918750 0.635417 0.917188 0.635417 0.910937 0.633333 0.909375 0.633333 0.901563 0.631250 0.900000 0.631250 0.893750 0.629167 0.892187 0.629167 0.884375 0.637500 0.878125 0.637500 0.876562 0.641667 0.873438 0.641667 0.871875 0.643750 0.870313 0.643750 0.867188 0.645833 0.865625 0.645833 0.862500 0.647917 0.860937 0.647917 0.856250 0.650000 0.854688 0.650000 0.846875 0.647917 0.845312 0.647917 0.840625 0.645833 0.839063 0.645833 0.831250 0.643750 0.829687 0.643750 0.825000 0.641667 0.823438 0.641667 0.821875 0.639583 0.820312 0.639583 0.818750 0.637500 0.817187 0.637500 0.815625 0.629167 0.809375 0.629167 0.807813 0.627083 0.806250 0.627083 0.804688 0.622917 0.801562 0.622917 0.800000 0.612500 0.792188 0.610417 0.792188 0.604167 0.787500 0.602083 0.787500 0.600000 0.785937 0.597917 0.785937 0.593750 0.782812 0.593750 0.775000 0.595833 0.773438 0.595833 0.771875 0.602083 0.767187 0.602083 0.765625 0.604167 0.764063 0.604167 0.762500 0.606250 0.760938 0.606250 0.757812 0.608333 0.756250 0.608333 0.753125 0.610417 0.751562 0.610417 0.748438 0.612500 0.746875 0.612500 0.742188 0.614583 0.740625 0.614583 0.734375 0.612500 0.732813 0.612500 0.721875 0.610417 0.720312 0.610417 0.717188 0.608333 0.715625 0.608333 0.714063 0.606250 0.712500 0.606250 0.710938 0.602083 0.707812 0.602083 0.706250 0.593750 0.700000 0.593750 0.698438 0.589583 0.695312 0.589583 0.690625
74 0.477083 0.253125 0.477083 0.257812 0.475000 0.259375 0.475000 0.260938 0.472917 0.262500 0.472917 0.264062 0.468750 0.267188 0.462500 0.267188 0.462500 0.295312 0.468750 0.295312 0.472917 0.298438 0.475000 0.298438 0.477083 0.300000 0.479167 0.300000 0.483333 0.303125 0.483333 0.307813 0.533333 0.307813 0.533333 0.303125 0.537500 0.300000 0.543750 0.300000 0.543750 0.262500 0.537500 0.262500 0.533333 0.259375 0.533333 0.253125
0 0.408333 0.610937 0.408333 0.612500 0.404167 0.615625 0.404167 0.643750 0.402083 0.645312 0.402083 0.651563 0.400000 0.653125 0.400000 0.657812 0.397917 0.659375 0.397917 0.660937 0.389583 0.667188 0.387500 0.667188 0.385417 0.668750 0.383333 0.668750 0.379167 0.671875 0.377083 0.671875 0.368750 0.678125 0.368750 0.679688 0.366667 0.681250 0.366667 0.684375 0.364583 0.685938 0.364583 0.687500 0.362500 0.689062 0.362500 0.690625 0.360417 0.692187 0.360417 0.693750 0.356250 0.696875 0.356250 0.698438 0.354167 0.700000 0.354167 0.704687 0.352083 0.706250 0.352083 0.710938 0.350000 0.712500 0.350000 0.714063 0.347917 0.715625 0.347917 0.718750 0.345833 0.720312 0.345833 0.721875 0.343750 0.723437 0.341667 0.721875 0.329167 0.721875 0.329167 0.750000 0.335417 0.750000 0.337500 0.751562 0.337500 0.757812 0.339583 0.759375 0.339583 0.765625 0.341667 0.767187 0.341667 0.771875 0.343750 0.773438 0.343750 0.779688 0.345833 0.781250 0.345833 0.787500 0.347917 0.789062 0.347917 0.792188 0.350000 0.793750 0.350000 0.796875 0.352083 0.798437 0.352083 0.801562 0.354167 0.803125 0.354167 0.807813 0.356250 0.809375 0.356250 0.814062 0.358333 0.815625 0.358333 0.825000 0.360417 0.826563 0.360417 0.854688 0.358333 0.856250 0.358333 0.893750 0.356250 0.895312 0.356250 0.896875 0.358333 0.898438 0.358333 0.914062 0.360417 0.915625 0.360417 0.921875 0.362500 0.923437 0.362500 0.926562 0.364583 0.928125 0.364583 0.985937 0.366667 0.987500 0.366667 0.995313 0.368750 0.996875 0.368750 0.998438 0.466667 0.998438 0.466667 0.995313 0.468750 0.993750 0.468750 0.990625 0.470833 0.989062 0.470833 0.962500 0.468750 0.960938 0.468750 0.956250 0.466667 0.954687 0.466667 0.939062 0.464583 0.937500 0.464583 0.931250 0.462500 0.929688 0.462500 0.921875 0.460417 0.920313 0.460417 0.914062 0.458333 0.912500 0.458333 0.907812 0.454167 0.904688 0.450000 0.904688 0.447917 0.903125 0.445833 0.903125 0.443750 0.901563 0.441667 0.901563 0.439583 0.900000 0.437500 0.900000 0.435417 0.898438 0.433333 0.898438 0.425000 0.892187 0.425000 0.890625 0.422917 0.889063 0.422917 0.884375 0.420833 0.882812 0.420833 0.881250 0.418750 0.879687 0.418750 0.854688 0.416667 0.853125 0.416667 0.845312 0.418750 0.843750 0.418750 0.842188 0.420833 0.840625 0.420833 0.839063 0.422917 0.837500 0.422917 0.834375 0.433333 0.826563 0.433333 0.825000 0.437500 0.821875 0.437500 0.820312 0.441667 0.817187 0.441667 0.815625 0.447917 0.810938 0.447917 0.809375 0.460417 0.800000 0.460417 0.798437 0.468750 0.792188 0.468750 0.790625 0.470833 0.789062 0.470833 0.785937 0.481250 0.778125 0.483333 0.778125 0.485417 0.776563 0.489583 0.776563 0.491667 0.775000 0.497917 0.775000 0.500000 0.773438 0.504167 0.773438 0.506250 0.771875 0.508333 0.771875 0.512500 0.768750 0.512500 0.756250 0.510417 0.754687 0.510417 0.751562 0.508333 0.750000 0.508333 0.748438 0.506250 0.746875 0.506250 0.745313 0.497917 0.739062 0.497917 0.737500 0.493750 0.734375 0.493750 0.732813 0.489583 0.729688 0.489583 0.728125 0.487500 0.726562 0.487500 0.721875 0.485417 0.720312 0.485417 0.715625 0.483333 0.714063 0.483333 0.712500 0.481250 0.710938 0.481250 0.709375 0.479167 0.707812 0.479167 0.706250 0.477083 0.704687 0.477083 0.703125 0.472917 0.700000 0.472917 0.698438 0.470833 0.696875 0.470833 0.695312 0.468750 0.693750 0.468750 0.689062 0.470833 0.687500 0.470833 0.684375 0.472917 0.682813 0.472917 0.681250 0.479167 0.676562 0.479167 0.675000 0.493750 0.664062 0.502083 0.664062 0.504167 0.662500 0.504167 0.660937 0.506250 0.659375 0.506250 0.657812 0.508333 0.656250 0.510417 0.656250 0.514583 0.653125 0.514583 0.651563 0.518750 0.648438 0.518750 0.646875 0.520833 0.645312 0.520833 0.626562 0.518750 0.625000 0.518750 0.620313 0.516667 0.618750 0.516667 0.617188 0.514583 0.615625 0.514583 0.612500 0.512500 0.610937 0.512500 0.607813 0.510417 0.606250 0.510417 0.604688 0.495833 0.593750 0.493750 0.593750 0.487500 0.589063 0.485417 0.589063 0.483333 0.587500 0.481250 0.587500 0.479167 0.585938 0.477083 0.585938 0.475000 0.584375 0.472917 0.584375 0.470833 0.582812 0.443750 0.582812 0.441667 0.584375 0.439583 0.584375 0.437500 0.585938 0.435417 0.585938 0.431250 0.589063 0.429167 0.589063 0.427083 0.590625 0.427083 0.592188 0.425000 0.593750 0.425000 0.595312 0.422917 0.596875 0.422917 0.601562 0.420833 0.603125 0.420833 0.604688 0.416667 0.607813 0.414583 0.607813 0.412500 0.609375 0.410417 0.609375 0.408333 0.610937 0.377083 0.596875 0.377083 0.593750 0.375000 0.592188 0.375000 0.589063 0.372917 0.587500 0.372917 0.571875 0.329167 0.571875 0.329167 0.603125 0.335417 0.603125 0.335417 0.601562 0.337500 0.600000 0.337500 0.598437 0.345833 0.592188 0.347917 0.592188 0.350000 0.590625 0.354167 0.590625 0.360417 0.595312 0.375000 0.595312 0.377083 0.596875
0 0.706250 0.596875 0.706250 0.601562 0.702083 0.604688 0.702083 0.606250 0.697917 0.609375 0.697917 0.610937 0.693750 0.614062 0.693750 0.615625 0.691667 0.617188 0.691667 0.625000 0.689583 0.626562 0.691667 0.628125 0.691667 0.632812 0.693750 0.634375 0.693750 0.635938 0.695833 0.637500 0.695833 0.639063 0.697917 0.640625 0.697917 0.645312 0.695833 0.646875 0.695833 0.648438 0.693750 0.650000 0.693750 0.651563 0.691667 0.653125 0.691667 0.654688 0.689583 0.656250 0.689583 0.659375 0.687500 0.660937 0.687500 0.662500 0.685417 0.664062 0.685417 0.667188 0.681250 0.670313 0.681250 0.671875 0.679167 0.673437 0.679167 0.675000 0.677083 0.676562 0.677083 0.678125 0.675000 0.679688 0.675000 0.681250 0.672917 0.682813 0.672917 0.684375 0.670833 0.685938 0.670833 0.687500 0.668750 0.689062 0.662500 0.689062 0.662500 0.720312 0.668750 0.720312 0.672917 0.723437 0.672917 0.725000 0.675000 0.726562 0.675000 0.731250 0.677083 0.732813 0.677083 0.735937 0.679167 0.737500 0.679167 0.739062 0.681250 0.740625 0.681250 0.743750 0.683333 0.745313 0.683333 0.748438 0.685417 0.750000 0.685417 0.756250 0.687500 0.757812 0.687500 0.765625 0.689583 0.767187 0.689583 0.814062 0.691667 0.815625 0.691667 0.820312 0.693750 0.821875 0.693750 0.825000 0.695833 0.826563 0.695833 0.840625 0.697917 0.842188 0.697917 0.859375 0.691667 0.864062 0.691667 0.865625 0.687500 0.868750 0.685417 0.868750 0.679167 0.873438 0.677083 0.873438 0.675000 0.875000 0.672917 0.875000 0.670833 0.876562 0.662500 0.876562 0.662500 0.885938 0.672917 0.885938 0.675000 0.887500 0.677083 0.887500 0.679167 0.889063 0.691667 0.889063 0.693750 0.890625 0.702083 0.890625 0.704167 0.892187 0.706250 0.892187 0.708333 0.893750 0.712500 0.893750 0.714583 0.895312 0.718750 0.895312 0.720833 0.896875 0.720833 0.901563 0.770833 0.901563 0.770833 0.893750 0.772917 0.892187 0.772917 0.875000 0.770833 0.873438 0.770833 0.867188 0.768750 0.865625 0.768750 0.860937 0.766667 0.859375 0.766667 0.845312 0.764583 0.843750 0.764583 0.832812 0.762500 0.831250 0.762500 0.823438 0.760417 0.821875 0.760417 0.815625 0.758333 0.814062 0.758333 0.807813 0.756250 0.806250 0.756250 0.803125 0.752083 0.800000 0.752083 0.798437 0.750000 0.796875 0.750000 0.790625 0.747917 0.789062 0.747917 0.781250 0.750000 0.779688 0.750000 0.775000 0.752083 0.773438 0.752083 0.771875 0.756250 0.768750 0.756250 0.767187 0.758333 0.765625 0.758333 0.764063 0.760417 0.762500 0.760417 0.757812 0.762500 0.756250 0.762500 0.754687 0.764583 0.753125 0.764583 0.751562 0.766667 0.750000 0.766667 0.748438 0.768750 0.746875 0.768750 0.745313 0.770833 0.743750 0.770833 0.739062 0.772917 0.737500 0.772917 0.732813 0.775000 0.731250 0.775000 0.726562 0.777083 0.725000 0.777083 0.721875 0.779167 0.720312 0.785417 0.720312 0.785417 0.668750 0.779167 0.668750 0.777083 0.667188 0.777083 0.665625 0.775000 0.664062 0.775000 0.660937 0.772917 0.659375 0.772917 0.657812 0.770833 0.656250 0.770833 0.654688 0.766667 0.651563 0.766667 0.650000 0.752083 0.639063 0.752083 0.637500 0.750000 0.635938 0.750000 0.631250 0.747917 0.629687 0.747917 0.620313 0.745833 0.618750 0.745833 0.614062 0.743750 0.612500 0.743750 0.610937 0.741667 0.609375 0.741667 0.607813 0.739583 0.606250 0.739583 0.604688 0.737500 0.603125 0.737500 0.596875
0 0.870833 0.634375 0.870833 0.639063 0.866667 0.642187 0.866667 0.643750 0.864583 0.645312 0.864583 0.646875 0.858333 0.651563 0.858333 0.654688 0.856250 0.656250 0.856250 0.675000 0.854167 0.676562 0.854167 0.684375 0.852083 0.685938 0.852083 0.689062 0.843750 0.695312 0.841667 0.695312 0.839583 0.696875 0.839583 0.698438 0.837500 0.700000 0.837500 0.701563 0.835417 0.703125 0.829167 0.703125 0.829167 0.721875 0.835417 0.721875 0.839583 0.725000 0.839583 0.726562 0.841667 0.728125 0.841667 0.731250 0.843750 0.732813 0.843750 0.740625 0.841667 0.742188 0.841667 0.748438 0.843750 0.750000 0.843750 0.771875 0.845833 0.773438 0.845833 0.776563 0.847917 0.778125 0.847917 0.785937 0.850000 0.787500 0.850000 0.796875 0.852083 0.798437 0.852083 0.804688 0.854167 0.806250 0.854167 0.809375 0.852083 0.810938 0.852083 0.817187 0.850000 0.818750 0.850000 0.834375 0.852083 0.835938 0.852083 0.843750 0.854167 0.845312 0.854167 0.850000 0.856250 0.851562 0.856250 0.857813 0.858333 0.859375 0.858333 0.864062 0.860417 0.865625 0.860417 0.870313 0.862500 0.871875 0.862500 0.875000 0.864583 0.876562 0.864583 0.882812 0.887500 0.882812 0.887500 0.871875 0.889583 0.870313 0.889583 0.859375 0.891667 0.857813 0.891667 0.834375 0.889583 0.832812 0.889583 0.818750 0.891667 0.817187 0.891667 0.812500 0.893750 0.810938 0.895833 0.810938 0.897917 0.812500 0.897917 0.815625 0.900000 0.817187 0.900000 0.820312 0.902083 0.821875 0.902083 0.828125 0.904167 0.829687 0.904167 0.834375 0.906250 0.835938 0.906250 0.851562 0.908333 0.853125 0.908333 0.862500 0.910417 0.864062 0.910417 0.865625 0.914583 0.868750 0.914583 0.870313 0.916667 0.871875 0.916667 0.875000 0.918750 0.876562 0.918750 0.882812 0.952083 0.882812 0.952083 0.864062 0.945833 0.864062 0.941667 0.860937 0.941667 0.859375 0.939583 0.857813 0.939583 0.843750 0.937500 0.842188 0.937500 0.832812 0.935417 0.831250 0.935417 0.815625 0.933333 0.814062 0.933333 0.800000 0.931250 0.798437 0.931250 0.776563 0.929167 0.775000 0.929167 0.770312 0.927083 0.768750 0.927083 0.757812 0.929167 0.756250 0.929167 0.753125 0.931250 0.751562 0.931250 0.743750 0.929167 0.742188 0.929167 0.726562 0.927083 0.725000 0.927083 0.721875 0.925000 0.720312 0.925000 0.718750 0.922917 0.717188 0.922917 0.712500 0.920833 0.710938 0.920833 0.695312 0.918750 0.693750 0.918750 0.690625 0.916667 0.689062 0.916667 0.687500 0.914583 0.685938 0.914583 0.684375 0.912500 0.682813 0.912500 0.681250 0.910417 0.679688 0.910417 0.676562 0.908333 0.675000 0.908333 0.670313 0.910417 0.668750 0.910417 0.660937 0.908333 0.659375 0.908333 0.653125 0.906250 0.651563 0.906250 0.648438 0.904167 0.646875 0.904167 0.645312 0.902083 0.643750 0.902083 0.642187 0.900000 0.640625 0.900000 0.634375
5 0.310417 0.484375 0.310417 0.489062 0.308333 0.490625 0.300000 0.490625 0.297917 0.492188 0.272917 0.492188 0.270833 0.493750 0.222917 0.493750 0.220833 0.492188 0.204167 0.492188 0.202083 0.490625 0.183333 0.490625 0.181250 0.492188 0.175000 0.492188 0.172917 0.493750 0.162500 0.493750 0.162500 0.503125 0.168750 0.503125 0.175000 0.507812 0.175000 0.509375 0.177083 0.510938 0.177083 0.512500 0.181250 0.515625 0.181250 0.518750 0.187500 0.523438 0.187500 0.525000 0.189583 0.526563 0.189583 0.529688 0.191667 0.531250 0.191667 0.532812 0.193750 0.534375 0.193750 0.535937 0.195833 0.537500 0.195833 0.539062 0.197917 0.540625 0.197917 0.543750 0.200000 0.545313 0.200000 0.550000 0.202083 0.551562 0.202083 0.557813 0.204167 0.559375 0.204167 0.560938 0.206250 0.562500 0.206250 0.564062 0.208333 0.565625 0.208333 0.567187 0.210417 0.568750 0.210417 0.573438 0.212500 0.575000 0.212500 0.579687 0.214583 0.581250 0.214583 0.585938 0.216667 0.587500 0.216667 0.596875 0.214583 0.598437 0.214583 0.609375 0.216667 0.610937 0.216667 0.621875 0.218750 0.623438 0.218750 0.629687 0.220833 0.631250 0.220833 0.634375 0.222917 0.635938 0.222917 0.639063 0.225000 0.640625 0.225000 0.642187 0.227083 0.643750 0.227083 0.646875 0.229167 0.648438 0.229167 0.651563 0.231250 0.653125 0.231250 0.654688 0.233333 0.656250 0.233333 0.657812 0.235417 0.659375 0.235417 0.664062 0.237500 0.665625 0.237500 0.668750 0.239583 0.670313 0.239583 0.678125 0.241667 0.679688 0.241667 0.685938 0.243750 0.687500 0.243750 0.701563 0.258333 0.701563 0.258333 0.692187 0.260417 0.690625 0.260417 0.687500 0.258333 0.685938 0.258333 0.676562 0.256250 0.675000 0.256250 0.660937 0.258333 0.659375 0.258333 0.657812 0.262500 0.654688 0.264583 0.654688 0.264583 0.653125 0.266667 0.651563 0.266667 0.650000 0.268750 0.648438 0.268750 0.645312 0.275000 0.640625 0.275000 0.639063 0.277083 0.637500 0.277083 0.634375 0.285417 0.628125 0.285417 0.625000 0.287500 0.623438 0.287500 0.618750 0.289583 0.617188 0.289583 0.615625 0.291667 0.614062 0.291667 0.612500 0.293750 0.610937 0.293750 0.609375 0.295833 0.607813 0.295833 0.606250 0.300000 0.603125 0.302083 0.603125 0.304167 0.601562 0.304167 0.600000 0.308333 0.596875 0.310417 0.596875 0.316667 0.592188 0.316667 0.590625 0.318750 0.589063 0.318750 0.585938 0.316667 0.584375 0.316667 0.570312 0.318750 0.568750 0.318750 0.565625 0.320833 0.564062 0.320833 0.562500 0.322917 0.560938 0.322917 0.559375 0.325000 0.557813 0.325000 0.556250 0.329167 0.553125 0.331250 0.553125 0.335417 0.550000 0.339583 0.550000 0.341667 0.548437 0.347917 0.548437 0.350000 0.546875 0.358333 0.546875 0.360417 0.548437 0.364583 0.548437 0.375000 0.556250 0.375000 0.557813 0.377083 0.559375 0.377083 0.564062 0.379167 0.565625 0.377083 0.567187 0.377083 0.585938 0.379167 0.587500 0.379167 0.589063 0.393750 0.600000 0.393750 0.601562 0.395833 0.603125 0.397917 0.603125 0.400000 0.604688 0.406250 0.604688 0.408333 0.603125 0.410417 0.603125 0.412500 0.601562 0.412500 0.600000 0.414583 0.598437 0.414583 0.596875 0.427083 0.587500 0.429167 0.587500 0.431250 0.585938 0.435417 0.585938 0.437500 0.584375 0.443750 0.584375 0.445833 0.582812 0.468750 0.582812 0.470833 0.584375 0.477083 0.584375 0.479167 0.585938 0.481250 0.585938 0.483333 0.587500 0.485417 0.587500 0.487500 0.589063 0.489583 0.589063 0.491667 0.590625 0.493750 0.590625 0.497917 0.593750 0.500000 0.593750 0.512500 0.603125 0.512500 0.604688 0.516667 0.607813 0.516667 0.609375 0.518750 0.610937 0.518750 0.612500 0.520833 0.614062 0.520833 0.617188 0.522917 0.618750 0.522917 0.621875 0.525000 0.623438 0.525000 0.634375 0.527083 0.635938 0.527083 0.640625 0.525000 0.642187 0.525000 0.646875 0.522917 0.648438 0.522917 0.650000 0.518750 0.653125 0.518750 0.654688 0.514583 0.657812 0.514583 0.660937 0.516667 0.662500 0.516667 0.664062 0.520833 0.667188 0.522917 0.667188 0.529167 0.671875 0.531250 0.671875 0.533333 0.673437 0.535417 0.673437 0.537500 0.675000 0.545833 0.675000 0.554167 0.668750 0.554167 0.665625 0.556250 0.664062 0.556250 0.657812 0.562500 0.653125 0.568750 0.653125 0.568750 0.557813 0.562500 0.557813 0.560417 0.556250 0.560417 0.554688 0.558333 0.553125 0.558333 0.543750 0.556250 0.542188 0.556250 0.532812 0.554167 0.531250 0.554167 0.525000 0.552083 0.523438 0.552083 0.520312 0.550000 0.518750 0.550000 0.517187 0.547917 0.515625 0.547917 0.512500 0.545833 0.510938 0.545833 0.509375 0.543750 0.507812 0.543750 0.506250 0.541667 0.504687 0.541667 0.503125 0.535417 0.498437 0.535417 0.496875 0.533333 0.495313 0.531250 0.495313 0.522917 0.489062 0.522917 0.484375
0 0.391667 0.901563 0.389583 0.903125 0.387500 0.903125 0.379167 0.909375 0.379167 0.912500 0.377083 0.914062 0.377083 0.915625 0.375000 0.917188 0.375000 0.921875 0.372917 0.923437 0.372917 0.932813 0.370833 0.934375 0.370833 0.945312 0.410417 0.945312 0.410417 0.901563 0.391667 0.901563 0.370833 0.870313 0.370833 0.865625 0.331250 0.739062 0.333333 0.737500 0.335417 0.737500 0.337500 0.735937 0.337500 0.734375 0.339583 0.732813 0.339583 0.731250 0.341667 0.729688 0.341667 0.726562 0.343750 0.725000 0.343750 0.721875 0.345833 0.720312 0.345833 0.717188 0.347917 0.715625 0.347917 0.714063 0.350000 0.712500 0.350000 0.710938 0.352083 0.709375 0.352083 0.707812 0.354167 0.706250 0.354167 0.704687 0.356250 0.703125 0.356250 0.700000 0.358333 0.698438 0.358333 0.696875 0.360417 0.695312 0.360417 0.693750 0.362500 0.692187 0.362500 0.689062 0.364583 0.687500 0.364583 0.685938 0.366667 0.684375 0.366667 0.682813 0.370833 0.679688 0.370833 0.678125 0.379167 0.671875 0.381250 0.671875 0.385417 0.668750 0.387500 0.668750 0.391667 0.665625 0.393750 0.665625 0.395833 0.664062 0.395833 0.662500 0.397917 0.660937 0.397917 0.659375 0.400000 0.657812 0.400000 0.656250 0.402083 0.654688 0.402083 0.653125 0.404167 0.651563 0.410417 0.651563 0.410417 0.607813 0.402083 0.607813 0.393750 0.601562 0.391667 0.601562 0.377083 0.590625 0.377083 0.589063 0.375000 0.587500 0.375000 0.585938 0.372917 0.584375 0.372917 0.576563 0.375000 0.575000 0.375000 0.562500 0.372917 0.560938 0.372917 0.559375 0.370833 0.557813 0.370833 0.556250 0.368750 0.554688 0.368750 0.546875 0.333333 0.546875 0.333333 0.553125 0.325000 0.559375 0.325000 0.560938 0.322917 0.562500 0.320833 0.562500 0.320833 0.564062 0.318750 0.565625 0.318750 0.570312 0.316667 0.571875 0.316667 0.592188 0.304167 0.601562 0.304167 0.603125 0.297917 0.607813 0.297917 0.609375 0.295833 0.610937 0.295833 0.612500 0.293750 0.614062 0.293750 0.615625 0.291667 0.617188 0.291667 0.620313 0.289583 0.621875 0.289583 0.623438 0.287500 0.625000 0.287500 0.628125 0.285417 0.629687 0.285417 0.632812 0.283333 0.634375 0.283333 0.637500 0.281250 0.639063 0.281250 0.640625 0.279167 0.642187 0.279167 0.645312 0.277083 0.646875 0.277083 0.650000 0.275000 0.651563 0.275000 0.673437 0.272917 0.675000 0.272917 0.693750 0.270833 0.695312 0.270833 0.700000 0.268750 0.701563 0.268750 0.704687 0.266667 0.706250 0.266667 0.709375 0.264583 0.710938 0.264583 0.717188 0.262500 0.718750 0.262500 0.720312 0.260417 0.721875 0.254167 0.721875 0.254167 0.764063 0.260417 0.764063 0.266667 0.759375 0.268750 0.759375 0.268750 0.757812 0.270833 0.756250 0.270833 0.754687 0.272917 0.753125 0.272917 0.745313 0.277083 0.742188 0.281250 0.742188 0.283333 0.740625 0.293750 0.740625 0.295833 0.739062 0.331250 0.739062 0.370833 0.865625 0.370833 0.870313
2 0.925000 0.690625 0.925000 0.704687 0.927083 0.706250 0.927083 0.714063 0.929167 0.715625 0.929167 0.718750 0.931250 0.720312 0.931250 0.723437 0.933333 0.725000 0.933333 0.731250 0.935417 0.732813 0.935417 0.762500 0.937500 0.764063 0.937500 0.770312 0.939583 0.771875 0.939583 0.779688 0.937500 0.781250 0.937500 0.803125 0.939583 0.804688 0.941667 0.804688 0.943750 0.806250 0.947917 0.806250 0.950000 0.807813 0.956250 0.807813 0.958333 0.809375 0.962500 0.809375 0.964583 0.810938 0.966667 0.810938 0.968750 0.812500 0.970833 0.812500 0.972917 0.814062 0.975000 0.814062 0.977083 0.815625 0.977083 0.820312 0.991667 0.820312 0.991667 0.809375 0.993750 0.807813 0.993750 0.806250 0.995833 0.804688 0.997917 0.804688 0.997917 0.698438 0.989583 0.698438 0.987500 0.696875 0.985417 0.696875 0.983333 0.695312 0.983333 0.690625
0 0.641667 0.653125 0.641667 0.660937 0.639583 0.662500 0.639583 0.671875 0.637500 0.673437 0.637500 0.675000 0.629167 0.681250 0.620833 0.681250 0.620833 0.745313 0.627083 0.745313 0.629167 0.746875 0.629167 0.748438 0.631250 0.750000 0.631250 0.757812 0.633333 0.759375 0.633333 0.795313 0.631250 0.796875 0.631250 0.800000 0.629167 0.801562 0.633333 0.804688 0.633333 0.806250 0.635417 0.807813 0.635417 0.809375 0.637500 0.810938 0.637500 0.812500 0.639583 0.812500 0.641667 0.814062 0.641667 0.820312 0.647917 0.820312 0.647917 0.814062 0.650000 0.812500 0.650000 0.810938 0.652083 0.809375 0.654167 0.809375 0.662500 0.815625 0.662500 0.820312 0.668750 0.820312 0.668750 0.815625 0.670833 0.814062 0.670833 0.812500 0.672917 0.810938 0.672917 0.806250 0.675000 0.804688 0.675000 0.796875 0.677083 0.795313 0.677083 0.779688 0.675000 0.778125 0.677083 0.776563 0.677083 0.771875 0.679167 0.770312 0.685417 0.770312 0.685417 0.732813 0.679167 0.732813 0.675000 0.729688 0.675000 0.726562 0.672917 0.725000 0.672917 0.721875 0.670833 0.720312 0.670833 0.717188 0.668750 0.715625 0.668750 0.709375 0.666667 0.707812 0.666667 0.703125 0.668750 0.701563 0.668750 0.690625 0.666667 0.689062 0.666667 0.682813 0.662500 0.679688 0.662500 0.678125 0.660417 0.676562 0.660417 0.675000 0.658333 0.673437 0.658333 0.667188 0.656250 0.665625 0.656250 0.653125
9 0.587500 0.590625 0.587500 0.645312 0.618750 0.645312 0.618750 0.590625
9 0.620833 0.584375 0.620833 0.645312 0.639583 0.645312 0.639583 0.640625 0.641667 0.639063 0.641667 0.635938 0.645833 0.632812 0.652083 0.632812 0.652083 0.584375
74 0.412500 0.265625 0.412500 0.326562 0.418750 0.326562 0.420833 0.325000 0.420833 0.323438 0.422917 0.321875 0.422917 0.320312 0.429167 0.315625 0.435417 0.315625 0.435417 0.265625
24 0.295833 0.734375 0.295833 0.739062 0.293750 0.740625 0.291667 0.740625 0.289583 0.742188 0.285417 0.742188 0.283333 0.743750 0.281250 0.743750 0.279167 0.745313 0.279167 0.748438 0.277083 0.750000 0.277083 0.753125 0.262500 0.764063 0.262500 0.765625 0.260417 0.767187 0.260417 0.770312 0.258333 0.771875 0.258333 0.778125 0.256250 0.779688 0.256250 0.782812 0.254167 0.784375 0.254167 0.785937 0.252083 0.787500 0.252083 0.790625 0.247917 0.793750 0.247917 0.795313 0.245833 0.796875 0.237500 0.796875 0.237500 0.810938 0.245833 0.810938 0.247917 0.812500 0.247917 0.814062 0.250000 0.815625 0.250000 0.817187 0.254167 0.820312 0.254167 0.821875 0.258333 0.825000 0.258333 0.834375 0.256250 0.835938 0.256250 0.839063 0.254167 0.840625 0.254167 0.843750 0.252083 0.845312 0.252083 0.850000 0.250000 0.851562 0.250000 0.854688 0.247917 0.856250 0.247917 0.862500 0.245833 0.864062 0.245833 0.871875 0.247917 0.873438 0.247917 0.876562 0.250000 0.878125 0.250000 0.879687 0.254167 0.882812 0.254167 0.884375 0.256250 0.885938 0.256250 0.887500 0.258333 0.889063 0.258333 0.890625 0.262500 0.893750 0.262500 0.895312 0.264583 0.896875 0.264583 0.898438 0.275000 0.906250 0.277083 0.906250 0.279167 0.907812 0.281250 0.907812 0.285417 0.910937 0.285417 0.912500 0.287500 0.914062 0.289583 0.914062 0.291667 0.915625 0.291667 0.917188 0.293750 0.918750 0.293750 0.926562 0.310417 0.926562 0.310417 0.921875 0.312500 0.920313 0.312500 0.917188 0.320833 0.910937 0.322917 0.910937 0.325000 0.909375 0.325000 0.907812 0.327083 0.906250 0.337500 0.906250 0.339583 0.904688 0.345833 0.904688 0.347917 0.903125 0.347917 0.901563 0.350000 0.900000 0.350000 0.898438 0.352083 0.896875 0.352083 0.875000 0.350000 0.873438 0.350000 0.864062 0.352083 0.862500 0.352083 0.857813 0.354167 0.856250 0.354167 0.853125 0.356250 0.851562 0.356250 0.848437 0.358333 0.846875 0.358333 0.834375 0.356250 0.832812 0.356250 0.817187 0.354167 0.815625 0.354167 0.812500 0.352083 0.810938 0.352083 0.807813 0.350000 0.806250 0.350000 0.803125 0.347917 0.801562 0.347917 0.798437 0.345833 0.796875 0.345833 0.793750 0.343750 0.792188 0.343750 0.789062 0.341667 0.787500 0.341667 0.781250 0.339583 0.779688 0.339583 0.771875 0.337500 0.770312 0.337500 0.760938 0.335417 0.759375 0.335417 0.748438 0.333333 0.746875 0.333333 0.734375
2 0.779167 0.715625 0.779167 0.725000 0.777083 0.726562 0.777083 0.732813 0.775000 0.734375 0.775000 0.739062 0.772917 0.740625 0.772917 0.742188 0.770833 0.743750 0.770833 0.746875 0.768750 0.748438 0.768750 0.750000 0.766667 0.751562 0.766667 0.754687 0.764583 0.756250 0.764583 0.757812 0.760417 0.760938 0.754167 0.760938 0.754167 0.807813 0.772917 0.807813 0.772917 0.803125 0.777083 0.800000 0.779167 0.800000 0.781250 0.798437 0.785417 0.798437 0.787500 0.796875 0.789583 0.796875 0.791667 0.795313 0.793750 0.795313 0.795833 0.793750 0.812500 0.793750 0.814583 0.795313 0.818750 0.795313 0.820833 0.796875 0.827083 0.796875 0.829167 0.798437 0.831250 0.798437 0.835417 0.801562 0.835417 0.807813 0.852083 0.807813 0.852083 0.775000 0.845833 0.775000 0.843750 0.773438 0.843750 0.771875 0.841667 0.770312 0.841667 0.751562 0.839583 0.750000 0.839583 0.734375 0.837500 0.732813 0.837500 0.729688 0.831250 0.725000 0.831250 0.721875 0.829167 0.720312 0.829167 0.715625
9 0.595833 0.584375 0.595833 0.645312 0.635417 0.645312 0.635417 0.637500 0.625000 0.637500 0.620833 0.634375 0.620833 0.631250 0.622917 0.629687 0.622917 0.628125 0.625000 0.626562 0.625000 0.609375 0.627083 0.607813 0.627083 0.598437 0.629167 0.596875 0.635417 0.596875 0.635417 0.584375
0 0.327083 0.546875 0.327083 0.553125 0.322917 0.556250 0.322917 0.557813 0.316667 0.562500 0.316667 0.564062 0.314583 0.565625 0.316667 0.567187 0.316667 0.579687 0.314583 0.581250 0.314583 0.590625 0.304167 0.598437 0.304167 0.600000 0.302083 0.601562 0.302083 0.603125 0.300000 0.604688 0.300000 0.606250 0.295833 0.609375 0.295833 0.610937 0.293750 0.612500 0.293750 0.615625 0.291667 0.617188 0.291667 0.620313 0.289583 0.621875 0.289583 0.623438 0.287500 0.625000 0.287500 0.628125 0.285417 0.629687 0.285417 0.634375 0.283333 0.635938 0.283333 0.639063 0.281250 0.640625 0.281250 0.642187 0.279167 0.643750 0.279167 0.646875 0.277083 0.648438 0.277083 0.653125 0.275000 0.654688 0.275000 0.676562 0.272917 0.678125 0.272917 0.698438 0.270833 0.700000 0.270833 0.703125 0.268750 0.704687 0.268750 0.707812 0.266667 0.709375 0.266667 0.714063 0.264583 0.715625 0.264583 0.718750 0.262500 0.720312 0.262500 0.721875 0.260417 0.723437 0.260417 0.725000 0.258333 0.726562 0.258333 0.729688 0.256250 0.731250 0.256250 0.743750 0.254167 0.745313 0.245833 0.745313 0.245833 0.759375 0.256250 0.759375 0.258333 0.757812 0.260417 0.757812 0.262500 0.756250 0.262500 0.754687 0.264583 0.753125 0.264583 0.750000 0.262500 0.748438 0.262500 0.746875 0.266667 0.743750 0.268750 0.743750 0.275000 0.739062 0.283333 0.739062 0.285417 0.737500 0.304167 0.737500 0.306250 0.735937 0.320833 0.735937 0.322917 0.737500 0.331250 0.737500 0.333333 0.735937 0.335417 0.735937 0.337500 0.734375 0.337500 0.732813 0.339583 0.731250 0.339583 0.728125 0.341667 0.726562 0.341667 0.723437 0.343750 0.721875 0.343750 0.718750 0.345833 0.717188 0.345833 0.714063 0.347917 0.712500 0.347917 0.710938 0.350000 0.709375 0.350000 0.707812 0.352083 0.706250 0.352083 0.704687 0.354167 0.703125 0.354167 0.701563 0.356250 0.700000 0.356250 0.696875 0.358333 0.695312 0.358333 0.693750 0.360417 0.692187 0.360417 0.690625 0.362500 0.689062 0.362500 0.685938 0.366667 0.682813 0.366667 0.681250 0.370833 0.678125 0.370833 0.676562 0.377083 0.671875 0.379167 0.671875 0.383333 0.668750 0.385417 0.668750 0.389583 0.665625 0.391667 0.665625 0.395833 0.662500 0.395833 0.660937 0.397917 0.659375 0.397917 0.657812 0.400000 0.656250 0.400000 0.653125 0.402083 0.651563 0.402083 0.625000 0.404167 0.623438 0.404167 0.609375 0.391667 0.600000 0.389583 0.600000 0.381250 0.593750 0.381250 0.592188 0.375000 0.587500 0.375000 0.584375 0.372917 0.582812 0.372917 0.581250 0.375000 0.579687 0.375000 0.571875 0.377083 0.570312 0.377083 0.562500 0.375000 0.560938 0.375000 0.557813 0.372917 0.556250 0.372917 0.546875
