2 0.214286 0.796875 0.214286 0.998438 0.289227 0.998438 0.289227 0.992188 0.291569 0.990625 0.291569 0.989062 0.293911 0.987500 0.293911 0.985937 0.298595 0.982813 0.300937 0.982813 0.303279 0.981250 0.310304 0.981250 0.312646 0.979688 0.317330 0.979688 0.319672 0.978125 0.322014 0.978125 0.324356 0.976562 0.329040 0.976562 0.331382 0.975000 0.340749 0.975000 0.343091 0.973437 0.357143 0.973437 0.359485 0.971875 0.373536 0.971875 0.375878 0.973437 0.380562 0.973437 0.385246 0.976562 0.387588 0.976562 0.389930 0.978125 0.392272 0.978125 0.394614 0.979688 0.396955 0.979688 0.399297 0.981250 0.401639 0.981250 0.403981 0.982813 0.429742 0.982813 0.432084 0.981250 0.436768 0.981250 0.439110 0.979688 0.441452 0.979688 0.448478 0.975000 0.448478 0.973437 0.453162 0.970312 0.453162 0.967188 0.457845 0.964063 0.464871 0.964063 0.464871 0.907812 0.457845 0.907812 0.453162 0.904688 0.453162 0.903125 0.450820 0.901563 0.450820 0.900000 0.448478 0.898438 0.448478 0.896875 0.441452 0.892187 0.441452 0.890625 0.439110 0.889063 0.439110 0.884375 0.436768 0.882812 0.436768 0.875000 0.434426 0.873438 0.434426 0.868750 0.432084 0.867188 0.432084 0.864062 0.429742 0.862500 0.429742 0.859375 0.425059 0.856250 0.425059 0.854688 0.422717 0.853125 0.422717 0.851562 0.418033 0.848437 0.418033 0.846875 0.415691 0.845312 0.415691 0.843750 0.411007 0.840625 0.411007 0.839063 0.408665 0.837500 0.408665 0.835938 0.403981 0.832812 0.403981 0.831250 0.401639 0.829687 0.401639 0.828125 0.385246 0.817187 0.385246 0.815625 0.382904 0.814062 0.382904 0.812500 0.375878 0.807813 0.371194 0.807813 0.368852 0.806250 0.361827 0.806250 0.359485 0.804688 0.352459 0.804688 0.347775 0.801562 0.347775 0.796875
0 0.914520 0.796875 0.914520 0.801562 0.912178 0.803125 0.912178 0.804688 0.909836 0.806250 0.909836 0.809375 0.907494 0.810938 0.907494 0.815625 0.905152 0.817187 0.905152 0.823438 0.902810 0.825000 0.902810 0.826563 0.895785 0.831250 0.893443 0.831250 0.891101 0.832812 0.888759 0.832812 0.877049 0.840625 0.870023 0.840625 0.870023 0.909375 0.877049 0.909375 0.879391 0.910937 0.879391 0.914062 0.881733 0.915625 0.881733 0.917188 0.884075 0.918750 0.884075 0.921875 0.886417 0.923437 0.886417 0.932813 0.888759 0.934375 0.888759 0.976562 0.886417 0.978125 0.886417 0.995313 0.888759 0.996875 0.888759 0.998438 0.912178 0.998438 0.912178 0.956250 0.914520 0.954687 0.914520 0.948438 0.916862 0.946875 0.916862 0.943750 0.919204 0.942187 0.919204 0.935938 0.921546 0.934375 0.921546 0.929688 0.923888 0.928125 0.928571 0.931250 0.928571 0.935938 0.930913 0.937500 0.930913 0.942187 0.935597 0.945312 0.935597 0.948438 0.937939 0.950000 0.937939 0.964063 0.940281 0.965625 0.940281 0.970312 0.942623 0.971875 0.942623 0.975000 0.944965 0.976562 0.944965 0.982813 0.947307 0.984375 0.947307 0.987500 0.949649 0.989062 0.949649 0.993750 0.951991 0.995313 0.951991 0.998438 0.980094 0.998438 0.980094 0.973437 0.973068 0.973437 0.970726 0.971875 0.970726 0.968750 0.968384 0.967188 0.968384 0.957812 0.966042 0.956250 0.966042 0.950000 0.963700 0.948438 0.963700 0.943750 0.961358 0.942187 0.961358 0.935938 0.959016 0.934375 0.959016 0.923437 0.961358 0.921875 0.961358 0.917188 0.966042 0.914062 0.966042 0.907812 0.963700 0.906250 0.963700 0.903125 0.961358 0.901563 0.961358 0.900000 0.959016 0.898438 0.959016 0.892187 0.956674 0.890625 0.956674 0.876562 0.959016 0.875000 0.959016 0.867188 0.961358 0.865625 0.961358 0.859375 0.963700 0.857813 0.963700 0.853125 0.966042 0.851562 0.963700 0.850000 0.963700 0.845312 0.961358 0.843750 0.961358 0.842188 0.959016 0.840625 0.959016 0.839063 0.956674 0.837500 0.956674 0.835938 0.954333 0.834375 0.954333 0.832812 0.949649 0.829687 0.949649 0.814062 0.947307 0.812500 0.947307 0.806250 0.944965 0.804688 0.944965 0.796875
5 0.000000 0.609375 0.000000 0.998438 0.230679 0.998438 0.230679 0.995313 0.223653 0.995313 0.218970 0.992188 0.218970 0.984375 0.221311 0.982813 0.221311 0.981250 0.223653 0.979688 0.230679 0.979688 0.230679 0.934375 0.223653 0.934375 0.221311 0.932813 0.221311 0.931250 0.218970 0.929688 0.218970 0.895312 0.221311 0.893750 0.221311 0.890625 0.223653 0.889063 0.230679 0.889063 0.230679 0.850000 0.223653 0.850000 0.221311 0.848437 0.221311 0.837500 0.218970 0.835938 0.218970 0.829687 0.216628 0.828125 0.216628 0.798437 0.214286 0.796875 0.214286 0.793750 0.211944 0.792188 0.211944 0.760938 0.214286 0.759375 0.214286 0.756250 0.216628 0.754687 0.216628 0.751562 0.218970 0.750000 0.218970 0.726562 0.223653 0.723437 0.230679 0.723437 0.230679 0.712500 0.223653 0.712500 0.221311 0.710938 0.221311 0.709375 0.218970 0.707812 0.218970 0.695312 0.216628 0.693750 0.216628 0.675000 0.214286 0.673437 0.214286 0.654688 0.211944 0.653125 0.211944 0.651563 0.207260 0.648438 0.204918 0.648438 0.200234 0.645312 0.197892 0.645312 0.195550 0.643750 0.190867 0.643750 0.188525 0.642187 0.181499 0.642187 0.179157 0.640625 0.172131 0.640625 0.169789 0.639063 0.158080 0.639063 0.155738 0.637500 0.151054 0.637500 0.148712 0.635938 0.141686 0.635938 0.139344 0.634375 0.137002 0.634375 0.134660 0.632812 0.129977 0.632812 0.127635 0.631250 0.122951 0.631250 0.120609 0.629687 0.115925 0.629687 0.113583 0.628125 0.108899 0.628125 0.101874 0.623438 0.099532 0.623438 0.097190 0.621875 0.094848 0.621875 0.092506 0.620313 0.083138 0.620313 0.078454 0.617188 0.073770 0.617188 0.069087 0.614062 0.069087 0.609375
9 0.570258 0.000000 0.570258 0.114063 0.588993 0.114063 0.591335 0.115625 0.591335 0.120312 0.633489 0.120312 0.633489 0.115625 0.635831 0.114063 0.640515 0.114063 0.642857 0.112500 0.654567 0.112500 0.656909 0.110937 0.659251 0.110937 0.661592 0.109375 0.661592 0.106250 0.663934 0.104687 0.663934 0.096875 0.675644 0.089062 0.677986 0.089062 0.680328 0.087500 0.685012 0.087500 0.687354 0.085938 0.692037 0.085938 0.694379 0.084375 0.696721 0.084375 0.699063 0.082813 0.701405 0.082813 0.703747 0.081250 0.708431 0.081250 0.710773 0.079687 0.713115 0.079687 0.715457 0.078125 0.717799 0.078125 0.720141 0.076563 0.722482 0.076563 0.724824 0.075000 0.729508 0.075000 0.731850 0.073437 0.736534 0.073437 0.738876 0.071875 0.741218 0.071875 0.755269 0.062500 0.764637 0.062500 0.764637 0.021875 0.752927 0.021875 0.750585 0.020312 0.748244 0.020312 0.745902 0.018750 0.706089 0.018750 0.703747 0.020312 0.685012 0.020312 0.682670 0.018750 0.675644 0.018750 0.673302 0.017188 0.670960 0.017188 0.668618 0.015625 0.682670 0.006250 0.685012 0.006250 0.687354 0.004688 0.694379 0.004688 0.696721 0.003125 0.701405 0.003125 0.703747 0.001563 0.703747 0.000000
1 0.680328 0.840625 0.680328 0.848437 0.677986 0.850000 0.675644 0.850000 0.673302 0.851562 0.670960 0.851562 0.663934 0.856250 0.661592 0.856250 0.647541 0.865625 0.647541 0.867188 0.642857 0.870313 0.642857 0.871875 0.638173 0.875000 0.635831 0.875000 0.624122 0.882812 0.621780 0.882812 0.619438 0.884375 0.614754 0.884375 0.610070 0.881250 0.610070 0.878125 0.596019 0.868750 0.593677 0.868750 0.591335 0.867188 0.586651 0.867188 0.581967 0.870313 0.581967 0.871875 0.577283 0.875000 0.570258 0.875000 0.570258 0.907812 0.579625 0.907812 0.581967 0.909375 0.586651 0.909375 0.588993 0.910937 0.607728 0.910937 0.610070 0.909375 0.612412 0.909375 0.614754 0.907812 0.617096 0.907812 0.617096 0.906250 0.621780 0.903125 0.621780 0.900000 0.624122 0.898438 0.626464 0.900000 0.626464 0.901563 0.628806 0.903125 0.628806 0.907812 0.635831 0.912500 0.645199 0.912500 0.647541 0.910937 0.649883 0.910937 0.652225 0.909375 0.654567 0.909375 0.656909 0.910937 0.661592 0.910937 0.663934 0.912500 0.666276 0.912500 0.670960 0.915625 0.670960 0.920313 0.689696 0.920313 0.689696 0.915625 0.692037 0.914062 0.694379 0.914062 0.696721 0.912500 0.701405 0.912500 0.703747 0.910937 0.706089 0.910937 0.708431 0.909375 0.717799 0.909375 0.717799 0.876562 0.703747 0.876562 0.701405 0.875000 0.696721 0.875000 0.694379 0.873438 0.692037 0.873438 0.685012 0.868750 0.685012 0.867188 0.682670 0.865625 0.682670 0.854688 0.680328 0.853125
0 0.654567 0.759375 0.654567 0.767187 0.652225 0.768750 0.652225 0.770312 0.633489 0.782812 0.633489 0.784375 0.631148 0.785937 0.631148 0.787500 0.628806 0.789062 0.628806 0.790625 0.624122 0.793750 0.617096 0.793750 0.617096 0.820312 0.628806 0.820312 0.631148 0.821875 0.635831 0.821875 0.642857 0.826563 0.642857 0.828125 0.645199 0.829687 0.645199 0.831250 0.647541 0.832812 0.647541 0.842188 0.649883 0.843750 0.649883 0.846875 0.652225 0.848437 0.652225 0.850000 0.654567 0.851562 0.654567 0.854688 0.656909 0.856250 0.656909 0.857813 0.661592 0.860937 0.666276 0.860937 0.668618 0.859375 0.670960 0.859375 0.673302 0.857813 0.673302 0.856250 0.675644 0.854688 0.675644 0.851562 0.677986 0.850000 0.677986 0.842188 0.680328 0.840625 0.680328 0.839063 0.677986 0.837500 0.677986 0.818750 0.675644 0.817187 0.675644 0.814062 0.677986 0.812500 0.677986 0.807813 0.682670 0.804688 0.689696 0.804688 0.689696 0.779688 0.682670 0.779688 0.680328 0.778125 0.680328 0.775000 0.677986 0.773438 0.677986 0.759375
9 0.345433 0.453125 0.345433 0.457812 0.340749 0.460938 0.338407 0.460938 0.336066 0.462500 0.326698 0.462500 0.326698 0.501562 0.333724 0.501562 0.336066 0.503125 0.336066 0.504687 0.338407 0.506250 0.338407 0.509375 0.340749 0.510938 0.340749 0.512500 0.345433 0.515625 0.347775 0.515625 0.350117 0.517187 0.352459 0.517187 0.354801 0.518750 0.357143 0.518750 0.359485 0.520312 0.361827 0.520312 0.364169 0.521875 0.366511 0.521875 0.368852 0.523438 0.371194 0.523438 0.373536 0.525000 0.378220 0.525000 0.380562 0.526563 0.385246 0.526563 0.387588 0.528125 0.392272 0.528125 0.394614 0.529688 0.396955 0.529688 0.403981 0.534375 0.401639 0.535937 0.401639 0.537500 0.394614 0.542188 0.382904 0.542188 0.380562 0.543750 0.364169 0.543750 0.361827 0.545313 0.354801 0.545313 0.352459 0.546875 0.345433 0.546875 0.343091 0.548437 0.340749 0.548437 0.338407 0.550000 0.336066 0.550000 0.333724 0.551562 0.326698 0.551562 0.326698 0.570312 0.333724 0.570312 0.345433 0.578125 0.347775 0.578125 0.350117 0.579687 0.354801 0.579687 0.357143 0.581250 0.361827 0.581250 0.364169 0.582812 0.366511 0.582812 0.368852 0.584375 0.371194 0.584375 0.373536 0.585938 0.380562 0.585938 0.382904 0.587500 0.392272 0.587500 0.394614 0.589063 0.396955 0.589063 0.401639 0.592188 0.401639 0.593750 0.403981 0.595312 0.403981 0.600000 0.401639 0.601562 0.401639 0.603125 0.394614 0.607813 0.394614 0.617188 0.392272 0.618750 0.392272 0.621875 0.389930 0.623438 0.389930 0.625000 0.387588 0.626562 0.387588 0.628125 0.382904 0.631250 0.378220 0.628125 0.378220 0.621875 0.375878 0.620313 0.375878 0.618750 0.371194 0.615625 0.368852 0.615625 0.366511 0.614062 0.359485 0.614062 0.357143 0.612500 0.350117 0.612500 0.347775 0.614062 0.343091 0.614062 0.343091 0.617188 0.340749 0.618750 0.340749 0.626562 0.343091 0.628125 0.343091 0.631250 0.345433 0.632812 0.345433 0.634375 0.350117 0.634375 0.357143 0.639063 0.364169 0.639063 0.366511 0.640625 0.385246 0.640625 0.389930 0.643750 0.389930 0.645312 0.392272 0.646875 0.394614 0.646875 0.406323 0.654688 0.406323 0.656250 0.408665 0.657812 0.408665 0.659375 0.415691 0.664062 0.415691 0.670313 0.525761 0.670313 0.525761 0.664062 0.528103 0.662500 0.528103 0.660937 0.532787 0.657812 0.535129 0.657812 0.537471 0.656250 0.542155 0.656250 0.544496 0.654688 0.546838 0.654688 0.549180 0.653125 0.556206 0.653125 0.558548 0.651563 0.567916 0.657812 0.567916 0.662500 0.570258 0.664062 0.577283 0.664062 0.577283 0.484375 0.570258 0.484375 0.565574 0.481250 0.565574 0.479688 0.560890 0.476562 0.560890 0.475000 0.556206 0.471875 0.553864 0.471875 0.549180 0.468750 0.549180 0.467187 0.546838 0.465625 0.546838 0.464063 0.544496 0.464063 0.542155 0.462500 0.539813 0.462500 0.537471 0.460938 0.530445 0.460938 0.525761 0.457812 0.525761 0.453125 0.434426 0.453125 0.434426 0.459375 0.429742 0.462500 0.427400 0.462500 0.425059 0.464063 0.425059 0.465625 0.418033 0.470313 0.418033 0.471875 0.408665 0.478125 0.406323 0.478125 0.403981 0.479688 0.361827 0.479688 0.359485 0.478125 0.357143 0.478125 0.354801 0.476562 0.354801 0.470313 0.364169 0.464063 0.364169 0.453125
9 0.701405 0.603125 0.701405 0.701563 0.708431 0.701563 0.710773 0.703125 0.710773 0.707812 0.764637 0.707812 0.764637 0.634375 0.757611 0.634375 0.755269 0.632812 0.755269 0.631250 0.757611 0.629687 0.764637 0.629687 0.764637 0.603125
9 0.326698 0.465625 0.326698 0.501562 0.333724 0.501562 0.338407 0.504687 0.338407 0.509375 0.340749 0.510938 0.340749 0.512500 0.347775 0.517187 0.352459 0.517187 0.354801 0.518750 0.357143 0.518750 0.361827 0.521875 0.364169 0.521875 0.366511 0.523438 0.371194 0.523438 0.373536 0.525000 0.378220 0.525000 0.380562 0.526563 0.385246 0.526563 0.387588 0.528125 0.394614 0.528125 0.396955 0.529688 0.401639 0.529688 0.406323 0.532812 0.406323 0.534375 0.403981 0.535937 0.403981 0.539062 0.401639 0.540625 0.399297 0.540625 0.396955 0.542188 0.380562 0.542188 0.378220 0.543750 0.364169 0.543750 0.361827 0.545313 0.352459 0.545313 0.350117 0.546875 0.345433 0.546875 0.343091 0.548437 0.340749 0.548437 0.338407 0.550000 0.336066 0.550000 0.333724 0.551562 0.326698 0.551562 0.326698 0.571875 0.333724 0.571875 0.340749 0.576563 0.343091 0.576563 0.347775 0.579687 0.352459 0.579687 0.354801 0.581250 0.359485 0.581250 0.361827 0.582812 0.364169 0.582812 0.366511 0.584375 0.368852 0.584375 0.371194 0.585938 0.375878 0.585938 0.378220 0.587500 0.387588 0.587500 0.389930 0.589063 0.394614 0.589063 0.396955 0.590625 0.399297 0.590625 0.403981 0.593750 0.403981 0.600000 0.401639 0.601562 0.401639 0.603125 0.394614 0.607813 0.392272 0.607813 0.389930 0.609375 0.385246 0.609375 0.382904 0.607813 0.375878 0.607813 0.373536 0.606250 0.364169 0.606250 0.361827 0.607813 0.345433 0.607813 0.343091 0.609375 0.340749 0.609375 0.338407 0.610937 0.338407 0.612500 0.333724 0.615625 0.326698 0.615625 0.326698 0.628125 0.333724 0.628125 0.338407 0.631250 0.338407 0.632812 0.347775 0.639063 0.350117 0.639063 0.352459 0.640625 0.357143 0.640625 0.359485 0.642187 0.364169 0.642187 0.366511 0.643750 0.371194 0.643750 0.373536 0.645312 0.378220 0.645312 0.380562 0.646875 0.389930 0.646875 0.392272 0.648438 0.396955 0.648438 0.403981 0.653125 0.403981 0.654688 0.406323 0.656250 0.406323 0.664062 0.455504 0.664062 0.455504 0.637500 0.448478 0.637500 0.446136 0.635938 0.446136 0.632812 0.443794 0.631250 0.443794 0.607813 0.441452 0.606250 0.441452 0.596875 0.439110 0.595312 0.439110 0.571875 0.441452 0.570312 0.441452 0.560938 0.443794 0.559375 0.443794 0.545313 0.441452 0.543750 0.441452 0.525000 0.443794 0.523438 0.443794 0.500000 0.446136 0.498437 0.446136 0.493750 0.443794 0.492188 0.443794 0.490625 0.441452 0.489062 0.441452 0.487500 0.439110 0.485938 0.439110 0.476562 0.441452 0.475000 0.441452 0.473437 0.443794 0.471875 0.443794 0.465625 0.420375 0.465625 0.420375 0.470313 0.418033 0.471875 0.418033 0.473437 0.408665 0.479688 0.406323 0.479688 0.403981 0.481250 0.394614 0.481250 0.392272 0.482812 0.378220 0.482812 0.375878 0.481250 0.366511 0.481250 0.364169 0.479688 0.361827 0.479688 0.359485 0.478125 0.359485 0.465625
9 0.439110 0.453125 0.439110 0.459375 0.436768 0.460938 0.434426 0.460938 0.429742 0.464063 0.420375 0.464063 0.420375 0.664062 0.528103 0.664062 0.528103 0.659375 0.530445 0.657812 0.532787 0.657812 0.535129 0.656250 0.539813 0.656250 0.542155 0.654688 0.544496 0.654688 0.549180 0.651563 0.549180 0.650000 0.551522 0.648438 0.558548 0.648438 0.558548 0.479688 0.551522 0.479688 0.549180 0.478125 0.549180 0.468750 0.551522 0.467187 0.558548 0.467187 0.558548 0.465625 0.551522 0.465625 0.544496 0.460938 0.542155 0.460938 0.539813 0.459375 0.530445 0.459375 0.528103 0.457812 0.528103 0.453125
1 0.666276 0.834375 0.666276 0.839063 0.663934 0.840625 0.663934 0.848437 0.661592 0.850000 0.661592 0.853125 0.659251 0.854688 0.659251 0.856250 0.654567 0.859375 0.654567 0.860937 0.649883 0.864062 0.649883 0.865625 0.647541 0.867188 0.647541 0.868750 0.638173 0.875000 0.635831 0.875000 0.628806 0.879687 0.628806 0.881250 0.626464 0.882812 0.617096 0.882812 0.617096 0.896875 0.624122 0.896875 0.626464 0.898438 0.626464 0.900000 0.628806 0.901563 0.628806 0.906250 0.631148 0.907812 0.631148 0.909375 0.633489 0.910937 0.640515 0.910937 0.642857 0.912500 0.645199 0.910937 0.647541 0.910937 0.649883 0.909375 0.661592 0.909375 0.666276 0.912500 0.668618 0.912500 0.673302 0.915625 0.673302 0.920313 0.685012 0.920313 0.685012 0.915625 0.689696 0.912500 0.696721 0.912500 0.699063 0.910937 0.703747 0.910937 0.706089 0.909375 0.717799 0.909375 0.717799 0.876562 0.689696 0.876562 0.687354 0.875000 0.687354 0.873438 0.685012 0.871875 0.685012 0.868750 0.682670 0.867188 0.682670 0.856250 0.685012 0.854688 0.685012 0.845312 0.682670 0.843750 0.682670 0.840625 0.680328 0.839063 0.680328 0.834375
9 0.757611 0.609375 0.757611 0.701563 0.764637 0.701563 0.766979 0.703125 0.766979 0.707812 0.804450 0.707812 0.804450 0.698438 0.806792 0.696875 0.806792 0.695312 0.811475 0.692187 0.816159 0.692187 0.818501 0.690625 0.830211 0.690625 0.830211 0.679688 0.820843 0.679688 0.818501 0.678125 0.816159 0.678125 0.811475 0.675000 0.811475 0.673437 0.809133 0.671875 0.809133 0.665625 0.816159 0.660937 0.818501 0.660937 0.820843 0.659375 0.830211 0.659375 0.830211 0.648438 0.818501 0.648438 0.809133 0.642187 0.809133 0.635938 0.811475 0.634375 0.811475 0.632812 0.816159 0.629687 0.818501 0.629687 0.820843 0.628125 0.830211 0.628125 0.830211 0.615625 0.823185 0.615625 0.820843 0.614062 0.820843 0.609375
9 0.766979 0.609375 0.766979 0.682813 0.813817 0.682813 0.813817 0.678125 0.809133 0.675000 0.809133 0.664062 0.816159 0.659375 0.830211 0.659375 0.830211 0.648438 0.816159 0.648438 0.809133 0.643750 0.809133 0.634375 0.818501 0.628125 0.820843 0.628125 0.823185 0.626562 0.830211 0.626562 0.830211 0.615625 0.823185 0.615625 0.820843 0.614062 0.820843 0.609375
0 0.825527 0.396875 0.825527 0.403125 0.823185 0.404687 0.820843 0.404687 0.813817 0.409375 0.813817 0.410937 0.811475 0.412500 0.811475 0.414062 0.809133 0.415625 0.809133 0.417188 0.802108 0.421875 0.795082 0.421875 0.795082 0.612500 0.802108 0.612500 0.806792 0.615625 0.806792 0.618750 0.809133 0.620313 0.809133 0.625000 0.806792 0.626562 0.806792 0.632812 0.818501 0.632812 0.818501 0.628125 0.823185 0.625000 0.832553 0.625000 0.834895 0.626562 0.844262 0.626562 0.846604 0.625000 0.853630 0.625000 0.858314 0.621875 0.872365 0.621875 0.874707 0.620313 0.881733 0.620313 0.884075 0.621875 0.923888 0.621875 0.923888 0.582812 0.916862 0.582812 0.909836 0.578125 0.909836 0.573438 0.912178 0.571875 0.909836 0.570312 0.909836 0.568750 0.907494 0.567187 0.905152 0.567187 0.900468 0.564062 0.900468 0.545313 0.902810 0.543750 0.902810 0.540625 0.907494 0.537500 0.909836 0.537500 0.912178 0.539062 0.923888 0.539062 0.923888 0.440625 0.916862 0.440625 0.914520 0.439063 0.914520 0.437500 0.912178 0.435937 0.912178 0.432813 0.909836 0.431250 0.909836 0.428125 0.907494 0.426562 0.907494 0.425000 0.905152 0.423438 0.905152 0.421875 0.902810 0.420312 0.902810 0.418750 0.900468 0.417188 0.900468 0.415625 0.898126 0.414062 0.898126 0.410937 0.895785 0.409375 0.895785 0.404687 0.893443 0.403125 0.893443 0.396875
