5 0.298438 0.373536 0.298438 0.380562 0.295312 0.385246 0.292188 0.385246 0.290625 0.387588 0.289062 0.387588 0.287500 0.389930 0.285937 0.389930 0.282813 0.394614 0.281250 0.394614 0.279687 0.396955 0.278125 0.396955 0.273438 0.403981 0.271875 0.403981 0.270312 0.406323 0.268750 0.406323 0.264062 0.413349 0.262500 0.413349 0.259375 0.418033 0.257812 0.418033 0.254687 0.422717 0.253125 0.422717 0.250000 0.427400 0.248437 0.427400 0.245312 0.432084 0.243750 0.432084 0.242188 0.434426 0.240625 0.434426 0.239063 0.436768 0.237500 0.436768 0.235938 0.439110 0.234375 0.439110 0.232812 0.441452 0.228125 0.441452 0.226562 0.443794 0.223438 0.443794 0.221875 0.446136 0.218750 0.446136 0.217187 0.448478 0.215625 0.448478 0.215625 0.450820 0.212500 0.455504 0.212500 0.457845 0.200000 0.476581 0.200000 0.481265 0.198437 0.483607 0.198437 0.509368 0.196875 0.511710 0.196875 0.546838 0.195312 0.549180 0.190625 0.549180 0.190625 0.659251 0.195312 0.659251 0.196875 0.661592 0.196875 0.663934 0.198437 0.666276 0.198437 0.670960 0.203125 0.677986 0.204688 0.677986 0.207813 0.682670 0.209375 0.682670 0.210938 0.685012 0.214062 0.685012 0.215625 0.687354 0.218750 0.687354 0.220313 0.689696 0.221875 0.689696 0.228125 0.699063 0.228125 0.701405 0.229687 0.703747 0.229687 0.706089 0.237500 0.717799 0.239063 0.717799 0.243750 0.724824 0.245312 0.724824 0.256250 0.741218 0.256250 0.743560 0.257812 0.745902 0.257812 0.748244 0.260938 0.752927 0.260938 0.755269 0.265625 0.762295 0.267188 0.762295 0.270312 0.766979 0.275000 0.766979 0.276563 0.769321 0.281250 0.769321 0.282813 0.771663 0.285937 0.771663 0.287500 0.769321 0.293750 0.769321 0.295312 0.766979 0.300000 0.766979 0.301562 0.764637 0.306250 0.764637 0.307813 0.762295 0.317187 0.762295 0.318750 0.759953 0.351562 0.759953 0.353125 0.757611 0.357812 0.757611 0.359375 0.755269 0.371875 0.755269 0.373437 0.752927 0.385938 0.752927 0.387500 0.755269 0.407813 0.755269 0.409375 0.757611 0.431250 0.757611 0.432813 0.759953 0.437500 0.759953 0.439063 0.762295 0.443750 0.762295 0.445312 0.764637 0.459375 0.764637 0.460938 0.762295 0.465625 0.762295 0.467187 0.759953 0.479688 0.759953 0.481250 0.757611 0.500000 0.757611 0.501562 0.755269 0.503125 0.757611 0.515625 0.757611 0.517187 0.755269 0.521875 0.755269 0.521875 0.752927 0.525000 0.748244 0.525000 0.743560 0.526563 0.741218 0.526563 0.738876 0.528125 0.736534 0.532812 0.736534 0.532812 0.689696 0.528125 0.689696 0.526563 0.687354 0.526563 0.677986 0.528125 0.675644 0.532812 0.675644 0.532812 0.502342 0.528125 0.502342 0.526563 0.500000 0.526563 0.490632 0.525000 0.488290 0.525000 0.471897 0.523438 0.469555 0.523438 0.460187 0.521875 0.457845 0.521875 0.448478 0.520312 0.446136 0.520312 0.439110 0.518750 0.436768 0.518750 0.427400 0.517187 0.425059 0.517187 0.418033 0.515625 0.415691 0.515625 0.411007 0.506250 0.396955 0.504687 0.396955 0.503125 0.394614 0.501562 0.394614 0.500000 0.392272 0.498437 0.392272 0.496875 0.389930 0.495313 0.389930 0.493750 0.387588 0.484375 0.387588 0.482812 0.385246 0.462500 0.385246 0.460938 0.382904 0.456250 0.382904 0.454688 0.380562 0.454688 0.373536
2 0.000000 0.523419 0.000000 0.989461 0.235938 0.989461 0.235938 0.982436 0.237500 0.980094 0.237500 0.977752 0.240625 0.973068 0.245312 0.973068 0.245312 0.921546 0.240625 0.921546 0.239063 0.919204 0.239063 0.916862 0.237500 0.914520 0.237500 0.907494 0.235938 0.905152 0.235938 0.898126 0.234375 0.895785 0.234375 0.891101 0.232812 0.888759 0.232812 0.884075 0.231250 0.881733 0.231250 0.874707 0.229687 0.872365 0.229687 0.867682 0.228125 0.865340 0.228125 0.860656 0.226562 0.858314 0.226562 0.853630 0.225000 0.851288 0.225000 0.848946 0.223438 0.846604 0.223438 0.844262 0.221875 0.841920 0.221875 0.839578 0.220313 0.837237 0.220313 0.834895 0.218750 0.832553 0.218750 0.830211 0.217187 0.827869 0.217187 0.825527 0.215625 0.823185 0.215625 0.820843 0.214062 0.818501 0.214062 0.813817 0.212500 0.811475 0.212500 0.806792 0.210938 0.804450 0.210938 0.799766 0.209375 0.797424 0.209375 0.790398 0.207813 0.788056 0.207813 0.785714 0.206250 0.783372 0.206250 0.778689 0.204688 0.776347 0.204688 0.774005 0.203125 0.771663 0.203125 0.764637 0.201562 0.762295 0.201562 0.759953 0.200000 0.757611 0.200000 0.752927 0.198437 0.750585 0.198437 0.745902 0.196875 0.743560 0.196875 0.741218 0.195312 0.738876 0.195312 0.736534 0.193750 0.734192 0.193750 0.729508 0.192188 0.727166 0.192188 0.720141 0.190625 0.717799 0.190625 0.713115 0.189063 0.710773 0.189063 0.706089 0.187500 0.703747 0.187500 0.696721 0.185937 0.694379 0.185937 0.692037 0.184375 0.689696 0.184375 0.687354 0.182812 0.685012 0.182812 0.682670 0.179688 0.677986 0.179688 0.673302 0.178125 0.670960 0.178125 0.668618 0.176563 0.666276 0.176563 0.663934 0.175000 0.661592 0.175000 0.659251 0.173438 0.656909 0.173438 0.652225 0.171875 0.649883 0.171875 0.645199 0.170312 0.642857 0.170312 0.638173 0.168750 0.635831 0.168750 0.633489 0.167187 0.631148 0.167187 0.628806 0.165625 0.626464 0.165625 0.624122 0.164062 0.621780 0.164062 0.619438 0.162500 0.617096 0.162500 0.614754 0.160938 0.612412 0.160938 0.610070 0.159375 0.607728 0.159375 0.605386 0.157813 0.603045 0.157813 0.600703 0.154687 0.596019 0.154687 0.593677 0.145313 0.579625 0.145313 0.577283 0.143750 0.577283 0.139062 0.570258 0.137500 0.570258 0.135937 0.567916 0.134375 0.567916 0.131250 0.563232 0.129688 0.563232 0.128125 0.560890 0.126563 0.560890 0.120312 0.551522 0.118750 0.551522 0.112500 0.542155 0.110937 0.542155 0.109375 0.539813 0.107813 0.539813 0.106250 0.537471 0.104687 0.537471 0.103125 0.535129 0.100000 0.535129 0.096875 0.530445 0.096875 0.523419
2 0.592188 0.588993 0.592188 0.598361 0.585938 0.607728 0.585938 0.610070 0.584375 0.612412 0.582812 0.612412 0.579687 0.617096 0.578125 0.617096 0.576563 0.619438 0.571875 0.619438 0.571875 0.647541 0.598437 0.647541 0.600000 0.649883 0.604688 0.649883 0.606250 0.652225 0.610937 0.652225 0.612500 0.649883 0.629687 0.649883 0.631250 0.652225 0.632812 0.652225 0.634375 0.654567 0.634375 0.661592 0.646875 0.661592 0.646875 0.654567 0.648438 0.652225 0.648438 0.649883 0.653125 0.642857 0.657812 0.642857 0.657812 0.626464 0.653125 0.626464 0.643750 0.612412 0.642187 0.612412 0.637500 0.605386 0.635938 0.605386 0.632812 0.600703 0.631250 0.600703 0.628125 0.596019 0.628125 0.588993
2 0.973437 0.607728 0.973437 0.617096 0.971875 0.619438 0.970312 0.619438 0.967188 0.624122 0.965625 0.624122 0.959375 0.633489 0.957812 0.633489 0.956250 0.635831 0.954687 0.635831 0.953125 0.638173 0.951563 0.638173 0.950000 0.640515 0.945312 0.640515 0.943750 0.642857 0.939062 0.642857 0.937500 0.645199 0.931250 0.645199 0.929688 0.647541 0.925000 0.647541 0.923437 0.649883 0.920313 0.649883 0.918750 0.652225 0.915625 0.652225 0.914062 0.654567 0.912500 0.654567 0.910937 0.656909 0.909375 0.656909 0.904688 0.663934 0.904688 0.666276 0.903125 0.668618 0.896875 0.668618 0.896875 0.701405 0.901563 0.701405 0.903125 0.703747 0.904688 0.703747 0.909375 0.710773 0.910937 0.710773 0.912500 0.713115 0.917188 0.713115 0.918750 0.715457 0.932813 0.715457 0.934375 0.713115 0.942187 0.713115 0.943750 0.710773 0.964063 0.710773 0.965625 0.713115 0.967188 0.713115 0.968750 0.715457 0.970312 0.715457 0.973437 0.720141 0.973437 0.727166 0.998438 0.727166 0.998438 0.607728
2 0.920313 0.579625 0.920313 0.586651 0.918750 0.588993 0.917188 0.588993 0.915625 0.591335 0.909375 0.591335 0.907812 0.593677 0.904688 0.593677 0.900000 0.600703 0.898438 0.600703 0.896875 0.603045 0.895312 0.603045 0.893750 0.605386 0.889063 0.605386 0.887500 0.607728 0.885938 0.607728 0.884375 0.610070 0.882812 0.610070 0.881250 0.612412 0.879687 0.612412 0.878125 0.614754 0.876562 0.614754 0.873438 0.619438 0.871875 0.619438 0.870313 0.621780 0.865625 0.621780 0.864062 0.624122 0.860937 0.624122 0.859375 0.626464 0.857813 0.626464 0.854688 0.631148 0.846875 0.631148 0.846875 0.668618 0.851562 0.668618 0.854688 0.673302 0.854688 0.675644 0.856250 0.677986 0.856250 0.680328 0.859375 0.685012 0.860937 0.685012 0.862500 0.687354 0.878125 0.687354 0.878125 0.685012 0.884375 0.675644 0.895312 0.675644 0.903125 0.663934 0.903125 0.659251 0.910937 0.647541 0.912500 0.647541 0.914062 0.645199 0.915625 0.645199 0.918750 0.640515 0.920313 0.640515 0.921875 0.638173 0.928125 0.638173 0.929688 0.635831 0.940625 0.635831 0.942187 0.633489 0.948438 0.633489 0.950000 0.631148 0.953125 0.631148 0.954687 0.628806 0.956250 0.628806 0.957812 0.626464 0.959375 0.626464 0.960938 0.624122 0.962500 0.624122 0.964063 0.621780 0.965625 0.621780 0.968750 0.617096 0.970312 0.617096 0.971875 0.614754 0.973437 0.614754 0.975000 0.612412 0.976562 0.612412 0.978125 0.610070 0.979688 0.610070 0.981250 0.607728 0.982813 0.607728 0.984375 0.605386 0.985937 0.605386 0.987500 0.603045 0.989062 0.603045 0.990625 0.600703 0.995313 0.600703 0.995313 0.591335 0.989062 0.591335 0.987500 0.588993 0.987500 0.579625
2 0.542188 0.588993 0.542188 0.596019 0.539062 0.600703 0.537500 0.600703 0.534375 0.605386 0.528125 0.605386 0.528125 0.642857 0.571875 0.642857 0.571875 0.631148 0.573438 0.628806 0.573438 0.621780 0.576563 0.617096 0.582812 0.617096 0.582812 0.600703 0.578125 0.600703 0.576563 0.598361 0.576563 0.588993
2 0.540625 0.588993 0.540625 0.642857 0.571875 0.642857 0.571875 0.635831 0.573438 0.633489 0.573438 0.626464 0.575000 0.624122 0.575000 0.621780 0.582812 0.610070 0.589063 0.610070 0.589063 0.603045 0.582812 0.603045 0.578125 0.596019 0.578125 0.588993
0 0.759375 0.626464 0.759375 0.670960 0.770312 0.670960 0.770312 0.626464
2 0.165625 0.532787 0.165625 0.567916 0.171875 0.567916 0.173438 0.570258 0.173438 0.577283 0.195312 0.577283 0.195312 0.532787
2 0.165625 0.532787 0.165625 0.567916 0.193750 0.567916 0.193750 0.558548 0.196875 0.553864 0.201562 0.553864 0.201562 0.532787
