5 0.176563 0.636471 0.176563 0.643529 0.175000 0.645882 0.173438 0.645882 0.171875 0.648235 0.168750 0.648235 0.167187 0.650588 0.165625 0.650588 0.164062 0.652941 0.162500 0.652941 0.159375 0.657647 0.156250 0.657647 0.154687 0.660000 0.151562 0.660000 0.150000 0.662353 0.148438 0.662353 0.146875 0.664706 0.143750 0.664706 0.142188 0.667059 0.140625 0.667059 0.135937 0.674118 0.135937 0.676471 0.132812 0.681176 0.132812 0.683529 0.131250 0.685882 0.131250 0.690588 0.129688 0.692941 0.129688 0.702353 0.128125 0.704706 0.128125 0.735294 0.126563 0.737647 0.121875 0.737647 0.121875 0.871765 0.126563 0.871765 0.129688 0.876471 0.131250 0.876471 0.134375 0.881176 0.137500 0.881176 0.139062 0.883529 0.143750 0.883529 0.145313 0.885882 0.146875 0.885882 0.148438 0.888235 0.148438 0.890588 0.159375 0.907059 0.190625 0.907059 0.192188 0.904706 0.193750 0.904706 0.195312 0.902353 0.200000 0.902353 0.201562 0.900000 0.212500 0.900000 0.214062 0.902353 0.229687 0.902353 0.231250 0.904706 0.235938 0.904706 0.237500 0.907059 0.242188 0.907059 0.243750 0.909412 0.251563 0.909412 0.256250 0.916471 0.257812 0.916471 0.260938 0.921176 0.262500 0.921176 0.264062 0.923529 0.284375 0.923529 0.285937 0.921176 0.289062 0.921176 0.295312 0.911765 0.296875 0.911765 0.298438 0.909412 0.300000 0.909412 0.301562 0.907059 0.304688 0.907059 0.306250 0.909412 0.321875 0.909412 0.323438 0.911765 0.365625 0.911765 0.367188 0.914118 0.376563 0.914118 0.378125 0.916471 0.389062 0.916471 0.395312 0.925882 0.395312 0.935294 0.417188 0.935294 0.417188 0.925882 0.418750 0.923529 0.418750 0.921176 0.425000 0.911765 0.428125 0.911765 0.429688 0.909412 0.446875 0.909412 0.448438 0.907059 0.454688 0.907059 0.456250 0.904706 0.457812 0.904706 0.459375 0.902353 0.460938 0.902353 0.465625 0.895294 0.470313 0.895294 0.470313 0.798824 0.465625 0.798824 0.464063 0.796471 0.464063 0.794118 0.465625 0.791765 0.470313 0.791765 0.470313 0.709412 0.465625 0.709412 0.462500 0.704706 0.462500 0.683529 0.460938 0.681176 0.460938 0.674118 0.456250 0.667059 0.456250 0.664706 0.454688 0.664706 0.451562 0.660000 0.446875 0.660000 0.445312 0.657647 0.442187 0.657647 0.440625 0.655294 0.434375 0.655294 0.432813 0.652941 0.431250 0.652941 0.429688 0.650588 0.421875 0.650588 0.420312 0.648235 0.412500 0.648235 0.410937 0.645882 0.407813 0.645882 0.406250 0.643529 0.406250 0.636471
9 0.709375 0.175294 0.709375 0.184706 0.707812 0.187059 0.703125 0.187059 0.703125 0.332941 0.748438 0.332941 0.748438 0.325882 0.750000 0.323529 0.750000 0.321176 0.751562 0.318824 0.751562 0.314118 0.750000 0.311765 0.750000 0.302353 0.748438 0.300000 0.748438 0.295294 0.746875 0.292941 0.746875 0.290588 0.745313 0.288235 0.745313 0.278824 0.748438 0.274118 0.748438 0.269412 0.750000 0.267059 0.750000 0.245882 0.748438 0.243529 0.748438 0.241176 0.746875 0.238824 0.746875 0.236471 0.745313 0.234118 0.745313 0.231765 0.750000 0.224706 0.750000 0.220000 0.751562 0.217647 0.751562 0.203529 0.750000 0.201176 0.750000 0.196471 0.748438 0.194118 0.748438 0.191765 0.746875 0.189412 0.745313 0.189412 0.743750 0.187059 0.742188 0.187059 0.739062 0.182353 0.739062 0.175294
9 0.940625 0.212941 0.940625 0.361176 0.981250 0.361176 0.981250 0.354118 0.985937 0.347059 0.985937 0.342353 0.987500 0.340000 0.987500 0.325882 0.990625 0.321176 0.992188 0.321176 0.993750 0.323529 0.998438 0.323529 0.998438 0.212941
2 0.000000 0.834118 0.000000 0.888235 0.045313 0.888235 0.045313 0.850588 0.040625 0.850588 0.037500 0.845882 0.028125 0.845882 0.026563 0.843529 0.025000 0.843529 0.023438 0.841176 0.023438 0.834118
2 0.095312 0.805882 0.095312 0.815294 0.092188 0.820000 0.092188 0.822353 0.081250 0.838824 0.079687 0.838824 0.078125 0.841176 0.071875 0.841176 0.071875 0.897647 0.085938 0.897647 0.085938 0.890588 0.089062 0.885882 0.092188 0.885882 0.093750 0.888235 0.098438 0.888235 0.100000 0.890588 0.100000 0.897647 0.101562 0.897647 0.101562 0.890588 0.104687 0.885882 0.106250 0.885882 0.107813 0.883529 0.109375 0.883529 0.110937 0.881176 0.125000 0.881176 0.126563 0.878824 0.128125 0.881176 0.131250 0.881176 0.134375 0.885882 0.139062 0.885882 0.139062 0.864706 0.132812 0.864706 0.131250 0.862353 0.131250 0.820000 0.129688 0.817647 0.129688 0.805882
7 0.095312 0.805882 0.095312 0.815294 0.092188 0.820000 0.092188 0.822353 0.081250 0.838824 0.079687 0.838824 0.076563 0.843529 0.071875 0.843529 0.071875 0.897647 0.085938 0.897647 0.085938 0.890588 0.089062 0.885882 0.092188 0.885882 0.093750 0.888235 0.096875 0.888235 0.098438 0.890588 0.098438 0.897647 0.103125 0.897647 0.103125 0.888235 0.104687 0.885882 0.106250 0.885882 0.107813 0.883529 0.110937 0.883529 0.112500 0.881176 0.132812 0.881176 0.132812 0.805882
2 0.000000 0.824706 0.000000 0.888235 0.014062 0.888235 0.014062 0.881176 0.015625 0.878824 0.020312 0.878824 0.020312 0.838824 0.015625 0.838824 0.010937 0.831765 0.010937 0.824706
2 0.023438 0.864706 0.023438 0.871765 0.028125 0.878824 0.032812 0.878824 0.032812 0.850588 0.025000 0.850588 0.025000 0.862353 0.023438 0.864706 0.018750 0.864706 0.017188 0.862353 0.017188 0.852941 0.018750 0.850588 0.018750 0.841176 0.017188 0.841176 0.010937 0.831765 0.010937 0.824706 0.000000 0.824706 0.000000 0.888235 0.015625 0.888235 0.015625 0.878824 0.017188 0.876471 0.017188 0.874118 0.018750 0.871765 0.018750 0.864706
58 0.862500 0.862353 0.862500 0.871765 0.860937 0.874118 0.859375 0.874118 0.857813 0.876471 0.853125 0.876471 0.853125 0.914118 0.857813 0.914118 0.860937 0.918824 0.860937 0.925882 0.893750 0.925882 0.893750 0.918824 0.900000 0.909412 0.900000 0.904706 0.901563 0.902353 0.901563 0.881176 0.900000 0.878824 0.900000 0.862353
0 0.365625 0.749412 0.365625 0.761176 0.364062 0.763529 0.359375 0.763529 0.359375 0.803529 0.381250 0.803529 0.381250 0.794118 0.382812 0.791765 0.389062 0.791765 0.389062 0.782353 0.384375 0.782353 0.381250 0.777647 0.381250 0.768235 0.379687 0.765882 0.379687 0.749412
0 0.046875 0.834118 0.046875 0.888235 0.064062 0.888235 0.064062 0.834118
