2 0.000000 0.479167 0.000000 0.993750 0.100000 0.993750 0.100000 0.987500 0.101562 0.985417 0.103125 0.985417 0.104687 0.983333 0.106250 0.983333 0.107813 0.981250 0.109375 0.981250 0.110937 0.979167 0.112500 0.979167 0.114063 0.977083 0.117188 0.977083 0.118750 0.975000 0.121875 0.975000 0.123438 0.972917 0.126563 0.972917 0.128125 0.970833 0.129688 0.970833 0.131250 0.968750 0.132812 0.968750 0.134375 0.966667 0.137500 0.966667 0.139062 0.964583 0.142188 0.964583 0.143750 0.962500 0.145313 0.962500 0.146875 0.960417 0.150000 0.960417 0.151562 0.958333 0.153125 0.958333 0.154687 0.956250 0.157813 0.956250 0.159375 0.954167 0.160938 0.954167 0.162500 0.952083 0.164062 0.952083 0.165625 0.950000 0.167187 0.950000 0.168750 0.947917 0.170312 0.947917 0.173438 0.943750 0.175000 0.943750 0.176563 0.941667 0.178125 0.941667 0.179688 0.939583 0.181250 0.939583 0.184375 0.935417 0.185937 0.935417 0.187500 0.933333 0.189063 0.933333 0.190625 0.931250 0.192188 0.931250 0.195312 0.927083 0.196875 0.927083 0.198437 0.925000 0.200000 0.925000 0.201562 0.922917 0.203125 0.922917 0.204688 0.920833 0.206250 0.920833 0.207813 0.918750 0.209375 0.918750 0.210938 0.916667 0.212500 0.916667 0.214062 0.914583 0.215625 0.914583 0.218750 0.910417 0.220313 0.910417 0.221875 0.908333 0.223438 0.908333 0.226562 0.904167 0.228125 0.904167 0.229687 0.902083 0.232812 0.902083 0.234375 0.900000 0.257812 0.900000 0.259375 0.897917 0.260938 0.897917 0.262500 0.895833 0.264062 0.895833 0.267188 0.891667 0.267188 0.889583 0.268750 0.887500 0.268750 0.885417 0.270312 0.883333 0.270312 0.858333 0.271875 0.856250 0.271875 0.850000 0.273438 0.847917 0.273438 0.845833 0.275000 0.843750 0.275000 0.841667 0.276563 0.839583 0.276563 0.837500 0.278125 0.835417 0.278125 0.833333 0.279687 0.831250 0.279687 0.829167 0.281250 0.827083 0.281250 0.825000 0.284375 0.820833 0.285937 0.820833 0.290625 0.814583 0.292188 0.816667 0.295312 0.816667 0.296875 0.818750 0.298438 0.818750 0.301562 0.822917 0.307813 0.822917 0.307813 0.691667 0.303125 0.691667 0.300000 0.687500 0.300000 0.685417 0.295312 0.679167 0.295312 0.677083 0.293750 0.675000 0.293750 0.672917 0.279687 0.654167 0.278125 0.654167 0.276563 0.652083 0.276563 0.650000 0.270312 0.641667 0.270312 0.639583 0.268750 0.637500 0.268750 0.635417 0.267188 0.633333 0.267188 0.631250 0.264062 0.627083 0.264062 0.625000 0.262500 0.622917 0.262500 0.620833 0.259375 0.616667 0.259375 0.614583 0.251563 0.604167 0.250000 0.604167 0.245312 0.597917 0.243750 0.597917 0.242188 0.595833 0.240625 0.595833 0.239063 0.593750 0.237500 0.593750 0.235938 0.591667 0.234375 0.591667 0.232812 0.589583 0.231250 0.589583 0.229687 0.587500 0.228125 0.587500 0.226562 0.585417 0.225000 0.585417 0.223438 0.583333 0.220313 0.583333 0.218750 0.581250 0.217187 0.581250 0.215625 0.579167 0.212500 0.579167 0.210938 0.577083 0.209375 0.577083 0.207813 0.575000 0.204688 0.575000 0.203125 0.572917 0.200000 0.572917 0.198437 0.570833 0.196875 0.570833 0.195312 0.568750 0.192188 0.568750 0.190625 0.566667 0.185937 0.566667 0.184375 0.564583 0.181250 0.564583 0.179688 0.562500 0.175000 0.562500 0.173438 0.560417 0.168750 0.560417 0.167187 0.558333 0.162500 0.558333 0.160938 0.556250 0.157813 0.556250 0.156250 0.554167 0.151562 0.554167 0.150000 0.552083 0.145313 0.552083 0.143750 0.550000 0.139062 0.550000 0.137500 0.547917 0.132812 0.547917 0.131250 0.545833 0.125000 0.545833 0.123438 0.543750 0.117188 0.543750 0.115625 0.541667 0.110937 0.541667 0.109375 0.539583 0.103125 0.539583 0.101562 0.537500 0.098438 0.537500 0.096875 0.535417 0.090625 0.535417 0.089062 0.533333 0.085938 0.533333 0.084375 0.531250 0.081250 0.531250 0.079687 0.529167 0.076563 0.529167 0.075000 0.527083 0.070312 0.527083 0.068750 0.525000 0.064062 0.525000 0.062500 0.522917 0.056250 0.522917 0.054688 0.520833 0.050000 0.520833 0.048437 0.518750 0.043750 0.518750 0.042188 0.516667 0.040625 0.516667 0.039062 0.514583 0.035937 0.514583 0.034375 0.512500 0.032812 0.512500 0.031250 0.510417 0.029687 0.510417 0.028125 0.508333 0.026563 0.508333 0.025000 0.506250 0.023438 0.506250 0.015625 0.495833 0.015625 0.493750 0.010937 0.487500 0.010937 0.479167
5 0.710938 0.452083 0.709375 0.450000 0.707812 0.452083 0.707812 0.454167 0.709375 0.454167 0.710938 0.452083 0.720312 0.445833 0.709375 0.437500 0.709375 0.433333 0.709375 0.427083 0.714063 0.427083 0.715625 0.425000 0.715625 0.420833 0.717188 0.418750 0.717188 0.416667 0.718750 0.414583 0.718750 0.410417 0.720312 0.408333 0.721875 0.408333 0.723437 0.406250 0.726562 0.406250 0.728125 0.404167 0.731250 0.404167 0.731250 0.402083 0.732813 0.400000 0.732813 0.397917 0.734375 0.395833 0.739062 0.395833 0.739062 0.272917 0.734375 0.272917 0.732813 0.270833 0.732813 0.262500 0.734375 0.260417 0.739062 0.260417 0.739062 0.252083 0.734375 0.252083 0.732813 0.250000 0.732813 0.247917 0.731250 0.245833 0.731250 0.239583 0.729688 0.237500 0.729688 0.231250 0.731250 0.229167 0.731250 0.225000 0.734375 0.220833 0.739062 0.220833 0.739062 0.000000 0.353125 0.000000 0.353125 0.002083 0.351562 0.004167 0.343750 0.004167 0.342187 0.002083 0.342187 0.000000 0.003125 0.000000 0.003125 0.497917 0.007812 0.497917 0.009375 0.500000 0.010937 0.500000 0.012500 0.502083 0.014062 0.502083 0.015625 0.504167 0.017188 0.504167 0.018750 0.506250 0.020312 0.506250 0.021875 0.508333 0.023438 0.508333 0.025000 0.510417 0.026563 0.510417 0.028125 0.512500 0.029687 0.512500 0.031250 0.514583 0.034375 0.514583 0.035937 0.516667 0.037500 0.516667 0.039062 0.518750 0.042188 0.518750 0.043750 0.520833 0.050000 0.520833 0.051562 0.522917 0.065625 0.522917 0.067188 0.525000 0.070312 0.525000 0.071875 0.527083 0.076563 0.527083 0.078125 0.529167 0.081250 0.529167 0.082813 0.531250 0.085938 0.531250 0.087500 0.533333 0.089062 0.533333 0.090625 0.535417 0.096875 0.535417 0.098438 0.537500 0.107813 0.537500 0.109375 0.539583 0.114063 0.539583 0.115625 0.541667 0.121875 0.541667 0.123438 0.543750 0.129688 0.543750 0.131250 0.545833 0.137500 0.545833 0.139062 0.547917 0.142188 0.547917 0.143750 0.550000 0.148438 0.550000 0.150000 0.552083 0.154687 0.552083 0.156250 0.554167 0.162500 0.554167 0.164062 0.556250 0.167187 0.556250 0.168750 0.558333 0.173438 0.558333 0.175000 0.560417 0.178125 0.560417 0.179688 0.562500 0.184375 0.562500 0.185937 0.564583 0.189063 0.564583 0.190625 0.566667 0.193750 0.566667 0.195312 0.568750 0.198437 0.568750 0.200000 0.570833 0.204688 0.570833 0.206250 0.572917 0.210938 0.572917 0.212500 0.575000 0.215625 0.575000 0.217187 0.577083 0.221875 0.577083 0.223438 0.579167 0.228125 0.579167 0.229687 0.581250 0.232812 0.581250 0.234375 0.583333 0.237500 0.583333 0.239063 0.585417 0.240625 0.585417 0.242188 0.587500 0.243750 0.587500 0.246875 0.591667 0.248437 0.591667 0.253125 0.597917 0.253125 0.600000 0.259375 0.608333 0.259375 0.610417 0.262500 0.614583 0.262500 0.616667 0.270312 0.627083 0.270312 0.629167 0.271875 0.631250 0.271875 0.633333 0.278125 0.641667 0.279687 0.641667 0.284375 0.647917 0.285937 0.647917 0.287500 0.650000 0.290625 0.650000 0.293750 0.654167 0.295312 0.654167 0.296875 0.656250 0.298438 0.656250 0.300000 0.658333 0.301562 0.658333 0.303125 0.660417 0.304688 0.660417 0.307813 0.664583 0.310937 0.664583 0.312500 0.666667 0.325000 0.666667 0.326562 0.668750 0.356250 0.668750 0.357812 0.670833 0.400000 0.670833 0.401563 0.668750 0.406250 0.668750 0.407813 0.666667 0.409375 0.666667 0.414062 0.660417 0.415625 0.660417 0.420312 0.654167 0.421875 0.654167 0.426562 0.647917 0.429688 0.647917 0.431250 0.645833 0.432813 0.645833 0.434375 0.643750 0.435937 0.643750 0.437500 0.641667 0.439063 0.641667 0.440625 0.639583 0.443750 0.639583 0.445312 0.637500 0.459375 0.637500 0.460938 0.635417 0.464063 0.635417 0.465625 0.633333 0.467187 0.633333 0.468750 0.631250 0.470313 0.631250 0.471875 0.629167 0.473437 0.629167 0.475000 0.627083 0.476562 0.627083 0.479688 0.622917 0.481250 0.622917 0.489062 0.612500 0.489062 0.610417 0.490625 0.608333 0.490625 0.606250 0.501562 0.591667 0.501562 0.589583 0.503125 0.587500 0.504687 0.587500 0.518750 0.568750 0.520312 0.568750 0.526563 0.560417 0.528125 0.560417 0.532812 0.554167 0.534375 0.554167 0.537500 0.550000 0.539062 0.550000 0.542188 0.545833 0.543750 0.545833 0.545313 0.543750 0.546875 0.543750 0.548437 0.541667 0.553125 0.541667 0.554688 0.539583 0.560938 0.539583 0.562500 0.537500 0.589063 0.537500 0.590625 0.535417 0.601562 0.535417 0.603125 0.533333 0.609375 0.533333 0.610937 0.531250 0.617188 0.531250 0.618750 0.529167 0.628125 0.529167 0.629687 0.527083 0.671875 0.527083 0.673437 0.529167 0.685938 0.529167 0.687500 0.531250 0.717188 0.531250 0.721875 0.525000 0.721875 0.462500 0.720312 0.460417 0.720312 0.458333 0.720312 0.460417 0.714063 0.468750 0.712500 0.468750 0.710938 0.466667 0.709375 0.466667 0.707812 0.468750 0.706250 0.468750 0.703125 0.472917 0.703125 0.475000 0.696875 0.483333 0.695312 0.483333 0.693750 0.485417 0.687500 0.485417 0.685938 0.487500 0.682813 0.487500 0.679688 0.483333 0.678125 0.483333 0.675000 0.479167 0.675000 0.470833 0.673437 0.468750 0.671875 0.468750 0.670313 0.466667 0.670313 0.464583 0.668750 0.462500 0.668750 0.429167 0.670313 0.427083 0.670313 0.425000 0.671875 0.422917 0.675000 0.422917 0.676562 0.420833 0.703125 0.420833 0.706250 0.425000 0.707812 0.425000 0.709375 0.427083 0.709375 0.433333 0.709375 0.437500 0.720312 0.445833 0.720312 0.445833
2 0.923437 0.422917 0.921875 0.425000 0.914062 0.425000 0.912500 0.427083 0.910937 0.427083 0.901563 0.439583 0.898438 0.439583 0.896875 0.441667 0.895312 0.441667 0.893750 0.443750 0.892187 0.443750 0.890625 0.445833 0.884375 0.445833 0.882812 0.447917 0.881250 0.447917 0.876562 0.454167 0.875000 0.454167 0.873438 0.456250 0.871875 0.456250 0.868750 0.460417 0.867188 0.460417 0.864062 0.464583 0.862500 0.464583 0.860937 0.466667 0.859375 0.466667 0.856250 0.470833 0.854688 0.470833 0.853125 0.472917 0.851562 0.472917 0.850000 0.475000 0.846875 0.475000 0.845312 0.477083 0.843750 0.477083 0.842188 0.479167 0.840625 0.479167 0.839063 0.481250 0.837500 0.481250 0.834375 0.485417 0.832812 0.485417 0.828125 0.491667 0.826563 0.491667 0.821875 0.497917 0.820312 0.497917 0.817187 0.502083 0.815625 0.502083 0.812500 0.506250 0.810938 0.506250 0.803125 0.516667 0.801562 0.516667 0.795313 0.525000 0.793750 0.525000 0.789062 0.531250 0.787500 0.531250 0.785937 0.533333 0.784375 0.533333 0.782812 0.535417 0.779688 0.535417 0.778125 0.537500 0.773438 0.537500 0.771875 0.539583 0.770312 0.539583 0.768750 0.537500 0.762500 0.537500 0.760938 0.535417 0.754687 0.535417 0.753125 0.533333 0.746875 0.533333 0.745313 0.531250 0.718750 0.531250 0.717188 0.533333 0.676562 0.533333 0.675000 0.531250 0.667188 0.531250 0.665625 0.529167 0.660937 0.529167 0.659375 0.531250 0.632812 0.531250 0.631250 0.533333 0.621875 0.533333 0.620313 0.535417 0.615625 0.535417 0.614062 0.537500 0.606250 0.537500 0.604688 0.539583 0.596875 0.539583 0.595312 0.541667 0.589063 0.541667 0.587500 0.543750 0.579687 0.543750 0.578125 0.545833 0.570312 0.545833 0.568750 0.547917 0.564062 0.547917 0.562500 0.550000 0.559375 0.550000 0.557813 0.552083 0.556250 0.552083 0.554688 0.554167 0.553125 0.554167 0.551562 0.556250 0.548437 0.556250 0.546875 0.558333 0.545313 0.558333 0.543750 0.560417 0.540625 0.560417 0.539062 0.562500 0.537500 0.562500 0.534375 0.566667 0.532812 0.566667 0.528125 0.572917 0.526563 0.572917 0.523438 0.577083 0.521875 0.577083 0.520312 0.579167 0.518750 0.579167 0.512500 0.587500 0.510938 0.587500 0.495313 0.608333 0.495313 0.610417 0.490625 0.616667 0.490625 0.618750 0.487500 0.622917 0.487500 0.625000 0.485938 0.627083 0.485938 0.629167 0.484375 0.631250 0.484375 0.633333 0.481250 0.637500 0.481250 0.639583 0.479688 0.641667 0.479688 0.643750 0.478125 0.645833 0.478125 0.647917 0.476562 0.650000 0.476562 0.652083 0.475000 0.654167 0.475000 0.656250 0.473437 0.658333 0.473437 0.662500 0.471875 0.664583 0.471875 0.668750 0.470313 0.670833 0.470313 0.672917 0.468750 0.675000 0.468750 0.677083 0.467187 0.679167 0.467187 0.681250 0.465625 0.683333 0.465625 0.685417 0.464063 0.687500 0.464063 0.691667 0.462500 0.693750 0.462500 0.697917 0.460938 0.700000 0.460938 0.708333 0.459375 0.710417 0.459375 0.714583 0.457812 0.716667 0.457812 0.720833 0.456250 0.722917 0.456250 0.729167 0.454688 0.731250 0.454688 0.737500 0.453125 0.739583 0.453125 0.743750 0.451562 0.745833 0.451562 0.747917 0.450000 0.750000 0.450000 0.752083 0.448438 0.754167 0.448438 0.756250 0.445312 0.760417 0.445312 0.762500 0.442187 0.766667 0.442187 0.768750 0.439063 0.772917 0.439063 0.775000 0.437500 0.777083 0.437500 0.779167 0.435937 0.781250 0.435937 0.783333 0.434375 0.785417 0.434375 0.787500 0.432813 0.789583 0.432813 0.791667 0.431250 0.793750 0.431250 0.797917 0.429688 0.800000 0.429688 0.802083 0.428125 0.804167 0.428125 0.806250 0.426562 0.808333 0.426562 0.810417 0.425000 0.812500 0.425000 0.814583 0.423438 0.816667 0.423438 0.818750 0.421875 0.820833 0.421875 0.822917 0.420312 0.825000 0.420312 0.827083 0.418750 0.829167 0.418750 0.831250 0.417188 0.833333 0.417188 0.835417 0.415625 0.837500 0.415625 0.839583 0.414062 0.841667 0.414062 0.843750 0.412500 0.845833 0.412500 0.850000 0.410937 0.852083 0.410937 0.854167 0.409375 0.856250 0.409375 0.860417 0.407813 0.862500 0.407813 0.864583 0.406250 0.866667 0.406250 0.872917 0.404687 0.875000 0.404687 0.879167 0.403125 0.881250 0.403125 0.883333 0.401563 0.885417 0.396875 0.885417 0.396875 0.935417 0.401563 0.935417 0.403125 0.937500 0.403125 0.939583 0.404687 0.941667 0.404687 0.947917 0.406250 0.950000 0.406250 0.956250 0.407813 0.958333 0.407813 0.962500 0.409375 0.964583 0.409375 0.966667 0.410937 0.968750 0.410937 0.970833 0.412500 0.972917 0.412500 0.977083 0.420312 0.987500 0.420312 0.989583 0.425000 0.995833 0.425000 0.997917 0.998438 0.997917 0.998438 0.445833 0.996875 0.445833 0.993750 0.441667 0.993750 0.439583 0.992188 0.437500 0.992188 0.433333 0.990625 0.431250 0.990625 0.427083 0.987500 0.427083 0.985937 0.425000 0.982813 0.425000 0.981250 0.427083 0.979688 0.427083 0.978125 0.429167 0.978125 0.431250 0.979688 0.433333 0.979688 0.435417 0.976562 0.439583 0.975000 0.437500 0.970312 0.437500 0.967188 0.433333 0.965625 0.433333 0.964063 0.431250 0.959375 0.431250 0.957812 0.429167 0.954687 0.429167 0.953125 0.427083 0.946875 0.427083 0.945312 0.425000 0.942187 0.425000 0.940625 0.422917
0 0.564062 0.237500 0.564062 0.266667 0.562500 0.268750 0.562500 0.277083 0.560938 0.279167 0.560938 0.281250 0.557813 0.285417 0.553125 0.285417 0.553125 0.341667 0.557813 0.341667 0.559375 0.343750 0.559375 0.354167 0.560938 0.356250 0.560938 0.366667 0.562500 0.368750 0.562500 0.410417 0.564062 0.412500 0.564062 0.427083 0.565625 0.429167 0.565625 0.443750 0.567187 0.445833 0.567187 0.452083 0.568750 0.454167 0.568750 0.456250 0.571875 0.460417 0.571875 0.464583 0.573438 0.466667 0.573438 0.468750 0.575000 0.470833 0.575000 0.477083 0.576563 0.479167 0.575000 0.481250 0.575000 0.485417 0.570312 0.491667 0.568750 0.491667 0.567187 0.493750 0.565625 0.493750 0.565625 0.495833 0.568750 0.495833 0.570312 0.497917 0.573438 0.497917 0.575000 0.500000 0.576563 0.500000 0.579687 0.504167 0.579687 0.510417 0.601562 0.510417 0.601562 0.502083 0.603125 0.500000 0.603125 0.487500 0.604688 0.485417 0.604688 0.479167 0.606250 0.477083 0.606250 0.475000 0.609375 0.470833 0.609375 0.456250 0.610937 0.454167 0.610937 0.393750 0.609375 0.391667 0.609375 0.364583 0.610937 0.362500 0.610937 0.337500 0.606250 0.331250 0.606250 0.329167 0.604688 0.327083 0.604688 0.325000 0.601562 0.320833 0.601562 0.318750 0.598437 0.314583 0.598437 0.312500 0.596875 0.310417 0.596875 0.308333 0.595312 0.306250 0.595312 0.300000 0.593750 0.297917 0.593750 0.287500 0.592188 0.285417 0.592188 0.264583 0.590625 0.262500 0.590625 0.258333 0.589063 0.256250 0.589063 0.252083 0.587500 0.250000 0.587500 0.245833 0.585938 0.243750 0.585938 0.237500
0 0.757812 0.312500 0.757812 0.322917 0.754687 0.327083 0.753125 0.327083 0.751562 0.329167 0.751562 0.333333 0.750000 0.335417 0.750000 0.341667 0.751562 0.343750 0.751562 0.347917 0.753125 0.350000 0.753125 0.352083 0.756250 0.356250 0.756250 0.372917 0.754687 0.375000 0.754687 0.379167 0.753125 0.381250 0.753125 0.383333 0.751562 0.385417 0.751562 0.391667 0.750000 0.393750 0.750000 0.395833 0.751562 0.397917 0.751562 0.400000 0.753125 0.402083 0.753125 0.404167 0.757812 0.410417 0.757812 0.412500 0.756250 0.414583 0.756250 0.416667 0.745313 0.431250 0.743750 0.431250 0.740625 0.435417 0.734375 0.435417 0.734375 0.460417 0.745313 0.460417 0.745313 0.454167 0.746875 0.452083 0.746875 0.450000 0.750000 0.445833 0.750000 0.443750 0.760938 0.429167 0.762500 0.429167 0.762500 0.427083 0.768750 0.418750 0.768750 0.414583 0.770312 0.412500 0.771875 0.412500 0.773438 0.414583 0.773438 0.418750 0.775000 0.420833 0.775000 0.425000 0.776563 0.427083 0.776563 0.429167 0.778125 0.431250 0.778125 0.435417 0.779688 0.437500 0.779688 0.445833 0.781250 0.447917 0.781250 0.452083 0.782812 0.454167 0.782812 0.460417 0.795313 0.460417 0.795313 0.435417 0.790625 0.435417 0.787500 0.431250 0.787500 0.425000 0.785937 0.422917 0.785937 0.414583 0.784375 0.412500 0.784375 0.408333 0.782812 0.406250 0.782812 0.400000 0.781250 0.397917 0.781250 0.354167 0.779688 0.352083 0.779688 0.343750 0.778125 0.341667 0.778125 0.339583 0.776563 0.337500 0.776563 0.333333 0.775000 0.331250 0.775000 0.322917 0.773438 0.320833 0.773438 0.312500
0 0.887500 0.320833 0.887500 0.327083 0.881250 0.335417 0.881250 0.337500 0.878125 0.341667 0.878125 0.343750 0.875000 0.347917 0.875000 0.350000 0.868750 0.358333 0.868750 0.360417 0.867188 0.362500 0.867188 0.370833 0.873438 0.379167 0.873438 0.381250 0.876562 0.385417 0.876562 0.389583 0.878125 0.391667 0.878125 0.393750 0.879687 0.395833 0.879687 0.404167 0.878125 0.406250 0.878125 0.408333 0.873438 0.414583 0.871875 0.414583 0.868750 0.418750 0.865625 0.418750 0.862500 0.422917 0.860937 0.422917 0.859375 0.425000 0.857813 0.425000 0.856250 0.427083 0.854688 0.427083 0.853125 0.429167 0.846875 0.429167 0.846875 0.443750 0.851562 0.443750 0.853125 0.445833 0.853125 0.452083 0.860937 0.452083 0.860937 0.443750 0.862500 0.441667 0.864062 0.441667 0.865625 0.439583 0.867188 0.439583 0.871875 0.433333 0.873438 0.433333 0.875000 0.431250 0.876562 0.431250 0.882812 0.422917 0.884375 0.422917 0.885938 0.425000 0.885938 0.427083 0.887500 0.429167 0.887500 0.435417 0.889063 0.437500 0.889063 0.439583 0.892187 0.439583 0.893750 0.437500 0.896875 0.437500 0.901563 0.431250 0.907812 0.431250 0.907812 0.416667 0.903125 0.416667 0.901563 0.414583 0.901563 0.412500 0.900000 0.410417 0.900000 0.379167 0.898438 0.377083 0.898438 0.366667 0.896875 0.364583 0.896875 0.354167 0.895312 0.352083 0.895312 0.339583 0.893750 0.337500 0.893750 0.331250 0.895312 0.329167 0.895312 0.320833
0 0.823438 0.312500 0.823438 0.322917 0.821875 0.325000 0.821875 0.329167 0.820312 0.331250 0.820312 0.335417 0.818750 0.337500 0.818750 0.358333 0.817187 0.360417 0.817187 0.375000 0.814062 0.379167 0.809375 0.379167 0.809375 0.410417 0.821875 0.410417 0.821875 0.402083 0.823438 0.400000 0.823438 0.395833 0.828125 0.389583 0.831250 0.389583 0.832812 0.391667 0.834375 0.391667 0.835938 0.393750 0.835938 0.397917 0.837500 0.400000 0.837500 0.410417 0.843750 0.410417 0.843750 0.393750 0.842188 0.391667 0.842188 0.389583 0.840625 0.387500 0.840625 0.385417 0.839063 0.383333 0.839063 0.381250 0.837500 0.379167 0.837500 0.377083 0.835938 0.375000 0.835938 0.366667 0.837500 0.364583 0.837500 0.358333 0.839063 0.356250 0.839063 0.343750 0.837500 0.341667 0.837500 0.329167 0.835938 0.327083 0.835938 0.312500
0 0.326562 0.360417 0.326562 0.368750 0.339063 0.368750 0.339063 0.335417 0.334375 0.335417 0.331250 0.339583 0.331250 0.341667 0.328125 0.345833 0.328125 0.358333 0.326562 0.360417 0.314063 0.356250 0.314063 0.329167 0.315625 0.327083 0.315625 0.310417 0.317187 0.308333 0.317187 0.293750 0.320312 0.289583 0.321875 0.289583 0.323438 0.287500 0.339063 0.287500 0.339063 0.266667 0.332812 0.266667 0.321875 0.252083 0.320312 0.252083 0.315625 0.245833 0.314063 0.245833 0.310937 0.241667 0.309375 0.241667 0.304688 0.235417 0.303125 0.235417 0.295312 0.225000 0.295312 0.222917 0.293750 0.220833 0.293750 0.216667 0.292188 0.214583 0.292188 0.210417 0.290625 0.208333 0.290625 0.206250 0.289062 0.204167 0.289062 0.195833 0.259375 0.195833 0.259375 0.241667 0.264062 0.241667 0.267188 0.245833 0.267188 0.247917 0.270312 0.252083 0.270312 0.260417 0.268750 0.262500 0.268750 0.264583 0.267188 0.266667 0.267188 0.270833 0.265625 0.272917 0.265625 0.275000 0.264062 0.277083 0.259375 0.277083 0.259375 0.295833 0.264062 0.295833 0.267188 0.300000 0.267188 0.302083 0.268750 0.304167 0.268750 0.308333 0.270312 0.310417 0.270312 0.329167 0.264062 0.337500 0.259375 0.337500 0.259375 0.368750 0.312500 0.368750 0.312500 0.358333 0.314063 0.356250
0 0.520312 0.237500 0.520312 0.245833 0.518750 0.247917 0.518750 0.250000 0.514063 0.256250 0.514063 0.258333 0.512500 0.260417 0.512500 0.262500 0.509375 0.266667 0.509375 0.268750 0.507812 0.270833 0.507812 0.275000 0.506250 0.277083 0.506250 0.291667 0.504687 0.293750 0.504687 0.339583 0.503125 0.341667 0.503125 0.354167 0.504687 0.356250 0.504687 0.370833 0.506250 0.372917 0.506250 0.414583 0.507812 0.416667 0.507812 0.427083 0.509375 0.429167 0.509375 0.433333 0.512500 0.437500 0.512500 0.439583 0.515625 0.443750 0.515625 0.452083 0.517187 0.454167 0.517187 0.479167 0.518750 0.481250 0.518750 0.495833 0.520312 0.497917 0.520312 0.506250 0.521875 0.508333 0.521875 0.510417 0.528125 0.518750 0.534375 0.518750 0.534375 0.516667 0.542188 0.506250 0.542188 0.504167 0.545313 0.500000 0.545313 0.497917 0.546875 0.495833 0.548437 0.495833 0.553125 0.489583 0.553125 0.485417 0.554688 0.483333 0.554688 0.481250 0.556250 0.479167 0.556250 0.458333 0.557813 0.456250 0.557813 0.437500 0.559375 0.435417 0.559375 0.431250 0.557813 0.429167 0.557813 0.391667 0.556250 0.389583 0.556250 0.368750 0.557813 0.366667 0.557813 0.350000 0.559375 0.347917 0.559375 0.343750 0.557813 0.341667 0.557813 0.333333 0.556250 0.331250 0.556250 0.327083 0.554688 0.325000 0.554688 0.316667 0.553125 0.314583 0.553125 0.306250 0.551562 0.304167 0.551562 0.275000 0.553125 0.272917 0.553125 0.260417 0.551562 0.258333 0.551562 0.256250 0.550000 0.254167 0.550000 0.252083 0.548437 0.250000 0.548437 0.247917 0.546875 0.245833 0.546875 0.237500
0 0.885938 0.320833 0.885938 0.327083 0.879687 0.335417 0.879687 0.337500 0.876562 0.341667 0.876562 0.343750 0.873438 0.347917 0.873438 0.350000 0.871875 0.352083 0.865625 0.352083 0.865625 0.379167 0.870313 0.379167 0.875000 0.385417 0.875000 0.387500 0.879687 0.393750 0.879687 0.400000 0.881250 0.402083 0.879687 0.404167 0.879687 0.408333 0.878125 0.410417 0.878125 0.412500 0.876562 0.414583 0.875000 0.414583 0.873438 0.416667 0.865625 0.416667 0.865625 0.433333 0.873438 0.433333 0.876562 0.429167 0.878125 0.429167 0.882812 0.422917 0.884375 0.422917 0.885938 0.425000 0.885938 0.427083 0.887500 0.429167 0.887500 0.443750 0.896875 0.443750 0.896875 0.435417 0.900000 0.431250 0.901563 0.431250 0.903125 0.429167 0.907812 0.429167 0.907812 0.420833 0.903125 0.420833 0.901563 0.418750 0.901563 0.416667 0.900000 0.414583 0.900000 0.381250 0.898438 0.379167 0.898438 0.362500 0.896875 0.360417 0.896875 0.345833 0.895312 0.343750 0.896875 0.341667 0.896875 0.329167 0.898438 0.327083 0.898438 0.320833
0 0.068750 0.237500 0.068750 0.264583 0.067188 0.266667 0.067188 0.293750 0.065625 0.295833 0.065625 0.297917 0.064062 0.300000 0.059375 0.300000 0.059375 0.320833 0.065625 0.320833 0.070312 0.327083 0.070312 0.350000 0.071875 0.352083 0.071875 0.360417 0.118750 0.360417 0.118750 0.347917 0.120312 0.345833 0.120312 0.343750 0.118750 0.341667 0.118750 0.339583 0.110937 0.329167 0.110937 0.327083 0.109375 0.325000 0.109375 0.318750 0.107813 0.316667 0.107813 0.295833 0.106250 0.293750 0.106250 0.291667 0.104687 0.289583 0.104687 0.287500 0.103125 0.285417 0.103125 0.281250 0.101562 0.279167 0.101562 0.266667 0.100000 0.264583 0.100000 0.254167 0.098438 0.252083 0.098438 0.250000 0.096875 0.247917 0.096875 0.245833 0.095312 0.243750 0.095312 0.237500
0 0.823438 0.312500 0.823438 0.320833 0.821875 0.322917 0.821875 0.325000 0.820312 0.327083 0.815625 0.327083 0.815625 0.402083 0.823438 0.402083 0.823438 0.393750 0.826563 0.389583 0.839063 0.389583 0.839063 0.312500
