0 0.978125 0.429577 0.978125 0.438967 0.975000 0.443662 0.975000 0.446009 0.973437 0.448357 0.973437 0.450704 0.971875 0.453052 0.971875 0.455399 0.970312 0.457746 0.970312 0.460094 0.968750 0.462441 0.968750 0.485915 0.967188 0.488263 0.967188 0.490610 0.964063 0.495305 0.964063 0.497653 0.957812 0.507042 0.956250 0.507042 0.953125 0.511737 0.951563 0.511737 0.939062 0.530516 0.939062 0.532864 0.937500 0.535211 0.937500 0.537559 0.935938 0.539906 0.935938 0.542253 0.934375 0.544601 0.934375 0.546948 0.932813 0.549296 0.932813 0.551643 0.931250 0.553991 0.931250 0.556338 0.929688 0.558685 0.929688 0.563380 0.928125 0.565728 0.928125 0.568075 0.925000 0.572770 0.925000 0.575117 0.923437 0.577465 0.923437 0.579812 0.921875 0.582160 0.921875 0.584507 0.920313 0.586854 0.920313 0.589202 0.918750 0.591549 0.918750 0.593897 0.917188 0.596244 0.917188 0.610329 0.915625 0.612676 0.915625 0.619718 0.914062 0.622066 0.914062 0.624413 0.912500 0.626761 0.912500 0.629108 0.910937 0.631455 0.910937 0.633803 0.907812 0.638498 0.907812 0.640845 0.906250 0.643192 0.906250 0.645540 0.904688 0.647887 0.904688 0.654930 0.903125 0.657277 0.903125 0.659624 0.901563 0.661972 0.901563 0.666667 0.900000 0.669014 0.900000 0.671362 0.898438 0.673709 0.898438 0.678404 0.895312 0.683099 0.890625 0.683099 0.890625 0.706573 0.895312 0.706573 0.901563 0.715962 0.901563 0.718310 0.903125 0.718310 0.903125 0.715962 0.904688 0.713615 0.904688 0.708920 0.906250 0.706573 0.906250 0.704225 0.907812 0.701878 0.907812 0.699531 0.909375 0.697183 0.910937 0.697183 0.910937 0.694836 0.917188 0.685446 0.917188 0.683099 0.918750 0.680751 0.918750 0.678404 0.920313 0.676056 0.920313 0.673709 0.921875 0.671362 0.921875 0.669014 0.923437 0.666667 0.923437 0.661972 0.925000 0.659624 0.925000 0.652582 0.928125 0.647887 0.928125 0.645540 0.929688 0.643192 0.929688 0.640845 0.931250 0.638498 0.931250 0.636150 0.932813 0.633803 0.932813 0.631455 0.934375 0.629108 0.935938 0.631455 0.935938 0.633803 0.937500 0.636150 0.937500 0.664319 0.935938 0.666667 0.935938 0.694836 0.934375 0.697183 0.934375 0.704225 0.932813 0.706573 0.932813 0.715962 0.931250 0.718310 0.931250 0.753521 0.932813 0.755869 0.932813 0.776995 0.929688 0.781690 0.929688 0.784038 0.928125 0.786385 0.928125 0.805164 0.929688 0.807512 0.929688 0.833333 0.931250 0.835681 0.931250 0.849765 0.932813 0.852113 0.932813 0.866197 0.934375 0.868545 0.934375 0.875587 0.935938 0.877934 0.935938 0.880282 0.937500 0.882629 0.937500 0.884977 0.939062 0.887324 0.939062 0.889671 0.940625 0.892019 0.940625 0.901408 0.939062 0.903756 0.939062 0.913146 0.937500 0.915493 0.937500 0.922535 0.939062 0.924883 0.939062 0.927230 0.943750 0.934272 0.951563 0.934272 0.959375 0.922535 0.960938 0.924883 0.960938 0.927230 0.965625 0.934272 0.965625 0.941315 0.967188 0.943662 0.967188 0.946009 0.968750 0.948357 0.968750 0.950704 0.971875 0.955399 0.971875 0.962441 0.987500 0.962441 0.987500 0.953052 0.989062 0.950704 0.990625 0.950704 0.990625 0.948357 0.992188 0.946009 0.992188 0.915493 0.993750 0.913146 0.993750 0.901408 0.995313 0.899061 0.995313 0.894366 0.996875 0.892019 0.998438 0.892019 0.998438 0.758216 0.996875 0.758216 0.993750 0.753521 0.993750 0.744131 0.996875 0.739437 0.998438 0.739437 0.998438 0.546948 0.993750 0.546948 0.990625 0.542253 0.990625 0.539906 0.993750 0.535211 0.993750 0.532864 0.995313 0.530516 0.995313 0.528169 0.996875 0.525822 0.998438 0.525822 0.998438 0.429577
0 0.389062 0.943662 0.389062 0.948357 0.387500 0.950704 0.387500 0.957747 0.389062 0.960094 0.389062 0.969484 0.390625 0.971831 0.395312 0.971831 0.395312 0.943662 0.389062 0.943662 0.368750 0.934272 0.368750 0.929577 0.370313 0.927230 0.370313 0.924883 0.375000 0.917840 0.375000 0.896714 0.373437 0.894366 0.373437 0.889671 0.371875 0.887324 0.371875 0.880282 0.370313 0.877934 0.370313 0.873239 0.368750 0.870892 0.368750 0.866197 0.367188 0.863850 0.367188 0.859155 0.365625 0.856808 0.365625 0.852113 0.364062 0.849765 0.364062 0.847418 0.362500 0.845070 0.362500 0.842723 0.360938 0.840376 0.360938 0.838028 0.359375 0.835681 0.359375 0.833333 0.357812 0.830986 0.357812 0.828638 0.356250 0.826291 0.356250 0.823944 0.354688 0.821596 0.354688 0.819249 0.353125 0.816901 0.353125 0.814554 0.350000 0.809859 0.350000 0.807512 0.346875 0.802817 0.346875 0.800469 0.331250 0.776995 0.329688 0.776995 0.321875 0.765258 0.320312 0.765258 0.317187 0.760563 0.315625 0.760563 0.309375 0.751174 0.307813 0.751174 0.304688 0.746479 0.303125 0.746479 0.298438 0.739437 0.296875 0.739437 0.290625 0.730047 0.289062 0.730047 0.285937 0.725352 0.284375 0.725352 0.282813 0.723005 0.281250 0.723005 0.279687 0.720657 0.278125 0.720657 0.268750 0.706573 0.268750 0.704225 0.264062 0.697183 0.264062 0.694836 0.262500 0.692488 0.262500 0.676056 0.264062 0.673709 0.264062 0.652582 0.265625 0.650235 0.265625 0.640845 0.267188 0.638498 0.267188 0.629108 0.265625 0.626761 0.265625 0.622066 0.264062 0.619718 0.264062 0.617371 0.262500 0.615023 0.262500 0.612676 0.260938 0.610329 0.260938 0.605634 0.259375 0.603286 0.259375 0.598592 0.257812 0.596244 0.257812 0.591549 0.256250 0.589202 0.256250 0.586854 0.254687 0.584507 0.254687 0.582160 0.253125 0.579812 0.253125 0.577465 0.251563 0.575117 0.251563 0.570423 0.246875 0.563380 0.246875 0.561033 0.245312 0.558685 0.245312 0.556338 0.242188 0.551643 0.242188 0.549296 0.239063 0.544601 0.239063 0.542253 0.237500 0.542253 0.235938 0.539906 0.234375 0.539906 0.232812 0.537559 0.231250 0.537559 0.226562 0.530516 0.226562 0.523474 0.190625 0.523474 0.190625 0.530516 0.187500 0.535211 0.185937 0.535211 0.182812 0.539906 0.181250 0.539906 0.178125 0.544601 0.176563 0.544601 0.175000 0.546948 0.173438 0.546948 0.171875 0.549296 0.170312 0.549296 0.167187 0.553991 0.165625 0.553991 0.156250 0.568075 0.156250 0.570423 0.154687 0.572770 0.154687 0.575117 0.153125 0.577465 0.153125 0.582160 0.151562 0.584507 0.151562 0.619718 0.150000 0.622066 0.150000 0.636150 0.151562 0.638498 0.151562 0.645540 0.153125 0.647887 0.153125 0.652582 0.154687 0.654930 0.154687 0.657277 0.156250 0.659624 0.156250 0.661972 0.159375 0.666667 0.159375 0.669014 0.167187 0.680751 0.167187 0.683099 0.168750 0.685446 0.168750 0.687793 0.171875 0.692488 0.171875 0.694836 0.173438 0.697183 0.173438 0.699531 0.175000 0.701878 0.175000 0.704225 0.178125 0.708920 0.178125 0.723005 0.176563 0.725352 0.176563 0.732394 0.175000 0.734742 0.175000 0.739437 0.173438 0.741784 0.173438 0.744131 0.171875 0.746479 0.171875 0.760563 0.170312 0.762911 0.170312 0.765258 0.167187 0.769953 0.165625 0.769953 0.164062 0.772300 0.160938 0.772300 0.159375 0.774648 0.154687 0.774648 0.153125 0.776995 0.150000 0.776995 0.148438 0.779343 0.145313 0.779343 0.143750 0.781690 0.140625 0.781690 0.137500 0.786385 0.135937 0.786385 0.128125 0.798122 0.126563 0.798122 0.123438 0.802817 0.123438 0.805164 0.114063 0.819249 0.114063 0.821596 0.107813 0.830986 0.107813 0.833333 0.103125 0.840376 0.103125 0.842723 0.098438 0.849765 0.098438 0.852113 0.095312 0.856808 0.095312 0.859155 0.092188 0.863850 0.092188 0.866197 0.089062 0.870892 0.089062 0.873239 0.087500 0.875587 0.087500 0.877934 0.085938 0.880282 0.085938 0.882629 0.082813 0.887324 0.082813 0.889671 0.081250 0.892019 0.081250 0.894366 0.079687 0.896714 0.079687 0.899061 0.076563 0.903756 0.076563 0.906103 0.075000 0.908451 0.075000 0.910798 0.073437 0.913146 0.073437 0.915493 0.070312 0.920188 0.065625 0.920188 0.065625 0.990610 0.128125 0.990610 0.128125 0.983568 0.131250 0.978873 0.142188 0.978873 0.143750 0.976526 0.148438 0.976526 0.150000 0.974178 0.153125 0.974178 0.154687 0.971831 0.160938 0.971831 0.162500 0.969484 0.178125 0.969484 0.179688 0.971831 0.181250 0.971831 0.182812 0.974178 0.185937 0.974178 0.187500 0.976526 0.193750 0.976526 0.195312 0.978873 0.206250 0.978873 0.207813 0.981221 0.212500 0.981221 0.214062 0.983568 0.214062 0.990610 0.265625 0.990610 0.265625 0.983568 0.267188 0.981221 0.268750 0.981221 0.270312 0.978873 0.275000 0.978873 0.276563 0.976526 0.279687 0.976526 0.282813 0.971831 0.282813 0.964789 0.273438 0.950704 0.273438 0.948357 0.268750 0.941315 0.267188 0.941315 0.265625 0.938967 0.265625 0.936620 0.260938 0.929577 0.260938 0.927230 0.259375 0.924883 0.259375 0.922535 0.253125 0.913146 0.253125 0.910798 0.251563 0.908451 0.251563 0.906103 0.250000 0.906103 0.248437 0.903756 0.248437 0.901408 0.237500 0.884977 0.235938 0.884977 0.234375 0.882629 0.232812 0.882629 0.231250 0.880282 0.231250 0.877934 0.229687 0.875587 0.229687 0.870892 0.228125 0.868545 0.228125 0.866197 0.226562 0.863850 0.226562 0.861502 0.223438 0.856808 0.223438 0.854460 0.221875 0.852113 0.221875 0.849765 0.215625 0.840376 0.215625 0.838028 0.196875 0.809859 0.195312 0.809859 0.192188 0.805164 0.192188 0.802817 0.185937 0.793427 0.185937 0.791080 0.181250 0.784038 0.181250 0.779343 0.182812 0.776995 0.182812 0.774648 0.184375 0.772300 0.187500 0.772300 0.189063 0.769953 0.190625 0.769953 0.192188 0.772300 0.196875 0.772300 0.200000 0.776995 0.201562 0.776995 0.209375 0.788732 0.210938 0.788732 0.214062 0.793427 0.215625 0.793427 0.217187 0.795775 0.217187 0.798122 0.221875 0.805164 0.223438 0.805164 0.225000 0.807512 0.226562 0.807512 0.232812 0.816901 0.232812 0.819249 0.239063 0.828638 0.239063 0.830986 0.243750 0.838028 0.243750 0.840376 0.254687 0.856808 0.254687 0.859155 0.265625 0.875587 0.265625 0.877934 0.289062 0.913146 0.289062 0.915493 0.290625 0.917840 0.290625 0.920188 0.293750 0.924883 0.293750 0.927230 0.295312 0.929577 0.295312 0.931925 0.301562 0.941315 0.301562 0.943662 0.303125 0.946009 0.303125 0.948357 0.307813 0.955399 0.307813 0.957747 0.309375 0.960094 0.310937 0.960094 0.315625 0.967136 0.317187 0.967136 0.318750 0.969484 0.325000 0.969484 0.328125 0.964789 0.329688 0.964789 0.329688 0.957747 0.328125 0.955399 0.329688 0.953052 0.329688 0.948357 0.331250 0.946009 0.331250 0.943662 0.332812 0.941315 0.332812 0.938967 0.340625 0.927230 0.346875 0.936620 0.348437 0.936620 0.350000 0.938967 0.360938 0.938967 0.362500 0.941315 0.364062 0.941315 0.368750 0.934272
2 0.260938 0.495305 0.260938 0.504695 0.251563 0.518779 0.246875 0.518779 0.246875 0.563380 0.251563 0.563380 0.257812 0.572770 0.257812 0.575117 0.259375 0.577465 0.259375 0.579812 0.260938 0.582160 0.260938 0.584507 0.262500 0.586854 0.262500 0.591549 0.264062 0.593897 0.264062 0.600939 0.265625 0.603286 0.265625 0.607981 0.267188 0.607981 0.271875 0.615023 0.295312 0.615023 0.296875 0.617371 0.296875 0.624413 0.328125 0.624413 0.328125 0.615023 0.332812 0.607981 0.332812 0.605634 0.339063 0.596244 0.339063 0.593897 0.343750 0.586854 0.343750 0.584507 0.357812 0.563380 0.359375 0.563380 0.362500 0.558685 0.364062 0.558685 0.367188 0.553991 0.368750 0.553991 0.370313 0.551643 0.376563 0.551643 0.376563 0.539906 0.371875 0.539906 0.367188 0.532864 0.367188 0.530516 0.354688 0.511737 0.353125 0.511737 0.351562 0.509390 0.350000 0.509390 0.348437 0.507042 0.346875 0.507042 0.345313 0.504695 0.343750 0.504695 0.342187 0.502347 0.342187 0.495305
0 0.379687 0.410798 0.379687 0.420188 0.381250 0.422535 0.381250 0.436620 0.379687 0.438967 0.381250 0.441315 0.381250 0.448357 0.379687 0.450704 0.379687 0.462441 0.381250 0.464789 0.381250 0.474178 0.382812 0.476526 0.382812 0.500000 0.384375 0.502347 0.384375 0.521127 0.385938 0.523474 0.385938 0.535211 0.384375 0.537559 0.384375 0.539906 0.381250 0.544601 0.379687 0.544601 0.376563 0.549296 0.375000 0.549296 0.370313 0.556338 0.368750 0.556338 0.365625 0.561033 0.364062 0.561033 0.357812 0.570423 0.356250 0.570423 0.351562 0.577465 0.351562 0.579812 0.345313 0.589202 0.345313 0.591549 0.337500 0.603286 0.337500 0.605634 0.331250 0.615023 0.331250 0.617371 0.326562 0.624413 0.326562 0.626761 0.325000 0.629108 0.325000 0.631455 0.323438 0.633803 0.323438 0.636150 0.320312 0.640845 0.320312 0.643192 0.315625 0.650235 0.315625 0.652582 0.312500 0.657277 0.312500 0.659624 0.309375 0.664319 0.309375 0.666667 0.306250 0.671362 0.306250 0.673709 0.304688 0.676056 0.304688 0.678404 0.303125 0.680751 0.296875 0.680751 0.296875 0.744131 0.303125 0.744131 0.304688 0.746479 0.306250 0.746479 0.307813 0.748826 0.312500 0.748826 0.314063 0.746479 0.318750 0.746479 0.320312 0.748826 0.321875 0.746479 0.323438 0.746479 0.323438 0.744131 0.326562 0.739437 0.328125 0.739437 0.329688 0.741784 0.329688 0.765258 0.332812 0.769953 0.332812 0.772300 0.340625 0.784038 0.342187 0.784038 0.350000 0.795775 0.350000 0.798122 0.356250 0.807512 0.356250 0.809859 0.357812 0.812207 0.357812 0.814554 0.359375 0.816901 0.359375 0.819249 0.362500 0.823944 0.362500 0.826291 0.364062 0.828638 0.364062 0.833333 0.367188 0.838028 0.367188 0.840376 0.368750 0.842723 0.368750 0.845070 0.370313 0.847418 0.370313 0.852113 0.371875 0.854460 0.371875 0.856808 0.376563 0.863850 0.376563 0.866197 0.378125 0.868545 0.378125 0.873239 0.379687 0.875587 0.379687 0.877934 0.381250 0.880282 0.381250 0.882629 0.382812 0.884977 0.382812 0.887324 0.384375 0.889671 0.384375 0.894366 0.385938 0.896714 0.385938 0.899061 0.387500 0.901408 0.387500 0.903756 0.389062 0.906103 0.389062 0.913146 0.390625 0.915493 0.390625 0.922535 0.392188 0.924883 0.392188 0.934272 0.393750 0.936620 0.393750 0.957747 0.395312 0.960094 0.395312 0.983568 0.398438 0.988263 0.401563 0.988263 0.404687 0.992958 0.404687 1.000000 0.412500 1.000000 0.412500 0.992958 0.414062 0.990610 0.415625 0.990610 0.417188 0.992958 0.417188 1.000000 0.423438 1.000000 0.423438 0.990610 0.425000 0.988263 0.426562 0.988263 0.426562 0.983568 0.428125 0.981221 0.428125 0.978873 0.429688 0.976526 0.429688 0.971831 0.431250 0.969484 0.431250 0.964789 0.432813 0.962441 0.432813 0.960094 0.434375 0.957747 0.434375 0.950704 0.435937 0.948357 0.435937 0.924883 0.434375 0.922535 0.434375 0.908451 0.432813 0.906103 0.432813 0.903756 0.429688 0.899061 0.429688 0.894366 0.428125 0.892019 0.428125 0.889671 0.425000 0.884977 0.425000 0.882629 0.423438 0.880282 0.423438 0.877934 0.421875 0.875587 0.421875 0.870892 0.403125 0.842723 0.403125 0.840376 0.401563 0.838028 0.401563 0.835681 0.400000 0.833333 0.400000 0.819249 0.398438 0.816901 0.398438 0.814554 0.393750 0.807512 0.392188 0.807512 0.390625 0.805164 0.390625 0.802817 0.398438 0.791080 0.401563 0.791080 0.406250 0.784038 0.406250 0.781690 0.409375 0.776995 0.409375 0.774648 0.412500 0.769953 0.414062 0.769953 0.415625 0.767606 0.417188 0.769953 0.418750 0.769953 0.425000 0.779343 0.425000 0.781690 0.428125 0.786385 0.439063 0.786385 0.440625 0.788732 0.442187 0.788732 0.445312 0.793427 0.446875 0.793427 0.448438 0.791080 0.450000 0.791080 0.451562 0.788732 0.451562 0.786385 0.453125 0.784038 0.453125 0.776995 0.454688 0.774648 0.454688 0.769953 0.457812 0.765258 0.457812 0.762911 0.459375 0.760563 0.459375 0.758216 0.462500 0.753521 0.462500 0.751174 0.465625 0.746479 0.465625 0.741784 0.467187 0.739437 0.467187 0.737089 0.468750 0.734742 0.468750 0.732394 0.470313 0.730047 0.470313 0.727700 0.471875 0.725352 0.471875 0.718310 0.473437 0.715962 0.473437 0.713615 0.476562 0.708920 0.476562 0.706573 0.478125 0.704225 0.478125 0.701878 0.479688 0.699531 0.479688 0.697183 0.481250 0.694836 0.481250 0.692488 0.482812 0.690141 0.482812 0.683099 0.484375 0.680751 0.484375 0.678404 0.487500 0.673709 0.487500 0.671362 0.489062 0.669014 0.489062 0.666667 0.490625 0.664319 0.490625 0.661972 0.492188 0.659624 0.492188 0.657277 0.493750 0.654930 0.493750 0.652582 0.496875 0.647887 0.501562 0.647887 0.501562 0.525822 0.493750 0.525822 0.492188 0.523474 0.489062 0.523474 0.487500 0.521127 0.482812 0.521127 0.476562 0.511737 0.471875 0.511737 0.470313 0.509390 0.465625 0.509390 0.459375 0.500000 0.459375 0.483568 0.457812 0.481221 0.457812 0.478873 0.456250 0.476526 0.456250 0.474178 0.454688 0.471831 0.454688 0.462441 0.453125 0.460094 0.453125 0.453052 0.451562 0.450704 0.451562 0.446009 0.450000 0.443662 0.450000 0.441315 0.446875 0.436620 0.445312 0.436620 0.443750 0.434272 0.442187 0.434272 0.439063 0.429577 0.437500 0.429577 0.435937 0.427230 0.434375 0.427230 0.432813 0.424883 0.431250 0.424883 0.426562 0.417840 0.426562 0.410798
0 0.615625 0.830986 0.615625 0.833333 0.615625 0.830986 0.620313 0.826291 0.623438 0.830986 0.623438 0.835681 0.625000 0.838028 0.625000 0.842723 0.623438 0.845070 0.621875 0.845070 0.620313 0.847418 0.618750 0.845070 0.614062 0.845070 0.612500 0.847418 0.610937 0.847418 0.609375 0.849765 0.609375 0.852113 0.607813 0.854460 0.607813 0.861502 0.606250 0.863850 0.606250 0.866197 0.603125 0.870892 0.603125 0.873239 0.601562 0.875587 0.601562 0.877934 0.600000 0.880282 0.600000 0.882629 0.598437 0.884977 0.598437 0.887324 0.596875 0.889671 0.596875 0.892019 0.595312 0.894366 0.595312 0.896714 0.593750 0.899061 0.593750 0.901408 0.592188 0.903756 0.592188 0.906103 0.590625 0.908451 0.590625 0.910798 0.589063 0.913146 0.589063 0.917840 0.584375 0.924883 0.584375 0.927230 0.582812 0.929577 0.567187 0.917840 0.567187 0.913146 0.568750 0.910798 0.568750 0.906103 0.570312 0.903756 0.570312 0.901408 0.571875 0.899061 0.571875 0.896714 0.573438 0.894366 0.573438 0.889671 0.575000 0.887324 0.575000 0.884977 0.578125 0.880282 0.578125 0.875587 0.579687 0.873239 0.579687 0.868545 0.581250 0.866197 0.581250 0.863850 0.582812 0.861502 0.582812 0.856808 0.584375 0.854460 0.584375 0.852113 0.585938 0.849765 0.585938 0.847418 0.590625 0.840376 0.590625 0.838028 0.592188 0.835681 0.592188 0.830986 0.593750 0.828638 0.593750 0.826291 0.595312 0.823944 0.595312 0.821596 0.596875 0.819249 0.596875 0.816901 0.598437 0.814554 0.598437 0.809859 0.600000 0.807512 0.600000 0.793427 0.601562 0.791080 0.601562 0.774648 0.603125 0.772300 0.603125 0.753521 0.604688 0.751174 0.604688 0.739437 0.606250 0.737089 0.606250 0.732394 0.607813 0.730047 0.607813 0.720657 0.609375 0.718310 0.609375 0.708920 0.610937 0.706573 0.610937 0.633803 0.609375 0.631455 0.609375 0.629108 0.607813 0.626761 0.607813 0.624413 0.606250 0.622066 0.606250 0.619718 0.604688 0.617371 0.604688 0.615023 0.603125 0.615023 0.595312 0.603286 0.593750 0.603286 0.590625 0.598592 0.589063 0.598592 0.585938 0.593897 0.584375 0.593897 0.582812 0.591549 0.581250 0.591549 0.576563 0.584507 0.575000 0.584507 0.573438 0.582160 0.571875 0.582160 0.562500 0.568075 0.560938 0.568075 0.557813 0.563380 0.553125 0.563380 0.551562 0.561033 0.550000 0.561033 0.548437 0.558685 0.542188 0.558685 0.540625 0.561033 0.531250 0.561033 0.529688 0.563380 0.528125 0.563380 0.518750 0.549296 0.517187 0.549296 0.512500 0.542253 0.510938 0.542253 0.507812 0.537559 0.504687 0.537559 0.503125 0.535211 0.495313 0.535211 0.492188 0.539906 0.493750 0.542253 0.493750 0.544601 0.498437 0.551643 0.498437 0.558685 0.500000 0.561033 0.500000 0.586854 0.501562 0.589202 0.501562 0.596244 0.503125 0.598592 0.503125 0.610329 0.504687 0.612676 0.504687 0.617371 0.503125 0.619718 0.503125 0.626761 0.501562 0.629108 0.501562 0.631455 0.500000 0.633803 0.500000 0.636150 0.498437 0.638498 0.498437 0.640845 0.496875 0.643192 0.496875 0.645540 0.495313 0.647887 0.495313 0.650235 0.493750 0.652582 0.493750 0.657277 0.492188 0.659624 0.492188 0.664319 0.490625 0.666667 0.490625 0.669014 0.487500 0.673709 0.487500 0.676056 0.485938 0.678404 0.485938 0.680751 0.484375 0.683099 0.484375 0.685446 0.482812 0.687793 0.482812 0.690141 0.481250 0.692488 0.481250 0.697183 0.478125 0.701878 0.478125 0.704225 0.476562 0.706573 0.476562 0.708920 0.475000 0.711268 0.475000 0.713615 0.473437 0.715962 0.473437 0.718310 0.471875 0.720657 0.471875 0.725352 0.470313 0.727700 0.470313 0.732394 0.468750 0.734742 0.468750 0.737089 0.467187 0.739437 0.467187 0.741784 0.465625 0.744131 0.465625 0.748826 0.462500 0.753521 0.462500 0.755869 0.460938 0.758216 0.460938 0.760563 0.459375 0.762911 0.459375 0.765258 0.448438 0.781690 0.446875 0.781690 0.445312 0.784038 0.442187 0.784038 0.440625 0.781690 0.439063 0.781690 0.437500 0.784038 0.432813 0.784038 0.428125 0.776995 0.426562 0.776995 0.426562 0.779343 0.423438 0.784038 0.423438 0.791080 0.421875 0.793427 0.423438 0.795775 0.426562 0.795775 0.428125 0.798122 0.429688 0.798122 0.431250 0.800469 0.431250 0.807512 0.426562 0.814554 0.420312 0.814554 0.418750 0.816901 0.415625 0.816901 0.414062 0.819249 0.412500 0.819249 0.410937 0.821596 0.409375 0.821596 0.407813 0.823944 0.403125 0.823944 0.403125 0.854460 0.407813 0.854460 0.409375 0.856808 0.410937 0.856808 0.414062 0.861502 0.415625 0.861502 0.420312 0.868545 0.420312 0.870892 0.421875 0.873239 0.421875 0.877934 0.425000 0.882629 0.425000 0.884977 0.426562 0.887324 0.426562 0.889671 0.429688 0.894366 0.429688 0.896714 0.432813 0.901408 0.432813 0.903756 0.434375 0.906103 0.434375 0.910798 0.435937 0.913146 0.435937 0.941315 0.434375 0.943662 0.434375 0.955399 0.432813 0.957747 0.432813 0.967136 0.431250 0.969484 0.431250 0.988263 0.429688 0.990610 0.429688 1.000000 0.537500 1.000000 0.537500 0.992958 0.540625 0.988263 0.540625 0.985915 0.542188 0.983568 0.542188 0.981221 0.543750 0.978873 0.543750 0.976526 0.546875 0.971831 0.546875 0.969484 0.550000 0.964789 0.550000 0.962441 0.553125 0.957747 0.553125 0.955399 0.554688 0.953052 0.554688 0.950704 0.556250 0.948357 0.556250 0.946009 0.557813 0.943662 0.557813 0.941315 0.560938 0.936620 0.560938 0.931925 0.562500 0.929577 0.562500 0.927230 0.565625 0.922535 0.565625 0.920188 0.567187 0.917840 0.582812 0.929577 0.582812 0.934272 0.581250 0.936620 0.581250 0.938967 0.579687 0.941315 0.579687 0.943662 0.578125 0.946009 0.578125 0.948357 0.575000 0.953052 0.575000 0.957747 0.573438 0.960094 0.573438 0.964789 0.571875 0.967136 0.571875 0.969484 0.570312 0.971831 0.570312 0.978873 0.571875 0.981221 0.571875 0.985915 0.573438 0.988263 0.575000 0.988263 0.578125 0.992958 0.578125 1.000000 0.578125 0.992958 0.579687 0.990610 0.585938 0.990610 0.587500 0.992958 0.587500 1.000000 0.604688 1.000000 0.604688 0.992958 0.606250 0.990610 0.620313 0.990610 0.621875 0.992958 0.621875 1.000000 0.631250 1.000000 0.631250 0.990610 0.634375 0.985915 0.634375 0.981221 0.635938 0.978873 0.635938 0.976526 0.637500 0.974178 0.637500 0.950704 0.639063 0.948357 0.639063 0.943662 0.640625 0.941315 0.640625 0.938967 0.642187 0.936620 0.642187 0.920188 0.643750 0.917840 0.643750 0.899061 0.645312 0.896714 0.645312 0.889671 0.646875 0.887324 0.651563 0.887324 0.651563 0.826291 0.645312 0.826291 0.642187 0.821596 0.640625 0.821596 0.635938 0.814554 0.635938 0.812207 0.634375 0.809859 0.631250 0.809859 0.629687 0.807512 0.626562 0.807512 0.623438 0.802817 0.623438 0.795775 0.621875 0.795775 0.621875 0.807512 0.620313 0.809859 0.620313 0.826291
2 0.000000 0.514085 0.000000 0.661972 0.020312 0.661972 0.020312 0.654930 0.026563 0.645540 0.029687 0.645540 0.031250 0.643192 0.064062 0.643192 0.065625 0.645540 0.067188 0.645540 0.068750 0.647887 0.070312 0.647887 0.075000 0.654930 0.075000 0.661972 0.089062 0.661972 0.089062 0.654930 0.095312 0.645540 0.095312 0.643192 0.098438 0.638498 0.098438 0.636150 0.100000 0.633803 0.100000 0.603286 0.098438 0.600939 0.098438 0.593897 0.096875 0.591549 0.096875 0.589202 0.095312 0.586854 0.095312 0.582160 0.087500 0.570423 0.087500 0.563380 0.090625 0.558685 0.090625 0.551643 0.089062 0.549296 0.085938 0.549296 0.084375 0.546948 0.084375 0.544601 0.082813 0.542253 0.082813 0.556338 0.081250 0.558685 0.081250 0.561033 0.079687 0.563380 0.070312 0.563380 0.067188 0.558685 0.065625 0.558685 0.054688 0.542253 0.054688 0.539906 0.053125 0.537559 0.053125 0.535211 0.051562 0.532864 0.051562 0.525822 0.053125 0.523474 0.053125 0.514085
2 0.750000 0.504695 0.750000 0.511737 0.743750 0.521127 0.743750 0.523474 0.739062 0.530516 0.734375 0.530516 0.734375 0.596244 0.750000 0.596244 0.750000 0.589202 0.753125 0.584507 0.754687 0.586854 0.756250 0.586854 0.757812 0.589202 0.757812 0.596244 0.765625 0.596244 0.765625 0.589202 0.770312 0.582160 0.771875 0.582160 0.773438 0.579812 0.785937 0.579812 0.787500 0.577465 0.789062 0.577465 0.790625 0.579812 0.792188 0.579812 0.796875 0.586854 0.796875 0.596244 0.806250 0.596244 0.806250 0.589202 0.809375 0.584507 0.820312 0.584507 0.820312 0.516432 0.815625 0.516432 0.812500 0.511737 0.812500 0.504695
0 0.696875 0.495305 0.696875 0.551643 0.701563 0.551643 0.706250 0.558685 0.706250 0.577465 0.714063 0.577465 0.714063 0.568075 0.715625 0.565728 0.715625 0.556338 0.717188 0.553991 0.717188 0.549296 0.718750 0.546948 0.718750 0.525822 0.717188 0.523474 0.717188 0.511737 0.718750 0.509390 0.718750 0.507042 0.720312 0.504695 0.726562 0.504695 0.726562 0.495305
26 0.173438 0.748826 0.173438 0.760563 0.170312 0.765258 0.165625 0.765258 0.165625 0.767606 0.173438 0.767606 0.179688 0.776995 0.179688 0.779343 0.181250 0.781690 0.181250 0.786385 0.182812 0.786385 0.189063 0.795775 0.190625 0.795775 0.201562 0.812207 0.203125 0.812207 0.215625 0.830986 0.215625 0.833333 0.223438 0.845070 0.223438 0.847418 0.226562 0.852113 0.226562 0.856808 0.229687 0.861502 0.231250 0.861502 0.235938 0.868545 0.235938 0.873239 0.242188 0.882629 0.242188 0.884977 0.250000 0.896714 0.250000 0.899061 0.262500 0.917840 0.262500 0.920188 0.267188 0.927230 0.267188 0.929577 0.284375 0.955399 0.285937 0.955399 0.287500 0.957747 0.289062 0.957747 0.290625 0.960094 0.292188 0.960094 0.296875 0.967136 0.300000 0.967136 0.301562 0.969484 0.301562 0.971831 0.303125 0.971831 0.303125 0.960094 0.301562 0.957747 0.301562 0.955399 0.300000 0.953052 0.300000 0.948357 0.298438 0.946009 0.298438 0.943662 0.295312 0.938967 0.295312 0.936620 0.292188 0.931925 0.292188 0.929577 0.289062 0.924883 0.289062 0.922535 0.279687 0.908451 0.279687 0.906103 0.268750 0.889671 0.268750 0.887324 0.262500 0.877934 0.262500 0.875587 0.248437 0.854460 0.248437 0.852113 0.235938 0.833333 0.235938 0.830986 0.234375 0.828638 0.234375 0.826291 0.209375 0.788732 0.207813 0.788732 0.201562 0.779343 0.200000 0.779343 0.196875 0.774648 0.195312 0.774648 0.192188 0.769953 0.190625 0.769953 0.189063 0.767606 0.189063 0.765258 0.184375 0.758216 0.184375 0.748826
2 0.701563 0.476526 0.701563 0.485915 0.700000 0.488263 0.700000 0.497653 0.698438 0.500000 0.698438 0.502347 0.696875 0.504695 0.696875 0.507042 0.695312 0.509390 0.690625 0.509390 0.690625 0.539906 0.695312 0.539906 0.696875 0.542253 0.698438 0.542253 0.701563 0.546948 0.701563 0.549296 0.703125 0.551643 0.704687 0.551643 0.706250 0.553991 0.706250 0.556338 0.707812 0.558685 0.707812 0.568075 0.715625 0.568075 0.715625 0.556338 0.717188 0.553991 0.717188 0.551643 0.718750 0.549296 0.720312 0.549296 0.723437 0.544601 0.725000 0.544601 0.726562 0.542253 0.728125 0.542253 0.728125 0.539906 0.734375 0.530516 0.739062 0.530516 0.739062 0.511737 0.732813 0.511737 0.731250 0.509390 0.731250 0.507042 0.728125 0.502347 0.726562 0.502347 0.725000 0.500000 0.723437 0.500000 0.715625 0.488263 0.714063 0.488263 0.712500 0.485915 0.712500 0.476526
26 0.607813 0.624413 0.606250 0.626761 0.606250 0.636150 0.607813 0.638498 0.607813 0.647887 0.609375 0.650235 0.609375 0.657277 0.610937 0.659624 0.610937 0.711268 0.609375 0.713615 0.609375 0.715962 0.607813 0.718310 0.607813 0.720657 0.606250 0.723005 0.606250 0.725352 0.603125 0.730047 0.603125 0.737089 0.601562 0.739437 0.601562 0.772300 0.600000 0.774648 0.600000 0.800469 0.598437 0.802817 0.598437 0.809859 0.596875 0.812207 0.596875 0.814554 0.595312 0.816901 0.595312 0.821596 0.593750 0.823944 0.593750 0.828638 0.592188 0.830986 0.592188 0.835681 0.590625 0.838028 0.590625 0.840376 0.589063 0.842723 0.589063 0.845070 0.587500 0.847418 0.587500 0.852113 0.585938 0.854460 0.585938 0.859155 0.582812 0.863850 0.582812 0.866197 0.581250 0.868545 0.581250 0.873239 0.579687 0.875587 0.579687 0.877934 0.578125 0.880282 0.578125 0.882629 0.576563 0.884977 0.576563 0.887324 0.575000 0.889671 0.575000 0.894366 0.573438 0.896714 0.573438 0.899061 0.571875 0.901408 0.571875 0.903756 0.570312 0.906103 0.570312 0.908451 0.568750 0.910798 0.568750 0.913146 0.567187 0.915493 0.567187 0.917840 0.565625 0.920188 0.565625 0.922535 0.564062 0.924883 0.564062 0.927230 0.562500 0.929577 0.562500 0.931925 0.560938 0.934272 0.560938 0.936620 0.556250 0.943662 0.556250 0.946009 0.554688 0.948357 0.554688 0.953052 0.553125 0.955399 0.553125 0.957747 0.548437 0.964789 0.548437 0.967136 0.545313 0.971831 0.545313 0.974178 0.543750 0.976526 0.543750 0.978873 0.542188 0.981221 0.542188 0.985915 0.539062 0.990610 0.534375 0.990610 0.534375 1.000000 0.564062 1.000000 0.564062 0.990610 0.565625 0.988263 0.565625 0.983568 0.567187 0.981221 0.567187 0.978873 0.568750 0.976526 0.568750 0.971831 0.571875 0.967136 0.571875 0.964789 0.573438 0.962441 0.573438 0.960094 0.575000 0.957747 0.575000 0.953052 0.576563 0.950704 0.576563 0.948357 0.578125 0.946009 0.578125 0.943662 0.579687 0.941315 0.579687 0.938967 0.581250 0.936620 0.581250 0.931925 0.582812 0.929577 0.582812 0.927230 0.584375 0.924883 0.584375 0.922535 0.585938 0.920188 0.585938 0.917840 0.587500 0.915493 0.587500 0.913146 0.589063 0.910798 0.589063 0.908451 0.590625 0.906103 0.590625 0.903756 0.592188 0.901408 0.592188 0.899061 0.593750 0.896714 0.593750 0.892019 0.595312 0.889671 0.595312 0.887324 0.598437 0.882629 0.598437 0.877934 0.600000 0.875587 0.600000 0.870892 0.603125 0.866197 0.603125 0.863850 0.604688 0.861502 0.604688 0.856808 0.606250 0.854460 0.606250 0.849765 0.609375 0.845070 0.612500 0.845070 0.614062 0.842723 0.628125 0.842723 0.631250 0.847418 0.631250 0.849765 0.632812 0.852113 0.632812 0.856808 0.634375 0.859155 0.634375 0.896714 0.635938 0.899061 0.635938 0.903756 0.637500 0.906103 0.637500 0.922535 0.639063 0.924883 0.639063 0.929577 0.637500 0.931925 0.637500 0.936620 0.635938 0.938967 0.635938 0.941315 0.632812 0.946009 0.632812 0.948357 0.631250 0.950704 0.631250 0.953052 0.629687 0.955399 0.629687 0.960094 0.628125 0.962441 0.628125 0.964789 0.629687 0.967136 0.629687 0.971831 0.632812 0.976526 0.632812 0.978873 0.634375 0.978873 0.634375 0.976526 0.635938 0.974178 0.635938 0.969484 0.637500 0.967136 0.637500 0.953052 0.640625 0.948357 0.640625 0.946009 0.645312 0.938967 0.651563 0.938967 0.651563 0.730047 0.646875 0.730047 0.640625 0.720657 0.640625 0.718310 0.639063 0.715962 0.635938 0.715962 0.631250 0.708920 0.631250 0.706573 0.629687 0.704225 0.629687 0.701878 0.628125 0.699531 0.628125 0.697183 0.626562 0.694836 0.626562 0.676056 0.628125 0.673709 0.628125 0.671362 0.626562 0.669014 0.626562 0.661972 0.625000 0.659624 0.625000 0.652582 0.621875 0.647887 0.621875 0.645540 0.615625 0.636150 0.615625 0.633803 0.614062 0.631455 0.612500 0.631455
2 0.615625 0.636150 0.615625 0.650235 0.621875 0.659624 0.623438 0.657277 0.625000 0.657277 0.626562 0.654930 0.628125 0.657277 0.628125 0.659624 0.629687 0.661972 0.629687 0.664319 0.631250 0.666667 0.632812 0.666667 0.635938 0.671362 0.635938 0.673709 0.637500 0.676056 0.637500 0.678404 0.639063 0.680751 0.639063 0.683099 0.640625 0.685446 0.640625 0.687793 0.642187 0.690141 0.642187 0.697183 0.643750 0.699531 0.643750 0.701878 0.645312 0.704225 0.645312 0.706573 0.646875 0.708920 0.646875 0.711268 0.648438 0.713615 0.648438 0.718310 0.650000 0.720657 0.650000 0.727700 0.651563 0.730047 0.651563 0.758216 0.650000 0.760563 0.650000 0.814554 0.651563 0.816901 0.651563 0.877934 0.650000 0.880282 0.650000 0.896714 0.648438 0.899061 0.648438 0.906103 0.646875 0.908451 0.646875 0.929577 0.645312 0.931925 0.645312 0.948357 0.646875 0.950704 0.651563 0.950704 0.654688 0.946009 0.656250 0.946009 0.659375 0.941315 0.660937 0.941315 0.662500 0.938967 0.664062 0.938967 0.668750 0.931925 0.670313 0.931925 0.671875 0.929577 0.673437 0.929577 0.675000 0.927230 0.676562 0.927230 0.678125 0.924883 0.681250 0.924883 0.682813 0.922535 0.685938 0.922535 0.687500 0.920188 0.693750 0.920188 0.695312 0.917840 0.696875 0.917840 0.698438 0.920188 0.700000 0.920188 0.706250 0.929577 0.706250 0.931925 0.707812 0.934272 0.707812 0.936620 0.709375 0.938967 0.714063 0.938967 0.715625 0.941315 0.728125 0.941315 0.729688 0.938967 0.734375 0.938967 0.735937 0.936620 0.739062 0.936620 0.740625 0.934272 0.740625 0.931925 0.742188 0.929577 0.742188 0.927230 0.743750 0.924883 0.743750 0.922535 0.745313 0.920188 0.745313 0.917840 0.746875 0.915493 0.751562 0.915493 0.751562 0.774648 0.746875 0.774648 0.743750 0.769953 0.743750 0.767606 0.742188 0.765258 0.742188 0.762911 0.740625 0.760563 0.740625 0.758216 0.737500 0.753521 0.737500 0.751174 0.734375 0.746479 0.734375 0.739437 0.732813 0.737089 0.732813 0.730047 0.729688 0.725352 0.729688 0.723005 0.726562 0.718310 0.720312 0.718310 0.718750 0.715962 0.707812 0.715962 0.706250 0.713615 0.704687 0.713615 0.693750 0.697183 0.693750 0.694836 0.684375 0.680751 0.684375 0.678404 0.682813 0.678404 0.671875 0.661972 0.670313 0.661972 0.668750 0.659624 0.667188 0.659624 0.662500 0.652582 0.660937 0.652582 0.659375 0.650235 0.657812 0.650235 0.656250 0.647887 0.653125 0.647887 0.651563 0.645540 0.646875 0.645540 0.645312 0.643192 0.645312 0.636150 0.637500 0.636150 0.637500 0.643192 0.635938 0.645540 0.634375 0.645540 0.632812 0.647887 0.631250 0.647887 0.626562 0.654930 0.621875 0.647887 0.621875 0.636150
2 0.000000 0.600939 0.000000 0.652582 0.020312 0.652582 0.020312 0.636150 0.015625 0.629108 0.009375 0.629108 0.006250 0.624413 0.006250 0.622066 0.004688 0.619718 0.004688 0.617371 0.003125 0.615023 0.003125 0.603286 0.001563 0.600939 0.000000 0.600939 0.000000 0.537559 0.001563 0.537559 0.003125 0.535211 0.004688 0.535211 0.007812 0.530516 0.010937 0.530516 0.012500 0.528169 0.032812 0.528169 0.034375 0.530516 0.035937 0.530516 0.043750 0.542253 0.046875 0.542253 0.048437 0.544601 0.050000 0.544601 0.051562 0.546948 0.053125 0.546948 0.054688 0.549296 0.054688 0.551643 0.059375 0.558685 0.059375 0.561033 0.060938 0.563380 0.060938 0.565728 0.065625 0.572770 0.065625 0.575117 0.070312 0.582160 0.073437 0.582160 0.075000 0.584507 0.076563 0.584507 0.090625 0.605634 0.090625 0.610329 0.089062 0.612676 0.089062 0.615023 0.085938 0.619718 0.084375 0.619718 0.081250 0.624413 0.081250 0.626761 0.073437 0.638498 0.073437 0.640845 0.071875 0.643192 0.071875 0.652582 0.095312 0.652582 0.095312 0.643192 0.101562 0.633803 0.107813 0.633803 0.107813 0.622066 0.103125 0.622066 0.101562 0.619718 0.101562 0.615023 0.103125 0.612676 0.107813 0.612676 0.107813 0.561033 0.101562 0.561033 0.096875 0.553991 0.096875 0.551643 0.095312 0.551643 0.089062 0.542253 0.087500 0.542253 0.085938 0.539906 0.084375 0.539906 0.082813 0.537559 0.081250 0.537559 0.078125 0.532864 0.076563 0.532864 0.075000 0.530516 0.071875 0.530516 0.070312 0.528169 0.067188 0.528169 0.065625 0.525822 0.064062 0.525822 0.057813 0.516432 0.056250 0.516432 0.053125 0.511737 0.053125 0.509390 0.051562 0.509390 0.048437 0.504695 0.046875 0.504695 0.040625 0.495305 0.039062 0.495305 0.035937 0.490610 0.034375 0.490610 0.031250 0.485915 0.031250 0.476526 0.000000 0.476526 0.000000 0.537559
2 0.734375 0.476526 0.734375 0.483568 0.732813 0.485915 0.728125 0.485915 0.728125 0.530516 0.732813 0.530516 0.739062 0.539906 0.739062 0.549296 0.740625 0.549296 0.740625 0.537559 0.745313 0.530516 0.745313 0.528169 0.746875 0.525822 0.746875 0.521127 0.751562 0.514085 0.753125 0.514085 0.757812 0.507042 0.760938 0.507042 0.762500 0.504695 0.782812 0.504695 0.782812 0.476526
