5 0.446875 0.100000 0.446875 0.107059 0.445312 0.109412 0.443750 0.109412 0.442187 0.111765 0.435937 0.111765 0.434375 0.114118 0.410937 0.114118 0.409375 0.116471 0.404687 0.116471 0.403125 0.118824 0.395312 0.118824 0.393750 0.121176 0.385938 0.121176 0.384375 0.123529 0.375000 0.123529 0.373437 0.125882 0.364062 0.125882 0.362500 0.128235 0.354688 0.128235 0.353125 0.130588 0.343750 0.130588 0.342187 0.132941 0.334375 0.132941 0.332812 0.135294 0.323438 0.135294 0.321875 0.137647 0.315625 0.137647 0.314063 0.140000 0.307813 0.140000 0.306250 0.142353 0.298438 0.142353 0.296875 0.144706 0.292188 0.144706 0.290625 0.147059 0.282813 0.147059 0.281250 0.149412 0.276563 0.149412 0.275000 0.151765 0.268750 0.151765 0.267188 0.154118 0.260938 0.154118 0.259375 0.156471 0.256250 0.156471 0.254687 0.158824 0.251563 0.158824 0.248437 0.163529 0.246875 0.163529 0.239063 0.175294 0.239063 0.177647 0.237500 0.180000 0.237500 0.182353 0.235938 0.184706 0.235938 0.194118 0.234375 0.196471 0.234375 0.201176 0.232812 0.203529 0.232812 0.205882 0.231250 0.208235 0.231250 0.212941 0.229687 0.215294 0.229687 0.224706 0.228125 0.227059 0.228125 0.234118 0.226562 0.236471 0.226562 0.238824 0.225000 0.241176 0.225000 0.243529 0.223438 0.245882 0.223438 0.252941 0.220313 0.257647 0.215625 0.257647 0.210938 0.250588 0.210938 0.248235 0.207813 0.243529 0.203125 0.243529 0.203125 0.495294 0.207813 0.495294 0.214062 0.504706 0.214062 0.509412 0.215625 0.511765 0.215625 0.523529 0.212500 0.528235 0.212500 0.530588 0.210938 0.532941 0.210938 0.535294 0.207813 0.540000 0.203125 0.540000 0.203125 0.681176 0.207813 0.681176 0.209375 0.683529 0.209375 0.688235 0.210938 0.690588 0.210938 0.740000 0.212500 0.742353 0.212500 0.751765 0.214062 0.754118 0.214062 0.761176 0.215625 0.763529 0.215625 0.768235 0.217187 0.770588 0.217187 0.772941 0.218750 0.775294 0.218750 0.777647 0.229687 0.794118 0.231250 0.794118 0.232812 0.796471 0.235938 0.796471 0.237500 0.798824 0.242188 0.798824 0.243750 0.801176 0.248437 0.801176 0.250000 0.803529 0.254687 0.803529 0.256250 0.805882 0.262500 0.805882 0.264062 0.808235 0.271875 0.808235 0.273438 0.810588 0.284375 0.810588 0.285937 0.812941 0.293750 0.812941 0.295312 0.815294 0.304688 0.815294 0.306250 0.817647 0.312500 0.817647 0.314063 0.820000 0.332812 0.820000 0.334375 0.822353 0.342187 0.822353 0.343750 0.824706 0.348437 0.824706 0.350000 0.827059 0.359375 0.827059 0.360938 0.829412 0.379687 0.829412 0.381250 0.831765 0.396875 0.831765 0.398438 0.834118 0.412500 0.834118 0.414062 0.836471 0.423438 0.836471 0.425000 0.838824 0.431250 0.838824 0.432813 0.841176 0.439063 0.841176 0.440625 0.843529 0.446875 0.843529 0.448438 0.845882 0.456250 0.845882 0.457812 0.848235 0.473437 0.848235 0.475000 0.850588 0.484375 0.850588 0.485938 0.852941 0.492188 0.852941 0.493750 0.855294 0.510938 0.855294 0.512500 0.857647 0.528125 0.857647 0.529688 0.860000 0.567187 0.860000 0.568750 0.862353 0.568750 0.869412 0.582812 0.869412 0.582812 0.862353 0.584375 0.860000 0.592188 0.860000 0.593750 0.857647 0.598437 0.857647 0.600000 0.855294 0.603125 0.855294 0.604688 0.852941 0.606250 0.852941 0.607813 0.850588 0.609375 0.850588 0.610937 0.848235 0.612500 0.848235 0.615625 0.843529 0.617188 0.843529 0.625000 0.831765 0.626562 0.831765 0.629687 0.827059 0.631250 0.827059 0.632812 0.824706 0.634375 0.824706 0.637500 0.820000 0.639063 0.820000 0.642187 0.815294 0.643750 0.815294 0.646875 0.810588 0.650000 0.810588 0.651563 0.808235 0.653125 0.808235 0.654688 0.805882 0.657812 0.805882 0.659375 0.803529 0.660937 0.803529 0.662500 0.801176 0.664062 0.801176 0.665625 0.798824 0.668750 0.798824 0.670313 0.796471 0.678125 0.796471 0.679688 0.798824 0.687500 0.798824 0.689062 0.801176 0.690625 0.801176 0.692187 0.803529 0.693750 0.803529 0.695312 0.805882 0.700000 0.805882 0.701563 0.803529 0.704687 0.803529 0.710938 0.794118 0.710938 0.791765 0.712500 0.789412 0.712500 0.787059 0.714063 0.784706 0.714063 0.780000 0.715625 0.777647 0.715625 0.775294 0.717188 0.772941 0.717188 0.770588 0.718750 0.768235 0.718750 0.763529 0.720312 0.761176 0.720312 0.758824 0.721875 0.756471 0.721875 0.754118 0.729688 0.742353 0.729688 0.740000 0.740625 0.723529 0.742188 0.723529 0.745313 0.718824 0.746875 0.718824 0.750000 0.714118 0.751562 0.714118 0.753125 0.711765 0.754687 0.711765 0.756250 0.709412 0.757812 0.709412 0.760938 0.704706 0.762500 0.704706 0.765625 0.700000 0.767187 0.700000 0.768750 0.697647 0.770312 0.697647 0.771875 0.695294 0.773438 0.695294 0.775000 0.692941 0.778125 0.692941 0.779688 0.690588 0.781250 0.690588 0.782812 0.688235 0.784375 0.688235 0.787500 0.683529 0.789062 0.683529 0.790625 0.681176 0.792188 0.681176 0.793750 0.678824 0.795313 0.678824 0.796875 0.676471 0.798437 0.676471 0.801562 0.671765 0.803125 0.671765 0.804688 0.669412 0.806250 0.669412 0.807813 0.667059 0.809375 0.667059 0.810938 0.664706 0.812500 0.664706 0.814062 0.662353 0.815625 0.662353 0.817187 0.660000 0.820312 0.660000 0.821875 0.657647 0.826563 0.657647 0.828125 0.655294 0.835938 0.655294 0.840625 0.648235 0.840625 0.645882 0.842188 0.643529 0.842188 0.638824 0.843750 0.636471 0.843750 0.615294 0.845312 0.612941 0.845312 0.596471 0.846875 0.594118 0.846875 0.584706 0.850000 0.580000 0.850000 0.577647 0.854688 0.570588 0.857813 0.570588 0.859375 0.568235 0.862500 0.568235 0.868750 0.558824 0.868750 0.556471 0.870313 0.554118 0.870313 0.551765 0.871875 0.549412 0.871875 0.547059 0.875000 0.542353 0.875000 0.396471 0.876562 0.394118 0.876562 0.377647 0.875000 0.375294 0.875000 0.354118 0.873438 0.351765 0.873438 0.344706 0.870313 0.340000 0.870313 0.337647 0.867188 0.332941 0.865625 0.332941 0.860937 0.325882 0.859375 0.325882 0.857813 0.323529 0.856250 0.323529 0.854688 0.321176 0.853125 0.321176 0.850000 0.316471 0.848437 0.316471 0.846875 0.314118 0.845312 0.314118 0.842188 0.309412 0.840625 0.309412 0.839063 0.307059 0.835938 0.307059 0.834375 0.304706 0.831250 0.304706 0.829687 0.302353 0.828125 0.302353 0.826563 0.300000 0.825000 0.300000 0.821875 0.295294 0.820312 0.295294 0.818750 0.292941 0.817187 0.292941 0.815625 0.290588 0.814062 0.290588 0.812500 0.288235 0.810938 0.288235 0.807813 0.283529 0.806250 0.283529 0.804688 0.281176 0.803125 0.281176 0.801562 0.278824 0.800000 0.278824 0.798437 0.276471 0.796875 0.276471 0.795313 0.274118 0.793750 0.274118 0.792188 0.271765 0.790625 0.271765 0.789062 0.269412 0.787500 0.269412 0.785937 0.267059 0.784375 0.267059 0.782812 0.264706 0.781250 0.264706 0.779688 0.262353 0.778125 0.262353 0.776563 0.260000 0.775000 0.260000 0.770312 0.252941 0.768750 0.252941 0.767187 0.250588 0.765625 0.250588 0.762500 0.245882 0.760938 0.245882 0.759375 0.243529 0.757812 0.243529 0.756250 0.241176 0.754687 0.241176 0.751562 0.236471 0.750000 0.236471 0.748438 0.234118 0.746875 0.234118 0.745313 0.231765 0.743750 0.231765 0.742188 0.229412 0.740625 0.229412 0.737500 0.224706 0.735937 0.224706 0.732813 0.220000 0.731250 0.220000 0.729688 0.217647 0.728125 0.217647 0.726562 0.215294 0.725000 0.215294 0.723437 0.212941 0.721875 0.212941 0.720312 0.210588 0.718750 0.210588 0.717188 0.208235 0.715625 0.208235 0.712500 0.203529 0.710938 0.203529 0.709375 0.201176 0.707812 0.201176 0.706250 0.198824 0.704687 0.198824 0.703125 0.196471 0.701563 0.196471 0.698438 0.191765 0.696875 0.191765 0.695312 0.189412 0.693750 0.189412 0.692187 0.187059 0.690625 0.187059 0.689062 0.184706 0.687500 0.184706 0.684375 0.180000 0.681250 0.180000 0.679688 0.177647 0.678125 0.177647 0.676562 0.175294 0.675000 0.175294 0.673437 0.172941 0.671875 0.172941 0.670313 0.170588 0.668750 0.170588 0.667188 0.168235 0.665625 0.168235 0.664062 0.165882 0.662500 0.165882 0.660937 0.163529 0.657812 0.163529 0.654688 0.158824 0.651563 0.158824 0.648438 0.154118 0.646875 0.154118 0.645312 0.151765 0.643750 0.151765 0.640625 0.147059 0.639063 0.147059 0.637500 0.144706 0.635938 0.144706 0.634375 0.142353 0.632812 0.142353 0.631250 0.140000 0.629687 0.140000 0.628125 0.137647 0.626562 0.137647 0.623438 0.132941 0.621875 0.132941 0.620313 0.130588 0.618750 0.130588 0.617188 0.128235 0.615625 0.128235 0.614062 0.125882 0.612500 0.125882 0.610937 0.123529 0.607813 0.123529 0.606250 0.121176 0.604688 0.121176 0.598437 0.111765 0.596875 0.111765 0.593750 0.107059 0.593750 0.100000
5 0.978125 0.377647 0.978125 0.401176 0.976562 0.403529 0.976562 0.438824 0.978125 0.441176 0.978125 0.452941 0.979688 0.455294 0.979688 0.464706 0.981250 0.467059 0.981250 0.478824 0.982813 0.481176 0.982813 0.502353 0.984375 0.504706 0.984375 0.521176 0.982813 0.523529 0.982813 0.551765 0.984375 0.551765 0.985937 0.554118 0.989062 0.554118 0.990625 0.556471 0.995313 0.556471 0.996875 0.558824 0.998438 0.558824 0.998438 0.365882 0.984375 0.365882 0.979688 0.372941 0.979688 0.375294 0.978125 0.377647 0.950000 0.384706 0.948438 0.382353 0.948438 0.372941 0.946875 0.370588 0.946875 0.368235 0.945312 0.365882 0.942187 0.365882 0.940625 0.363529 0.937500 0.363529 0.935938 0.361176 0.932813 0.361176 0.929688 0.356471 0.928125 0.356471 0.925000 0.351765 0.925000 0.344706 0.871875 0.344706 0.871875 0.502353 0.876562 0.502353 0.879687 0.507059 0.881250 0.507059 0.882812 0.509412 0.885938 0.509412 0.887500 0.511765 0.889063 0.511765 0.890625 0.514118 0.890625 0.516471 0.892187 0.518824 0.892187 0.540000 0.896875 0.547059 0.896875 0.549412 0.903125 0.558824 0.903125 0.568235 0.945312 0.568235 0.945312 0.558824 0.946875 0.556471 0.946875 0.554118 0.948438 0.551765 0.948438 0.497647 0.950000 0.495294 0.950000 0.384706
9 0.000000 0.137647 0.000000 0.285882 0.051562 0.285882 0.051562 0.180000 0.046875 0.180000 0.045313 0.177647 0.045313 0.172941 0.043750 0.170588 0.043750 0.163529 0.042188 0.161176 0.042188 0.158824 0.039062 0.154118 0.039062 0.151765 0.034375 0.144706 0.034375 0.137647
9 0.890625 0.000000 0.890625 0.132941 0.895312 0.132941 0.901563 0.142353 0.903125 0.142353 0.904688 0.144706 0.906250 0.144706 0.907812 0.147059 0.907812 0.154118 0.951563 0.154118 0.951563 0.038824 0.946875 0.038824 0.945312 0.036471 0.945312 0.034118 0.943750 0.031765 0.943750 0.024706 0.945312 0.022353 0.945312 0.020000 0.946875 0.017647 0.951563 0.017647 0.951563 0.000000
0 0.125000 0.438824 0.125000 0.457647 0.123438 0.460000 0.123438 0.469412 0.121875 0.471765 0.121875 0.474118 0.120312 0.476471 0.120312 0.478824 0.118750 0.481176 0.118750 0.485882 0.117188 0.488235 0.117188 0.490588 0.114063 0.495294 0.109375 0.495294 0.109375 0.530588 0.143750 0.530588 0.143750 0.521176 0.146875 0.516471 0.151562 0.516471 0.151562 0.474118 0.146875 0.474118 0.143750 0.469412 0.143750 0.467059 0.142188 0.464706 0.142188 0.462353 0.140625 0.460000 0.140625 0.455294 0.139062 0.452941 0.139062 0.450588 0.137500 0.448235 0.137500 0.438824
0 0.153125 0.438824 0.153125 0.457647 0.154687 0.460000 0.154687 0.478824 0.153125 0.481176 0.153125 0.483529 0.151562 0.485882 0.151562 0.488235 0.150000 0.490588 0.150000 0.495294 0.148438 0.497647 0.148438 0.507059 0.146875 0.509412 0.146875 0.511765 0.145313 0.514118 0.140625 0.514118 0.140625 0.523529 0.145313 0.523529 0.146875 0.525882 0.151562 0.525882 0.154687 0.530588 0.154687 0.554118 0.156250 0.556471 0.156250 0.568235 0.171875 0.568235 0.171875 0.558824 0.178125 0.549412 0.182812 0.549412 0.182812 0.471765 0.176563 0.471765 0.173438 0.467059 0.173438 0.462353 0.171875 0.460000 0.171875 0.450588 0.170312 0.448235 0.170312 0.438824
9 0.168750 0.231765 0.168750 0.241176 0.167187 0.243529 0.165625 0.243529 0.164062 0.245882 0.153125 0.245882 0.153125 0.302353 0.157813 0.302353 0.159375 0.300000 0.160938 0.300000 0.162500 0.297647 0.165625 0.297647 0.167187 0.300000 0.167187 0.302353 0.168750 0.304706 0.168750 0.311765 0.165625 0.316471 0.164062 0.316471 0.160938 0.311765 0.159375 0.311765 0.157813 0.309412 0.153125 0.309412 0.153125 0.358824 0.157813 0.358824 0.160938 0.363529 0.162500 0.363529 0.164062 0.365882 0.167187 0.365882 0.168750 0.368235 0.171875 0.368235 0.175000 0.372941 0.175000 0.380000 0.207813 0.380000 0.207813 0.340000 0.203125 0.340000 0.201562 0.337647 0.201562 0.311765 0.203125 0.309412 0.207813 0.309412 0.207813 0.243529 0.201562 0.243529 0.200000 0.241176 0.200000 0.231765
0 0.000000 0.448235 0.000000 0.521176 0.014062 0.521176 0.014062 0.471765 0.009375 0.471765 0.006250 0.467059 0.006250 0.464706 0.004688 0.462353 0.004688 0.457647 0.003125 0.455294 0.003125 0.448235
0 0.046875 0.438824 0.046875 0.624706 0.062500 0.624706 0.062500 0.617647 0.064062 0.615294 0.064062 0.589412 0.065625 0.587059 0.065625 0.577647 0.067188 0.575294 0.067188 0.563529 0.068750 0.561176 0.068750 0.558824 0.067188 0.556471 0.067188 0.554118 0.065625 0.551765 0.065625 0.544706 0.064062 0.542353 0.064062 0.540000 0.065625 0.537647 0.065625 0.535294 0.068750 0.530588 0.068750 0.528235 0.071875 0.523529 0.073437 0.523529 0.075000 0.521176 0.075000 0.518824 0.078125 0.514118 0.082813 0.514118 0.082813 0.488235 0.078125 0.488235 0.073437 0.481176 0.073437 0.478824 0.071875 0.476471 0.071875 0.474118 0.070312 0.471765 0.070312 0.467059 0.068750 0.464706 0.068750 0.450588 0.067188 0.448235 0.067188 0.438824
0 0.046875 0.438824 0.046875 0.530588 0.082813 0.530588 0.082813 0.485882 0.076563 0.485882 0.073437 0.481176 0.073437 0.478824 0.071875 0.476471 0.071875 0.474118 0.070312 0.471765 0.070312 0.469412 0.068750 0.467059 0.068750 0.452941 0.067188 0.450588 0.067188 0.438824
0 0.000000 0.448235 0.000000 0.530588 0.001563 0.530588 0.001563 0.521176 0.003125 0.518824 0.003125 0.516471 0.004688 0.514118 0.014062 0.514118 0.014062 0.471765 0.009375 0.471765 0.006250 0.467059 0.006250 0.464706 0.004688 0.462353 0.004688 0.448235
12 0.875000 0.504706 0.875000 0.530588 0.873438 0.532941 0.873438 0.542353 0.871875 0.544706 0.871875 0.547059 0.870313 0.549412 0.870313 0.551765 0.868750 0.554118 0.868750 0.558824 0.867188 0.561176 0.867188 0.563529 0.862500 0.570588 0.859375 0.570588 0.857813 0.572941 0.854688 0.572941 0.853125 0.575294 0.851562 0.575294 0.850000 0.577647 0.850000 0.580000 0.848437 0.582353 0.848437 0.584706 0.846875 0.587059 0.846875 0.594118 0.845312 0.596471 0.840625 0.596471 0.840625 0.641176 0.845312 0.641176 0.846875 0.643529 0.846875 0.747059 0.845312 0.749412 0.840625 0.749412 0.840625 0.935294 0.890625 0.935294 0.890625 0.897647 0.892187 0.895294 0.892187 0.857647 0.893750 0.855294 0.893750 0.848235 0.895312 0.845882 0.895312 0.843529 0.896875 0.841176 0.896875 0.836471 0.898438 0.834118 0.898438 0.805882 0.900000 0.803529 0.900000 0.770588 0.898438 0.768235 0.898438 0.754118 0.900000 0.751765 0.900000 0.643529 0.901563 0.641176 0.901563 0.603529 0.900000 0.601177 0.900000 0.582353 0.898438 0.580000 0.898438 0.575294 0.896875 0.572941 0.896875 0.568235 0.895312 0.565882 0.895312 0.561176 0.893750 0.558824 0.893750 0.554118 0.892187 0.551765 0.892187 0.547059 0.890625 0.544706 0.890625 0.530588 0.892187 0.528235 0.892187 0.521176 0.890625 0.518824 0.890625 0.504706
0 0.000000 0.758824 0.000000 0.864706 0.003125 0.864706 0.007812 0.871765 0.007812 0.878824 0.021875 0.878824 0.021875 0.869412 0.023438 0.867059 0.023438 0.864706 0.026563 0.860000 0.032812 0.860000 0.032812 0.841176 0.028125 0.841176 0.025000 0.836471 0.025000 0.834118 0.023438 0.831765 0.023438 0.822353 0.021875 0.820000 0.021875 0.815294 0.020312 0.812941 0.020312 0.808235 0.018750 0.805882 0.018750 0.801176 0.017188 0.798824 0.017188 0.796471 0.015625 0.794118 0.015625 0.791765 0.012500 0.787059 0.012500 0.782353 0.010937 0.780000 0.010937 0.777647 0.006250 0.770588 0.006250 0.768235 0.004688 0.765882 0.004688 0.758824
