0 0.312500 0.146875 0.312500 0.151562 0.306250 0.157813 0.306250 0.159375 0.304688 0.160938 0.304688 0.162500 0.301562 0.165625 0.301562 0.167187 0.298438 0.170312 0.298438 0.171875 0.296875 0.173438 0.296875 0.175000 0.295312 0.176563 0.295312 0.179688 0.293750 0.181250 0.293750 0.187500 0.292188 0.189063 0.292188 0.218750 0.293750 0.220313 0.293750 0.226562 0.295312 0.228125 0.295312 0.231250 0.296875 0.232812 0.296875 0.237500 0.298438 0.239063 0.298438 0.242188 0.296875 0.243750 0.296875 0.248437 0.295312 0.250000 0.295312 0.251563 0.289062 0.257812 0.287500 0.257812 0.285937 0.259375 0.284375 0.259375 0.281250 0.262500 0.279687 0.262500 0.278125 0.264062 0.275000 0.264062 0.273438 0.265625 0.270312 0.265625 0.268750 0.267188 0.265625 0.267188 0.264062 0.268750 0.260938 0.268750 0.259375 0.270312 0.251563 0.270312 0.250000 0.271875 0.246875 0.271875 0.245312 0.273438 0.243750 0.273438 0.242188 0.275000 0.240625 0.275000 0.237500 0.278125 0.235938 0.278125 0.232812 0.281250 0.231250 0.281250 0.228125 0.284375 0.226562 0.284375 0.218750 0.292188 0.217187 0.292188 0.210938 0.298438 0.210938 0.300000 0.209375 0.301562 0.209375 0.303125 0.204688 0.307813 0.204688 0.309375 0.203125 0.310937 0.203125 0.312500 0.200000 0.315625 0.200000 0.317187 0.198437 0.318750 0.198437 0.321875 0.196875 0.323438 0.196875 0.325000 0.195312 0.326562 0.195312 0.328125 0.193750 0.329688 0.193750 0.331250 0.192188 0.332812 0.192188 0.334375 0.190625 0.335938 0.190625 0.337500 0.189063 0.339063 0.189063 0.340625 0.187500 0.342187 0.187500 0.343750 0.185937 0.345313 0.185937 0.350000 0.184375 0.351562 0.184375 0.353125 0.182812 0.354688 0.182812 0.356250 0.181250 0.357812 0.181250 0.359375 0.179688 0.360938 0.179688 0.364062 0.178125 0.365625 0.178125 0.368750 0.175000 0.371875 0.175000 0.375000 0.173438 0.376563 0.173438 0.379687 0.171875 0.381250 0.171875 0.384375 0.168750 0.387500 0.168750 0.390625 0.167187 0.392188 0.167187 0.393750 0.165625 0.395312 0.165625 0.396875 0.164062 0.398438 0.164062 0.400000 0.162500 0.401563 0.162500 0.403125 0.160938 0.404687 0.160938 0.407813 0.159375 0.409375 0.159375 0.414062 0.157813 0.415625 0.157813 0.417188 0.156250 0.418750 0.156250 0.423438 0.154687 0.425000 0.154687 0.432813 0.153125 0.434375 0.153125 0.439063 0.151562 0.440625 0.151562 0.443750 0.150000 0.445312 0.150000 0.451562 0.148438 0.453125 0.148438 0.464063 0.146875 0.465625 0.146875 0.470313 0.145313 0.471875 0.145313 0.476562 0.143750 0.478125 0.143750 0.484375 0.142188 0.485938 0.142188 0.496875 0.140625 0.498437 0.140625 0.504687 0.139062 0.506250 0.139062 0.507812 0.137500 0.509375 0.137500 0.510938 0.135937 0.512500 0.135937 0.515625 0.129688 0.521875 0.129688 0.523438 0.126563 0.526563 0.126563 0.528125 0.120312 0.534375 0.115625 0.534375 0.115625 0.567187 0.120312 0.567187 0.126563 0.573438 0.126563 0.575000 0.128125 0.576563 0.137500 0.576563 0.139062 0.575000 0.140625 0.575000 0.151562 0.564062 0.151562 0.562500 0.154687 0.559375 0.154687 0.557813 0.162500 0.550000 0.162500 0.548437 0.164062 0.546875 0.164062 0.543750 0.165625 0.542188 0.165625 0.539062 0.167187 0.537500 0.167187 0.532812 0.168750 0.531250 0.168750 0.526563 0.170312 0.525000 0.170312 0.520312 0.171875 0.518750 0.171875 0.515625 0.173438 0.514063 0.173438 0.507812 0.175000 0.506250 0.175000 0.498437 0.176563 0.496875 0.176563 0.487500 0.178125 0.485938 0.178125 0.482812 0.179688 0.481250 0.179688 0.476562 0.181250 0.475000 0.181250 0.470313 0.182812 0.468750 0.182812 0.465625 0.184375 0.464063 0.184375 0.462500 0.185937 0.460938 0.185937 0.459375 0.187500 0.457812 0.187500 0.454688 0.189063 0.453125 0.189063 0.451562 0.190625 0.450000 0.190625 0.448438 0.192188 0.446875 0.192188 0.442187 0.193750 0.440625 0.193750 0.434375 0.195312 0.432813 0.195312 0.429688 0.196875 0.428125 0.196875 0.425000 0.198437 0.423438 0.198437 0.421875 0.200000 0.420312 0.200000 0.418750 0.201562 0.417188 0.201562 0.415625 0.203125 0.414062 0.203125 0.412500 0.204688 0.410937 0.204688 0.409375 0.206250 0.407813 0.206250 0.404687 0.207813 0.403125 0.207813 0.401563 0.210938 0.398438 0.210938 0.396875 0.212500 0.395312 0.212500 0.393750 0.215625 0.390625 0.215625 0.389062 0.218750 0.385938 0.218750 0.384375 0.221875 0.381250 0.223438 0.381250 0.228125 0.385938 0.228125 0.393750 0.229687 0.395312 0.229687 0.437500 0.228125 0.439063 0.228125 0.450000 0.226562 0.451562 0.226562 0.460938 0.225000 0.462500 0.225000 0.470313 0.223438 0.471875 0.223438 0.484375 0.221875 0.485938 0.221875 0.501562 0.220313 0.503125 0.220313 0.514063 0.218750 0.515625 0.218750 0.528125 0.220313 0.529688 0.220313 0.539062 0.221875 0.540625 0.221875 0.556250 0.223438 0.557813 0.223438 0.584375 0.225000 0.585938 0.225000 0.607813 0.223438 0.609375 0.223438 0.618750 0.221875 0.620313 0.221875 0.625000 0.220313 0.626562 0.220313 0.631250 0.218750 0.632812 0.218750 0.650000 0.220313 0.651563 0.220313 0.660937 0.221875 0.662500 0.221875 0.670313 0.223438 0.671875 0.223438 0.681250 0.225000 0.682813 0.225000 0.685938 0.226562 0.687500 0.226562 0.690625 0.228125 0.692187 0.228125 0.695312 0.229687 0.696875 0.229687 0.698438 0.231250 0.700000 0.231250 0.701563 0.234375 0.704687 0.234375 0.706250 0.235938 0.707812 0.235938 0.710938 0.237500 0.712500 0.237500 0.715625 0.239063 0.717188 0.239063 0.720312 0.240625 0.721875 0.240625 0.723437 0.242188 0.725000 0.242188 0.726562 0.243750 0.728125 0.243750 0.729688 0.246875 0.732813 0.246875 0.739062 0.248437 0.740625 0.248437 0.770312 0.250000 0.771875 0.250000 0.784375 0.251563 0.785937 0.251563 0.792188 0.253125 0.793750 0.253125 0.803125 0.254687 0.804688 0.254687 0.809375 0.256250 0.810938 0.256250 0.814062 0.257812 0.815625 0.257812 0.817187 0.259375 0.818750 0.259375 0.823438 0.260938 0.825000 0.260938 0.831250 0.262500 0.832812 0.262500 0.837500 0.264062 0.839063 0.264062 0.843750 0.265625 0.845312 0.265625 0.850000 0.267188 0.851562 0.267188 0.871875 0.268750 0.873438 0.268750 0.879687 0.267188 0.881250 0.267188 0.893750 0.265625 0.895312 0.265625 0.900000 0.264062 0.901563 0.264062 0.906250 0.262500 0.907812 0.262500 0.912500 0.264062 0.914062 0.264062 0.920313 0.265625 0.921875 0.265625 0.923437 0.273438 0.931250 0.275000 0.931250 0.279687 0.935938 0.281250 0.935938 0.282813 0.937500 0.284375 0.937500 0.285937 0.935938 0.292188 0.935938 0.293750 0.934375 0.298438 0.934375 0.300000 0.935938 0.303125 0.935938 0.304688 0.934375 0.306250 0.934375 0.307813 0.932813 0.309375 0.932813 0.309375 0.931250 0.312500 0.928125 0.312500 0.926562 0.314063 0.925000 0.314063 0.923437 0.315625 0.921875 0.315625 0.915625 0.317187 0.914062 0.317187 0.892187 0.315625 0.890625 0.315625 0.887500 0.314063 0.885938 0.314063 0.881250 0.312500 0.879687 0.312500 0.873438 0.310937 0.871875 0.310937 0.867188 0.309375 0.865625 0.309375 0.856250 0.307813 0.854688 0.307813 0.834375 0.309375 0.832812 0.309375 0.821875 0.310937 0.820312 0.310937 0.809375 0.312500 0.807813 0.312500 0.793750 0.310937 0.792188 0.310937 0.776563 0.309375 0.775000 0.309375 0.762500 0.307813 0.760938 0.307813 0.739062 0.309375 0.737500 0.309375 0.732813 0.310937 0.731250 0.310937 0.726562 0.312500 0.725000 0.312500 0.718750 0.314063 0.717188 0.314063 0.712500 0.320312 0.706250 0.321875 0.707812 0.321875 0.709375 0.323438 0.710938 0.323438 0.715625 0.328125 0.720312 0.328125 0.721875 0.335938 0.729688 0.335938 0.731250 0.337500 0.732813 0.337500 0.739062 0.339063 0.740625 0.339063 0.753125 0.340625 0.754687 0.340625 0.775000 0.342187 0.776563 0.342187 0.784375 0.343750 0.785937 0.343750 0.790625 0.345313 0.792188 0.345313 0.795313 0.346875 0.796875 0.346875 0.804688 0.348437 0.806250 0.348437 0.817187 0.350000 0.818750 0.350000 0.825000 0.351562 0.826563 0.351562 0.834375 0.353125 0.835938 0.353125 0.851562 0.351562 0.853125 0.351562 0.864062 0.350000 0.865625 0.350000 0.875000 0.348437 0.876562 0.348437 0.879687 0.350000 0.881250 0.350000 0.889063 0.351562 0.890625 0.351562 0.892187 0.356250 0.896875 0.357812 0.896875 0.359375 0.898438 0.365625 0.898438 0.367188 0.900000 0.373437 0.900000 0.375000 0.901563 0.379687 0.901563 0.381250 0.903125 0.385938 0.903125 0.387500 0.904688 0.392188 0.904688 0.393750 0.903125 0.396875 0.903125 0.398438 0.901563 0.400000 0.901563 0.401563 0.900000 0.403125 0.900000 0.406250 0.896875 0.407813 0.896875 0.409375 0.895312 0.409375 0.893750 0.410937 0.892187 0.410937 0.885938 0.412500 0.884375 0.410937 0.882812 0.410937 0.878125 0.409375 0.876562 0.409375 0.875000 0.407813 0.873438 0.407813 0.870313 0.406250 0.868750 0.406250 0.867188 0.404687 0.865625 0.404687 0.862500 0.401563 0.859375 0.401563 0.856250 0.400000 0.854688 0.400000 0.851562 0.398438 0.850000 0.398438 0.845312 0.396875 0.843750 0.396875 0.835938 0.395312 0.834375 0.395312 0.812500 0.396875 0.810938 0.396875 0.800000 0.398438 0.798437 0.398438 0.789062 0.400000 0.787500 0.400000 0.714063 0.401563 0.712500 0.401563 0.707812 0.403125 0.706250 0.403125 0.698438 0.404687 0.696875 0.404687 0.689062 0.406250 0.687500 0.406250 0.679688 0.407813 0.678125 0.407813 0.675000 0.409375 0.673437 0.409375 0.670313 0.410937 0.668750 0.410937 0.665625 0.412500 0.664062 0.412500 0.659375 0.414062 0.657812 0.414062 0.651563 0.415625 0.650000 0.415625 0.628125 0.414062 0.626562 0.414062 0.625000 0.415625 0.623438 0.415625 0.609375 0.414062 0.607813 0.414062 0.603125 0.412500 0.601562 0.412500 0.546875 0.410937 0.545313 0.409375 0.545313 0.407813 0.543750 0.407813 0.542188 0.406250 0.540625 0.406250 0.535937 0.404687 0.534375 0.404687 0.531250 0.403125 0.529688 0.403125 0.525000 0.401563 0.523438 0.401563 0.512500 0.400000 0.510938 0.400000 0.506250 0.401563 0.504687 0.401563 0.468750 0.400000 0.467187 0.400000 0.454688 0.398438 0.453125 0.398438 0.446875 0.396875 0.446875 0.395312 0.445312 0.395312 0.434375 0.396875 0.432813 0.398438 0.434375 0.398438 0.439063 0.400000 0.440625 0.400000 0.443750 0.401563 0.443750 0.403125 0.445312 0.403125 0.450000 0.404687 0.451562 0.404687 0.460938 0.406250 0.462500 0.406250 0.468750 0.407813 0.470313 0.407813 0.471875 0.409375 0.473437 0.409375 0.481250 0.410937 0.482812 0.410937 0.492188 0.412500 0.493750 0.412500 0.496875 0.414062 0.498437 0.414062 0.500000 0.415625 0.501562 0.415625 0.525000 0.417188 0.526563 0.417188 0.534375 0.415625 0.535937 0.415625 0.548437 0.417188 0.550000 0.417188 0.553125 0.420312 0.556250 0.421875 0.556250 0.429688 0.564062 0.431250 0.564062 0.434375 0.567187 0.435937 0.567187 0.437500 0.568750 0.439063 0.568750 0.440625 0.570312 0.448438 0.570312 0.450000 0.568750 0.451562 0.568750 0.457812 0.562500 0.457812 0.560938 0.459375 0.559375 0.464063 0.559375 0.464063 0.545313 0.459375 0.545313 0.457812 0.543750 0.457812 0.542188 0.456250 0.540625 0.456250 0.537500 0.454688 0.535937 0.454688 0.534375 0.451562 0.531250 0.451562 0.528125 0.450000 0.526563 0.450000 0.515625 0.451562 0.514063 0.451562 0.462500 0.450000 0.460938 0.450000 0.442187 0.448438 0.440625 0.448438 0.432813 0.446875 0.431250 0.446875 0.428125 0.445312 0.426562 0.445312 0.423438 0.443750 0.421875 0.443750 0.401563 0.445312 0.400000 0.445312 0.398438 0.453125 0.390625 0.453125 0.385938 0.454688 0.384375 0.454688 0.382812 0.453125 0.381250 0.453125 0.376563 0.451562 0.375000 0.451562 0.373437 0.450000 0.371875 0.450000 0.368750 0.448438 0.367188 0.448438 0.364062 0.446875 0.362500 0.446875 0.360938 0.445312 0.359375 0.445312 0.356250 0.443750 0.354688 0.443750 0.351562 0.442187 0.350000 0.442187 0.348437 0.440625 0.346875 0.440625 0.345313 0.439063 0.343750 0.439063 0.340625 0.437500 0.339063 0.437500 0.335938 0.435937 0.334375 0.435937 0.332812 0.434375 0.331250 0.434375 0.329688 0.432813 0.328125 0.432813 0.326562 0.431250 0.325000 0.431250 0.323438 0.423438 0.315625 0.423438 0.314063 0.417188 0.307813 0.415625 0.307813 0.414062 0.306250 0.412500 0.306250 0.410937 0.304688 0.409375 0.304688 0.403125 0.298438 0.401563 0.298438 0.400000 0.296875 0.398438 0.296875 0.396875 0.295312 0.395312 0.295312 0.393750 0.293750 0.392188 0.293750 0.390625 0.292188 0.389062 0.292188 0.385938 0.289062 0.384375 0.289062 0.382812 0.287500 0.381250 0.287500 0.378125 0.284375 0.376563 0.284375 0.375000 0.282813 0.373437 0.282813 0.371875 0.281250 0.370313 0.281250 0.367188 0.278125 0.365625 0.278125 0.357812 0.270312 0.357812 0.268750 0.354688 0.265625 0.354688 0.257812 0.356250 0.256250 0.356250 0.253125 0.359375 0.250000 0.359375 0.248437 0.362500 0.245312 0.362500 0.243750 0.364062 0.242188 0.364062 0.240625 0.365625 0.239063 0.365625 0.234375 0.367188 0.232812 0.367188 0.229687 0.368750 0.228125 0.368750 0.223438 0.370313 0.221875 0.370313 0.210938 0.371875 0.209375 0.371875 0.201562 0.373437 0.200000 0.373437 0.179688 0.371875 0.178125 0.371875 0.176563 0.370313 0.175000 0.370313 0.173438 0.368750 0.171875 0.368750 0.170312 0.364062 0.165625 0.364062 0.164062 0.362500 0.162500 0.360938 0.162500 0.357812 0.159375 0.356250 0.159375 0.351562 0.154687 0.348437 0.154687 0.345313 0.151562 0.345313 0.146875
33 0.910937 0.071875 0.910937 0.078125 0.909375 0.079687 0.907812 0.079687 0.906250 0.081250 0.904688 0.081250 0.901563 0.084375 0.900000 0.084375 0.898438 0.085938 0.896875 0.085938 0.895312 0.087500 0.893750 0.087500 0.892187 0.089062 0.890625 0.089062 0.889063 0.090625 0.887500 0.090625 0.884375 0.093750 0.882812 0.093750 0.878125 0.098438 0.876562 0.098438 0.875000 0.100000 0.873438 0.100000 0.871875 0.101562 0.870313 0.101562 0.865625 0.106250 0.864062 0.106250 0.862500 0.107813 0.860937 0.107813 0.857813 0.110937 0.856250 0.110937 0.854688 0.112500 0.853125 0.112500 0.846875 0.118750 0.845312 0.118750 0.840625 0.123438 0.839063 0.123438 0.837500 0.125000 0.835938 0.125000 0.834375 0.126563 0.828125 0.126563 0.828125 0.160938 0.832812 0.160938 0.835938 0.164062 0.835938 0.165625 0.837500 0.167187 0.837500 0.176563 0.843750 0.176563 0.843750 0.164062 0.857813 0.150000 0.859375 0.150000 0.859375 0.148438 0.860937 0.146875 0.860937 0.145313 0.862500 0.143750 0.862500 0.140625 0.867188 0.135937 0.867188 0.134375 0.871875 0.129688 0.873438 0.129688 0.875000 0.128125 0.875000 0.126563 0.876562 0.125000 0.878125 0.125000 0.879687 0.123438 0.881250 0.123438 0.884375 0.120312 0.884375 0.117188 0.885938 0.115625 0.885938 0.114063 0.890625 0.109375 0.890625 0.107813 0.895312 0.103125 0.895312 0.101562 0.906250 0.090625 0.907812 0.090625 0.912500 0.085938 0.914062 0.085938 0.920313 0.079687 0.926562 0.079687 0.926562 0.071875
0 0.532812 0.259375 0.532812 0.268750 0.531250 0.270312 0.531250 0.271875 0.526563 0.276563 0.526563 0.278125 0.520312 0.284375 0.515625 0.284375 0.515625 0.298438 0.520312 0.298438 0.521875 0.300000 0.521875 0.301562 0.523438 0.303125 0.523438 0.339063 0.525000 0.340625 0.525000 0.345313 0.526563 0.346875 0.526563 0.351562 0.546875 0.351562 0.546875 0.346875 0.548437 0.345313 0.548437 0.343750 0.550000 0.342187 0.550000 0.337500 0.551562 0.335938 0.551562 0.334375 0.553125 0.332812 0.557813 0.332812 0.557813 0.276563 0.551562 0.276563 0.550000 0.275000 0.550000 0.273438 0.546875 0.270312 0.546875 0.265625 0.545313 0.264062 0.545313 0.259375
0 0.878125 0.278125 0.878125 0.284375 0.882812 0.284375 0.884375 0.285937 0.884375 0.293750 0.882812 0.295312 0.878125 0.295312 0.878125 0.326562 0.892187 0.326562 0.892187 0.321875 0.893750 0.320312 0.893750 0.314063 0.896875 0.310937 0.901563 0.310937 0.901563 0.292188 0.896875 0.292188 0.893750 0.289062 0.893750 0.284375 0.892187 0.282813 0.892187 0.278125
33 0.960938 0.178125 0.960938 0.185937 0.962500 0.187500 0.962500 0.200000 0.964063 0.201562 0.964063 0.207813 0.965625 0.207813 0.965625 0.201562 0.967188 0.200000 0.967188 0.198437 0.971875 0.193750 0.975000 0.196875 0.976562 0.196875 0.978125 0.198437 0.979688 0.198437 0.981250 0.196875 0.989062 0.196875 0.984375 0.196875 0.978125 0.190625 0.978125 0.189063 0.976562 0.187500 0.975000 0.187500 0.971875 0.184375 0.971875 0.178125
0 0.003125 0.246875 0.003125 0.253125 0.001563 0.254687 0.000000 0.254687 0.000000 0.296875 0.001563 0.296875 0.007812 0.303125 0.007812 0.307813 0.015625 0.307813 0.015625 0.298438 0.017188 0.296875 0.017188 0.292188 0.018750 0.290625 0.018750 0.262500 0.017188 0.260938 0.017188 0.256250 0.015625 0.254687 0.015625 0.253125 0.014062 0.251563 0.014062 0.246875
33 0.767187 0.140625 0.767187 0.146875 0.765625 0.148438 0.759375 0.148438 0.759375 0.156250 0.778125 0.156250 0.781250 0.153125 0.781250 0.151562 0.785937 0.146875 0.785937 0.140625
0 0.121875 0.246875 0.121875 0.307813 0.145313 0.307813 0.145313 0.256250 0.140625 0.256250 0.137500 0.253125 0.137500 0.246875
0 0.171875 0.253125 0.171875 0.301562 0.176563 0.301562 0.178125 0.303125 0.178125 0.307813 0.195312 0.307813 0.195312 0.267188 0.190625 0.267188 0.187500 0.264062 0.187500 0.260938 0.185937 0.259375 0.185937 0.253125
33 0.465625 0.153125 0.465625 0.167187 0.471875 0.167187 0.473437 0.165625 0.479688 0.165625 0.481250 0.167187 0.482812 0.167187 0.485938 0.170312 0.485938 0.176563 0.501562 0.176563 0.501562 0.168750 0.495313 0.168750 0.490625 0.164062 0.487500 0.164062 0.481250 0.157813 0.481250 0.153125
0 0.153125 0.259375 0.153125 0.307813 0.168750 0.307813 0.168750 0.300000 0.170312 0.298438 0.170312 0.293750 0.171875 0.292188 0.176563 0.292188 0.176563 0.271875 0.171875 0.271875 0.168750 0.268750 0.168750 0.259375
0 0.942187 0.321875 0.942187 0.329688 0.940625 0.331250 0.940625 0.334375 0.939062 0.335938 0.939062 0.337500 0.937500 0.339063 0.937500 0.342187 0.932813 0.346875 0.928125 0.346875 0.928125 0.364062 0.964063 0.364062 0.964063 0.339063 0.959375 0.339063 0.957812 0.337500 0.957812 0.335938 0.956250 0.334375 0.956250 0.321875
33 0.000000 0.165625 0.000000 0.182812 0.012500 0.182812 0.012500 0.178125 0.015625 0.175000 0.017188 0.175000 0.018750 0.173438 0.021875 0.173438 0.023438 0.171875 0.025000 0.171875 0.026563 0.170312 0.026563 0.165625
0 0.703125 0.290625 0.703125 0.300000 0.707812 0.300000 0.709375 0.301562 0.709375 0.303125 0.707812 0.304688 0.703125 0.304688 0.703125 0.351562 0.732813 0.351562 0.732813 0.290625
0 0.046875 0.259375 0.046875 0.290625 0.051562 0.290625 0.056250 0.295312 0.056250 0.307813 0.065625 0.307813 0.065625 0.300000 0.067188 0.298438 0.067188 0.292188 0.068750 0.290625 0.068750 0.279687 0.070312 0.278125 0.070312 0.268750 0.068750 0.267188 0.068750 0.259375
7 0.723437 0.259375 0.723437 0.264062 0.718750 0.268750 0.717188 0.268750 0.715625 0.270312 0.714063 0.270312 0.706250 0.278125 0.706250 0.279687 0.703125 0.282813 0.696875 0.282813 0.696875 0.298438 0.703125 0.298438 0.704687 0.296875 0.707812 0.296875 0.710938 0.293750 0.712500 0.293750 0.715625 0.290625 0.717188 0.290625 0.720312 0.287500 0.723437 0.287500 0.725000 0.289062 0.726562 0.289062 0.731250 0.293750 0.731250 0.295312 0.732813 0.296875 0.731250 0.298438 0.731250 0.306250 0.732813 0.307813 0.732813 0.310937 0.734375 0.312500 0.734375 0.314063 0.746875 0.314063 0.748438 0.315625 0.750000 0.315625 0.753125 0.318750 0.754687 0.318750 0.756250 0.320312 0.756250 0.326562 0.773438 0.326562 0.773438 0.320312 0.775000 0.318750 0.776563 0.318750 0.778125 0.317187 0.778125 0.315625 0.784375 0.309375 0.785937 0.309375 0.787500 0.307813 0.789062 0.307813 0.790625 0.306250 0.792188 0.307813 0.800000 0.307813 0.801562 0.306250 0.809375 0.306250 0.810938 0.307813 0.812500 0.307813 0.815625 0.310937 0.817187 0.310937 0.818750 0.312500 0.818750 0.314063 0.821875 0.317187 0.821875 0.318750 0.825000 0.321875 0.825000 0.326562 0.839063 0.326562 0.839063 0.321875 0.840625 0.320312 0.840625 0.318750 0.842188 0.317187 0.842188 0.293750 0.843750 0.292188 0.843750 0.289062 0.846875 0.285937 0.851562 0.285937 0.851562 0.259375
0 0.032812 0.253125 0.031250 0.254687 0.028125 0.254687 0.026563 0.256250 0.025000 0.256250 0.021875 0.259375 0.015625 0.259375 0.015625 0.282813 0.020312 0.282813 0.021875 0.284375 0.021875 0.285937 0.023438 0.287500 0.023438 0.290625 0.029687 0.296875 0.029687 0.301562 0.045313 0.301562 0.045313 0.262500 0.040625 0.262500 0.039062 0.260938 0.039062 0.259375 0.037500 0.257812 0.037500 0.256250 0.034375 0.253125
0 0.446875 0.271875 0.446875 0.314063 0.464063 0.314063 0.464063 0.271875
