0 0.656250 0.120609 0.656250 0.139344 0.654688 0.141686 0.654688 0.144028 0.653125 0.146370 0.653125 0.148712 0.651563 0.151054 0.651563 0.160422 0.650000 0.162763 0.650000 0.176815 0.651563 0.179157 0.651563 0.183841 0.653125 0.186183 0.653125 0.193208 0.654688 0.195550 0.653125 0.197892 0.653125 0.204918 0.634375 0.233021 0.634375 0.235363 0.632812 0.237705 0.632812 0.240047 0.631250 0.242389 0.631250 0.244731 0.629687 0.247073 0.629687 0.249415 0.628125 0.251756 0.628125 0.254098 0.625000 0.258782 0.625000 0.261124 0.623438 0.263466 0.623438 0.265808 0.621875 0.268150 0.621875 0.272834 0.620313 0.275176 0.620313 0.284543 0.618750 0.286885 0.618750 0.307963 0.620313 0.310304 0.620313 0.317330 0.625000 0.324356 0.625000 0.326698 0.626562 0.329040 0.626562 0.331382 0.628125 0.331382 0.631250 0.336066 0.631250 0.338407 0.632812 0.340749 0.632812 0.347775 0.631250 0.350117 0.631250 0.354801 0.629687 0.357143 0.629687 0.359485 0.628125 0.361827 0.628125 0.375878 0.631250 0.380562 0.631250 0.387588 0.628125 0.392272 0.623438 0.392272 0.621875 0.389930 0.621875 0.392272 0.618750 0.396955 0.618750 0.399297 0.614062 0.406323 0.614062 0.408665 0.609375 0.415691 0.609375 0.418033 0.606250 0.422717 0.606250 0.425059 0.603125 0.429742 0.603125 0.432084 0.600000 0.436768 0.600000 0.439110 0.598437 0.441452 0.598437 0.443794 0.596875 0.446136 0.596875 0.448478 0.593750 0.453162 0.593750 0.455504 0.592188 0.457845 0.592188 0.462529 0.589063 0.467213 0.589063 0.469555 0.587500 0.471897 0.587500 0.478923 0.585938 0.481265 0.585938 0.485948 0.584375 0.488290 0.584375 0.490632 0.582812 0.492974 0.578125 0.492974 0.578125 0.523419 0.589063 0.523419 0.590625 0.525761 0.590625 0.528103 0.592188 0.530445 0.592188 0.535129 0.593750 0.537471 0.593750 0.546838 0.595312 0.549180 0.595312 0.570258 0.593750 0.572600 0.593750 0.577283 0.592188 0.579625 0.592188 0.581967 0.589063 0.586651 0.589063 0.588993 0.590625 0.591335 0.590625 0.596019 0.592188 0.598361 0.595312 0.598361 0.596875 0.600703 0.607813 0.600703 0.610937 0.596019 0.610937 0.581967 0.609375 0.579625 0.609375 0.514051 0.610937 0.511710 0.610937 0.500000 0.612500 0.497658 0.612500 0.492974 0.614062 0.490632 0.614062 0.485948 0.615625 0.483607 0.615625 0.478923 0.617188 0.476581 0.617188 0.471897 0.618750 0.469555 0.618750 0.467213 0.620313 0.464871 0.620313 0.460187 0.621875 0.457845 0.621875 0.453162 0.623438 0.450820 0.623438 0.448478 0.625000 0.446136 0.625000 0.443794 0.626562 0.441452 0.626562 0.439110 0.628125 0.436768 0.628125 0.434426 0.631250 0.429742 0.631250 0.425059 0.632812 0.422717 0.632812 0.420375 0.634375 0.418033 0.634375 0.399297 0.632812 0.396955 0.632812 0.361827 0.634375 0.359485 0.634375 0.343091 0.635938 0.340749 0.635938 0.338407 0.645312 0.324356 0.646875 0.324356 0.651563 0.317330 0.653125 0.317330 0.656250 0.312646 0.657812 0.312646 0.659375 0.310304 0.664062 0.310304 0.665625 0.307963 0.667188 0.307963 0.668750 0.310304 0.682813 0.310304 0.687500 0.317330 0.687500 0.319672 0.689062 0.322014 0.689062 0.324356 0.690625 0.326698 0.690625 0.333724 0.692187 0.336066 0.692187 0.340749 0.693750 0.343091 0.693750 0.380562 0.695312 0.382904 0.695312 0.392272 0.696875 0.394614 0.696875 0.396955 0.706250 0.411007 0.706250 0.413349 0.707812 0.415691 0.707812 0.418033 0.710938 0.422717 0.710938 0.425059 0.714063 0.429742 0.714063 0.439110 0.715625 0.441452 0.715625 0.446136 0.721875 0.455504 0.721875 0.457845 0.723437 0.460187 0.723437 0.462529 0.725000 0.464871 0.725000 0.467213 0.726562 0.469555 0.726562 0.476581 0.728125 0.478923 0.728125 0.483607 0.729688 0.485948 0.729688 0.488290 0.731250 0.490632 0.731250 0.492974 0.732813 0.495316 0.732813 0.500000 0.734375 0.502342 0.734375 0.507026 0.735937 0.509368 0.735937 0.514051 0.737500 0.516393 0.737500 0.521077 0.739062 0.523419 0.739062 0.528103 0.740625 0.530445 0.740625 0.542155 0.742188 0.544496 0.742188 0.549180 0.743750 0.551522 0.743750 0.563232 0.745313 0.565574 0.745313 0.579625 0.746875 0.581967 0.746875 0.586651 0.754687 0.586651 0.756250 0.584309 0.757812 0.584309 0.759375 0.581967 0.759375 0.577283 0.760938 0.574941 0.760938 0.570258 0.762500 0.567916 0.762500 0.565574 0.765625 0.560890 0.770312 0.560890 0.770312 0.450820 0.765625 0.450820 0.764063 0.448478 0.764063 0.446136 0.762500 0.443794 0.762500 0.439110 0.760938 0.436768 0.760938 0.422717 0.759375 0.420375 0.759375 0.394614 0.757812 0.392272 0.757812 0.389930 0.759375 0.387588 0.759375 0.375878 0.760938 0.373536 0.760938 0.366511 0.762500 0.364169 0.762500 0.338407 0.760938 0.336066 0.760938 0.333724 0.759375 0.331382 0.759375 0.326698 0.757812 0.324356 0.757812 0.317330 0.756250 0.314988 0.756250 0.310304 0.754687 0.307963 0.754687 0.303279 0.753125 0.300937 0.753125 0.296253 0.751562 0.293911 0.751562 0.286885 0.748438 0.282201 0.748438 0.279859 0.746875 0.277518 0.745313 0.277518 0.739062 0.268150 0.737500 0.268150 0.735937 0.265808 0.734375 0.265808 0.729688 0.258782 0.729688 0.256440 0.726562 0.251756 0.726562 0.240047 0.725000 0.237705 0.725000 0.228337 0.723437 0.225995 0.723437 0.223653 0.721875 0.221311 0.721875 0.218970 0.720312 0.216628 0.718750 0.216628 0.717188 0.214286 0.712500 0.214286 0.710938 0.211944 0.701563 0.211944 0.698438 0.207260 0.696875 0.207260 0.695312 0.204918 0.695312 0.202576 0.693750 0.200234 0.693750 0.190867 0.695312 0.188525 0.695312 0.186183 0.696875 0.183841 0.696875 0.179157 0.698438 0.176815 0.698438 0.158080 0.696875 0.155738 0.696875 0.151054 0.695312 0.148712 0.695312 0.146370 0.692187 0.141686 0.692187 0.139344 0.689062 0.134660 0.687500 0.134660 0.682813 0.127635 0.682813 0.120609
5 0.000000 0.120609 0.000000 0.687354 0.001563 0.687354 0.004688 0.682670 0.006250 0.682670 0.009375 0.677986 0.010937 0.677986 0.015625 0.670960 0.018750 0.670960 0.020312 0.668618 0.025000 0.668618 0.026563 0.666276 0.031250 0.666276 0.032812 0.663934 0.056250 0.663934 0.057813 0.661592 0.060938 0.661592 0.062500 0.663934 0.070312 0.663934 0.071875 0.666276 0.073437 0.666276 0.076563 0.670960 0.076563 0.673302 0.084375 0.685012 0.118750 0.685012 0.120312 0.682670 0.123438 0.682670 0.125000 0.680328 0.126563 0.680328 0.131250 0.673302 0.132812 0.673302 0.132812 0.670960 0.140625 0.659251 0.142188 0.659251 0.143750 0.656909 0.150000 0.656909 0.151562 0.654567 0.167187 0.654567 0.168750 0.652225 0.185937 0.652225 0.187500 0.649883 0.200000 0.649883 0.201562 0.647541 0.245312 0.647541 0.246875 0.645199 0.270312 0.645199 0.271875 0.647541 0.284375 0.647541 0.285937 0.645199 0.287500 0.645199 0.289062 0.642857 0.290625 0.642857 0.290625 0.640515 0.292188 0.638173 0.293750 0.638173 0.295312 0.635831 0.295312 0.633489 0.298438 0.628806 0.298438 0.626464 0.303125 0.619438 0.303125 0.614754 0.304688 0.612412 0.304688 0.605386 0.306250 0.603045 0.306250 0.598361 0.307813 0.596019 0.307813 0.593677 0.309375 0.591335 0.309375 0.588993 0.310937 0.586651 0.309375 0.584309 0.309375 0.581967 0.300000 0.567916 0.300000 0.565574 0.298438 0.563232 0.298438 0.549180 0.296875 0.546838 0.296875 0.544496 0.295312 0.542155 0.295312 0.539813 0.293750 0.537471 0.293750 0.532787 0.292188 0.530445 0.292188 0.516393 0.290625 0.514051 0.290625 0.511710 0.292188 0.509368 0.292188 0.502342 0.293750 0.500000 0.293750 0.492974 0.295312 0.490632 0.295312 0.485948 0.296875 0.483607 0.296875 0.474239 0.298438 0.471897 0.298438 0.467213 0.300000 0.464871 0.300000 0.457845 0.301562 0.455504 0.301562 0.450820 0.303125 0.448478 0.303125 0.425059 0.301562 0.422717 0.301562 0.415691 0.300000 0.413349 0.300000 0.403981 0.298438 0.401639 0.298438 0.399297 0.300000 0.396955 0.300000 0.373536 0.301562 0.371194 0.301562 0.364169 0.307813 0.354801 0.307813 0.314988 0.309375 0.312646 0.309375 0.305621 0.310937 0.303279 0.310937 0.300937 0.315625 0.293911 0.320312 0.293911 0.320312 0.211944 0.312500 0.211944 0.310937 0.209602 0.309375 0.209602 0.307813 0.207260 0.306250 0.207260 0.304688 0.204918 0.303125 0.204918 0.301562 0.202576 0.300000 0.202576 0.298438 0.200234 0.295312 0.200234 0.293750 0.197892 0.290625 0.197892 0.289062 0.195550 0.281250 0.195550 0.279687 0.193208 0.276563 0.193208 0.275000 0.190867 0.273438 0.190867 0.268750 0.183841 0.268750 0.181499 0.267188 0.179157 0.267188 0.176815 0.265625 0.174473 0.265625 0.172131 0.264062 0.169789 0.264062 0.167447 0.262500 0.165105 0.262500 0.162763 0.260938 0.160422 0.260938 0.158080 0.257812 0.153396 0.256250 0.153396 0.254687 0.151054 0.253125 0.151054 0.251563 0.148712 0.250000 0.148712 0.248437 0.146370 0.245312 0.146370 0.243750 0.144028 0.235938 0.144028 0.234375 0.141686 0.228125 0.141686 0.226562 0.139344 0.220313 0.139344 0.218750 0.137002 0.212500 0.137002 0.210938 0.134660 0.206250 0.134660 0.204688 0.132318 0.198437 0.132318 0.196875 0.129977 0.193750 0.129977 0.192188 0.127635 0.192188 0.120609
17 0.656250 0.305621 0.654688 0.307963 0.653125 0.307963 0.651563 0.310304 0.650000 0.310304 0.646875 0.314988 0.645312 0.314988 0.639063 0.324356 0.639063 0.329040 0.637500 0.331382 0.637500 0.336066 0.635938 0.338407 0.635938 0.359485 0.634375 0.361827 0.634375 0.382904 0.635938 0.385246 0.635938 0.413349 0.634375 0.415691 0.634375 0.418033 0.632812 0.420375 0.632812 0.425059 0.631250 0.427400 0.631250 0.429742 0.629687 0.432084 0.629687 0.434426 0.628125 0.436768 0.628125 0.441452 0.626562 0.443794 0.626562 0.448478 0.625000 0.450820 0.625000 0.453162 0.623438 0.455504 0.623438 0.457845 0.621875 0.460187 0.621875 0.464871 0.620313 0.467213 0.620313 0.474239 0.618750 0.476581 0.618750 0.481265 0.617188 0.483607 0.617188 0.488290 0.614062 0.492974 0.614062 0.497658 0.612500 0.500000 0.612500 0.502342 0.610937 0.504684 0.610937 0.542155 0.609375 0.544496 0.609375 0.556206 0.607813 0.558548 0.603125 0.558548 0.603125 0.572600 0.607813 0.572600 0.609375 0.574941 0.609375 0.577283 0.610937 0.579625 0.610937 0.581967 0.614062 0.586651 0.614062 0.588993 0.615625 0.591335 0.615625 0.593677 0.617188 0.596019 0.617188 0.598361 0.618750 0.600703 0.618750 0.603045 0.621875 0.607728 0.621875 0.610070 0.623438 0.612412 0.623438 0.617096 0.625000 0.619438 0.625000 0.624122 0.626562 0.626464 0.626562 0.631148 0.628125 0.633489 0.628125 0.638173 0.629687 0.640515 0.629687 0.642857 0.631250 0.645199 0.631250 0.647541 0.632812 0.649883 0.632812 0.652225 0.634375 0.654567 0.634375 0.656909 0.635938 0.659251 0.635938 0.663934 0.637500 0.666276 0.637500 0.668618 0.639063 0.670960 0.639063 0.675644 0.640625 0.677986 0.640625 0.680328 0.642187 0.682670 0.642187 0.706089 0.643750 0.708431 0.643750 0.757611 0.642187 0.759953 0.642187 0.769321 0.640625 0.771663 0.640625 0.776347 0.639063 0.778689 0.639063 0.795082 0.637500 0.797424 0.637500 0.816159 0.635938 0.818501 0.635938 0.841920 0.637500 0.844262 0.637500 0.848946 0.639063 0.851288 0.648438 0.851288 0.650000 0.853630 0.651563 0.853630 0.654688 0.858314 0.654688 0.867682 0.656250 0.870023 0.656250 0.877049 0.657812 0.879391 0.657812 0.886417 0.684375 0.886417 0.684375 0.877049 0.685938 0.874707 0.685938 0.853630 0.684375 0.851288 0.684375 0.846604 0.682813 0.844262 0.682813 0.839578 0.681250 0.837237 0.681250 0.825527 0.682813 0.823185 0.682813 0.809133 0.681250 0.806792 0.681250 0.788056 0.682813 0.785714 0.682813 0.766979 0.684375 0.764637 0.684375 0.762295 0.685938 0.759953 0.685938 0.755269 0.687500 0.752927 0.687500 0.748244 0.689062 0.745902 0.690625 0.745902 0.693750 0.750585 0.693750 0.752927 0.695312 0.755269 0.695312 0.757611 0.696875 0.759953 0.696875 0.811475 0.695312 0.813817 0.695312 0.841920 0.696875 0.844262 0.700000 0.844262 0.701563 0.846604 0.714063 0.846604 0.718750 0.839578 0.718750 0.825527 0.717188 0.823185 0.717188 0.792740 0.718750 0.790398 0.718750 0.781030 0.720312 0.778689 0.720312 0.776347 0.721875 0.774005 0.723437 0.776347 0.725000 0.776347 0.726562 0.778689 0.728125 0.776347 0.728125 0.771663 0.729688 0.769321 0.729688 0.766979 0.731250 0.764637 0.731250 0.762295 0.729688 0.759953 0.729688 0.755269 0.731250 0.752927 0.731250 0.703747 0.729688 0.701405 0.729688 0.682670 0.731250 0.680328 0.731250 0.663934 0.732813 0.661592 0.732813 0.645199 0.734375 0.642857 0.734375 0.626464 0.735937 0.624122 0.735937 0.614754 0.737500 0.612412 0.737500 0.600703 0.739062 0.598361 0.739062 0.591335 0.737500 0.588993 0.739062 0.586651 0.739062 0.574941 0.740625 0.572600 0.745313 0.572600 0.745313 0.532787 0.740625 0.532787 0.739062 0.530445 0.739062 0.528103 0.737500 0.525761 0.737500 0.521077 0.735937 0.518735 0.735937 0.516393 0.734375 0.514051 0.734375 0.509368 0.732813 0.507026 0.732813 0.502342 0.731250 0.500000 0.731250 0.495316 0.729688 0.492974 0.729688 0.490632 0.726562 0.485948 0.726562 0.483607 0.725000 0.481265 0.725000 0.478923 0.723437 0.476581 0.723437 0.474239 0.721875 0.471897 0.721875 0.469555 0.718750 0.464871 0.718750 0.462529 0.717188 0.460187 0.717188 0.457845 0.715625 0.455504 0.715625 0.453162 0.714063 0.450820 0.714063 0.448478 0.712500 0.446136 0.712500 0.441452 0.710938 0.439110 0.710938 0.436768 0.709375 0.434426 0.709375 0.432084 0.704687 0.425059 0.704687 0.422717 0.701563 0.418033 0.701563 0.415691 0.700000 0.413349 0.700000 0.411007 0.698438 0.408665 0.698438 0.406323 0.696875 0.403981 0.696875 0.401639 0.695312 0.399297 0.695312 0.396955 0.693750 0.394614 0.693750 0.389930 0.692187 0.387588 0.692187 0.345433 0.690625 0.343091 0.690625 0.338407 0.689062 0.336066 0.689062 0.333724 0.687500 0.331382 0.687500 0.326698 0.685938 0.324356 0.685938 0.319672 0.684375 0.317330 0.684375 0.314988 0.681250 0.310304 0.679688 0.310304 0.678125 0.307963 0.675000 0.307963 0.673437 0.305621
17 0.326562 0.268150 0.325000 0.270492 0.325000 0.272834 0.320312 0.279859 0.320312 0.282201 0.315625 0.289227 0.315625 0.293911 0.314063 0.296253 0.314063 0.319672 0.312500 0.322014 0.312500 0.326698 0.314063 0.329040 0.314063 0.364169 0.315625 0.366511 0.315625 0.375878 0.317187 0.378220 0.317187 0.387588 0.318750 0.389930 0.318750 0.420375 0.320312 0.422717 0.320312 0.427400 0.325000 0.434426 0.325000 0.439110 0.326562 0.441452 0.326562 0.469555 0.325000 0.471897 0.325000 0.476581 0.323438 0.478923 0.323438 0.483607 0.321875 0.485948 0.321875 0.488290 0.320312 0.490632 0.320312 0.492974 0.318750 0.495316 0.318750 0.500000 0.317187 0.502342 0.317187 0.507026 0.315625 0.509368 0.315625 0.542155 0.317187 0.544496 0.317187 0.553864 0.318750 0.556206 0.318750 0.563232 0.320312 0.565574 0.320312 0.567916 0.321875 0.570258 0.321875 0.572600 0.323438 0.574941 0.323438 0.577283 0.328125 0.584309 0.328125 0.588993 0.329688 0.591335 0.329688 0.603045 0.331250 0.605386 0.331250 0.610070 0.332812 0.612412 0.332812 0.617096 0.334375 0.619438 0.334375 0.621780 0.335938 0.624122 0.335938 0.628806 0.337500 0.631148 0.337500 0.633489 0.339063 0.635831 0.339063 0.638173 0.340625 0.640515 0.340625 0.645199 0.342187 0.647541 0.342187 0.652225 0.343750 0.654567 0.343750 0.661592 0.345313 0.663934 0.345313 0.668618 0.346875 0.670960 0.346875 0.677986 0.348437 0.680328 0.348437 0.696721 0.350000 0.699063 0.350000 0.708431 0.351562 0.710773 0.351562 0.715457 0.353125 0.717799 0.353125 0.722482 0.354688 0.724824 0.354688 0.741218 0.356250 0.743560 0.356250 0.776347 0.357812 0.778689 0.357812 0.783372 0.359375 0.785714 0.359375 0.795082 0.357812 0.797424 0.357812 0.804450 0.356250 0.806792 0.356250 0.818501 0.354688 0.820843 0.354688 0.832553 0.353125 0.834895 0.353125 0.839578 0.354688 0.841920 0.354688 0.844262 0.356250 0.846604 0.357812 0.846604 0.359375 0.848946 0.360938 0.848946 0.362500 0.851288 0.362500 0.858314 0.371875 0.858314 0.371875 0.851288 0.373437 0.848946 0.375000 0.848946 0.376563 0.846604 0.378125 0.846604 0.382812 0.839578 0.382812 0.825527 0.381250 0.823185 0.381250 0.816159 0.382812 0.813817 0.382812 0.811475 0.384375 0.809133 0.396875 0.809133 0.398438 0.806792 0.403125 0.806792 0.407813 0.813817 0.410937 0.813817 0.412500 0.816159 0.428125 0.816159 0.429688 0.813817 0.432813 0.813817 0.432813 0.797424 0.431250 0.795082 0.431250 0.783372 0.432813 0.781030 0.432813 0.729508 0.434375 0.727166 0.434375 0.715457 0.435937 0.713115 0.435937 0.706089 0.437500 0.703747 0.437500 0.696721 0.439063 0.694379 0.439063 0.689696 0.440625 0.687354 0.440625 0.680328 0.442187 0.677986 0.442187 0.645199 0.443750 0.642857 0.443750 0.633489 0.445312 0.631148 0.445312 0.626464 0.446875 0.624122 0.446875 0.614754 0.448438 0.612412 0.448438 0.603045 0.450000 0.600703 0.450000 0.593677 0.451562 0.591335 0.451562 0.588993 0.457812 0.579625 0.464063 0.579625 0.465625 0.577283 0.470313 0.577283 0.470313 0.556206 0.462500 0.556206 0.460938 0.553864 0.459375 0.553864 0.457812 0.551522 0.457812 0.546838 0.456250 0.544496 0.456250 0.539813 0.454688 0.537471 0.454688 0.532787 0.450000 0.525761 0.448438 0.525761 0.440625 0.514051 0.439063 0.514051 0.437500 0.511710 0.434375 0.511710 0.432813 0.509368 0.431250 0.511710 0.426562 0.511710 0.423438 0.507026 0.421875 0.507026 0.420312 0.504684 0.420312 0.495316 0.418750 0.492974 0.418750 0.488290 0.417188 0.485948 0.417188 0.478923 0.415625 0.476581 0.415625 0.471897 0.414062 0.469555 0.414062 0.467213 0.412500 0.464871 0.412500 0.460187 0.410937 0.457845 0.410937 0.453162 0.409375 0.450820 0.409375 0.443794 0.407813 0.441452 0.407813 0.434426 0.406250 0.432084 0.406250 0.425059 0.404687 0.422717 0.404687 0.418033 0.403125 0.415691 0.403125 0.408665 0.401563 0.406323 0.401563 0.403981 0.400000 0.401639 0.400000 0.399297 0.398438 0.396955 0.398438 0.394614 0.396875 0.392272 0.396875 0.389930 0.395312 0.387588 0.395312 0.382904 0.393750 0.380562 0.393750 0.375878 0.392188 0.373536 0.392188 0.364169 0.390625 0.361827 0.390625 0.357143 0.387500 0.352459 0.387500 0.350117 0.385938 0.347775 0.385938 0.345433 0.384375 0.343091 0.384375 0.340749 0.382812 0.338407 0.382812 0.336066 0.379687 0.331382 0.379687 0.329040 0.376563 0.324356 0.376563 0.322014 0.373437 0.317330 0.373437 0.314988 0.371875 0.312646 0.371875 0.310304 0.367188 0.303279 0.367188 0.300937 0.365625 0.298595 0.365625 0.291569 0.364062 0.289227 0.364062 0.286885 0.362500 0.284543 0.360938 0.284543 0.359375 0.282201 0.356250 0.282201 0.354688 0.284543 0.350000 0.284543 0.348437 0.286885 0.346875 0.286885 0.345313 0.289227 0.342187 0.289227 0.340625 0.291569 0.337500 0.291569 0.335938 0.289227 0.334375 0.289227 0.332812 0.286885 0.332812 0.284543 0.328125 0.277518 0.328125 0.270492
2 0.768750 0.336066 0.768750 0.345433 0.767187 0.347775 0.767187 0.354801 0.765625 0.357143 0.765625 0.366511 0.764063 0.368852 0.764063 0.378220 0.762500 0.380562 0.762500 0.387588 0.760938 0.389930 0.760938 0.394614 0.762500 0.396955 0.762500 0.411007 0.764063 0.413349 0.764063 0.434426 0.765625 0.436768 0.765625 0.446136 0.767187 0.448478 0.767187 0.457845 0.768750 0.460187 0.768750 0.469555 0.770312 0.471897 0.770312 0.497658 0.771875 0.500000 0.771875 0.523419 0.770312 0.525761 0.770312 0.535129 0.768750 0.537471 0.768750 0.546838 0.767187 0.549180 0.767187 0.565574 0.765625 0.567916 0.765625 0.574941 0.764063 0.577283 0.764063 0.579625 0.762500 0.581967 0.762500 0.584309 0.760938 0.586651 0.760938 0.588993 0.757812 0.593677 0.746875 0.593677 0.746875 0.675644 0.760938 0.675644 0.762500 0.673302 0.765625 0.673302 0.773438 0.661592 0.775000 0.661592 0.776563 0.659251 0.779688 0.659251 0.781250 0.656909 0.817187 0.656909 0.818750 0.654567 0.862500 0.654567 0.864062 0.656909 0.870313 0.656909 0.871875 0.659251 0.882812 0.659251 0.884375 0.656909 0.889063 0.656909 0.889063 0.357143 0.859375 0.357143 0.857813 0.354801 0.850000 0.354801 0.848437 0.352459 0.843750 0.352459 0.842188 0.350117 0.839063 0.350117 0.837500 0.352459 0.812500 0.352459 0.810938 0.350117 0.800000 0.350117 0.798437 0.347775 0.793750 0.347775 0.790625 0.343091 0.790625 0.336066
0 0.990625 0.382904 0.990625 0.392272 0.987500 0.396955 0.987500 0.399297 0.984375 0.403981 0.984375 0.408665 0.982813 0.411007 0.982813 0.413349 0.981250 0.415691 0.981250 0.418033 0.979688 0.420375 0.979688 0.422717 0.978125 0.425059 0.978125 0.427400 0.976562 0.429742 0.976562 0.434426 0.975000 0.436768 0.975000 0.439110 0.973437 0.441452 0.973437 0.443794 0.971875 0.446136 0.971875 0.448478 0.970312 0.450820 0.970312 0.453162 0.968750 0.455504 0.968750 0.457845 0.967188 0.460187 0.967188 0.462529 0.965625 0.464871 0.965625 0.467213 0.964063 0.469555 0.964063 0.471897 0.962500 0.474239 0.962500 0.478923 0.960938 0.481265 0.960938 0.483607 0.959375 0.485948 0.959375 0.490632 0.957812 0.492974 0.957812 0.497658 0.956250 0.500000 0.956250 0.502342 0.954687 0.504684 0.954687 0.507026 0.953125 0.509368 0.953125 0.514051 0.951563 0.516393 0.951563 0.523419 0.950000 0.525761 0.950000 0.532787 0.948438 0.535129 0.948438 0.546838 0.946875 0.549180 0.946875 0.560890 0.945312 0.563232 0.945312 0.574941 0.943750 0.577283 0.943750 0.588993 0.942187 0.591335 0.942187 0.607728 0.940625 0.610070 0.940625 0.617096 0.939062 0.619438 0.939062 0.624122 0.937500 0.626464 0.937500 0.635831 0.935938 0.638173 0.935938 0.677986 0.937500 0.680328 0.937500 0.682670 0.935938 0.685012 0.935938 0.741218 0.934375 0.743560 0.934375 0.745902 0.932813 0.748244 0.928125 0.748244 0.928125 0.785714 0.934375 0.785714 0.939062 0.792740 0.940625 0.792740 0.943750 0.797424 0.945312 0.797424 0.946875 0.799766 0.948438 0.799766 0.950000 0.802108 0.959375 0.802108 0.962500 0.797424 0.964063 0.797424 0.965625 0.795082 0.968750 0.795082 0.970312 0.792740 0.970312 0.790398 0.971875 0.788056 0.971875 0.783372 0.973437 0.781030 0.973437 0.774005 0.975000 0.771663 0.975000 0.766979 0.976562 0.764637 0.976562 0.762295 0.978125 0.759953 0.978125 0.757611 0.982813 0.750585 0.984375 0.750585 0.989062 0.757611 0.989062 0.759953 0.990625 0.762295 0.990625 0.764637 0.992188 0.766979 0.992188 0.806792 0.990625 0.809133 0.990625 0.823185 0.992188 0.825527 0.992188 0.839578 0.993750 0.841920 0.993750 0.851288 0.995313 0.853630 0.995313 0.855972 0.996875 0.858314 0.996875 0.867682 0.998438 0.867682 0.998438 0.382904
17 0.489062 0.270492 0.489062 0.298595 0.487500 0.300937 0.487500 0.303279 0.485938 0.305621 0.485938 0.307963 0.482812 0.312646 0.482812 0.314988 0.481250 0.317330 0.481250 0.333724 0.482812 0.336066 0.482812 0.340749 0.484375 0.343091 0.484375 0.357143 0.482812 0.359485 0.482812 0.394614 0.481250 0.396955 0.481250 0.403981 0.482812 0.406323 0.482812 0.408665 0.484375 0.411007 0.484375 0.413349 0.485938 0.415691 0.485938 0.418033 0.487500 0.420375 0.487500 0.436768 0.485938 0.439110 0.485938 0.441452 0.479688 0.450820 0.478125 0.450820 0.476562 0.453162 0.475000 0.450820 0.471875 0.450820 0.470313 0.453162 0.470313 0.455504 0.468750 0.457845 0.468750 0.464871 0.470313 0.467213 0.470313 0.476581 0.471875 0.478923 0.471875 0.495316 0.473437 0.497658 0.473437 0.542155 0.471875 0.544496 0.471875 0.556206 0.473437 0.558548 0.471875 0.560890 0.471875 0.570258 0.470313 0.572600 0.470313 0.591335 0.468750 0.593677 0.468750 0.600703 0.470313 0.603045 0.470313 0.617096 0.471875 0.619438 0.471875 0.626464 0.473437 0.628806 0.473437 0.635831 0.475000 0.638173 0.475000 0.656909 0.476562 0.659251 0.476562 0.666276 0.478125 0.668618 0.478125 0.673302 0.479688 0.675644 0.479688 0.682670 0.481250 0.685012 0.481250 0.771663 0.482812 0.774005 0.482812 0.776347 0.484375 0.778689 0.487500 0.778689 0.489062 0.781030 0.501562 0.781030 0.503125 0.778689 0.507812 0.778689 0.509375 0.781030 0.529688 0.781030 0.532812 0.776347 0.532812 0.769321 0.531250 0.766979 0.531250 0.762295 0.529688 0.759953 0.529688 0.713115 0.531250 0.710773 0.531250 0.687354 0.532812 0.685012 0.532812 0.677986 0.534375 0.675644 0.534375 0.661592 0.535937 0.659251 0.535937 0.635831 0.537500 0.633489 0.537500 0.624122 0.539062 0.621780 0.539062 0.617096 0.540625 0.614754 0.540625 0.607728 0.542188 0.605386 0.542188 0.596019 0.543750 0.593677 0.543750 0.588993 0.545313 0.586651 0.545313 0.581967 0.548437 0.577283 0.548437 0.574941 0.551562 0.570258 0.553125 0.570258 0.554688 0.567916 0.557813 0.567916 0.559375 0.565574 0.560938 0.565574 0.562500 0.563232 0.567187 0.563232 0.570312 0.567916 0.571875 0.565574 0.571875 0.558548 0.573438 0.556206 0.573438 0.546838 0.578125 0.539813 0.582812 0.539813 0.582812 0.504684 0.578125 0.504684 0.576563 0.502342 0.576563 0.497658 0.575000 0.495316 0.575000 0.485948 0.568750 0.476581 0.567187 0.476581 0.565625 0.474239 0.564062 0.474239 0.560938 0.478923 0.559375 0.478923 0.557813 0.481265 0.557813 0.483607 0.553125 0.490632 0.551562 0.490632 0.550000 0.488290 0.550000 0.483607 0.548437 0.481265 0.548437 0.476581 0.546875 0.474239 0.546875 0.471897 0.545313 0.469555 0.545313 0.467213 0.543750 0.464871 0.543750 0.457845 0.542188 0.455504 0.542188 0.450820 0.540625 0.448478 0.540625 0.443794 0.539062 0.441452 0.539062 0.439110 0.532812 0.429742 0.532812 0.427400 0.531250 0.425059 0.531250 0.422717 0.529688 0.420375 0.529688 0.411007 0.528125 0.408665 0.528125 0.406323 0.526563 0.403981 0.526563 0.401639 0.523438 0.396955 0.523438 0.394614 0.521875 0.392272 0.521875 0.364169 0.520312 0.361827 0.520312 0.354801 0.518750 0.352459 0.518750 0.347775 0.517187 0.345433 0.517187 0.338407 0.515625 0.336066 0.515625 0.329040 0.514063 0.326698 0.514063 0.322014 0.515625 0.319672 0.515625 0.314988 0.517187 0.312646 0.517187 0.310304 0.518750 0.307963 0.518750 0.305621 0.520312 0.303279 0.521875 0.303279 0.523438 0.300937 0.525000 0.300937 0.526563 0.298595 0.526563 0.296253 0.523438 0.291569 0.523438 0.270492
0 0.314063 0.411007 0.312500 0.413349 0.310937 0.413349 0.309375 0.415691 0.307813 0.415691 0.307813 0.418033 0.306250 0.420375 0.306250 0.429742 0.304688 0.432084 0.304688 0.434426 0.303125 0.436768 0.303125 0.455504 0.301562 0.457845 0.301562 0.471897 0.300000 0.474239 0.300000 0.481265 0.298438 0.483607 0.298438 0.492974 0.295312 0.497658 0.290625 0.497658 0.290625 0.516393 0.295312 0.516393 0.298438 0.521077 0.298438 0.523419 0.300000 0.525761 0.300000 0.528103 0.301562 0.530445 0.301562 0.532787 0.303125 0.535129 0.303125 0.551522 0.301562 0.553864 0.301562 0.567916 0.303125 0.570258 0.306250 0.570258 0.307813 0.572600 0.315625 0.572600 0.317187 0.570258 0.317187 0.553864 0.315625 0.551522 0.315625 0.546838 0.314063 0.544496 0.314063 0.504684 0.315625 0.502342 0.315625 0.492974 0.317187 0.490632 0.317187 0.483607 0.318750 0.481265 0.318750 0.476581 0.320312 0.474239 0.320312 0.469555 0.321875 0.467213 0.321875 0.455504 0.320312 0.453162 0.320312 0.448478 0.318750 0.446136 0.318750 0.443794 0.317187 0.441452 0.317187 0.436768 0.315625 0.434426 0.315625 0.432084 0.314063 0.429742 0.314063 0.411007 0.465625 0.350117 0.314063 0.361827 0.314063 0.322014 0.335938 0.279859 0.337500 0.279859 0.339063 0.282201 0.351562 0.282201 0.353125 0.279859 0.357812 0.279859 0.359375 0.282201 0.360938 0.282201 0.367188 0.291569 0.367188 0.296253 0.370313 0.300937 0.370313 0.303279 0.373437 0.307963 0.373437 0.310304 0.375000 0.312646 0.375000 0.314988 0.378125 0.319672 0.378125 0.322014 0.381250 0.326698 0.381250 0.329040 0.382812 0.331382 0.382812 0.333724 0.384375 0.336066 0.384375 0.338407 0.385938 0.340749 0.385938 0.343091 0.387500 0.345433 0.387500 0.347775 0.389062 0.350117 0.389062 0.352459 0.392188 0.357143 0.392188 0.359485 0.393750 0.361827 0.393750 0.373536 0.395312 0.375878 0.395312 0.385246 0.396875 0.387588 0.396875 0.389930 0.400000 0.394614 0.400000 0.396955 0.401563 0.399297 0.401563 0.401639 0.403125 0.403981 0.403125 0.406323 0.404687 0.408665 0.404687 0.413349 0.406250 0.415691 0.406250 0.422717 0.407813 0.425059 0.407813 0.436768 0.409375 0.439110 0.409375 0.446136 0.410937 0.448478 0.410937 0.450820 0.412500 0.453162 0.412500 0.460187 0.414062 0.462529 0.414062 0.467213 0.415625 0.469555 0.415625 0.474239 0.417188 0.476581 0.417188 0.478923 0.418750 0.481265 0.418750 0.488290 0.420312 0.490632 0.420312 0.504684 0.421875 0.507026 0.421875 0.509368 0.425000 0.509368 0.426562 0.511710 0.428125 0.511710 0.432813 0.518735 0.432813 0.521077 0.434375 0.523419 0.434375 0.525761 0.437500 0.530445 0.437500 0.532787 0.439063 0.535129 0.439063 0.542155 0.440625 0.544496 0.440625 0.549180 0.442187 0.551522 0.442187 0.553864 0.443750 0.556206 0.443750 0.567916 0.445312 0.570258 0.445312 0.572600 0.446875 0.574941 0.446875 0.577283 0.448438 0.577283 0.450000 0.579625 0.460938 0.579625 0.462500 0.577283 0.470313 0.577283 0.470313 0.551522 0.465625 0.551522 0.457812 0.539813 0.457812 0.535129 0.459375 0.532787 0.459375 0.523419 0.460938 0.521077 0.460938 0.514051 0.462500 0.511710 0.462500 0.492974 0.460938 0.490632 0.460938 0.476581 0.459375 0.474239 0.459375 0.436768 0.457812 0.434426 0.457812 0.429742 0.456250 0.429742 0.454688 0.427400 0.453125 0.427400 0.451562 0.425059 0.451562 0.422717 0.450000 0.420375 0.450000 0.418033 0.448438 0.415691 0.448438 0.411007 0.445312 0.406323 0.445312 0.401639 0.443750 0.399297 0.443750 0.396955 0.442187 0.394614 0.442187 0.389930 0.440625 0.387588 0.440625 0.382904 0.439063 0.380562 0.439063 0.378220 0.437500 0.375878 0.437500 0.371194 0.435937 0.368852 0.435937 0.366511 0.434375 0.364169 0.434375 0.359485 0.432813 0.357143 0.432813 0.347775 0.431250 0.345433 0.431250 0.324356 0.429688 0.322014 0.429688 0.277518 0.428125 0.275176 0.428125 0.268150 0.426562 0.265808 0.426562 0.261124 0.425000 0.258782 0.425000 0.251756 0.423438 0.249415 0.423438 0.247073 0.421875 0.244731 0.421875 0.242389 0.420312 0.240047 0.418750 0.240047 0.414062 0.233021 0.412500 0.233021 0.410937 0.230679 0.407813 0.230679 0.406250 0.228337 0.404687 0.228337 0.400000 0.221311 0.400000 0.218970 0.398438 0.216628 0.398438 0.204918 0.400000 0.202576 0.400000 0.183841 0.398438 0.181499 0.398438 0.174473 0.395312 0.169789 0.395312 0.167447 0.393750 0.165105 0.393750 0.158080 0.365625 0.158080 0.365625 0.165105 0.364062 0.167447 0.364062 0.172131 0.362500 0.174473 0.362500 0.181499 0.360938 0.183841 0.360938 0.197892 0.362500 0.200234 0.362500 0.207260 0.364062 0.209602 0.364062 0.221311 0.362500 0.223653 0.362500 0.225995 0.359375 0.230679 0.357812 0.230679 0.353125 0.237705 0.351562 0.237705 0.350000 0.240047 0.348437 0.240047 0.346875 0.242389 0.345313 0.242389 0.339063 0.251756 0.339063 0.254098 0.337500 0.256440 0.337500 0.258782 0.335938 0.261124 0.335938 0.279859 0.314063 0.322014 0.314063 0.361827 0.465625 0.350117 0.470313 0.350117 0.470313 0.345433 0.465625 0.345433 0.465625 0.350117
0 0.960938 0.317330 0.960938 0.352459 0.956250 0.359485 0.954687 0.359485 0.951563 0.364169 0.946875 0.364169 0.946875 0.418033 0.954687 0.418033 0.954687 0.408665 0.956250 0.406323 0.957812 0.406323 0.964063 0.396955 0.965625 0.396955 0.967188 0.394614 0.970312 0.394614 0.971875 0.392272 0.973437 0.392272 0.975000 0.389930 0.982813 0.389930 0.982813 0.357143 0.978125 0.357143 0.975000 0.352459 0.975000 0.317330
9 0.515625 0.092506 0.515625 0.202576 0.520312 0.202576 0.521875 0.204918 0.521875 0.214286 0.520312 0.216628 0.515625 0.216628 0.515625 0.230679 0.548437 0.230679 0.548437 0.207260 0.546875 0.204918 0.546875 0.195550 0.548437 0.193208 0.548437 0.188525 0.550000 0.186183 0.550000 0.179157 0.551562 0.176815 0.551562 0.174473 0.550000 0.172131 0.550000 0.155738 0.553125 0.151054 0.557813 0.151054 0.557813 0.134660 0.553125 0.134660 0.550000 0.129977 0.550000 0.127635 0.551562 0.125293 0.551562 0.122951 0.553125 0.120609 0.557813 0.120609 0.557813 0.092506
2 0.940625 0.289227 0.940625 0.296253 0.939062 0.298595 0.935938 0.298595 0.934375 0.300937 0.929688 0.300937 0.928125 0.303279 0.915625 0.303279 0.915625 0.396955 0.920313 0.396955 0.923437 0.401639 0.923437 0.406323 0.925000 0.408665 0.925000 0.413349 0.926562 0.415691 0.926562 0.427400 0.928125 0.429742 0.928125 0.436768 0.943750 0.436768 0.943750 0.427400 0.950000 0.418033 0.950000 0.415691 0.951563 0.413349 0.951563 0.411007 0.953125 0.408665 0.953125 0.403981 0.954687 0.401639 0.954687 0.399297 0.950000 0.392272 0.950000 0.385246 0.948438 0.382904 0.948438 0.373536 0.950000 0.371194 0.950000 0.368852 0.951563 0.366511 0.951563 0.364169 0.954687 0.359485 0.954687 0.357143 0.957812 0.352459 0.957812 0.347775 0.959375 0.345433 0.959375 0.333724 0.962500 0.329040 0.962500 0.326698 0.964063 0.324356 0.965625 0.324356 0.967188 0.322014 0.971875 0.322014 0.975000 0.326698 0.975000 0.329040 0.976562 0.331382 0.976562 0.354801 0.978125 0.357143 0.978125 0.359485 0.982813 0.366511 0.982813 0.371194 0.984375 0.373536 0.984375 0.375878 0.985937 0.378220 0.990625 0.378220 0.990625 0.375878 0.996875 0.366511 0.998438 0.366511 0.998438 0.289227
2 0.914062 0.450820 0.909375 0.450820 0.909375 0.481265 0.914062 0.481265 0.915625 0.483607 0.915625 0.485948 0.914062 0.488290 0.909375 0.488290 0.909375 0.673302 0.915625 0.673302 0.918750 0.677986 0.920313 0.677986 0.925000 0.685012 0.925000 0.687354 0.928125 0.692037 0.928125 0.699063 0.937500 0.699063 0.937500 0.687354 0.935938 0.685012 0.935938 0.633489 0.937500 0.631148 0.937500 0.626464 0.939062 0.624122 0.939062 0.607728 0.940625 0.605386 0.940625 0.581967 0.942187 0.579625 0.942187 0.570258 0.943750 0.567916 0.943750 0.560890 0.945312 0.558548 0.945312 0.551522 0.946875 0.549180 0.946875 0.532787 0.948438 0.530445 0.948438 0.523419 0.950000 0.521077 0.950000 0.516393 0.951563 0.514051 0.951563 0.509368 0.953125 0.507026 0.953125 0.500000 0.954687 0.497658 0.954687 0.495316 0.956250 0.492974 0.956250 0.490632 0.957812 0.488290 0.957812 0.485948 0.959375 0.483607 0.959375 0.478923 0.960938 0.476581 0.960938 0.471897 0.962500 0.469555 0.962500 0.467213 0.964063 0.464871 0.964063 0.462529 0.965625 0.460187 0.965625 0.455504 0.967188 0.453162 0.967188 0.450820 0.970312 0.446136 0.970312 0.443794 0.971875 0.441452 0.971875 0.434426 0.973437 0.432084 0.973437 0.429742 0.975000 0.427400 0.975000 0.425059 0.976562 0.422717 0.976562 0.420375 0.987500 0.403981 0.990625 0.403981 0.992188 0.401639 0.993750 0.401639 0.995313 0.399297 0.998438 0.399297 0.998438 0.373536 0.995313 0.373536 0.995313 0.380562 0.992188 0.385246 0.990625 0.385246 0.989062 0.387588 0.985937 0.387588 0.984375 0.389930 0.982813 0.389930 0.981250 0.392272 0.979688 0.392272 0.978125 0.394614 0.975000 0.394614 0.973437 0.396955 0.971875 0.396955 0.970312 0.399297 0.967188 0.399297 0.965625 0.401639 0.964063 0.401639 0.964063 0.403981 0.960938 0.408665 0.959375 0.408665 0.957812 0.411007 0.956250 0.411007 0.937500 0.439110 0.937500 0.441452 0.935938 0.443794 0.935938 0.446136 0.934375 0.448478 0.934375 0.450820 0.929688 0.457845 0.929688 0.460187 0.925000 0.467213 0.923437 0.467213 0.921875 0.469555 0.920313 0.469555 0.918750 0.467213 0.918750 0.464871 0.915625 0.460187 0.915625 0.455504 0.914062 0.453162 0.914062 0.450820 0.914062 0.432084 0.915625 0.429742 0.915625 0.425059 0.917188 0.422717 0.917188 0.420375 0.920313 0.415691 0.921875 0.415691 0.923437 0.413349 0.923437 0.406323 0.921875 0.403981 0.921875 0.396955 0.920313 0.394614 0.920313 0.392272 0.917188 0.387588 0.917188 0.382904 0.915625 0.380562 0.915625 0.373536 0.909375 0.373536 0.909375 0.432084 0.914062 0.432084
0 0.495313 0.223653 0.495313 0.233021 0.492188 0.237705 0.492188 0.240047 0.489062 0.244731 0.489062 0.247073 0.487500 0.249415 0.487500 0.272834 0.489062 0.275176 0.489062 0.286885 0.482812 0.296253 0.481250 0.296253 0.476562 0.303279 0.476562 0.305621 0.475000 0.307963 0.475000 0.310304 0.473437 0.312646 0.473437 0.314988 0.471875 0.317330 0.471875 0.319672 0.470313 0.322014 0.470313 0.324356 0.468750 0.326698 0.468750 0.331382 0.465625 0.336066 0.459375 0.336066 0.459375 0.392272 0.464063 0.392272 0.467187 0.396955 0.467187 0.408665 0.464063 0.413349 0.459375 0.413349 0.459375 0.460187 0.464063 0.460187 0.468750 0.467213 0.470313 0.467213 0.471875 0.469555 0.475000 0.469555 0.476562 0.471897 0.479688 0.471897 0.481250 0.469555 0.490625 0.469555 0.492188 0.467213 0.493750 0.467213 0.493750 0.464871 0.495313 0.462529 0.495313 0.455504 0.496875 0.453162 0.496875 0.450820 0.498437 0.448478 0.498437 0.436768 0.495313 0.432084 0.495313 0.429742 0.493750 0.427400 0.493750 0.420375 0.492188 0.418033 0.492188 0.401639 0.493750 0.399297 0.493750 0.389930 0.495313 0.387588 0.496875 0.387588 0.498437 0.385246 0.500000 0.385246 0.501562 0.382904 0.504687 0.382904 0.506250 0.385246 0.507812 0.385246 0.509375 0.387588 0.512500 0.387588 0.515625 0.392272 0.517187 0.392272 0.520312 0.396955 0.521875 0.396955 0.523438 0.399297 0.523438 0.401639 0.529688 0.411007 0.529688 0.418033 0.531250 0.420375 0.531250 0.427400 0.532812 0.429742 0.532812 0.432084 0.535937 0.436768 0.535937 0.439110 0.537500 0.441452 0.537500 0.443794 0.539062 0.446136 0.539062 0.450820 0.540625 0.453162 0.540625 0.460187 0.542188 0.462529 0.542188 0.476581 0.543750 0.478923 0.543750 0.483607 0.546875 0.488290 0.546875 0.490632 0.548437 0.492974 0.548437 0.495316 0.550000 0.497658 0.550000 0.500000 0.551562 0.502342 0.551562 0.507026 0.553125 0.509368 0.553125 0.511710 0.554688 0.514051 0.554688 0.535129 0.553125 0.537471 0.553125 0.539813 0.551562 0.542155 0.551562 0.544496 0.550000 0.546838 0.550000 0.549180 0.548437 0.551522 0.550000 0.553864 0.550000 0.560890 0.546875 0.565574 0.545313 0.565574 0.543750 0.563232 0.542188 0.563232 0.540625 0.560890 0.539062 0.560890 0.537500 0.563232 0.534375 0.563232 0.532812 0.565574 0.523438 0.565574 0.521875 0.567916 0.518750 0.567916 0.517187 0.570258 0.509375 0.570258 0.507812 0.567916 0.504687 0.567916 0.503125 0.565574 0.500000 0.565574 0.498437 0.563232 0.496875 0.563232 0.492188 0.556206 0.492188 0.553864 0.490625 0.551522 0.490625 0.549180 0.485938 0.549180 0.484375 0.551522 0.482812 0.551522 0.481250 0.553864 0.481250 0.556206 0.479688 0.558548 0.479688 0.567916 0.478125 0.570258 0.478125 0.577283 0.476562 0.579625 0.476562 0.584309 0.475000 0.586651 0.475000 0.591335 0.473437 0.593677 0.473437 0.598361 0.471875 0.600703 0.471875 0.614754 0.473437 0.617096 0.473437 0.619438 0.475000 0.621780 0.475000 0.628806 0.476562 0.631148 0.476562 0.654567 0.478125 0.656909 0.478125 0.663934 0.479688 0.666276 0.479688 0.668618 0.481250 0.670960 0.481250 0.675644 0.482812 0.677986 0.482812 0.699063 0.484375 0.701405 0.484375 0.710773 0.482812 0.713115 0.482812 0.745902 0.503125 0.745902 0.503125 0.734192 0.501562 0.731850 0.501562 0.720141 0.500000 0.717799 0.500000 0.710773 0.498437 0.708431 0.498437 0.696721 0.496875 0.694379 0.496875 0.670960 0.498437 0.668618 0.498437 0.654567 0.500000 0.652225 0.498437 0.649883 0.498437 0.642857 0.500000 0.640515 0.500000 0.638173 0.503125 0.633489 0.504687 0.633489 0.506250 0.635831 0.509375 0.635831 0.514063 0.642857 0.514063 0.694379 0.515625 0.696721 0.515625 0.706089 0.517187 0.708431 0.517187 0.736534 0.515625 0.738876 0.515625 0.745902 0.528125 0.745902 0.528125 0.692037 0.529688 0.689696 0.529688 0.682670 0.531250 0.680328 0.531250 0.675644 0.532812 0.673302 0.532812 0.642857 0.534375 0.640515 0.534375 0.633489 0.535937 0.631148 0.535937 0.624122 0.537500 0.621780 0.537500 0.617096 0.539062 0.614754 0.539062 0.610070 0.540625 0.607728 0.540625 0.598361 0.542188 0.596019 0.542188 0.591335 0.543750 0.588993 0.543750 0.581967 0.545313 0.579625 0.545313 0.574941 0.548437 0.570258 0.556250 0.570258 0.557813 0.572600 0.571875 0.572600 0.573438 0.570258 0.575000 0.570258 0.575000 0.560890 0.573438 0.558548 0.575000 0.556206 0.575000 0.551522 0.584375 0.537471 0.589063 0.537471 0.589063 0.495316 0.584375 0.495316 0.581250 0.490632 0.581250 0.488290 0.579687 0.485948 0.579687 0.483607 0.576563 0.478923 0.576563 0.476581 0.575000 0.474239 0.575000 0.471897 0.573438 0.469555 0.573438 0.467213 0.571875 0.464871 0.571875 0.460187 0.570312 0.457845 0.570312 0.455504 0.567187 0.450820 0.567187 0.446136 0.564062 0.441452 0.564062 0.439110 0.562500 0.436768 0.562500 0.434426 0.560938 0.432084 0.560938 0.427400 0.559375 0.425059 0.559375 0.422717 0.557813 0.420375 0.557813 0.415691 0.556250 0.413349 0.556250 0.408665 0.554688 0.406323 0.554688 0.357143 0.553125 0.354801 0.553125 0.347775 0.551562 0.345433 0.551562 0.340749 0.550000 0.338407 0.550000 0.333724 0.548437 0.331382 0.548437 0.326698 0.543750 0.319672 0.543750 0.317330 0.525000 0.289227 0.525000 0.282201 0.523438 0.279859 0.523438 0.258782 0.521875 0.256440 0.521875 0.244731 0.520312 0.242389 0.520312 0.240047 0.517187 0.235363 0.517187 0.233021 0.515625 0.230679 0.515625 0.223653
0 0.495313 0.223653 0.495313 0.233021 0.492188 0.237705 0.492188 0.240047 0.489062 0.244731 0.489062 0.247073 0.487500 0.249415 0.487500 0.275176 0.489062 0.277518 0.489062 0.282201 0.487500 0.284543 0.487500 0.286885 0.482812 0.293911 0.479688 0.293911 0.475000 0.300937 0.475000 0.303279 0.473437 0.305621 0.473437 0.307963 0.471875 0.310304 0.471875 0.314988 0.470313 0.317330 0.470313 0.319672 0.468750 0.322014 0.468750 0.326698 0.467187 0.329040 0.467187 0.331382 0.464063 0.336066 0.459375 0.336066 0.459375 0.394614 0.464063 0.394614 0.467187 0.399297 0.467187 0.406323 0.465625 0.408665 0.465625 0.411007 0.464063 0.413349 0.459375 0.413349 0.459375 0.455504 0.465625 0.455504 0.467187 0.457845 0.467187 0.460187 0.470313 0.460187 0.471875 0.462529 0.482812 0.462529 0.487500 0.455504 0.487500 0.453162 0.490625 0.448478 0.490625 0.446136 0.492188 0.443794 0.492188 0.425059 0.490625 0.422717 0.490625 0.399297 0.492188 0.396955 0.492188 0.389930 0.493750 0.387588 0.493750 0.385246 0.500000 0.375878 0.501562 0.375878 0.503125 0.373536 0.507812 0.373536 0.509375 0.371194 0.514063 0.371194 0.515625 0.373536 0.515625 0.378220 0.517187 0.380562 0.517187 0.385246 0.518750 0.387588 0.518750 0.389930 0.528125 0.403981 0.528125 0.406323 0.529688 0.408665 0.529688 0.411007 0.531250 0.413349 0.531250 0.420375 0.532812 0.422717 0.532812 0.429742 0.539062 0.439110 0.539062 0.443794 0.540625 0.446136 0.540625 0.448478 0.542188 0.450820 0.542188 0.455504 0.543750 0.457845 0.543750 0.467213 0.545313 0.469555 0.545313 0.474239 0.546875 0.476581 0.546875 0.481265 0.548437 0.483607 0.548437 0.485948 0.550000 0.488290 0.550000 0.490632 0.551562 0.492974 0.551562 0.495316 0.564062 0.514051 0.564062 0.523419 0.565625 0.525761 0.565625 0.528103 0.567187 0.530445 0.567187 0.549180 0.554688 0.567916 0.557813 0.572600 0.571875 0.572600 0.575000 0.567916 0.573438 0.565574 0.573438 0.563232 0.571875 0.560890 0.571875 0.549180 0.576563 0.542155 0.578125 0.542155 0.579687 0.539813 0.579687 0.537471 0.584375 0.530445 0.589063 0.530445 0.589063 0.497658 0.584375 0.497658 0.582812 0.495316 0.582812 0.492974 0.581250 0.490632 0.581250 0.488290 0.579687 0.485948 0.579687 0.483607 0.578125 0.481265 0.578125 0.478923 0.575000 0.474239 0.575000 0.471897 0.573438 0.469555 0.573438 0.464871 0.571875 0.462529 0.571875 0.460187 0.570312 0.457845 0.570312 0.455504 0.568750 0.453162 0.568750 0.450820 0.567187 0.448478 0.567187 0.443794 0.564062 0.439110 0.564062 0.436768 0.562500 0.434426 0.562500 0.432084 0.560938 0.429742 0.560938 0.425059 0.559375 0.422717 0.559375 0.420375 0.557813 0.418033 0.557813 0.415691 0.556250 0.413349 0.556250 0.401639 0.554688 0.399297 0.554688 0.389930 0.556250 0.387588 0.556250 0.361827 0.554688 0.359485 0.554688 0.352459 0.553125 0.350117 0.553125 0.345433 0.551562 0.343091 0.551562 0.338407 0.550000 0.336066 0.550000 0.331382 0.548437 0.329040 0.548437 0.324356 0.543750 0.317330 0.543750 0.314988 0.532812 0.298595 0.531250 0.298595 0.525000 0.289227 0.525000 0.279859 0.523438 0.277518 0.523438 0.256440 0.521875 0.254098 0.521875 0.242389 0.520312 0.240047 0.520312 0.237705 0.518750 0.235363 0.518750 0.233021 0.517187 0.230679 0.517187 0.223653
2 0.759375 0.307963 0.759375 0.352459 0.839063 0.352459 0.839063 0.345433 0.837500 0.343091 0.837500 0.340749 0.835938 0.338407 0.835938 0.336066 0.834375 0.333724 0.834375 0.331382 0.826563 0.319672 0.825000 0.319672 0.823438 0.317330 0.823438 0.307963
9 0.253125 0.083138 0.253125 0.155738 0.257812 0.155738 0.260938 0.160422 0.260938 0.162763 0.262500 0.165105 0.262500 0.167447 0.264062 0.169789 0.264062 0.172131 0.267188 0.176815 0.267188 0.179157 0.268750 0.181499 0.268750 0.183841 0.270312 0.186183 0.270312 0.193208 0.281250 0.193208 0.281250 0.183841 0.278125 0.179157 0.278125 0.176815 0.276563 0.174473 0.276563 0.167447 0.282813 0.158080 0.285937 0.158080 0.287500 0.155738 0.295312 0.155738 0.295312 0.137002 0.289062 0.137002 0.284375 0.129977 0.284375 0.125293 0.285937 0.122951 0.285937 0.120609 0.290625 0.113583 0.295312 0.113583 0.295312 0.108899 0.284375 0.108899 0.278125 0.099532 0.278125 0.097190 0.276563 0.094848 0.276563 0.092506 0.275000 0.090164 0.275000 0.083138
2 0.753125 0.289227 0.753125 0.319672 0.757812 0.319672 0.760938 0.324356 0.760938 0.329040 0.762500 0.331382 0.762500 0.333724 0.764063 0.336066 0.764063 0.343091 0.765625 0.345433 0.765625 0.352459 0.845312 0.352459 0.845312 0.345433 0.840625 0.345433 0.835938 0.338407 0.835938 0.336066 0.834375 0.333724 0.834375 0.331382 0.821875 0.312646 0.820312 0.312646 0.815625 0.305621 0.815625 0.289227
2 0.828125 0.317330 0.828125 0.324356 0.831250 0.329040 0.832812 0.329040 0.834375 0.331382 0.834375 0.333724 0.835938 0.336066 0.835938 0.338407 0.837500 0.340749 0.837500 0.343091 0.839063 0.345433 0.839063 0.352459 0.882812 0.352459 0.882812 0.340749 0.878125 0.340749 0.876562 0.338407 0.876562 0.333724 0.875000 0.331382 0.875000 0.317330
