5 0.468750 0.204918 0.468750 0.211944 0.467187 0.214286 0.465625 0.214286 0.464063 0.216628 0.459375 0.216628 0.457812 0.218970 0.454688 0.218970 0.453125 0.221311 0.450000 0.221311 0.448438 0.223653 0.446875 0.223653 0.445312 0.225995 0.442187 0.225995 0.440625 0.228337 0.439063 0.228337 0.437500 0.230679 0.435937 0.230679 0.434375 0.233021 0.431250 0.233021 0.429688 0.235363 0.428125 0.235363 0.426562 0.237705 0.423438 0.237705 0.421875 0.240047 0.420312 0.240047 0.418750 0.242389 0.417188 0.242389 0.415625 0.244731 0.414062 0.244731 0.412500 0.247073 0.410937 0.247073 0.409375 0.249415 0.406250 0.249415 0.404687 0.251756 0.403125 0.251756 0.401563 0.254098 0.400000 0.254098 0.398438 0.256440 0.396875 0.256440 0.395312 0.258782 0.393750 0.258782 0.390625 0.263466 0.387500 0.263466 0.384375 0.268150 0.382812 0.268150 0.381250 0.270492 0.379687 0.270492 0.378125 0.272834 0.375000 0.272834 0.373437 0.275176 0.371875 0.275176 0.370313 0.277518 0.368750 0.277518 0.365625 0.282201 0.364062 0.282201 0.362500 0.284543 0.360938 0.284543 0.359375 0.286885 0.357812 0.286885 0.356250 0.289227 0.354688 0.289227 0.353125 0.291569 0.351562 0.291569 0.350000 0.293911 0.346875 0.293911 0.345313 0.296253 0.343750 0.296253 0.340625 0.300937 0.337500 0.300937 0.334375 0.305621 0.332812 0.305621 0.331250 0.307963 0.329688 0.307963 0.328125 0.310304 0.325000 0.310304 0.323438 0.312646 0.321875 0.312646 0.320312 0.314988 0.318750 0.314988 0.317187 0.317330 0.315625 0.317330 0.314063 0.319672 0.312500 0.319672 0.310937 0.322014 0.309375 0.322014 0.307813 0.324356 0.306250 0.324356 0.303125 0.329040 0.301562 0.329040 0.300000 0.331382 0.298438 0.331382 0.295312 0.336066 0.293750 0.336066 0.287500 0.345433 0.285937 0.345433 0.285937 0.347775 0.282813 0.352459 0.281250 0.352459 0.279687 0.354801 0.278125 0.354801 0.276563 0.357143 0.275000 0.357143 0.273438 0.359485 0.271875 0.359485 0.270312 0.361827 0.268750 0.361827 0.264062 0.368852 0.262500 0.368852 0.260938 0.371194 0.259375 0.371194 0.257812 0.373536 0.254687 0.373536 0.253125 0.375878 0.250000 0.375878 0.248437 0.378220 0.240625 0.378220 0.240625 0.600703 0.245312 0.600703 0.246875 0.603045 0.250000 0.603045 0.251563 0.605386 0.253125 0.605386 0.256250 0.610070 0.257812 0.610070 0.260938 0.614754 0.262500 0.614754 0.265625 0.619438 0.268750 0.619438 0.270312 0.621780 0.271875 0.621780 0.278125 0.631148 0.278125 0.633489 0.279687 0.635831 0.279687 0.638173 0.282813 0.642857 0.282813 0.645199 0.284375 0.647541 0.284375 0.649883 0.287500 0.654567 0.290625 0.654567 0.292188 0.656909 0.307813 0.656909 0.309375 0.659251 0.312500 0.659251 0.314063 0.661592 0.320312 0.661592 0.321875 0.663934 0.325000 0.663934 0.326562 0.666276 0.329688 0.666276 0.331250 0.668618 0.332812 0.668618 0.334375 0.670960 0.335938 0.670960 0.337500 0.673302 0.339063 0.673302 0.340625 0.675644 0.342187 0.675644 0.343750 0.677986 0.346875 0.677986 0.348437 0.680328 0.350000 0.680328 0.353125 0.685012 0.354688 0.685012 0.356250 0.687354 0.357812 0.687354 0.359375 0.689696 0.360938 0.689696 0.362500 0.692037 0.364062 0.692037 0.365625 0.694379 0.367188 0.694379 0.368750 0.696721 0.370313 0.696721 0.371875 0.699063 0.373437 0.699063 0.375000 0.701405 0.376563 0.701405 0.378125 0.703747 0.379687 0.703747 0.381250 0.706089 0.382812 0.706089 0.385938 0.710773 0.387500 0.710773 0.393750 0.720141 0.393750 0.724824 0.395312 0.727166 0.395312 0.734192 0.396875 0.736534 0.396875 0.738876 0.398438 0.741218 0.398438 0.745902 0.400000 0.748244 0.400000 0.750585 0.404687 0.757611 0.406250 0.757611 0.407813 0.759953 0.409375 0.759953 0.412500 0.764637 0.414062 0.764637 0.417188 0.769321 0.417188 0.771663 0.428125 0.788056 0.429688 0.788056 0.431250 0.790398 0.432813 0.790398 0.434375 0.792740 0.437500 0.792740 0.439063 0.795082 0.442187 0.795082 0.443750 0.792740 0.450000 0.792740 0.451562 0.790398 0.453125 0.790398 0.454688 0.788056 0.457812 0.788056 0.459375 0.785714 0.470313 0.785714 0.471875 0.788056 0.475000 0.788056 0.476562 0.790398 0.478125 0.790398 0.479688 0.792740 0.481250 0.792740 0.482812 0.795082 0.485938 0.795082 0.487500 0.797424 0.489062 0.797424 0.490625 0.799766 0.492188 0.799766 0.493750 0.802108 0.496875 0.802108 0.498437 0.804450 0.500000 0.804450 0.501562 0.806792 0.503125 0.806792 0.504687 0.809133 0.506250 0.809133 0.512500 0.818501 0.514063 0.818501 0.515625 0.820843 0.515625 0.830211 0.629687 0.830211 0.629687 0.823185 0.632812 0.818501 0.635938 0.818501 0.637500 0.816159 0.640625 0.816159 0.642187 0.813817 0.659375 0.813817 0.660937 0.811475 0.676562 0.811475 0.678125 0.813817 0.689062 0.813817 0.693750 0.806792 0.693750 0.804450 0.709375 0.781030 0.715625 0.781030 0.717188 0.783372 0.720312 0.783372 0.721875 0.785714 0.723437 0.785714 0.725000 0.788056 0.728125 0.788056 0.737500 0.802108 0.743750 0.802108 0.748438 0.795082 0.750000 0.795082 0.751562 0.792740 0.753125 0.792740 0.754687 0.790398 0.757812 0.790398 0.759375 0.788056 0.767187 0.788056 0.770312 0.783372 0.773438 0.783372 0.775000 0.781030 0.782812 0.781030 0.784375 0.778689 0.798437 0.778689 0.800000 0.776347 0.809375 0.776347 0.810938 0.774005 0.814062 0.774005 0.818750 0.766979 0.818750 0.764637 0.821875 0.759953 0.826563 0.759953 0.826563 0.701405 0.821875 0.701405 0.820312 0.699063 0.820312 0.696721 0.818750 0.694379 0.818750 0.692037 0.817187 0.689696 0.817187 0.685012 0.815625 0.682670 0.815625 0.677986 0.814062 0.675644 0.814062 0.673302 0.812500 0.670960 0.812500 0.659251 0.810938 0.656909 0.810938 0.642857 0.809375 0.640515 0.809375 0.631148 0.807813 0.628806 0.807813 0.614754 0.806250 0.612412 0.806250 0.603045 0.804688 0.600703 0.804688 0.567916 0.806250 0.565574 0.806250 0.525761 0.804688 0.523419 0.804688 0.495316 0.803125 0.492974 0.803125 0.474239 0.801562 0.471897 0.801562 0.460187 0.800000 0.457845 0.800000 0.450820 0.798437 0.448478 0.798437 0.446136 0.796875 0.443794 0.796875 0.439110 0.795313 0.436768 0.795313 0.434426 0.793750 0.432084 0.793750 0.429742 0.792188 0.427400 0.792188 0.422717 0.790625 0.420375 0.790625 0.415691 0.789062 0.413349 0.789062 0.408665 0.787500 0.406323 0.787500 0.399297 0.785937 0.396955 0.785937 0.392272 0.784375 0.389930 0.784375 0.387588 0.782812 0.385246 0.782812 0.382904 0.781250 0.380562 0.781250 0.373536 0.768750 0.354801 0.768750 0.352459 0.764063 0.345433 0.764063 0.343091 0.760938 0.338407 0.760938 0.336066 0.757812 0.331382 0.757812 0.329040 0.756250 0.326698 0.756250 0.324356 0.754687 0.322014 0.754687 0.319672 0.737500 0.293911 0.735937 0.293911 0.732813 0.289227 0.731250 0.289227 0.725000 0.279859 0.723437 0.279859 0.717188 0.270492 0.715625 0.270492 0.714063 0.268150 0.712500 0.268150 0.710938 0.265808 0.709375 0.265808 0.707812 0.263466 0.706250 0.263466 0.704687 0.261124 0.703125 0.261124 0.701563 0.258782 0.700000 0.258782 0.698438 0.256440 0.695312 0.256440 0.693750 0.254098 0.692187 0.254098 0.690625 0.251756 0.689062 0.251756 0.687500 0.249415 0.685938 0.249415 0.684375 0.247073 0.679688 0.247073 0.678125 0.244731 0.675000 0.244731 0.673437 0.242389 0.670313 0.242389 0.668750 0.240047 0.665625 0.240047 0.664062 0.237705 0.659375 0.237705 0.657812 0.235363 0.653125 0.235363 0.651563 0.233021 0.643750 0.233021 0.642187 0.230679 0.632812 0.230679 0.631250 0.228337 0.621875 0.228337 0.620313 0.225995 0.614062 0.225995 0.612500 0.223653 0.606250 0.223653 0.604688 0.221311 0.598437 0.221311 0.596875 0.218970 0.590625 0.218970 0.589063 0.216628 0.576563 0.216628 0.575000 0.214286 0.568750 0.214286 0.567187 0.211944 0.567187 0.204918
2 0.096875 0.476581 0.096875 0.485948 0.095312 0.488290 0.093750 0.488290 0.092188 0.490632 0.092188 0.492974 0.085938 0.502342 0.085938 0.504684 0.079687 0.514051 0.079687 0.516393 0.076563 0.521077 0.071875 0.521077 0.071875 0.596019 0.092188 0.596019 0.092188 0.588993 0.095312 0.584309 0.100000 0.584309 0.101562 0.581967 0.137500 0.581967 0.139062 0.584309 0.142188 0.584309 0.145313 0.588993 0.145313 0.596019 0.164062 0.596019 0.164062 0.551522 0.159375 0.551522 0.157813 0.549180 0.157813 0.542155 0.156250 0.539813 0.156250 0.528103 0.154687 0.525761 0.154687 0.521077 0.151562 0.516393 0.151562 0.514051 0.150000 0.511710 0.150000 0.509368 0.148438 0.507026 0.148438 0.504684 0.143750 0.497658 0.143750 0.495316 0.137500 0.485948 0.137500 0.476581
2 0.903125 0.485948 0.903125 0.497658 0.901563 0.500000 0.896875 0.500000 0.896875 0.521077 0.937500 0.521077 0.937500 0.511710 0.940625 0.507026 0.945312 0.507026 0.945312 0.485948
9 0.115625 0.373536 0.115625 0.408665 0.132812 0.408665 0.132812 0.373536
0 0.656250 0.457845 0.656250 0.485948 0.653125 0.490632 0.651563 0.490632 0.650000 0.492974 0.648438 0.492974 0.645312 0.497658 0.640625 0.497658 0.640625 0.518735 0.646875 0.518735 0.648438 0.521077 0.651563 0.521077 0.653125 0.523419 0.653125 0.530445 0.654688 0.532787 0.654688 0.539813 0.695312 0.539813 0.695312 0.507026 0.690625 0.507026 0.687500 0.502342 0.685938 0.502342 0.682813 0.497658 0.681250 0.497658 0.678125 0.492974 0.678125 0.490632 0.676562 0.488290 0.676562 0.457845
2 0.184375 0.467213 0.184375 0.521077 0.200000 0.521077 0.200000 0.514051 0.201562 0.511710 0.207813 0.511710 0.210938 0.507026 0.210938 0.504684 0.212500 0.502342 0.212500 0.497658 0.215625 0.492974 0.220313 0.492974 0.220313 0.467213
5 0.265625 0.361827 0.264062 0.364169 0.262500 0.364169 0.260938 0.366511 0.257812 0.366511 0.256250 0.368852 0.253125 0.368852 0.251563 0.371194 0.250000 0.371194 0.246875 0.375878 0.245312 0.375878 0.243750 0.378220 0.242188 0.378220 0.239063 0.382904 0.237500 0.382904 0.229687 0.394614 0.228125 0.394614 0.221875 0.403981 0.220313 0.403981 0.218750 0.406323 0.218750 0.408665 0.214062 0.415691 0.209375 0.415691 0.209375 0.567916 0.215625 0.567916 0.226562 0.584309 0.226562 0.586651 0.228125 0.588993 0.234375 0.588993 0.235938 0.591335 0.240625 0.591335 0.242188 0.593677 0.243750 0.593677 0.246875 0.598361 0.246875 0.605386 0.256250 0.605386 0.256250 0.596019 0.259375 0.591335 0.259375 0.567916 0.257812 0.565574 0.257812 0.532787 0.259375 0.530445 0.259375 0.525761 0.260938 0.523419 0.260938 0.518735 0.262500 0.516393 0.262500 0.481265 0.264062 0.478923 0.264062 0.474239 0.265625 0.471897 0.270312 0.471897 0.270312 0.361827
2 0.850000 0.476581 0.850000 0.483607 0.846875 0.488290 0.843750 0.488290 0.842188 0.490632 0.839063 0.490632 0.837500 0.492974 0.835938 0.492974 0.832812 0.497658 0.828125 0.497658 0.828125 0.511710 0.832812 0.511710 0.834375 0.514051 0.843750 0.514051 0.845312 0.516393 0.856250 0.516393 0.857813 0.518735 0.859375 0.518735 0.860937 0.521077 0.860937 0.532787 0.859375 0.535129 0.859375 0.537471 0.857813 0.539813 0.857813 0.567916 0.875000 0.567916 0.875000 0.558548 0.876562 0.556206 0.889063 0.556206 0.890625 0.558548 0.892187 0.558548 0.893750 0.560890 0.893750 0.567916 0.903125 0.567916 0.903125 0.556206 0.904688 0.553864 0.904688 0.530445 0.903125 0.528103 0.903125 0.502342 0.901563 0.500000 0.901563 0.497658 0.900000 0.495316 0.900000 0.492974 0.898438 0.492974 0.892187 0.483607 0.892187 0.476581
2 0.803125 0.495316 0.803125 0.549180 0.814062 0.549180 0.815625 0.546838 0.817187 0.546838 0.818750 0.544496 0.818750 0.537471 0.820312 0.535129 0.820312 0.530445 0.821875 0.528103 0.826563 0.528103 0.826563 0.495316
2 0.818750 0.553864 0.817187 0.556206 0.817187 0.560890 0.815625 0.563232 0.812500 0.563232 0.809375 0.567916 0.809375 0.577283 0.826563 0.577283 0.826563 0.553864 0.818750 0.553864 0.815625 0.551522 0.818750 0.546838 0.818750 0.544496 0.820312 0.542155 0.820312 0.537471 0.821875 0.535129 0.826563 0.535129 0.826563 0.485948 0.803125 0.485948 0.803125 0.549180 0.810938 0.549180 0.812500 0.551522 0.815625 0.551522
