5 0.196875 0.585417 0.195312 0.583333 0.195312 0.581250 0.190625 0.581250 0.190625 0.587500 0.195312 0.587500 0.196875 0.585417 0.212500 0.587500 0.212500 0.600000 0.210938 0.602083 0.210938 0.610417 0.204688 0.618750 0.204688 0.620833 0.203125 0.622917 0.203125 0.625000 0.201562 0.627083 0.201562 0.631250 0.200000 0.633333 0.200000 0.635417 0.198437 0.637500 0.198437 0.639583 0.195312 0.643750 0.190625 0.643750 0.190625 0.679167 0.195312 0.679167 0.198437 0.683333 0.198437 0.687500 0.200000 0.689583 0.200000 0.720833 0.201562 0.722917 0.201562 0.731250 0.203125 0.733333 0.203125 0.737500 0.204688 0.739583 0.204688 0.741667 0.206250 0.743750 0.206250 0.745833 0.209375 0.750000 0.210938 0.750000 0.212500 0.752083 0.214062 0.752083 0.215625 0.754167 0.221875 0.754167 0.223438 0.756250 0.234375 0.756250 0.235938 0.758333 0.243750 0.758333 0.245312 0.756250 0.250000 0.756250 0.251563 0.754167 0.254687 0.754167 0.256250 0.752083 0.260938 0.752083 0.262500 0.754167 0.279687 0.754167 0.281250 0.756250 0.285937 0.756250 0.287500 0.758333 0.292188 0.758333 0.293750 0.760417 0.298438 0.760417 0.300000 0.762500 0.307813 0.762500 0.309375 0.764583 0.317187 0.764583 0.318750 0.766667 0.328125 0.766667 0.329688 0.768750 0.334375 0.768750 0.335938 0.770833 0.342187 0.770833 0.343750 0.772917 0.350000 0.772917 0.351562 0.775000 0.357812 0.775000 0.359375 0.777083 0.362500 0.777083 0.364062 0.779167 0.367188 0.779167 0.368750 0.781250 0.375000 0.781250 0.376563 0.783333 0.381250 0.783333 0.382812 0.785417 0.385938 0.785417 0.387500 0.787500 0.390625 0.787500 0.392188 0.789583 0.395312 0.789583 0.403125 0.800000 0.403125 0.802083 0.404687 0.804167 0.404687 0.806250 0.406250 0.808333 0.406250 0.810417 0.409375 0.814583 0.409375 0.816667 0.410937 0.818750 0.410937 0.820833 0.412500 0.822917 0.412500 0.825000 0.421875 0.837500 0.423438 0.837500 0.425000 0.839583 0.426562 0.839583 0.428125 0.841667 0.431250 0.841667 0.432813 0.843750 0.435937 0.843750 0.437500 0.845833 0.437500 0.852083 0.445312 0.852083 0.445312 0.845833 0.446875 0.843750 0.448438 0.843750 0.450000 0.841667 0.451562 0.841667 0.456250 0.835417 0.456250 0.833333 0.462500 0.825000 0.462500 0.822917 0.467187 0.816667 0.470313 0.816667 0.471875 0.814583 0.473437 0.814583 0.475000 0.816667 0.484375 0.816667 0.485938 0.818750 0.496875 0.818750 0.498437 0.820833 0.514063 0.820833 0.515625 0.822917 0.521875 0.822917 0.523438 0.825000 0.526563 0.825000 0.528125 0.827083 0.535937 0.827083 0.537500 0.829167 0.540625 0.829167 0.542188 0.831250 0.545313 0.831250 0.546875 0.833333 0.550000 0.833333 0.551562 0.835417 0.554688 0.835417 0.556250 0.837500 0.560938 0.837500 0.562500 0.839583 0.567187 0.839583 0.568750 0.841667 0.575000 0.841667 0.576563 0.843750 0.585938 0.843750 0.587500 0.845833 0.587500 0.852083 0.625000 0.852083 0.625000 0.845833 0.628125 0.841667 0.629687 0.841667 0.631250 0.839583 0.635938 0.839583 0.637500 0.837500 0.642187 0.837500 0.643750 0.835417 0.670313 0.835417 0.673437 0.839583 0.675000 0.839583 0.676562 0.841667 0.707812 0.841667 0.709375 0.839583 0.721875 0.839583 0.723437 0.837500 0.732813 0.837500 0.734375 0.835417 0.745313 0.835417 0.746875 0.833333 0.764063 0.833333 0.765625 0.831250 0.778125 0.831250 0.779688 0.829167 0.790625 0.829167 0.792188 0.827083 0.803125 0.827083 0.804688 0.825000 0.821875 0.825000 0.823438 0.822917 0.834375 0.822917 0.835938 0.820833 0.839063 0.820833 0.840625 0.818750 0.840625 0.816667 0.842188 0.814583 0.842188 0.812500 0.843750 0.810417 0.843750 0.791667 0.845312 0.789583 0.845312 0.716667 0.848437 0.712500 0.848437 0.706250 0.846875 0.704167 0.846875 0.693750 0.848437 0.691667 0.848437 0.681250 0.846875 0.679167 0.846875 0.677083 0.848437 0.675000 0.848437 0.666667 0.850000 0.664583 0.850000 0.660417 0.853125 0.656250 0.857813 0.656250 0.857813 0.350000 0.853125 0.350000 0.850000 0.345833 0.850000 0.339583 0.848437 0.337500 0.848437 0.329167 0.846875 0.327083 0.846875 0.320833 0.845312 0.318750 0.845312 0.306250 0.843750 0.304167 0.843750 0.293750 0.842188 0.291667 0.842188 0.285417 0.840625 0.283333 0.840625 0.272917 0.839063 0.270833 0.839063 0.264583 0.837500 0.262500 0.837500 0.256250 0.835938 0.254167 0.835938 0.247917 0.834375 0.245833 0.834375 0.241667 0.832812 0.239583 0.832812 0.233333 0.831250 0.231250 0.831250 0.227083 0.829687 0.225000 0.829687 0.220833 0.828125 0.218750 0.828125 0.216667 0.826563 0.214583 0.826563 0.210417 0.825000 0.208333 0.825000 0.206250 0.823438 0.204167 0.823438 0.200000 0.820312 0.195833 0.820312 0.193750 0.818750 0.191667 0.818750 0.189583 0.815625 0.185417 0.815625 0.183333 0.803125 0.166667 0.801562 0.166667 0.798437 0.162500 0.796875 0.162500 0.795313 0.160417 0.793750 0.160417 0.792188 0.158333 0.790625 0.158333 0.789062 0.156250 0.785937 0.156250 0.784375 0.154167 0.782812 0.154167 0.781250 0.152083 0.779688 0.152083 0.778125 0.150000 0.775000 0.150000 0.773438 0.147917 0.770312 0.147917 0.768750 0.145833 0.765625 0.145833 0.764063 0.143750 0.760938 0.143750 0.759375 0.141667 0.756250 0.141667 0.754687 0.139583 0.750000 0.139583 0.748438 0.137500 0.745313 0.137500 0.743750 0.135417 0.742188 0.135417 0.740625 0.133333 0.737500 0.133333 0.735937 0.131250 0.732813 0.131250 0.731250 0.129167 0.728125 0.129167 0.726562 0.127083 0.723437 0.127083 0.721875 0.125000 0.720312 0.125000 0.718750 0.122917 0.714063 0.122917 0.712500 0.120833 0.709375 0.120833 0.707812 0.118750 0.704687 0.118750 0.703125 0.116667 0.698438 0.116667 0.696875 0.114583 0.692187 0.114583 0.690625 0.112500 0.685938 0.112500 0.684375 0.110417 0.678125 0.110417 0.676562 0.108333 0.667188 0.108333 0.665625 0.106250 0.651563 0.106250 0.650000 0.104167 0.645312 0.104167 0.643750 0.102083 0.643750 0.095833 0.576563 0.095833 0.576563 0.102083 0.575000 0.104167 0.573438 0.104167 0.571875 0.106250 0.568750 0.106250 0.567187 0.108333 0.565625 0.108333 0.564062 0.110417 0.562500 0.110417 0.560938 0.112500 0.559375 0.112500 0.557813 0.114583 0.554688 0.114583 0.553125 0.116667 0.550000 0.116667 0.548437 0.118750 0.545313 0.118750 0.543750 0.120833 0.542188 0.120833 0.540625 0.122917 0.535937 0.122917 0.534375 0.125000 0.532812 0.125000 0.531250 0.127083 0.529688 0.127083 0.528125 0.129167 0.525000 0.129167 0.523438 0.131250 0.521875 0.131250 0.520312 0.133333 0.518750 0.133333 0.517187 0.135417 0.514063 0.135417 0.512500 0.137500 0.510938 0.137500 0.509375 0.139583 0.506250 0.139583 0.504687 0.141667 0.500000 0.141667 0.498437 0.143750 0.495313 0.143750 0.493750 0.145833 0.492188 0.145833 0.490625 0.147917 0.487500 0.147917 0.485938 0.150000 0.482812 0.150000 0.481250 0.152083 0.479688 0.152083 0.478125 0.154167 0.475000 0.154167 0.473437 0.156250 0.468750 0.156250 0.467187 0.158333 0.464063 0.158333 0.462500 0.160417 0.459375 0.160417 0.457812 0.162500 0.456250 0.162500 0.454688 0.164583 0.451562 0.164583 0.450000 0.166667 0.446875 0.166667 0.445312 0.168750 0.442187 0.168750 0.440625 0.170833 0.437500 0.170833 0.435937 0.172917 0.432813 0.172917 0.431250 0.175000 0.428125 0.175000 0.426562 0.177083 0.423438 0.177083 0.421875 0.179167 0.418750 0.179167 0.417188 0.181250 0.414062 0.181250 0.412500 0.183333 0.409375 0.183333 0.407813 0.185417 0.406250 0.185417 0.404687 0.187500 0.403125 0.187500 0.401563 0.189583 0.396875 0.189583 0.395312 0.191667 0.392188 0.191667 0.390625 0.193750 0.389062 0.193750 0.387500 0.195833 0.385938 0.195833 0.384375 0.197917 0.381250 0.197917 0.379687 0.200000 0.376563 0.200000 0.375000 0.202083 0.373437 0.202083 0.371875 0.204167 0.370313 0.204167 0.368750 0.206250 0.365625 0.206250 0.364062 0.208333 0.360938 0.208333 0.359375 0.210417 0.356250 0.210417 0.354688 0.212500 0.351562 0.212500 0.350000 0.214583 0.345313 0.214583 0.343750 0.216667 0.340625 0.216667 0.339063 0.218750 0.335938 0.218750 0.334375 0.220833 0.332812 0.220833 0.331250 0.222917 0.329688 0.222917 0.328125 0.225000 0.325000 0.225000 0.323438 0.227083 0.321875 0.227083 0.320312 0.229167 0.317187 0.229167 0.315625 0.231250 0.312500 0.231250 0.310937 0.233333 0.307813 0.233333 0.306250 0.235417 0.303125 0.235417 0.301562 0.237500 0.300000 0.237500 0.298438 0.239583 0.295312 0.239583 0.293750 0.241667 0.289062 0.241667 0.287500 0.243750 0.285937 0.243750 0.284375 0.245833 0.281250 0.245833 0.279687 0.247917 0.276563 0.247917 0.275000 0.250000 0.271875 0.250000 0.270312 0.252083 0.267188 0.252083 0.265625 0.254167 0.264062 0.254167 0.262500 0.256250 0.259375 0.256250 0.257812 0.258333 0.256250 0.258333 0.254687 0.260417 0.251563 0.260417 0.250000 0.262500 0.248437 0.262500 0.246875 0.264583 0.243750 0.264583 0.242188 0.266667 0.240625 0.266667 0.239063 0.268750 0.237500 0.268750 0.234375 0.272917 0.232812 0.272917 0.228125 0.279167 0.226562 0.279167 0.221875 0.285417 0.221875 0.287500 0.217187 0.293750 0.217187 0.295833 0.215625 0.297917 0.215625 0.300000 0.214062 0.302083 0.214062 0.306250 0.212500 0.308333 0.212500 0.312500 0.210938 0.314583 0.210938 0.322917 0.209375 0.325000 0.209375 0.331250 0.207813 0.333333 0.207813 0.339583 0.206250 0.341667 0.206250 0.352083 0.204688 0.354167 0.204688 0.370833 0.203125 0.372917 0.203125 0.377083 0.201562 0.379167 0.201562 0.381250 0.200000 0.383333 0.200000 0.389583 0.198437 0.391667 0.198437 0.404167 0.196875 0.406250 0.196875 0.408333 0.195312 0.410417 0.190625 0.410417 0.190625 0.552083 0.195312 0.552083 0.196875 0.550000 0.196875 0.547917 0.201562 0.541667 0.206250 0.547917 0.206250 0.550000 0.207813 0.552083 0.207813 0.554167 0.209375 0.556250 0.209375 0.558333 0.210938 0.560417 0.210938 0.564583 0.212500 0.566667 0.212500 0.572917 0.214062 0.575000 0.214062 0.585417 0.212500 0.587500
2 0.139062 0.570833 0.139062 0.577083 0.137500 0.579167 0.137500 0.581250 0.134375 0.585417 0.134375 0.587500 0.132812 0.589583 0.132812 0.591667 0.129688 0.595833 0.129688 0.597917 0.128125 0.600000 0.121875 0.600000 0.121875 0.660417 0.192188 0.660417 0.192188 0.650000 0.193750 0.647917 0.193750 0.645833 0.196875 0.641667 0.201562 0.641667 0.201562 0.597917 0.196875 0.597917 0.193750 0.593750 0.193750 0.591667 0.192188 0.589583 0.192188 0.587500 0.190625 0.585417 0.190625 0.581250 0.189063 0.579167 0.189063 0.570833
0 0.418750 0.529167 0.418750 0.537500 0.417188 0.539583 0.417188 0.545833 0.415625 0.547917 0.415625 0.550000 0.414062 0.552083 0.414062 0.554167 0.412500 0.556250 0.412500 0.558333 0.409375 0.562500 0.403125 0.562500 0.403125 0.585417 0.464063 0.585417 0.464063 0.564583 0.457812 0.564583 0.456250 0.562500 0.454688 0.562500 0.453125 0.560417 0.450000 0.560417 0.448438 0.558333 0.445312 0.558333 0.442187 0.554167 0.442187 0.545833 0.440625 0.543750 0.440625 0.529167
5 0.840625 0.379167 0.840625 0.452083 0.845312 0.452083 0.846875 0.454167 0.846875 0.456250 0.845312 0.458333 0.840625 0.458333 0.840625 0.718750 0.851562 0.718750 0.853125 0.720833 0.859375 0.720833 0.865625 0.729167 0.865625 0.731250 0.867188 0.733333 0.867188 0.737500 0.868750 0.739583 0.868750 0.743750 0.870313 0.745833 0.870313 0.747917 0.871875 0.750000 0.871875 0.752083 0.875000 0.756250 0.875000 0.758333 0.876562 0.760417 0.876562 0.762500 0.882812 0.770833 0.884375 0.770833 0.885938 0.772917 0.887500 0.772917 0.889063 0.775000 0.890625 0.775000 0.893750 0.779167 0.893750 0.785417 0.950000 0.785417 0.950000 0.777083 0.951563 0.775000 0.953125 0.775000 0.954687 0.772917 0.954687 0.770833 0.959375 0.764583 0.960938 0.764583 0.975000 0.745833 0.976562 0.745833 0.978125 0.743750 0.979688 0.743750 0.981250 0.741667 0.982813 0.741667 0.984375 0.739583 0.987500 0.739583 0.989062 0.737500 0.995313 0.737500 0.996875 0.735417 0.998438 0.735417 0.998438 0.464583 0.992188 0.464583 0.990625 0.462500 0.990625 0.460417 0.989062 0.458333 0.984375 0.458333 0.982813 0.456250 0.978125 0.456250 0.976562 0.454167 0.975000 0.454167 0.971875 0.450000 0.970312 0.450000 0.967188 0.445833 0.965625 0.445833 0.964063 0.443750 0.960938 0.443750 0.959375 0.441667 0.957812 0.441667 0.953125 0.435417 0.951563 0.435417 0.950000 0.433333 0.946875 0.433333 0.945312 0.431250 0.943750 0.431250 0.934375 0.418750 0.932813 0.418750 0.928125 0.412500 0.928125 0.410417 0.912500 0.389583 0.912500 0.387500 0.910937 0.385417 0.910937 0.379167 0.868750 0.379167 0.868750 0.385417 0.870313 0.387500 0.876562 0.387500 0.878125 0.389583 0.879687 0.389583 0.882812 0.393750 0.881250 0.395833 0.881250 0.397917 0.879687 0.400000 0.879687 0.402083 0.878125 0.404167 0.875000 0.404167 0.871875 0.400000 0.870313 0.400000 0.868750 0.397917 0.865625 0.397917 0.864062 0.395833 0.864062 0.379167
0 0.529688 0.204167 0.529688 0.210417 0.534375 0.216667 0.534375 0.225000 0.532812 0.227083 0.532812 0.231250 0.531250 0.233333 0.531250 0.237500 0.521875 0.250000 0.520312 0.250000 0.515625 0.256250 0.509375 0.256250 0.509375 0.277083 0.523438 0.277083 0.523438 0.270833 0.526563 0.266667 0.532812 0.266667 0.534375 0.264583 0.537500 0.264583 0.539062 0.262500 0.545313 0.262500 0.546875 0.260417 0.550000 0.260417 0.551562 0.258333 0.556250 0.258333 0.557813 0.256250 0.564062 0.256250 0.564062 0.241667 0.559375 0.241667 0.556250 0.237500 0.556250 0.231250 0.554688 0.229167 0.554688 0.220833 0.553125 0.218750 0.553125 0.204167
0 0.423438 0.254167 0.423438 0.264583 0.420312 0.268750 0.420312 0.272917 0.421875 0.275000 0.421875 0.277083 0.420312 0.279167 0.418750 0.279167 0.417188 0.277083 0.409375 0.277083 0.409375 0.302083 0.440625 0.302083 0.440625 0.295833 0.442187 0.293750 0.442187 0.291667 0.445312 0.287500 0.445312 0.285417 0.442187 0.281250 0.442187 0.266667 0.443750 0.264583 0.443750 0.262500 0.445312 0.260417 0.445312 0.254167
0 0.109375 0.479167 0.109375 0.543750 0.121875 0.543750 0.121875 0.533333 0.123438 0.531250 0.123438 0.527083 0.125000 0.525000 0.125000 0.522917 0.126563 0.520833 0.132812 0.520833 0.132812 0.495833 0.128125 0.495833 0.125000 0.491667 0.125000 0.489583 0.123438 0.487500 0.123438 0.479167
7 0.075000 0.537500 0.075000 0.543750 0.070312 0.550000 0.070312 0.552083 0.068750 0.554167 0.068750 0.560417 0.067188 0.562500 0.067188 0.568750 0.065625 0.570833 0.065625 0.572917 0.064062 0.575000 0.059375 0.575000 0.059375 0.633333 0.065625 0.633333 0.067188 0.635417 0.068750 0.635417 0.070312 0.637500 0.070312 0.643750 0.087500 0.643750 0.087500 0.637500 0.089062 0.635417 0.093750 0.635417 0.095312 0.633333 0.114063 0.633333 0.120312 0.625000 0.120312 0.618750 0.121875 0.616667 0.121875 0.606250 0.126563 0.600000 0.126563 0.597917 0.129688 0.593750 0.129688 0.591667 0.131250 0.589583 0.132812 0.589583 0.134375 0.587500 0.134375 0.585417 0.142188 0.575000 0.142188 0.572917 0.145313 0.568750 0.145313 0.566667 0.146875 0.564583 0.151562 0.564583 0.151562 0.560417 0.146875 0.560417 0.145313 0.558333 0.145313 0.554167 0.143750 0.552083 0.143750 0.550000 0.142188 0.547917 0.142188 0.537500 0.123438 0.537500 0.123438 0.543750 0.121875 0.545833 0.120312 0.545833 0.118750 0.543750 0.118750 0.537500
2 0.000000 0.520833 0.000000 0.558333 0.001563 0.558333 0.006250 0.564583 0.007812 0.564583 0.012500 0.570833 0.014062 0.570833 0.026563 0.587500 0.026563 0.589583 0.031250 0.595833 0.031250 0.602083 0.042188 0.602083 0.042188 0.593750 0.043750 0.591667 0.043750 0.585417 0.045313 0.583333 0.045313 0.560417 0.043750 0.558333 0.043750 0.547917 0.042188 0.545833 0.042188 0.533333 0.040625 0.531250 0.040625 0.520833
7 0.000000 0.520833 0.000000 0.564583 0.007812 0.564583 0.012500 0.570833 0.014062 0.570833 0.026563 0.587500 0.026563 0.589583 0.031250 0.595833 0.031250 0.602083 0.042188 0.602083 0.042188 0.591667 0.043750 0.589583 0.043750 0.545833 0.042188 0.543750 0.042188 0.531250 0.040625 0.529167 0.040625 0.520833
0 0.528125 0.170833 0.528125 0.197917 0.526563 0.200000 0.526563 0.206250 0.523438 0.210417 0.523438 0.212500 0.517187 0.220833 0.520312 0.220833 0.521875 0.222917 0.526563 0.222917 0.529688 0.227083 0.529688 0.231250 0.531250 0.233333 0.531250 0.235417 0.529688 0.237500 0.529688 0.239583 0.525000 0.245833 0.523438 0.245833 0.520312 0.250000 0.518750 0.250000 0.512500 0.258333 0.512500 0.260417 0.507812 0.266667 0.503125 0.266667 0.503125 0.277083 0.526563 0.277083 0.526563 0.270833 0.529688 0.266667 0.534375 0.266667 0.535937 0.264583 0.542188 0.264583 0.543750 0.262500 0.548437 0.262500 0.550000 0.260417 0.553125 0.260417 0.554688 0.258333 0.557813 0.258333 0.559375 0.256250 0.560938 0.256250 0.562500 0.254167 0.564062 0.254167 0.565625 0.252083 0.570312 0.252083 0.570312 0.250000 0.565625 0.250000 0.564062 0.247917 0.564062 0.245833 0.560938 0.241667 0.559375 0.241667 0.556250 0.237500 0.556250 0.231250 0.554688 0.229167 0.554688 0.220833 0.553125 0.218750 0.553125 0.212500 0.551562 0.210417 0.551562 0.206250 0.550000 0.204167 0.550000 0.189583 0.548437 0.187500 0.548437 0.183333 0.546875 0.181250 0.546875 0.179167 0.545313 0.177083 0.545313 0.170833
7 0.840625 0.379167 0.840625 0.718750 0.850000 0.718750 0.851562 0.720833 0.859375 0.720833 0.865625 0.729167 0.865625 0.731250 0.867188 0.733333 0.867188 0.737500 0.868750 0.739583 0.868750 0.743750 0.870313 0.745833 0.870313 0.747917 0.871875 0.750000 0.871875 0.752083 0.873438 0.754167 0.873438 0.756250 0.876562 0.760417 0.876562 0.762500 0.882812 0.770833 0.884375 0.770833 0.885938 0.772917 0.887500 0.772917 0.889063 0.775000 0.890625 0.775000 0.893750 0.779167 0.893750 0.785417 0.950000 0.785417 0.950000 0.779167 0.973437 0.747917 0.975000 0.747917 0.978125 0.743750 0.979688 0.743750 0.981250 0.741667 0.982813 0.741667 0.984375 0.739583 0.987500 0.739583 0.989062 0.737500 0.998438 0.737500 0.998438 0.464583 0.995313 0.464583 0.990625 0.458333 0.990625 0.456250 0.989062 0.454167 0.982813 0.454167 0.981250 0.452083 0.976562 0.452083 0.975000 0.450000 0.973437 0.450000 0.971875 0.447917 0.970312 0.447917 0.968750 0.445833 0.967188 0.445833 0.965625 0.443750 0.962500 0.443750 0.960938 0.441667 0.957812 0.441667 0.951563 0.433333 0.948438 0.433333 0.946875 0.431250 0.945312 0.431250 0.943750 0.429167 0.942187 0.429167 0.917188 0.395833 0.917188 0.393750 0.912500 0.387500 0.912500 0.379167
0 0.459375 0.245833 0.459375 0.254167 0.451562 0.264583 0.446875 0.264583 0.446875 0.275000 0.453125 0.275000 0.454688 0.277083 0.453125 0.279167 0.446875 0.279167 0.446875 0.293750 0.465625 0.293750 0.465625 0.287500 0.468750 0.283333 0.471875 0.283333 0.473437 0.281250 0.475000 0.281250 0.476562 0.279167 0.482812 0.279167 0.482812 0.245833
