2 0.795313 0.528986 0.795313 0.535197 0.792188 0.539337 0.789062 0.539337 0.787500 0.541408 0.781250 0.541408 0.776563 0.547619 0.776563 0.549689 0.775000 0.551760 0.775000 0.555901 0.773438 0.557971 0.773438 0.560041 0.770312 0.564182 0.765625 0.564182 0.765625 0.632505 0.771875 0.632505 0.781250 0.644928 0.781250 0.646998 0.784375 0.651139 0.785937 0.651139 0.787500 0.653209 0.789062 0.653209 0.790625 0.655280 0.798437 0.655280 0.800000 0.657350 0.846875 0.657350 0.848437 0.659420 0.851562 0.659420 0.853125 0.661491 0.853125 0.667702 0.859375 0.667702 0.859375 0.661491 0.862500 0.657350 0.865625 0.657350 0.867188 0.655280 0.868750 0.655280 0.870313 0.653209 0.871875 0.653209 0.873438 0.651139 0.875000 0.651139 0.875000 0.649068 0.878125 0.644928 0.882812 0.644928 0.882812 0.642857 0.878125 0.642857 0.876562 0.640787 0.876562 0.636646 0.875000 0.634576 0.875000 0.628364 0.873438 0.626294 0.873438 0.620083 0.871875 0.618012 0.871875 0.609731 0.870313 0.607660 0.870313 0.605590 0.868750 0.603520 0.868750 0.601449 0.867188 0.599379 0.867188 0.597309 0.865625 0.595238 0.865625 0.591097 0.864062 0.589027 0.864062 0.586957 0.862500 0.584886 0.862500 0.582816 0.860937 0.580745 0.860937 0.576605 0.859375 0.574534 0.859375 0.572464 0.857813 0.570393 0.857813 0.568323 0.856250 0.566253 0.856250 0.564182 0.846875 0.551760 0.846875 0.549689 0.845312 0.547619 0.845312 0.545549 0.843750 0.543478 0.843750 0.528986 0.831250 0.528986 0.831250 0.535197 0.829687 0.537267 0.826563 0.537267 0.825000 0.535197 0.825000 0.528986
9 0.884375 0.197723 0.884375 0.286749 0.920313 0.286749 0.920313 0.197723
2 0.840625 0.922360 0.840625 0.957557 0.867188 0.957557 0.867188 0.951346 0.865625 0.949275 0.865625 0.945135 0.864062 0.943064 0.864062 0.940994 0.854688 0.928571 0.853125 0.928571 0.850000 0.924431 0.848437 0.924431 0.846875 0.922360 0.840625 0.922360 0.840625 0.843685 0.845312 0.843685 0.845312 0.839545 0.884375 0.822981 0.885938 0.825052 0.885938 0.829193 0.887500 0.831263 0.887500 0.835404 0.890625 0.839545 0.890625 0.841615 0.892187 0.843685 0.892187 0.845756 0.893750 0.847826 0.893750 0.849896 0.895312 0.851967 0.895312 0.854037 0.896875 0.856108 0.896875 0.858178 0.898438 0.860248 0.898438 0.864389 0.900000 0.866460 0.900000 0.868530 0.901563 0.870600 0.901563 0.872671 0.903125 0.874741 0.903125 0.876812 0.904688 0.878882 0.904688 0.880952 0.906250 0.883023 0.906250 0.887164 0.909375 0.891304 0.909375 0.893375 0.910937 0.895445 0.910937 0.899586 0.912500 0.901656 0.912500 0.903727 0.928125 0.924431 0.928125 0.926501 0.931250 0.930642 0.931250 0.932712 0.932813 0.934783 0.932813 0.938923 0.934375 0.940994 0.934375 0.947205 0.935938 0.949275 0.935938 0.957557 0.995313 0.957557 0.995313 0.754658 0.990625 0.754658 0.989062 0.752588 0.989062 0.750518 0.987500 0.748447 0.987500 0.744306 0.985937 0.742236 0.985937 0.738095 0.984375 0.736025 0.984375 0.733954 0.982813 0.733954 0.981250 0.731884 0.978125 0.731884 0.976562 0.729814 0.975000 0.729814 0.962500 0.713251 0.962500 0.711180 0.956250 0.702899 0.956250 0.700828 0.946875 0.688406 0.945312 0.688406 0.943750 0.686335 0.943750 0.684265 0.935938 0.673913 0.935938 0.671843 0.926562 0.659420 0.926562 0.653209 0.867188 0.653209 0.867188 0.659420 0.860937 0.667702 0.860937 0.669772 0.854688 0.678054 0.854688 0.680124 0.845312 0.692547 0.840625 0.692547 0.840625 0.736025 0.845312 0.736025 0.853125 0.746377 0.853125 0.748447 0.856250 0.752588 0.856250 0.754658 0.857813 0.756729 0.857813 0.758799 0.859375 0.760870 0.859375 0.765010 0.862500 0.769151 0.862500 0.771222 0.864062 0.771222 0.870313 0.779503 0.870313 0.781573 0.873438 0.785714 0.873438 0.787785 0.875000 0.789855 0.875000 0.791925 0.881250 0.800207 0.881250 0.802277 0.882812 0.804348 0.882812 0.806418 0.884375 0.808489 0.884375 0.822981 0.845312 0.839545 0.840625 0.839545 0.840625 0.843685
2 0.709375 0.454451 0.709375 0.462733 0.707812 0.464803 0.707812 0.466874 0.706250 0.468944 0.706250 0.471014 0.703125 0.475155 0.696875 0.475155 0.696875 0.516563 0.703125 0.516563 0.706250 0.520704 0.707812 0.520704 0.709375 0.522774 0.710938 0.522774 0.712500 0.524845 0.714063 0.524845 0.717188 0.528986 0.717188 0.531056 0.718750 0.533126 0.718750 0.537267 0.720312 0.539337 0.720312 0.541408 0.721875 0.543478 0.721875 0.551760 0.776563 0.551760 0.776563 0.545549 0.779688 0.541408 0.782812 0.541408 0.784375 0.539337 0.789062 0.539337 0.789062 0.520704 0.784375 0.520704 0.778125 0.512422 0.778125 0.508282 0.776563 0.506211 0.776563 0.504141 0.770312 0.495859 0.768750 0.495859 0.767187 0.493789 0.765625 0.493789 0.762500 0.489648 0.762500 0.487578 0.760938 0.485507 0.760938 0.483437 0.759375 0.481366 0.759375 0.477226 0.757812 0.475155 0.757812 0.473085 0.756250 0.471014 0.756250 0.466874 0.754687 0.464803 0.754687 0.462733 0.753125 0.460663 0.753125 0.454451
2 0.709375 0.396480 0.709375 0.460663 0.721875 0.460663 0.721875 0.454451 0.723437 0.452381 0.729688 0.452381 0.731250 0.454451 0.731250 0.460663 0.735937 0.460663 0.735937 0.454451 0.737500 0.452381 0.740625 0.452381 0.742188 0.454451 0.742188 0.460663 0.764063 0.460663 0.764063 0.410973 0.757812 0.410973 0.756250 0.408903 0.756250 0.406832 0.754687 0.404762 0.754687 0.396480
2 0.590625 0.479296 0.590625 0.537267 0.596875 0.537267 0.604688 0.547619 0.604688 0.549689 0.607813 0.553830 0.607813 0.555901 0.609375 0.557971 0.609375 0.560041 0.610937 0.560041 0.618750 0.570393 0.618750 0.572464 0.621875 0.576605 0.621875 0.578675 0.628125 0.586957 0.629687 0.586957 0.631250 0.589027 0.632812 0.589027 0.635938 0.593168 0.637500 0.593168 0.639063 0.595238 0.643750 0.595238 0.645312 0.597309 0.646875 0.597309 0.648438 0.599379 0.665625 0.599379 0.667188 0.601449 0.671875 0.601449 0.673437 0.599379 0.678125 0.599379 0.679688 0.597309 0.695312 0.597309 0.701563 0.589027 0.707812 0.589027 0.707812 0.564182 0.701563 0.564182 0.700000 0.562112 0.700000 0.560041 0.696875 0.555901 0.696875 0.553830 0.695312 0.551760 0.695312 0.549689 0.693750 0.547619 0.693750 0.543478 0.692187 0.541408 0.692187 0.537267 0.690625 0.535197 0.690625 0.533126 0.682813 0.522774 0.681250 0.522774 0.679688 0.520704 0.678125 0.520704 0.676562 0.518634 0.675000 0.518634 0.660937 0.500000 0.660937 0.495859 0.657812 0.491718 0.657812 0.489648 0.656250 0.487578 0.656250 0.479296
2 0.821875 0.504141 0.821875 0.533126 0.828125 0.533126 0.829687 0.535197 0.829687 0.537267 0.831250 0.539337 0.831250 0.541408 0.832812 0.541408 0.835938 0.545549 0.837500 0.545549 0.839063 0.547619 0.840625 0.547619 0.846875 0.555901 0.848437 0.555901 0.860937 0.572464 0.860937 0.574534 0.862500 0.576605 0.862500 0.578675 0.864062 0.580745 0.864062 0.582816 0.865625 0.584886 0.865625 0.586957 0.870313 0.593168 0.889063 0.593168 0.890625 0.595238 0.903125 0.595238 0.904688 0.597309 0.917188 0.597309 0.918750 0.595238 0.926562 0.595238 0.928125 0.593168 0.935938 0.593168 0.937500 0.591097 0.945312 0.591097 0.945312 0.555901 0.939062 0.555901 0.935938 0.551760 0.934375 0.551760 0.918750 0.531056 0.917188 0.531056 0.915625 0.528986 0.914062 0.528986 0.909375 0.522774 0.909375 0.504141
9 0.334375 0.512422 0.334375 0.584886 0.370313 0.584886 0.370313 0.512422
2 0.146875 0.321946 0.146875 0.353002 0.154687 0.353002 0.156250 0.355072 0.160938 0.355072 0.162500 0.357143 0.165625 0.357143 0.167187 0.359213 0.170312 0.359213 0.171875 0.361284 0.178125 0.361284 0.181250 0.357143 0.181250 0.355072 0.184375 0.350932 0.189063 0.350932 0.189063 0.334369 0.182812 0.334369 0.179688 0.330228 0.179688 0.321946
2 0.609375 0.504141 0.609375 0.564182 0.615625 0.564182 0.620313 0.570393 0.620313 0.572464 0.623438 0.576605 0.625000 0.576605 0.629687 0.582816 0.631250 0.582816 0.632812 0.584886 0.634375 0.584886 0.635938 0.586957 0.635938 0.589027 0.639063 0.593168 0.642187 0.593168 0.643750 0.595238 0.646875 0.595238 0.648438 0.597309 0.650000 0.597309 0.651563 0.599379 0.656250 0.599379 0.657812 0.597309 0.662500 0.597309 0.664062 0.599379 0.673437 0.599379 0.675000 0.597309 0.679688 0.597309 0.681250 0.595238 0.696875 0.595238 0.696875 0.593168 0.698438 0.591097 0.700000 0.591097 0.703125 0.586957 0.707812 0.586957 0.707812 0.566253 0.703125 0.566253 0.696875 0.557971 0.696875 0.555901 0.693750 0.551760 0.693750 0.547619 0.692187 0.545549 0.692187 0.539337 0.690625 0.537267 0.690625 0.535197 0.682813 0.524845 0.678125 0.524845 0.676562 0.522774 0.675000 0.522774 0.667188 0.512422 0.667188 0.504141
