0 0.671875 0.466777 0.671875 0.506645 0.667188 0.516611 0.665625 0.516611 0.664062 0.519934 0.664062 0.523256 0.660937 0.529900 0.660937 0.536545 0.659375 0.539867 0.659375 0.553156 0.657812 0.556478 0.653125 0.556478 0.653125 0.639535 0.657812 0.639535 0.659375 0.642857 0.662500 0.642857 0.664062 0.646179 0.675000 0.646179 0.676562 0.649502 0.678125 0.649502 0.681250 0.656146 0.682813 0.656146 0.684375 0.659468 0.685938 0.659468 0.687500 0.662791 0.689062 0.662791 0.690625 0.666113 0.693750 0.659468 0.696875 0.659468 0.698438 0.656146 0.700000 0.656146 0.701563 0.652824 0.701563 0.649502 0.704687 0.642857 0.704687 0.639535 0.706250 0.636213 0.706250 0.609635 0.707812 0.606312 0.707812 0.599668 0.709375 0.596346 0.714063 0.596346 0.714063 0.569767 0.709375 0.569767 0.706250 0.563123 0.706250 0.556478 0.703125 0.549834 0.703125 0.546512 0.696875 0.533223 0.696875 0.529900 0.693750 0.523256 0.693750 0.519934 0.692187 0.516611 0.692187 0.486711 0.690625 0.483389 0.690625 0.466777
1 0.710938 0.612957 0.710938 0.629568 0.709375 0.632890 0.709375 0.642857 0.707812 0.646179 0.707812 0.652824 0.706250 0.656146 0.706250 0.662791 0.704687 0.666113 0.704687 0.669435 0.703125 0.672757 0.703125 0.676080 0.701563 0.679402 0.689062 0.679402 0.687500 0.676080 0.685938 0.676080 0.684375 0.672757 0.682813 0.672757 0.678125 0.662791 0.676562 0.662791 0.675000 0.659468 0.673437 0.659468 0.671875 0.656146 0.668750 0.656146 0.667188 0.659468 0.665625 0.659468 0.664062 0.662791 0.664062 0.666113 0.660937 0.672757 0.659375 0.672757 0.653125 0.686047 0.646875 0.686047 0.646875 0.739203 0.651563 0.739203 0.654688 0.745847 0.654688 0.749169 0.656250 0.752492 0.656250 0.759136 0.657812 0.762458 0.657812 0.765781 0.659375 0.769103 0.659375 0.782392 0.678125 0.782392 0.678125 0.762458 0.679688 0.759136 0.679688 0.752492 0.681250 0.749169 0.681250 0.745847 0.682813 0.742525 0.684375 0.742525 0.685938 0.739203 0.690625 0.739203 0.698438 0.755814 0.698438 0.759136 0.701563 0.765781 0.704687 0.765781 0.706250 0.762458 0.709375 0.762458 0.715625 0.749169 0.720312 0.749169 0.720312 0.612957
3 0.382812 0.606312 0.379687 0.612957 0.378125 0.612957 0.378125 0.616279 0.376563 0.619601 0.376563 0.626246 0.375000 0.629568 0.375000 0.632890 0.373437 0.636213 0.373437 0.639535 0.371875 0.642857 0.371875 0.649502 0.370313 0.652824 0.370313 0.666113 0.368750 0.669435 0.368750 0.672757 0.364062 0.682724 0.360938 0.682724 0.359375 0.686047 0.357812 0.686047 0.356250 0.682724 0.353125 0.682724 0.351562 0.679402 0.351562 0.676080 0.350000 0.672757 0.350000 0.669435 0.348437 0.666113 0.348437 0.646179 0.346875 0.642857 0.346875 0.639535 0.345313 0.636213 0.342187 0.636213 0.340625 0.632890 0.339063 0.632890 0.337500 0.629568 0.335938 0.629568 0.332812 0.622924 0.329688 0.629568 0.321875 0.629568 0.321875 0.692691 0.328125 0.692691 0.329688 0.696013 0.329688 0.699336 0.331250 0.702658 0.331250 0.705980 0.335938 0.715947 0.335938 0.729236 0.348437 0.729236 0.348437 0.719269 0.353125 0.709302 0.354688 0.709302 0.357812 0.702658 0.382812 0.702658 0.384375 0.705980 0.385938 0.705980 0.387500 0.709302 0.389062 0.709302 0.390625 0.712625 0.392188 0.712625 0.393750 0.715947 0.395312 0.715947 0.396875 0.719269 0.396875 0.729236 0.396875 0.719269 0.398438 0.715947 0.400000 0.715947 0.401563 0.712625 0.407813 0.712625 0.407813 0.642857 0.403125 0.642857 0.400000 0.636213 0.398438 0.636213 0.390625 0.619601 0.390625 0.616279 0.389062 0.616279 0.384375 0.606312
0 0.259375 0.533223 0.259375 0.622924 0.276563 0.622924 0.276563 0.533223
0 0.354688 0.493355 0.354688 0.519934 0.351562 0.526578 0.351562 0.529900 0.343750 0.546512 0.343750 0.549834 0.342187 0.553156 0.342187 0.556478 0.339063 0.563123 0.334375 0.563123 0.334375 0.622924 0.339063 0.622924 0.340625 0.626246 0.345313 0.626246 0.350000 0.636213 0.350000 0.639535 0.351562 0.642857 0.351562 0.646179 0.353125 0.649502 0.353125 0.666113 0.354688 0.669435 0.354688 0.672757 0.356250 0.676080 0.356250 0.689369 0.364062 0.689369 0.364062 0.676080 0.365625 0.672757 0.365625 0.666113 0.367188 0.662791 0.367188 0.646179 0.368750 0.642857 0.368750 0.636213 0.370313 0.632890 0.370313 0.629568 0.371875 0.626246 0.371875 0.622924 0.373437 0.619601 0.373437 0.612957 0.375000 0.609635 0.375000 0.606312 0.378125 0.599668 0.389062 0.599668 0.389062 0.579734 0.382812 0.579734 0.375000 0.563123 0.375000 0.556478 0.370313 0.546512 0.370313 0.543189 0.368750 0.539867 0.368750 0.533223 0.367188 0.529900 0.367188 0.493355
2 0.579687 0.519934 0.579687 0.529900 0.576563 0.536545 0.575000 0.536545 0.573438 0.539867 0.571875 0.539867 0.565625 0.553156 0.564062 0.553156 0.556250 0.569767 0.554688 0.569767 0.550000 0.579734 0.548437 0.579734 0.539062 0.599668 0.534375 0.599668 0.534375 0.676080 0.539062 0.676080 0.545313 0.689369 0.545313 0.692691 0.550000 0.702658 0.550000 0.705980 0.551562 0.709302 0.551562 0.712625 0.554688 0.719269 0.554688 0.729236 0.565625 0.729236 0.565625 0.719269 0.575000 0.699336 0.576563 0.699336 0.578125 0.696013 0.601562 0.696013 0.603125 0.699336 0.615625 0.699336 0.617188 0.702658 0.620313 0.702658 0.621875 0.705980 0.623438 0.705980 0.626562 0.712625 0.628125 0.712625 0.629687 0.715947 0.629687 0.729236 0.643750 0.729236 0.643750 0.719269 0.645312 0.715947 0.645312 0.709302 0.646875 0.705980 0.646875 0.699336 0.648438 0.696013 0.648438 0.692691 0.650000 0.689369 0.650000 0.686047 0.651563 0.682724 0.651563 0.679402 0.653125 0.676080 0.653125 0.666113 0.654688 0.662791 0.654688 0.629568 0.653125 0.626246 0.653125 0.583056 0.654688 0.579734 0.654688 0.569767 0.656250 0.566445 0.656250 0.553156 0.657812 0.549834 0.657812 0.546512 0.659375 0.543189 0.664062 0.543189 0.664062 0.519934
0 0.832812 0.689369 0.832812 0.676080 0.832812 0.689369 0.806250 0.689369 0.806250 0.679402 0.804688 0.676080 0.804688 0.672757 0.803125 0.669435 0.803125 0.666113 0.801562 0.662791 0.807813 0.619601 0.818750 0.619601 0.820312 0.616279 0.823438 0.616279 0.825000 0.612957 0.826563 0.612957 0.828125 0.609635 0.829687 0.609635 0.832812 0.616279 0.832812 0.632890 0.832812 0.609635 0.829687 0.609635 0.828125 0.606312 0.828125 0.596346 0.831250 0.589701 0.832812 0.589701 0.832812 0.583056 0.831250 0.583056 0.829687 0.579734 0.829687 0.573090 0.828125 0.569767 0.828125 0.563123 0.826563 0.559801 0.826563 0.556478 0.825000 0.553156 0.825000 0.549834 0.823438 0.546512 0.823438 0.536545 0.821875 0.533223 0.821875 0.526578 0.823438 0.523256 0.823438 0.506645 0.812500 0.506645 0.812500 0.519934 0.810938 0.523256 0.810938 0.526578 0.809375 0.529900 0.809375 0.533223 0.807813 0.536545 0.807813 0.539867 0.806250 0.543189 0.806250 0.549834 0.804688 0.553156 0.804688 0.559801 0.803125 0.563123 0.803125 0.599668 0.804688 0.602990 0.804688 0.606312 0.806250 0.609635 0.806250 0.612957 0.807813 0.616279 0.807813 0.619601 0.801562 0.662791 0.796875 0.662791 0.796875 0.689369 0.806250 0.689369
0 0.481250 0.519934 0.481250 0.536545 0.479688 0.539867 0.479688 0.546512 0.476562 0.553156 0.471875 0.553156 0.471875 0.573090 0.476562 0.573090 0.478125 0.576412 0.478125 0.579734 0.479688 0.583056 0.479688 0.589701 0.481250 0.593023 0.481250 0.596346 0.485938 0.606312 0.487500 0.606312 0.503125 0.639535 0.506250 0.639535 0.510938 0.649502 0.510938 0.666113 0.507812 0.672757 0.507812 0.682724 0.509375 0.686047 0.509375 0.682724 0.510938 0.679402 0.520312 0.679402 0.520312 0.642857 0.515625 0.642857 0.514063 0.639535 0.512500 0.639535 0.510938 0.636213 0.510938 0.632890 0.509375 0.629568 0.509375 0.596346 0.514063 0.586379 0.520312 0.586379 0.520312 0.583056 0.515625 0.583056 0.512500 0.576412 0.512500 0.573090 0.510938 0.569767 0.509375 0.569767 0.504687 0.559801 0.504687 0.556478 0.503125 0.553156 0.501562 0.553156 0.500000 0.549834 0.500000 0.546512 0.496875 0.539867 0.496875 0.536545 0.495313 0.533223 0.495313 0.519934
0 0.457812 0.662791 0.457812 0.676080 0.457812 0.662791 0.464063 0.649502 0.429688 0.616279 0.429688 0.612957 0.431250 0.609635 0.431250 0.602990 0.429688 0.596346 0.432813 0.596346 0.434375 0.599668 0.435937 0.599668 0.437500 0.602990 0.439063 0.602990 0.440625 0.606312 0.440625 0.616279 0.437500 0.622924 0.437500 0.632890 0.439063 0.636213 0.437500 0.639535 0.437500 0.642857 0.435937 0.646179 0.434375 0.646179 0.432813 0.649502 0.429688 0.649502 0.429688 0.652824 0.439063 0.652824 0.440625 0.649502 0.442187 0.649502 0.443750 0.646179 0.454688 0.646179 0.456250 0.642857 0.457812 0.642857 0.457812 0.639535 0.459375 0.636213 0.459375 0.619601 0.460938 0.616279 0.460938 0.606312 0.462500 0.602990 0.462500 0.596346 0.464063 0.593023 0.470313 0.593023 0.470313 0.566445 0.465625 0.566445 0.456250 0.546512 0.456250 0.543189 0.454688 0.539867 0.454688 0.519934 0.440625 0.519934 0.440625 0.543189 0.439063 0.546512 0.439063 0.553156 0.437500 0.556478 0.437500 0.559801 0.431250 0.573090 0.431250 0.576412 0.429688 0.579734 0.429688 0.583056 0.428125 0.586379 0.428125 0.589701 0.429688 0.593023 0.429688 0.596346 0.431250 0.602990 0.428125 0.602990 0.426562 0.599668 0.421875 0.599668 0.421875 0.622924 0.426562 0.622924 0.429688 0.616279 0.464063 0.649502 0.465625 0.652824 0.470313 0.652824 0.470313 0.649502 0.464063 0.649502
3 0.825000 0.586379 0.825000 0.599668 0.815625 0.619601 0.804688 0.619601 0.801562 0.626246 0.796875 0.626246 0.796875 0.702658 0.839063 0.702658 0.839063 0.626246 0.834375 0.626246 0.831250 0.619601 0.831250 0.616279 0.829687 0.612957 0.829687 0.606312 0.828125 0.602990 0.828125 0.586379
0 0.196875 0.546512 0.196875 0.622924 0.214062 0.622924 0.214062 0.546512
0 0.165625 0.533223 0.165625 0.622924 0.173438 0.622924 0.173438 0.609635 0.178125 0.599668 0.179688 0.599668 0.182812 0.606312 0.182812 0.622924 0.189063 0.622924 0.189063 0.553156 0.182812 0.553156 0.181250 0.549834 0.181250 0.533223
3 0.440625 0.533223 0.440625 0.549834 0.439063 0.553156 0.439063 0.559801 0.437500 0.563123 0.437500 0.566445 0.435937 0.569767 0.434375 0.569767 0.432813 0.573090 0.432813 0.579734 0.429688 0.586379 0.429688 0.593023 0.428125 0.596346 0.428125 0.602990 0.426562 0.606312 0.426562 0.609635 0.421875 0.619601 0.420312 0.619601 0.417188 0.626246 0.415625 0.626246 0.414062 0.629568 0.409375 0.629568 0.409375 0.662791 0.415625 0.662791 0.418750 0.669435 0.420312 0.669435 0.421875 0.672757 0.423438 0.672757 0.425000 0.669435 0.429688 0.669435 0.431250 0.666113 0.432813 0.666113 0.434375 0.662791 0.448438 0.662791 0.450000 0.666113 0.462500 0.666113 0.464063 0.662791 0.465625 0.662791 0.465625 0.659468 0.468750 0.652824 0.468750 0.636213 0.471875 0.629568 0.476562 0.629568 0.476562 0.606312 0.470313 0.606312 0.468750 0.609635 0.465625 0.609635 0.464063 0.612957 0.462500 0.612957 0.460938 0.616279 0.459375 0.616279 0.457812 0.619601 0.456250 0.619601 0.453125 0.626246 0.451562 0.626246 0.450000 0.629568 0.443750 0.629568 0.440625 0.622924 0.440625 0.619601 0.439063 0.616279 0.439063 0.609635 0.440625 0.606312 0.440625 0.602990 0.443750 0.596346 0.443750 0.593023 0.446875 0.586379 0.453125 0.586379 0.454688 0.583056 0.464063 0.583056 0.464063 0.566445 0.462500 0.563123 0.462500 0.559801 0.460938 0.556478 0.459375 0.556478 0.454688 0.546512 0.454688 0.533223
3 0.482812 0.606312 0.481250 0.609635 0.479688 0.609635 0.478125 0.612957 0.471875 0.612957 0.471875 0.702658 0.487500 0.702658 0.487500 0.689369 0.490625 0.682724 0.500000 0.682724 0.501562 0.686047 0.503125 0.686047 0.506250 0.692691 0.506250 0.702658 0.509375 0.702658 0.509375 0.692691 0.510938 0.689369 0.510938 0.686047 0.514063 0.679402 0.520312 0.679402 0.520312 0.639535 0.501562 0.639535 0.492188 0.619601 0.490625 0.619601 0.487500 0.612957 0.485938 0.612957
5 0.000000 0.347176 0.000000 0.636213 0.025000 0.636213 0.025000 0.622924 0.021875 0.622924 0.018750 0.616279 0.018750 0.609635 0.020312 0.606312 0.025000 0.606312 0.026563 0.609635 0.032812 0.609635 0.035937 0.616279 0.039062 0.616279 0.040625 0.619601 0.051562 0.619601 0.053125 0.622924 0.056250 0.622924 0.057813 0.626246 0.057813 0.636213 0.082813 0.636213 0.082813 0.377076 0.078125 0.377076 0.076563 0.373754 0.076563 0.370432 0.075000 0.367110 0.075000 0.360465 0.073437 0.357143 0.073437 0.347176
7 0.098438 0.513289 0.100000 0.516611 0.100000 0.523256 0.101562 0.526578 0.101562 0.533223 0.106250 0.543189 0.107813 0.543189 0.109375 0.546512 0.112500 0.546512 0.114063 0.549834 0.115625 0.546512 0.115625 0.539867 0.117188 0.536545 0.117188 0.513289 0.118750 0.509967 0.118750 0.496678 0.117188 0.493355 0.117188 0.490033 0.115625 0.486711 0.106250 0.486711 0.104687 0.490033 0.101562 0.490033 0.100000 0.493355 0.098438 0.493355 0.098438 0.513289 0.082813 0.509967 0.082813 0.486711 0.081250 0.483389 0.081250 0.473422 0.079687 0.470100 0.079687 0.463455 0.078125 0.460133 0.078125 0.393688 0.076563 0.390365 0.076563 0.370432 0.075000 0.367110 0.075000 0.363787 0.073437 0.360465 0.073437 0.347176 0.000000 0.347176 0.000000 0.835548 0.090625 0.835548 0.090625 0.822259 0.092188 0.818937 0.092188 0.812292 0.093750 0.808970 0.093750 0.805648 0.095312 0.802326 0.095312 0.799003 0.096875 0.795681 0.096875 0.792359 0.100000 0.785714 0.100000 0.782392 0.101562 0.779070 0.103125 0.779070 0.104687 0.775748 0.106250 0.775748 0.107813 0.772425 0.110937 0.772425 0.112500 0.769103 0.114063 0.769103 0.117188 0.762458 0.117188 0.759136 0.118750 0.755814 0.118750 0.749169 0.120312 0.745847 0.120312 0.739203 0.121875 0.735880 0.126563 0.735880 0.126563 0.699336 0.121875 0.699336 0.118750 0.692691 0.118750 0.689369 0.117188 0.686047 0.117188 0.679402 0.115625 0.676080 0.115625 0.672757 0.114063 0.669435 0.114063 0.666113 0.110937 0.659468 0.110937 0.656146 0.109375 0.652824 0.109375 0.649502 0.103125 0.636213 0.103125 0.632890 0.101562 0.629568 0.100000 0.632890 0.095312 0.632890 0.093750 0.629568 0.087500 0.629568 0.085938 0.626246 0.084375 0.626246 0.079687 0.616279 0.079687 0.589701 0.081250 0.586379 0.081250 0.513289 0.082813 0.509967
2 0.579687 0.519934 0.579687 0.529900 0.576563 0.536545 0.575000 0.536545 0.573438 0.539867 0.571875 0.539867 0.570312 0.543189 0.568750 0.543189 0.557813 0.566445 0.556250 0.566445 0.550000 0.579734 0.548437 0.579734 0.546875 0.583056 0.545313 0.583056 0.543750 0.586379 0.543750 0.589701 0.540625 0.596346 0.534375 0.596346 0.534375 0.676080 0.539062 0.676080 0.545313 0.689369 0.545313 0.692691 0.550000 0.702658 0.550000 0.705980 0.554688 0.715947 0.554688 0.729236 0.565625 0.729236 0.565625 0.715947 0.570312 0.705980 0.571875 0.705980 0.576563 0.696013 0.607813 0.696013 0.609375 0.699336 0.615625 0.699336 0.617188 0.702658 0.621875 0.702658 0.625000 0.709302 0.626562 0.709302 0.628125 0.712625 0.629687 0.712625 0.631250 0.715947 0.631250 0.729236 0.642187 0.729236 0.642187 0.712625 0.643750 0.709302 0.643750 0.702658 0.645312 0.699336 0.645312 0.696013 0.646875 0.692691 0.646875 0.686047 0.650000 0.679402 0.650000 0.676080 0.651563 0.672757 0.651563 0.666113 0.653125 0.662791 0.653125 0.589701 0.654688 0.586379 0.654688 0.573090 0.656250 0.569767 0.656250 0.563123 0.657812 0.559801 0.657812 0.536545 0.659375 0.533223 0.659375 0.519934
0 0.171875 0.533223 0.171875 0.606312 0.178125 0.606312 0.181250 0.612957 0.181250 0.616279 0.182812 0.619601 0.182812 0.622924 0.184375 0.626246 0.184375 0.636213 0.195312 0.636213 0.195312 0.596346 0.190625 0.596346 0.187500 0.589701 0.187500 0.556478 0.185937 0.553156 0.184375 0.553156 0.181250 0.546512 0.181250 0.533223
