2 0.881250 0.664706 0.881250 0.671765 0.878125 0.676471 0.876562 0.676471 0.875000 0.678824 0.873438 0.678824 0.871875 0.681176 0.870313 0.681176 0.865625 0.688235 0.864062 0.688235 0.862500 0.690588 0.860937 0.690588 0.859375 0.692941 0.857813 0.692941 0.856250 0.695294 0.854688 0.695294 0.853125 0.697647 0.851562 0.697647 0.850000 0.700000 0.846875 0.700000 0.845312 0.702353 0.843750 0.702353 0.842188 0.704706 0.840625 0.704706 0.835938 0.711765 0.834375 0.711765 0.829687 0.718824 0.828125 0.718824 0.826563 0.721176 0.825000 0.721176 0.823438 0.723529 0.821875 0.723529 0.820312 0.725882 0.818750 0.725882 0.817187 0.728235 0.814062 0.728235 0.812500 0.730588 0.810938 0.730588 0.809375 0.732941 0.807813 0.732941 0.806250 0.735294 0.804688 0.735294 0.803125 0.737647 0.801562 0.737647 0.801562 0.740000 0.800000 0.742353 0.800000 0.744706 0.798437 0.747059 0.798437 0.751765 0.796875 0.754118 0.796875 0.768235 0.795313 0.770588 0.795313 0.772941 0.789062 0.782353 0.784375 0.782353 0.784375 0.827059 0.789062 0.827059 0.792188 0.831765 0.792188 0.834118 0.793750 0.836471 0.793750 0.838824 0.796875 0.843529 0.798437 0.843529 0.800000 0.845882 0.801562 0.845882 0.804688 0.850588 0.806250 0.850588 0.812500 0.860000 0.812500 0.862353 0.814062 0.864706 0.814062 0.867059 0.815625 0.869412 0.815625 0.871765 0.817187 0.874118 0.817187 0.878824 0.818750 0.881176 0.818750 0.883529 0.825000 0.892941 0.828125 0.892941 0.829687 0.895294 0.853125 0.895294 0.854688 0.892941 0.857813 0.892941 0.859375 0.890588 0.860937 0.890588 0.864062 0.885882 0.865625 0.885882 0.867188 0.883529 0.868750 0.883529 0.870313 0.881176 0.900000 0.881176 0.901563 0.883529 0.912500 0.883529 0.914062 0.885882 0.937500 0.885882 0.939062 0.888235 0.965625 0.888235 0.967188 0.890588 0.971875 0.890588 0.973437 0.892941 0.976562 0.892941 0.978125 0.895294 0.979688 0.895294 0.989062 0.909412 0.989062 0.916471 0.998438 0.916471 0.998438 0.664706
5 0.514063 0.147059 0.514063 0.154118 0.512500 0.156471 0.507812 0.156471 0.506250 0.158824 0.495313 0.158824 0.493750 0.161176 0.489062 0.161176 0.487500 0.163529 0.485938 0.163529 0.484375 0.165882 0.482812 0.165882 0.481250 0.168235 0.479688 0.168235 0.478125 0.170588 0.476562 0.170588 0.470313 0.180000 0.470313 0.182353 0.468750 0.184706 0.468750 0.187059 0.467187 0.189412 0.467187 0.229412 0.468750 0.231765 0.468750 0.255294 0.470313 0.257647 0.470313 0.264706 0.471875 0.267059 0.471875 0.278824 0.470313 0.281176 0.470313 0.318824 0.468750 0.321176 0.468750 0.323529 0.464063 0.330588 0.460938 0.330588 0.459375 0.332941 0.451562 0.321176 0.450000 0.321176 0.445312 0.314118 0.442187 0.318824 0.440625 0.318824 0.437500 0.323529 0.435937 0.323529 0.434375 0.325882 0.432813 0.325882 0.431250 0.323529 0.428125 0.323529 0.426562 0.321176 0.425000 0.321176 0.423438 0.323529 0.420312 0.323529 0.418750 0.321176 0.401563 0.321176 0.401563 0.323529 0.398438 0.328235 0.398438 0.332941 0.396875 0.335294 0.396875 0.340000 0.395312 0.342353 0.395312 0.347059 0.396875 0.349412 0.396875 0.351765 0.390625 0.361176 0.385938 0.361176 0.384375 0.363529 0.382812 0.363529 0.381250 0.361176 0.373437 0.361176 0.371875 0.358824 0.368750 0.363529 0.365625 0.363529 0.364062 0.365882 0.360938 0.365882 0.356250 0.372941 0.354688 0.372941 0.353125 0.375294 0.332812 0.375294 0.331250 0.377647 0.328125 0.377647 0.326562 0.380000 0.325000 0.380000 0.323438 0.382353 0.321875 0.382353 0.320312 0.384706 0.318750 0.384706 0.317187 0.387059 0.315625 0.387059 0.312500 0.391765 0.309375 0.391765 0.307813 0.394118 0.298438 0.394118 0.296875 0.396471 0.284375 0.396471 0.282813 0.398824 0.276563 0.398824 0.275000 0.401176 0.270312 0.401176 0.268750 0.403529 0.264062 0.403529 0.262500 0.405882 0.260938 0.405882 0.259375 0.408235 0.257812 0.408235 0.256250 0.410588 0.254687 0.410588 0.253125 0.412941 0.245312 0.412941 0.243750 0.415294 0.235938 0.415294 0.234375 0.417647 0.225000 0.417647 0.223438 0.415294 0.220313 0.415294 0.218750 0.417647 0.217187 0.417647 0.215625 0.420000 0.212500 0.420000 0.210938 0.422353 0.207813 0.422353 0.206250 0.424706 0.201562 0.424706 0.200000 0.427059 0.198437 0.427059 0.196875 0.429412 0.195312 0.429412 0.193750 0.431765 0.190625 0.431765 0.189063 0.434118 0.185937 0.434118 0.184375 0.436471 0.179688 0.436471 0.178125 0.438824 0.165625 0.438824 0.164062 0.436471 0.159375 0.436471 0.156250 0.441176 0.156250 0.443529 0.154687 0.445882 0.154687 0.450588 0.153125 0.452941 0.153125 0.469412 0.151562 0.471765 0.151562 0.500000 0.150000 0.502353 0.150000 0.551765 0.151562 0.554118 0.151562 0.563529 0.153125 0.565882 0.153125 0.601177 0.154687 0.603529 0.154687 0.667059 0.156250 0.669412 0.156250 0.702353 0.154687 0.704706 0.154687 0.714118 0.153125 0.716471 0.153125 0.732941 0.154687 0.735294 0.154687 0.747059 0.156250 0.749412 0.156250 0.761176 0.157813 0.763529 0.157813 0.796471 0.159375 0.798824 0.159375 0.801176 0.164062 0.808235 0.165625 0.808235 0.168750 0.812941 0.171875 0.812941 0.173438 0.815294 0.178125 0.815294 0.179688 0.817647 0.181250 0.817647 0.182812 0.820000 0.187500 0.820000 0.189063 0.822353 0.192188 0.822353 0.193750 0.824706 0.195312 0.824706 0.198437 0.829412 0.200000 0.829412 0.204688 0.836471 0.206250 0.836471 0.209375 0.841176 0.210938 0.841176 0.212500 0.843529 0.215625 0.843529 0.217187 0.845882 0.218750 0.845882 0.220313 0.848235 0.231250 0.848235 0.232812 0.845882 0.234375 0.845882 0.240625 0.836471 0.242188 0.836471 0.243750 0.834118 0.256250 0.834118 0.257812 0.836471 0.268750 0.836471 0.270312 0.838824 0.284375 0.838824 0.285937 0.841176 0.295312 0.841176 0.296875 0.843529 0.304688 0.843529 0.306250 0.845882 0.318750 0.845882 0.320312 0.848235 0.331250 0.848235 0.332812 0.850588 0.340625 0.850588 0.342187 0.852941 0.351562 0.852941 0.353125 0.855294 0.364062 0.855294 0.365625 0.857647 0.371875 0.857647 0.373437 0.860000 0.375000 0.860000 0.376563 0.862353 0.378125 0.862353 0.379687 0.864706 0.379687 0.867059 0.381250 0.869412 0.381250 0.871765 0.382812 0.874118 0.382812 0.876471 0.385938 0.881176 0.387500 0.881176 0.389062 0.883529 0.395312 0.883529 0.400000 0.890588 0.401563 0.890588 0.403125 0.892941 0.404687 0.892941 0.406250 0.895294 0.407813 0.895294 0.410937 0.900000 0.410937 0.907059 0.425000 0.907059 0.425000 0.900000 0.429688 0.892941 0.429688 0.890588 0.431250 0.888235 0.431250 0.885882 0.435937 0.878824 0.437500 0.878824 0.439063 0.876471 0.457812 0.876471 0.459375 0.878824 0.473437 0.878824 0.475000 0.881176 0.496875 0.881176 0.498437 0.878824 0.504687 0.878824 0.506250 0.876471 0.512500 0.876471 0.514063 0.874118 0.525000 0.874118 0.526563 0.871765 0.540625 0.871765 0.542188 0.869412 0.598437 0.869412 0.600000 0.871765 0.604688 0.871765 0.606250 0.874118 0.610937 0.874118 0.612500 0.876471 0.629687 0.876471 0.631250 0.878824 0.637500 0.878824 0.639063 0.881176 0.650000 0.881176 0.651563 0.878824 0.654688 0.878824 0.656250 0.876471 0.657812 0.876471 0.659375 0.874118 0.660937 0.874118 0.662500 0.871765 0.665625 0.871765 0.667188 0.869412 0.678125 0.869412 0.679688 0.867059 0.685938 0.867059 0.687500 0.864706 0.700000 0.864706 0.701563 0.862353 0.729688 0.862353 0.731250 0.864706 0.753125 0.864706 0.754687 0.862353 0.759375 0.862353 0.760938 0.860000 0.762500 0.860000 0.764063 0.857647 0.767187 0.857647 0.768750 0.855294 0.771875 0.855294 0.773438 0.852941 0.776563 0.852941 0.778125 0.850588 0.779688 0.850588 0.781250 0.848235 0.782812 0.848235 0.785937 0.843529 0.785937 0.841176 0.787500 0.838824 0.787500 0.789412 0.789062 0.787059 0.789062 0.777647 0.790625 0.775294 0.790625 0.756471 0.792188 0.754118 0.792188 0.742353 0.793750 0.740000 0.793750 0.732941 0.795313 0.730588 0.795313 0.718824 0.796875 0.716471 0.801562 0.716471 0.801562 0.704706 0.796875 0.704706 0.793750 0.700000 0.793750 0.688235 0.792188 0.685882 0.792188 0.678824 0.789062 0.674118 0.787500 0.674118 0.785937 0.671765 0.784375 0.671765 0.782812 0.669412 0.782812 0.664706 0.781250 0.662353 0.782812 0.660000 0.782812 0.652941 0.784375 0.650588 0.784375 0.624706 0.785937 0.622353 0.785937 0.601177 0.787500 0.598824 0.787500 0.589412 0.792188 0.582353 0.792188 0.580000 0.793750 0.577647 0.793750 0.572941 0.795313 0.570588 0.795313 0.568235 0.796875 0.565882 0.801562 0.565882 0.801562 0.525882 0.795313 0.525882 0.789062 0.516471 0.785937 0.516471 0.782812 0.511765 0.782812 0.509412 0.781250 0.507059 0.781250 0.495294 0.779688 0.492941 0.779688 0.488235 0.778125 0.485882 0.778125 0.478824 0.776563 0.476471 0.776563 0.471765 0.775000 0.469412 0.775000 0.457647 0.773438 0.455294 0.773438 0.438824 0.771875 0.436471 0.771875 0.427059 0.770312 0.424706 0.770312 0.412941 0.768750 0.410588 0.768750 0.401176 0.767187 0.398824 0.767187 0.394118 0.765625 0.391765 0.765625 0.384706 0.764063 0.382353 0.764063 0.375294 0.762500 0.372941 0.762500 0.365882 0.760938 0.363529 0.760938 0.351765 0.759375 0.349412 0.759375 0.325882 0.757812 0.323529 0.757812 0.314118 0.756250 0.311765 0.756250 0.297647 0.754687 0.295294 0.754687 0.283529 0.753125 0.281176 0.753125 0.278824 0.751562 0.276471 0.751562 0.271765 0.750000 0.269412 0.750000 0.262353 0.748438 0.260000 0.748438 0.252941 0.746875 0.250588 0.746875 0.245882 0.745313 0.243529 0.745313 0.241176 0.743750 0.238824 0.743750 0.231765 0.742188 0.229412 0.742188 0.220000 0.740625 0.217647 0.740625 0.212941 0.739062 0.210588 0.739062 0.205882 0.737500 0.203529 0.737500 0.198824 0.735937 0.196471 0.735937 0.194118 0.734375 0.191765 0.734375 0.189412 0.731250 0.184706 0.731250 0.182353 0.729688 0.180000 0.728125 0.180000 0.726562 0.177647 0.721875 0.177647 0.720312 0.175294 0.715625 0.175294 0.714063 0.172941 0.706250 0.172941 0.704687 0.170588 0.695312 0.170588 0.693750 0.168235 0.681250 0.168235 0.679688 0.165882 0.668750 0.165882 0.667188 0.163529 0.657812 0.163529 0.656250 0.161176 0.645312 0.161176 0.643750 0.158824 0.631250 0.158824 0.629687 0.156471 0.620313 0.156471 0.618750 0.154118 0.618750 0.147059
0 0.850000 0.627059 0.850000 0.643529 0.848437 0.645882 0.848437 0.648235 0.842188 0.657647 0.840625 0.657647 0.839063 0.660000 0.834375 0.660000 0.834375 0.700000 0.854688 0.700000 0.854688 0.692941 0.857813 0.688235 0.859375 0.688235 0.860937 0.685882 0.864062 0.685882 0.865625 0.683529 0.870313 0.683529 0.870313 0.655294 0.865625 0.655294 0.862500 0.650588 0.862500 0.648235 0.860937 0.645882 0.860937 0.641176 0.859375 0.638824 0.859375 0.627059
2 0.000000 0.617647 0.000000 0.831765 0.006250 0.831765 0.006250 0.824706 0.007812 0.822353 0.010937 0.822353 0.012500 0.820000 0.018750 0.820000 0.020312 0.817647 0.028125 0.817647 0.029687 0.815294 0.032812 0.815294 0.034375 0.812941 0.037500 0.812941 0.039062 0.810588 0.048437 0.810588 0.050000 0.808235 0.053125 0.808235 0.054688 0.810588 0.064062 0.810588 0.068750 0.817647 0.068750 0.820000 0.070312 0.822353 0.070312 0.831765 0.085938 0.831765 0.085938 0.824706 0.090625 0.817647 0.095312 0.817647 0.095312 0.735294 0.090625 0.735294 0.073437 0.709412 0.073437 0.707059 0.071875 0.704706 0.071875 0.702353 0.070312 0.700000 0.070312 0.697647 0.068750 0.695294 0.068750 0.692941 0.067188 0.690588 0.067188 0.685882 0.065625 0.683529 0.065625 0.678824 0.064062 0.676471 0.064062 0.671765 0.062500 0.669412 0.062500 0.667059 0.060938 0.664706 0.060938 0.662353 0.059375 0.660000 0.059375 0.657647 0.057813 0.655294 0.057813 0.652941 0.056250 0.650588 0.056250 0.645882 0.054688 0.643529 0.054688 0.641176 0.046875 0.629412 0.045313 0.629412 0.042188 0.624706 0.042188 0.617647
2 0.070312 0.617647 0.070312 0.627059 0.068750 0.629412 0.065625 0.629412 0.064062 0.631765 0.062500 0.631765 0.060938 0.634118 0.053125 0.634118 0.053125 0.655294 0.057813 0.655294 0.062500 0.662353 0.062500 0.664706 0.064062 0.667059 0.064062 0.671765 0.065625 0.674118 0.065625 0.681176 0.067188 0.683529 0.067188 0.690588 0.068750 0.692941 0.068750 0.695294 0.070312 0.697647 0.070312 0.702353 0.071875 0.704706 0.071875 0.707059 0.076563 0.714118 0.078125 0.714118 0.084375 0.723529 0.085938 0.723529 0.089062 0.728235 0.089062 0.730588 0.090625 0.732941 0.090625 0.735294 0.092188 0.737647 0.092188 0.742353 0.093750 0.744706 0.093750 0.775294 0.095312 0.777647 0.095312 0.796471 0.096875 0.798824 0.098438 0.798824 0.100000 0.801176 0.101562 0.801176 0.103125 0.803529 0.104687 0.803529 0.106250 0.805882 0.106250 0.812941 0.114063 0.812941 0.114063 0.805882 0.115625 0.803529 0.131250 0.803529 0.132812 0.801176 0.142188 0.801176 0.143750 0.798824 0.150000 0.798824 0.151562 0.796471 0.157813 0.796471 0.157813 0.631765 0.153125 0.631765 0.151562 0.629412 0.150000 0.629412 0.146875 0.624706 0.146875 0.617647
0 0.182812 0.335294 0.182812 0.347059 0.181250 0.349412 0.181250 0.354118 0.175000 0.363529 0.175000 0.365882 0.171875 0.370588 0.171875 0.372941 0.170312 0.375294 0.170312 0.377647 0.168750 0.380000 0.168750 0.382353 0.167187 0.384706 0.167187 0.387059 0.164062 0.391765 0.159375 0.391765 0.159375 0.436471 0.189063 0.436471 0.189063 0.427059 0.190625 0.424706 0.190625 0.420000 0.192188 0.417647 0.192188 0.405882 0.193750 0.403529 0.193750 0.398824 0.195312 0.396471 0.195312 0.394118 0.198437 0.389412 0.200000 0.389412 0.201562 0.387059 0.203125 0.387059 0.204688 0.384706 0.214062 0.384706 0.214062 0.354118 0.209375 0.354118 0.203125 0.344706 0.203125 0.335294
0 0.635938 0.278824 0.635938 0.300000 0.634375 0.302353 0.634375 0.309412 0.628125 0.318824 0.626562 0.318824 0.625000 0.321176 0.623438 0.321176 0.615625 0.332941 0.615625 0.335294 0.614062 0.337647 0.609375 0.337647 0.609375 0.370588 0.664062 0.370588 0.664062 0.292941 0.659375 0.292941 0.656250 0.288235 0.656250 0.278824
9 0.896875 0.391765 0.896875 0.492941 0.904688 0.492941 0.904688 0.485882 0.906250 0.483529 0.907812 0.483529 0.909375 0.485882 0.909375 0.492941 0.937500 0.492941 0.937500 0.485882 0.939062 0.483529 0.943750 0.483529 0.945312 0.481176 0.957812 0.481176 0.957812 0.441176 0.942187 0.441176 0.937500 0.434118 0.937500 0.424706 0.935938 0.422353 0.935938 0.391765
9 0.873438 0.297647 0.873438 0.309412 0.871875 0.311765 0.871875 0.316471 0.870313 0.318824 0.865625 0.318824 0.865625 0.436471 0.870313 0.436471 0.871875 0.438824 0.871875 0.443529 0.870313 0.445882 0.865625 0.445882 0.865625 0.448235 0.870313 0.448235 0.871875 0.450588 0.871875 0.471765 0.873438 0.474118 0.873438 0.485882 0.875000 0.488235 0.875000 0.490588 0.876562 0.492941 0.876562 0.502353 0.900000 0.502353 0.900000 0.492941 0.901563 0.490588 0.901563 0.488235 0.903125 0.485882 0.903125 0.478824 0.904688 0.476471 0.904688 0.471765 0.903125 0.469412 0.903125 0.457647 0.904688 0.455294 0.904688 0.441176 0.906250 0.438824 0.906250 0.436471 0.904688 0.434118 0.904688 0.429412 0.903125 0.427059 0.903125 0.417647 0.904688 0.415294 0.904688 0.408235 0.906250 0.405882 0.906250 0.403529 0.909375 0.398824 0.914062 0.398824 0.914062 0.309412 0.909375 0.309412 0.907812 0.307059 0.907812 0.297647
0 0.948438 0.627059 0.948438 0.645882 0.945312 0.650588 0.940625 0.650588 0.940625 0.671765 0.964063 0.671765 0.964063 0.627059
0 0.585938 0.288235 0.585938 0.300000 0.584375 0.302353 0.584375 0.318824 0.582812 0.321176 0.582812 0.325882 0.581250 0.328235 0.581250 0.330588 0.579687 0.332941 0.579687 0.335294 0.578125 0.337647 0.575000 0.337647 0.573438 0.335294 0.559375 0.335294 0.559375 0.361176 0.614062 0.361176 0.614062 0.325882 0.609375 0.325882 0.607813 0.323529 0.607813 0.318824 0.606250 0.316471 0.606250 0.300000 0.604688 0.297647 0.604688 0.288235
0 0.878125 0.645882 0.878125 0.671765 0.895312 0.671765 0.895312 0.645882
0 0.679688 0.269412 0.679688 0.281176 0.678125 0.283529 0.678125 0.288235 0.676562 0.290588 0.676562 0.295294 0.675000 0.297647 0.675000 0.302353 0.673437 0.304706 0.673437 0.307059 0.671875 0.309412 0.671875 0.311765 0.668750 0.316471 0.668750 0.318824 0.664062 0.325882 0.659375 0.325882 0.659375 0.370588 0.714063 0.370588 0.714063 0.342353 0.706250 0.342353 0.703125 0.337647 0.703125 0.325882 0.704687 0.323529 0.704687 0.316471 0.703125 0.314118 0.703125 0.307059 0.701563 0.304706 0.701563 0.302353 0.700000 0.300000 0.700000 0.290588 0.698438 0.288235 0.698438 0.269412
0 0.515625 0.278824 0.515625 0.361176 0.557813 0.361176 0.557813 0.335294 0.551562 0.335294 0.550000 0.332941 0.550000 0.330588 0.548437 0.330588 0.543750 0.323529 0.543750 0.321176 0.542188 0.318824 0.542188 0.316471 0.540625 0.314118 0.540625 0.295294 0.539062 0.292941 0.539062 0.288235 0.537500 0.285882 0.537500 0.278824
0 0.307813 0.335294 0.307813 0.344706 0.306250 0.347059 0.306250 0.349412 0.304688 0.351765 0.304688 0.354118 0.303125 0.356471 0.296875 0.356471 0.296875 0.389412 0.326562 0.389412 0.326562 0.349412 0.321875 0.349412 0.318750 0.344706 0.318750 0.335294
0 0.376563 0.325882 0.376563 0.335294 0.375000 0.337647 0.375000 0.342353 0.370313 0.349412 0.365625 0.349412 0.365625 0.370588 0.395312 0.370588 0.395312 0.325882
0 0.915625 0.627059 0.915625 0.671765 0.939062 0.671765 0.939062 0.627059
0 0.909375 0.636471 0.909375 0.671765 0.932813 0.671765 0.932813 0.636471
0 0.698438 0.636471 0.698438 0.645882 0.696875 0.648235 0.696875 0.650588 0.695312 0.652941 0.695312 0.655294 0.689062 0.664706 0.684375 0.664706 0.684375 0.700000 0.714063 0.700000 0.714063 0.636471
0 0.215625 0.372941 0.215625 0.417647 0.237500 0.417647 0.237500 0.389412 0.235938 0.387059 0.235938 0.372941
0 0.959375 0.636471 0.959375 0.671765 0.982813 0.671765 0.982813 0.650588 0.978125 0.650588 0.975000 0.645882 0.975000 0.636471
2 0.778125 0.664706 0.778125 0.775294 0.795313 0.775294 0.795313 0.765882 0.796875 0.763529 0.796875 0.747059 0.803125 0.737647 0.803125 0.735294 0.804688 0.732941 0.806250 0.732941 0.807813 0.730588 0.810938 0.730588 0.812500 0.728235 0.814062 0.728235 0.815625 0.725882 0.817187 0.725882 0.818750 0.723529 0.820312 0.723529 0.821875 0.721176 0.825000 0.721176 0.831250 0.711765 0.832812 0.711765 0.834375 0.709412 0.839063 0.709412 0.839063 0.707059 0.834375 0.707059 0.825000 0.692941 0.825000 0.683529 0.818750 0.674118 0.818750 0.664706
0 0.337500 0.335294 0.337500 0.344706 0.335938 0.347059 0.335938 0.349412 0.334375 0.351765 0.328125 0.351765 0.328125 0.380000 0.351562 0.380000 0.351562 0.335294
0 0.909375 0.627059 0.909375 0.671765 0.931250 0.671765 0.931250 0.664706 0.934375 0.660000 0.939062 0.660000 0.939062 0.627059
0 0.784375 0.627059 0.784375 0.671765 0.807813 0.671765 0.807813 0.643529 0.803125 0.643529 0.801562 0.641176 0.801562 0.638824 0.800000 0.636471 0.800000 0.627059
0 0.346875 0.335294 0.346875 0.380000 0.370313 0.380000 0.370313 0.335294
