5 0.432813 0.737500 0.431250 0.735417 0.431250 0.731250 0.429688 0.729167 0.429688 0.727083 0.425000 0.720833 0.423438 0.720833 0.421875 0.718750 0.418750 0.718750 0.417188 0.720833 0.403125 0.720833 0.403125 0.739583 0.409375 0.739583 0.412500 0.743750 0.414062 0.743750 0.417188 0.747917 0.418750 0.747917 0.420312 0.750000 0.428125 0.750000 0.432813 0.743750 0.432813 0.737500 0.564062 0.739583 0.565625 0.741667 0.565625 0.743750 0.567187 0.745833 0.568750 0.745833 0.570312 0.747917 0.571875 0.747917 0.573438 0.750000 0.576563 0.750000 0.579687 0.754167 0.581250 0.754167 0.582812 0.756250 0.584375 0.756250 0.585938 0.758333 0.589063 0.758333 0.590625 0.760417 0.592188 0.760417 0.598437 0.768750 0.600000 0.768750 0.601562 0.770833 0.603125 0.770833 0.606250 0.775000 0.607813 0.775000 0.620313 0.791667 0.621875 0.791667 0.625000 0.795833 0.625000 0.797917 0.631250 0.806250 0.631250 0.808333 0.632812 0.810417 0.632812 0.812500 0.634375 0.814583 0.634375 0.816667 0.637500 0.816667 0.639063 0.818750 0.645312 0.818750 0.648438 0.822917 0.648438 0.825000 0.650000 0.827083 0.650000 0.831250 0.651563 0.833333 0.651563 0.837500 0.653125 0.839583 0.653125 0.845833 0.654688 0.847917 0.654688 0.860417 0.656250 0.862500 0.656250 0.872917 0.657812 0.875000 0.657812 0.883333 0.659375 0.885417 0.659375 0.889583 0.660937 0.891667 0.660937 0.893750 0.664062 0.897917 0.664062 0.900000 0.667188 0.904167 0.668750 0.904167 0.671875 0.908333 0.676562 0.908333 0.678125 0.910417 0.696875 0.910417 0.698438 0.908333 0.703125 0.908333 0.704687 0.906250 0.706250 0.906250 0.709375 0.902083 0.710938 0.902083 0.714063 0.897917 0.715625 0.897917 0.717188 0.895833 0.718750 0.895833 0.720312 0.893750 0.721875 0.895833 0.723437 0.895833 0.726562 0.900000 0.728125 0.900000 0.731250 0.904167 0.732813 0.904167 0.735937 0.908333 0.737500 0.908333 0.740625 0.912500 0.742188 0.912500 0.745313 0.916667 0.746875 0.916667 0.750000 0.920833 0.751562 0.920833 0.753125 0.922917 0.754687 0.922917 0.757812 0.927083 0.760938 0.927083 0.762500 0.929167 0.767187 0.929167 0.768750 0.931250 0.771875 0.931250 0.773438 0.933333 0.776563 0.933333 0.779688 0.937500 0.781250 0.937500 0.784375 0.941667 0.785937 0.941667 0.787500 0.943750 0.789062 0.943750 0.790625 0.945833 0.792188 0.945833 0.793750 0.947917 0.801562 0.947917 0.803125 0.950000 0.810938 0.950000 0.812500 0.952083 0.820312 0.952083 0.821875 0.954167 0.831250 0.954167 0.832812 0.956250 0.851562 0.956250 0.853125 0.958333 0.876562 0.958333 0.878125 0.956250 0.885938 0.956250 0.887500 0.954167 0.896875 0.954167 0.898438 0.952083 0.906250 0.952083 0.907812 0.950000 0.932813 0.950000 0.934375 0.947917 0.946875 0.947917 0.948438 0.945833 0.954687 0.945833 0.956250 0.943750 0.960938 0.943750 0.962500 0.941667 0.981250 0.941667 0.982813 0.939583 0.985937 0.939583 0.987500 0.937500 0.992188 0.937500 0.993750 0.939583 0.998438 0.939583 0.998438 0.000000 0.645312 0.000000 0.645312 0.010417 0.642187 0.014583 0.640625 0.014583 0.639063 0.016667 0.637500 0.016667 0.634375 0.020833 0.632812 0.020833 0.631250 0.022917 0.628125 0.022917 0.626562 0.025000 0.625000 0.025000 0.623438 0.027083 0.621875 0.027083 0.620313 0.029167 0.618750 0.029167 0.615625 0.033333 0.614062 0.033333 0.612500 0.035417 0.610937 0.035417 0.609375 0.037500 0.606250 0.037500 0.604688 0.039583 0.603125 0.039583 0.601562 0.041667 0.600000 0.041667 0.598437 0.043750 0.596875 0.043750 0.595312 0.045833 0.593750 0.045833 0.592188 0.047917 0.590625 0.047917 0.587500 0.052083 0.585938 0.052083 0.584375 0.054167 0.582812 0.054167 0.579687 0.058333 0.578125 0.058333 0.576563 0.060417 0.575000 0.060417 0.570312 0.066667 0.568750 0.066667 0.567187 0.068750 0.565625 0.068750 0.564062 0.070833 0.562500 0.070833 0.559375 0.075000 0.557813 0.075000 0.554688 0.079167 0.553125 0.079167 0.551562 0.081250 0.550000 0.081250 0.548437 0.083333 0.546875 0.083333 0.545313 0.085417 0.543750 0.085417 0.542188 0.087500 0.540625 0.087500 0.532812 0.097917 0.531250 0.097917 0.528125 0.102083 0.526563 0.102083 0.525000 0.104167 0.523438 0.104167 0.521875 0.106250 0.520312 0.106250 0.518750 0.108333 0.517187 0.108333 0.515625 0.110417 0.514063 0.110417 0.512500 0.112500 0.510938 0.112500 0.509375 0.114583 0.506250 0.114583 0.504687 0.116667 0.503125 0.116667 0.501562 0.118750 0.500000 0.118750 0.496875 0.122917 0.495313 0.122917 0.493750 0.125000 0.492188 0.125000 0.490625 0.127083 0.489062 0.127083 0.485938 0.131250 0.484375 0.131250 0.482812 0.133333 0.481250 0.133333 0.479688 0.135417 0.478125 0.135417 0.476562 0.137500 0.475000 0.137500 0.473437 0.139583 0.471875 0.139583 0.470313 0.141667 0.468750 0.141667 0.467187 0.143750 0.465625 0.143750 0.464063 0.145833 0.462500 0.145833 0.460938 0.147917 0.459375 0.147917 0.456250 0.152083 0.454688 0.152083 0.453125 0.154167 0.451562 0.154167 0.450000 0.156250 0.448438 0.156250 0.446875 0.158333 0.445312 0.158333 0.443750 0.160417 0.442187 0.160417 0.440625 0.162500 0.439063 0.162500 0.439063 0.164583 0.429688 0.177083 0.428125 0.177083 0.421875 0.185417 0.420312 0.185417 0.414062 0.193750 0.414062 0.195833 0.412500 0.197917 0.412500 0.202083 0.410937 0.204167 0.410937 0.243750 0.409375 0.245833 0.409375 0.262500 0.410937 0.264583 0.410937 0.275000 0.412500 0.277083 0.412500 0.283333 0.414062 0.285417 0.414062 0.289583 0.415625 0.291667 0.415625 0.320833 0.414062 0.322917 0.414062 0.335417 0.412500 0.337500 0.412500 0.341667 0.410937 0.343750 0.410937 0.350000 0.409375 0.352083 0.409375 0.358333 0.407813 0.360417 0.403125 0.360417 0.403125 0.362500 0.407813 0.362500 0.409375 0.364583 0.409375 0.370833 0.410937 0.372917 0.410937 0.379167 0.412500 0.381250 0.412500 0.385417 0.414062 0.387500 0.414062 0.391667 0.415625 0.393750 0.415625 0.400000 0.417188 0.402083 0.417188 0.412500 0.418750 0.414583 0.418750 0.422917 0.421875 0.427083 0.423438 0.427083 0.425000 0.429167 0.428125 0.429167 0.429688 0.431250 0.431250 0.431250 0.432813 0.433333 0.434375 0.433333 0.435937 0.435417 0.437500 0.435417 0.439063 0.437500 0.440625 0.437500 0.442187 0.439583 0.446875 0.439583 0.448438 0.441667 0.456250 0.441667 0.457812 0.443750 0.462500 0.443750 0.464063 0.445833 0.468750 0.445833 0.470313 0.447917 0.473437 0.447917 0.476562 0.452083 0.479688 0.452083 0.481250 0.454167 0.482812 0.454167 0.485938 0.458333 0.487500 0.458333 0.501562 0.477083 0.503125 0.477083 0.506250 0.481250 0.507812 0.481250 0.517187 0.493750 0.517187 0.495833 0.525000 0.506250 0.525000 0.508333 0.529688 0.514583 0.529688 0.516667 0.531250 0.518750 0.531250 0.520833 0.534375 0.525000 0.534375 0.527083 0.535937 0.529167 0.535937 0.531250 0.537500 0.533333 0.537500 0.535417 0.539062 0.537500 0.539062 0.539583 0.540625 0.541667 0.540625 0.543750 0.542188 0.545833 0.542188 0.550000 0.543750 0.552083 0.543750 0.556250 0.545313 0.558333 0.545313 0.562500 0.546875 0.564583 0.546875 0.566667 0.548437 0.568750 0.548437 0.570833 0.550000 0.572917 0.550000 0.575000 0.551562 0.577083 0.551562 0.583333 0.553125 0.585417 0.553125 0.589583 0.554688 0.591667 0.554688 0.595833 0.556250 0.597917 0.556250 0.602083 0.557813 0.604167 0.557813 0.608333 0.559375 0.610417 0.559375 0.614583 0.560938 0.616667 0.560938 0.625000 0.562500 0.627083 0.562500 0.635417 0.564062 0.637500 0.564062 0.647917 0.565625 0.650000 0.565625 0.677083 0.564062 0.679167 0.564062 0.739583
2 0.395312 0.420833 0.395312 0.427083 0.392188 0.431250 0.389062 0.431250 0.387500 0.433333 0.385938 0.433333 0.384375 0.435417 0.381250 0.435417 0.379687 0.437500 0.360938 0.437500 0.359375 0.439583 0.335938 0.439583 0.334375 0.441667 0.325000 0.441667 0.323438 0.443750 0.315625 0.443750 0.314063 0.445833 0.310937 0.445833 0.306250 0.452083 0.304688 0.452083 0.301562 0.456250 0.301562 0.458333 0.300000 0.460417 0.298438 0.460417 0.296875 0.462500 0.296875 0.464583 0.295312 0.466667 0.295312 0.468750 0.293750 0.470833 0.293750 0.472917 0.292188 0.475000 0.292188 0.477083 0.290625 0.479167 0.290625 0.481250 0.289062 0.483333 0.289062 0.485417 0.284375 0.491667 0.284375 0.493750 0.281250 0.497917 0.281250 0.500000 0.273438 0.510417 0.271875 0.510417 0.270312 0.512500 0.270312 0.514583 0.267188 0.518750 0.265625 0.518750 0.265625 0.520833 0.260938 0.527083 0.257812 0.527083 0.253125 0.533333 0.246875 0.533333 0.246875 0.545833 0.251563 0.545833 0.254687 0.550000 0.254687 0.552083 0.256250 0.554167 0.256250 0.602083 0.257812 0.604167 0.257812 0.614583 0.256250 0.616667 0.256250 0.666667 0.254687 0.668750 0.254687 0.677083 0.253125 0.679167 0.253125 0.681250 0.251563 0.683333 0.246875 0.683333 0.246875 0.750000 0.251563 0.750000 0.253125 0.752083 0.253125 0.754167 0.254687 0.756250 0.254687 0.760417 0.256250 0.762500 0.256250 0.764583 0.257812 0.766667 0.257812 0.768750 0.264062 0.777083 0.264062 0.785417 0.282813 0.785417 0.282813 0.779167 0.285937 0.775000 0.287500 0.775000 0.289062 0.772917 0.290625 0.772917 0.292188 0.770833 0.293750 0.770833 0.295312 0.768750 0.296875 0.768750 0.298438 0.766667 0.300000 0.766667 0.301562 0.764583 0.303125 0.764583 0.304688 0.762500 0.306250 0.762500 0.307813 0.760417 0.320312 0.760417 0.321875 0.758333 0.329688 0.758333 0.331250 0.756250 0.340625 0.756250 0.342187 0.758333 0.348437 0.758333 0.350000 0.760417 0.360938 0.760417 0.362500 0.762500 0.393750 0.762500 0.395312 0.760417 0.403125 0.760417 0.404687 0.758333 0.418750 0.758333 0.420312 0.756250 0.431250 0.756250 0.432813 0.758333 0.456250 0.758333 0.457812 0.756250 0.460938 0.756250 0.465625 0.750000 0.467187 0.750000 0.471875 0.743750 0.481250 0.743750 0.482812 0.741667 0.515625 0.741667 0.517187 0.743750 0.521875 0.743750 0.523438 0.745833 0.526563 0.745833 0.528125 0.747917 0.531250 0.747917 0.532812 0.750000 0.534375 0.750000 0.535937 0.747917 0.540625 0.747917 0.542188 0.745833 0.545313 0.745833 0.546875 0.743750 0.548437 0.743750 0.550000 0.741667 0.551562 0.741667 0.553125 0.739583 0.554688 0.739583 0.554688 0.737500 0.559375 0.731250 0.559375 0.729167 0.560938 0.727083 0.560938 0.725000 0.562500 0.722917 0.562500 0.716667 0.564062 0.714583 0.564062 0.708333 0.562500 0.706250 0.562500 0.681250 0.564062 0.679167 0.564062 0.672917 0.565625 0.670833 0.570312 0.670833 0.570312 0.643750 0.565625 0.643750 0.562500 0.639583 0.562500 0.635417 0.560938 0.633333 0.560938 0.625000 0.559375 0.622917 0.559375 0.616667 0.557813 0.614583 0.557813 0.610417 0.556250 0.608333 0.556250 0.606250 0.554688 0.604167 0.554688 0.602083 0.553125 0.600000 0.553125 0.597917 0.551562 0.595833 0.551562 0.591667 0.548437 0.587500 0.548437 0.585417 0.546875 0.583333 0.546875 0.579167 0.545313 0.577083 0.545313 0.575000 0.543750 0.572917 0.543750 0.570833 0.540625 0.566667 0.540625 0.564583 0.539062 0.562500 0.539062 0.560417 0.537500 0.558333 0.537500 0.554167 0.535937 0.552083 0.535937 0.550000 0.534375 0.547917 0.534375 0.545833 0.532812 0.543750 0.532812 0.541667 0.531250 0.539583 0.531250 0.537500 0.529688 0.535417 0.529688 0.533333 0.528125 0.531250 0.528125 0.529167 0.523438 0.522917 0.523438 0.520833 0.521875 0.518750 0.521875 0.516667 0.518750 0.512500 0.518750 0.510417 0.517187 0.508333 0.517187 0.506250 0.515625 0.504167 0.515625 0.502083 0.514063 0.500000 0.514063 0.497917 0.510938 0.493750 0.510938 0.491667 0.501562 0.479167 0.500000 0.479167 0.485938 0.460417 0.484375 0.460417 0.482812 0.458333 0.481250 0.458333 0.479688 0.456250 0.478125 0.456250 0.476562 0.454167 0.475000 0.454167 0.473437 0.452083 0.471875 0.452083 0.470313 0.450000 0.467187 0.450000 0.465625 0.447917 0.460938 0.447917 0.459375 0.445833 0.451562 0.445833 0.450000 0.443750 0.445312 0.443750 0.443750 0.441667 0.439063 0.441667 0.437500 0.439583 0.435937 0.439583 0.434375 0.437500 0.432813 0.437500 0.431250 0.435417 0.428125 0.435417 0.426562 0.433333 0.425000 0.433333 0.423438 0.431250 0.421875 0.431250 0.418750 0.427083 0.418750 0.420833
2 0.196875 0.487500 0.196875 0.510417 0.215625 0.510417 0.215625 0.502083 0.217187 0.500000 0.217187 0.491667 0.214062 0.491667 0.212500 0.489583 0.204688 0.489583 0.203125 0.487500 0.196875 0.487500 0.196875 0.460417 0.201562 0.460417 0.203125 0.458333 0.210938 0.458333 0.212500 0.456250 0.214062 0.456250 0.215625 0.454167 0.218750 0.454167 0.220313 0.452083 0.226562 0.452083 0.231250 0.458333 0.232812 0.458333 0.234375 0.460417 0.234375 0.464583 0.235938 0.466667 0.235938 0.470833 0.237500 0.472917 0.237500 0.477083 0.239063 0.479167 0.239063 0.481250 0.246875 0.491667 0.250000 0.491667 0.251563 0.493750 0.253125 0.493750 0.254687 0.495833 0.256250 0.495833 0.257812 0.497917 0.260938 0.497917 0.262500 0.500000 0.265625 0.500000 0.267188 0.497917 0.276563 0.497917 0.284375 0.487500 0.284375 0.485417 0.285937 0.483333 0.285937 0.481250 0.287500 0.479167 0.287500 0.477083 0.289062 0.475000 0.289062 0.472917 0.290625 0.470833 0.290625 0.468750 0.296875 0.460417 0.296875 0.458333 0.304688 0.447917 0.306250 0.447917 0.307813 0.445833 0.309375 0.445833 0.310937 0.443750 0.314063 0.443750 0.315625 0.441667 0.321875 0.441667 0.323438 0.439583 0.342187 0.439583 0.343750 0.437500 0.387500 0.437500 0.389062 0.435417 0.390625 0.435417 0.392188 0.433333 0.393750 0.433333 0.395312 0.431250 0.398438 0.431250 0.400000 0.429167 0.401563 0.429167 0.403125 0.427083 0.404687 0.427083 0.406250 0.425000 0.414062 0.425000 0.414062 0.377083 0.407813 0.377083 0.406250 0.375000 0.406250 0.372917 0.403125 0.368750 0.401563 0.368750 0.396875 0.362500 0.395312 0.362500 0.393750 0.360417 0.389062 0.360417 0.387500 0.358333 0.384375 0.358333 0.382812 0.356250 0.375000 0.356250 0.373437 0.354167 0.370313 0.354167 0.368750 0.352083 0.368750 0.345833 0.217187 0.345833 0.217187 0.352083 0.215625 0.354167 0.215625 0.356250 0.212500 0.360417 0.212500 0.364583 0.210938 0.366667 0.210938 0.368750 0.207813 0.372917 0.207813 0.375000 0.204688 0.379167 0.204688 0.385417 0.203125 0.387500 0.203125 0.389583 0.201562 0.391667 0.196875 0.391667 0.196875 0.460417
2 0.193750 0.497917 0.195312 0.500000 0.195312 0.506250 0.196875 0.508333 0.196875 0.510417 0.209375 0.510417 0.210938 0.508333 0.226562 0.508333 0.228125 0.506250 0.229687 0.506250 0.231250 0.504167 0.232812 0.504167 0.240625 0.493750 0.245312 0.493750 0.245312 0.481250 0.240625 0.481250 0.237500 0.477083 0.237500 0.475000 0.235938 0.472917 0.235938 0.468750 0.234375 0.466667 0.234375 0.462500 0.232812 0.460417 0.232812 0.456250 0.231250 0.456250 0.228125 0.452083 0.220313 0.452083 0.218750 0.450000 0.217187 0.450000 0.215625 0.447917 0.212500 0.447917 0.210938 0.445833 0.207813 0.445833 0.206250 0.443750 0.206250 0.441667 0.203125 0.437500 0.203125 0.435417 0.201562 0.433333 0.201562 0.431250 0.196875 0.425000 0.196875 0.429167 0.195312 0.431250 0.195312 0.441667 0.193750 0.443750 0.193750 0.497917 0.076563 0.479167 0.076563 0.464583 0.075000 0.462500 0.075000 0.450000 0.073437 0.447917 0.073437 0.429167 0.085938 0.435417 0.087500 0.437500 0.087500 0.441667 0.089062 0.443750 0.089062 0.452083 0.090625 0.454167 0.090625 0.464583 0.092188 0.466667 0.092188 0.477083 0.093750 0.479167 0.093750 0.487500 0.095312 0.489583 0.095312 0.495833 0.101562 0.504167 0.104687 0.504167 0.106250 0.506250 0.114063 0.506250 0.118750 0.512500 0.120312 0.512500 0.121875 0.514583 0.123438 0.514583 0.125000 0.516667 0.126563 0.516667 0.128125 0.518750 0.139062 0.518750 0.140625 0.516667 0.145313 0.516667 0.146875 0.514583 0.150000 0.514583 0.151562 0.512500 0.157813 0.512500 0.160938 0.508333 0.162500 0.508333 0.164062 0.506250 0.164062 0.504167 0.165625 0.502083 0.165625 0.481250 0.167187 0.479167 0.167187 0.439583 0.165625 0.437500 0.165625 0.408333 0.164062 0.406250 0.164062 0.404167 0.162500 0.402083 0.160938 0.402083 0.159375 0.400000 0.148438 0.400000 0.146875 0.397917 0.137500 0.397917 0.134375 0.393750 0.134375 0.387500 0.089062 0.387500 0.089062 0.397917 0.087500 0.400000 0.087500 0.414583 0.085938 0.416667 0.085938 0.435417 0.073437 0.429167 0.071875 0.427083 0.071875 0.402083 0.070312 0.400000 0.060938 0.400000 0.059375 0.402083 0.056250 0.402083 0.054688 0.404167 0.053125 0.404167 0.051562 0.406250 0.051562 0.435417 0.050000 0.437500 0.050000 0.441667 0.048437 0.443750 0.048437 0.445833 0.046875 0.447917 0.046875 0.450000 0.045313 0.452083 0.040625 0.452083 0.040625 0.491667 0.045313 0.491667 0.046875 0.489583 0.046875 0.479167 0.048437 0.477083 0.048437 0.475000 0.051562 0.470833 0.054688 0.470833 0.056250 0.472917 0.057813 0.472917 0.059375 0.475000 0.059375 0.477083 0.060938 0.479167 0.060938 0.481250 0.062500 0.483333 0.062500 0.487500 0.064062 0.489583 0.064062 0.493750 0.065625 0.495833 0.065625 0.502083 0.068750 0.502083 0.070312 0.500000 0.070312 0.497917 0.071875 0.495833 0.071875 0.491667 0.073437 0.489583 0.073437 0.485417 0.075000 0.483333 0.075000 0.481250 0.076563 0.479167
0 0.009375 0.354167 0.009375 0.360417 0.004688 0.366667 0.003125 0.366667 0.001563 0.368750 0.000000 0.368750 0.000000 0.568750 0.018750 0.568750 0.018750 0.562500 0.020312 0.560417 0.020312 0.558333 0.021875 0.556250 0.021875 0.550000 0.023438 0.547917 0.023438 0.543750 0.021875 0.541667 0.021875 0.516667 0.020312 0.514583 0.020312 0.506250 0.018750 0.504167 0.018750 0.495833 0.020312 0.493750 0.020312 0.489583 0.021875 0.487500 0.021875 0.485417 0.026563 0.479167 0.026563 0.475000 0.028125 0.472917 0.028125 0.466667 0.029687 0.464583 0.029687 0.456250 0.031250 0.454167 0.031250 0.437500 0.029687 0.435417 0.029687 0.431250 0.028125 0.429167 0.028125 0.422917 0.026563 0.420833 0.026563 0.418750 0.025000 0.416667 0.025000 0.414583 0.023438 0.412500 0.023438 0.408333 0.021875 0.406250 0.021875 0.397917 0.020312 0.395833 0.020312 0.393750 0.018750 0.391667 0.018750 0.387500 0.017188 0.385417 0.017188 0.381250 0.015625 0.379167 0.015625 0.370833 0.014062 0.368750 0.015625 0.366667 0.015625 0.354167
9 0.190625 0.000000 0.190625 0.118750 0.246875 0.118750 0.246875 0.110417 0.248437 0.108333 0.248437 0.102083 0.250000 0.100000 0.250000 0.077083 0.251563 0.075000 0.251563 0.072917 0.253125 0.070833 0.253125 0.064583 0.254687 0.062500 0.254687 0.052083 0.256250 0.050000 0.256250 0.037500 0.257812 0.035417 0.257812 0.031250 0.259375 0.029167 0.264062 0.029167 0.264062 0.000000
2 0.075000 0.441667 0.073437 0.439583 0.073437 0.425000 0.071875 0.422917 0.071875 0.410417 0.073437 0.408333 0.073437 0.404167 0.071875 0.402083 0.071875 0.400000 0.060938 0.400000 0.059375 0.402083 0.053125 0.402083 0.051562 0.404167 0.046875 0.404167 0.046875 0.460417 0.053125 0.460417 0.054688 0.462500 0.053125 0.464583 0.053125 0.468750 0.054688 0.470833 0.056250 0.470833 0.059375 0.475000 0.059375 0.477083 0.060938 0.479167 0.060938 0.483333 0.062500 0.485417 0.062500 0.487500 0.064062 0.489583 0.064062 0.491667 0.065625 0.493750 0.065625 0.502083 0.067188 0.500000 0.068750 0.500000 0.071875 0.495833 0.071875 0.491667 0.073437 0.489583 0.073437 0.487500 0.075000 0.485417 0.075000 0.483333 0.076563 0.481250 0.076563 0.460417 0.075000 0.458333 0.075000 0.441667 0.087500 0.439583 0.090625 0.443750 0.090625 0.456250 0.092188 0.458333 0.092188 0.472917 0.093750 0.475000 0.093750 0.485417 0.095312 0.487500 0.095312 0.493750 0.096875 0.495833 0.096875 0.497917 0.101562 0.504167 0.109375 0.504167 0.110937 0.506250 0.114063 0.506250 0.118750 0.512500 0.120312 0.512500 0.121875 0.514583 0.123438 0.514583 0.125000 0.516667 0.126563 0.516667 0.128125 0.518750 0.132812 0.518750 0.134375 0.520833 0.134375 0.527083 0.134375 0.520833 0.135937 0.518750 0.140625 0.518750 0.142188 0.516667 0.145313 0.516667 0.146875 0.514583 0.150000 0.514583 0.151562 0.512500 0.154687 0.512500 0.156250 0.510417 0.160938 0.510417 0.162500 0.508333 0.164062 0.508333 0.164062 0.506250 0.165625 0.504167 0.165625 0.483333 0.167187 0.481250 0.167187 0.422917 0.165625 0.420833 0.165625 0.406250 0.164062 0.404167 0.164062 0.402083 0.159375 0.402083 0.157813 0.400000 0.151562 0.400000 0.150000 0.397917 0.137500 0.397917 0.135937 0.395833 0.134375 0.395833 0.132812 0.393750 0.132812 0.387500 0.089062 0.387500 0.089062 0.395833 0.087500 0.397917 0.087500 0.412500 0.085938 0.414583 0.085938 0.431250 0.087500 0.433333 0.087500 0.439583
9 0.078125 0.162500 0.078125 0.243750 0.139062 0.243750 0.139062 0.162500
0 0.021875 0.527083 0.015625 0.527083 0.015625 0.543750 0.026563 0.543750 0.026563 0.533333 0.021875 0.527083 0.040625 0.450000 0.042188 0.452083 0.043750 0.452083 0.045313 0.454167 0.045313 0.456250 0.034375 0.443750 0.042188 0.443750 0.043750 0.441667 0.051562 0.441667 0.051562 0.406250 0.046875 0.406250 0.045313 0.404167 0.045313 0.402083 0.043750 0.400000 0.043750 0.391667 0.042188 0.389583 0.042188 0.379167 0.040625 0.377083 0.040625 0.366667 0.042188 0.364583 0.042188 0.356250 0.040625 0.354167 0.040625 0.345833 0.015625 0.345833 0.015625 0.391667 0.020312 0.391667 0.023438 0.395833 0.023438 0.397917 0.025000 0.400000 0.025000 0.406250 0.026563 0.408333 0.026563 0.418750 0.028125 0.420833 0.028125 0.422917 0.029687 0.425000 0.029687 0.429167 0.031250 0.431250 0.031250 0.433333 0.032812 0.435417 0.032812 0.441667 0.034375 0.443750 0.045313 0.456250 0.043750 0.458333 0.043750 0.462500 0.042188 0.462500 0.040625 0.464583 0.034375 0.464583 0.034375 0.462500 0.032812 0.460417 0.034375 0.458333 0.034375 0.450000 0.040625 0.450000
2 0.087500 0.385417 0.089062 0.387500 0.089062 0.389583 0.090625 0.391667 0.096875 0.391667 0.098438 0.393750 0.100000 0.393750 0.101562 0.395833 0.101562 0.402083 0.132812 0.402083 0.132812 0.379167 0.128125 0.379167 0.126563 0.377083 0.125000 0.377083 0.120312 0.370833 0.120312 0.362500 0.087500 0.362500 0.087500 0.385417 0.068750 0.391667 0.067188 0.389583 0.067188 0.362500 0.040625 0.362500 0.040625 0.391667 0.048437 0.391667 0.050000 0.393750 0.050000 0.402083 0.068750 0.402083 0.068750 0.391667
