2 0.456250 0.767108 0.456250 0.769316 0.454688 0.771523 0.454688 0.773731 0.453125 0.775938 0.453125 0.778146 0.450000 0.782561 0.450000 0.784768 0.448438 0.786976 0.448438 0.789183 0.445312 0.793598 0.445312 0.798013 0.443750 0.800221 0.443750 0.806843 0.442187 0.809051 0.442187 0.813466 0.439063 0.817881 0.439063 0.822296 0.437500 0.824503 0.437500 0.826711 0.432813 0.833333 0.428125 0.833333 0.428125 0.892936 0.432813 0.892936 0.435937 0.897351 0.435937 0.901766 0.440625 0.908388 0.446875 0.908388 0.448438 0.910596 0.450000 0.910596 0.451562 0.912804 0.453125 0.912804 0.456250 0.917219 0.457812 0.917219 0.459375 0.919426 0.462500 0.919426 0.464063 0.921634 0.465625 0.919426 0.467187 0.919426 0.468750 0.917219 0.470313 0.917219 0.471875 0.915011 0.475000 0.915011 0.476562 0.912804 0.484375 0.912804 0.485938 0.915011 0.512500 0.915011 0.514063 0.917219 0.517187 0.917219 0.518750 0.919426 0.520312 0.919426 0.521875 0.921634 0.526563 0.921634 0.529688 0.926049 0.529688 0.934879 0.539062 0.934879 0.539062 0.928256 0.540625 0.926049 0.540625 0.923841 0.542188 0.921634 0.543750 0.921634 0.545313 0.919426 0.546875 0.919426 0.553125 0.910596 0.553125 0.908388 0.554688 0.906181 0.554688 0.903974 0.556250 0.901766 0.556250 0.895144 0.557813 0.892936 0.557813 0.886313 0.559375 0.884106 0.559375 0.873068 0.560938 0.870861 0.560938 0.866446 0.562500 0.864238 0.562500 0.862031 0.565625 0.857616 0.565625 0.855408 0.567187 0.853201 0.567187 0.850993 0.575000 0.839956 0.575000 0.837748 0.578125 0.833333 0.578125 0.828918 0.579687 0.826711 0.579687 0.815673 0.581250 0.813466 0.581250 0.802428 0.582812 0.800221 0.582812 0.798013 0.584375 0.795806 0.589063 0.795806 0.589063 0.747241 0.584375 0.747241 0.581250 0.742826 0.581250 0.740618 0.584375 0.736203 0.589063 0.736203 0.589063 0.707506 0.487500 0.707506 0.487500 0.714128 0.484375 0.718543 0.482812 0.718543 0.481250 0.720751 0.479688 0.720751 0.475000 0.727373 0.475000 0.729581 0.468750 0.738411 0.468750 0.740618 0.467187 0.742826 0.467187 0.745033 0.462500 0.751656 0.462500 0.753863 0.459375 0.758278 0.459375 0.760486 0.457812 0.762693 0.457812 0.764901 0.456250 0.767108 0.432813 0.749448 0.432813 0.740618 0.434375 0.738411 0.434375 0.729581 0.435937 0.727373 0.435937 0.707506 0.428125 0.707506 0.428125 0.749448 0.432813 0.749448
2 0.207813 0.769316 0.207813 0.775938 0.203125 0.782561 0.201562 0.782561 0.189063 0.800221 0.187500 0.800221 0.187500 0.802428 0.178125 0.815673 0.178125 0.817881 0.173438 0.824503 0.173438 0.826711 0.168750 0.833333 0.167187 0.833333 0.165625 0.835541 0.164062 0.835541 0.162500 0.837748 0.157813 0.837748 0.156250 0.839956 0.156250 0.842163 0.154687 0.844371 0.154687 0.864238 0.153125 0.866446 0.153125 0.870861 0.151562 0.873068 0.151562 0.875276 0.150000 0.877483 0.150000 0.879691 0.148438 0.881898 0.148438 0.884106 0.145313 0.888521 0.145313 0.890728 0.143750 0.892936 0.143750 0.895144 0.142188 0.897351 0.142188 0.899558 0.139062 0.903974 0.139062 0.906181 0.137500 0.908388 0.137500 0.910596 0.135937 0.912804 0.135937 0.915011 0.132812 0.919426 0.128125 0.919426 0.128125 0.965784 0.134375 0.965784 0.135937 0.967991 0.135937 0.970199 0.137500 0.972406 0.137500 0.974614 0.139062 0.976821 0.139062 0.979029 0.140625 0.981236 0.140625 0.983444 0.142188 0.985651 0.142188 0.987859 0.143750 0.990066 0.143750 0.996689 0.273438 0.996689 0.273438 0.987859 0.275000 0.985651 0.275000 0.983444 0.278125 0.979029 0.278125 0.976821 0.279687 0.974614 0.279687 0.970199 0.282813 0.965784 0.282813 0.963576 0.284375 0.961369 0.284375 0.959161 0.287500 0.954746 0.287500 0.952539 0.292188 0.945916 0.293750 0.945916 0.298438 0.939294 0.300000 0.939294 0.303125 0.934879 0.304688 0.934879 0.321875 0.910596 0.321875 0.908388 0.323438 0.906181 0.323438 0.903974 0.325000 0.901766 0.325000 0.899558 0.326562 0.897351 0.326562 0.895144 0.328125 0.892936 0.328125 0.888521 0.329688 0.886313 0.329688 0.877483 0.331250 0.875276 0.331250 0.862031 0.332812 0.859823 0.332812 0.853201 0.334375 0.850993 0.339063 0.850993 0.339063 0.822296 0.334375 0.822296 0.332812 0.820088 0.332812 0.817881 0.331250 0.815673 0.331250 0.811258 0.329688 0.809051 0.329688 0.806843 0.328125 0.804636 0.328125 0.802428 0.321875 0.793598 0.320312 0.793598 0.317187 0.789183 0.317187 0.786976 0.309375 0.775938 0.309375 0.769316
2 0.709375 0.689846 0.709375 0.696468 0.707812 0.698676 0.707812 0.700883 0.706250 0.703090 0.706250 0.705298 0.704687 0.707506 0.704687 0.709713 0.703125 0.711921 0.703125 0.714128 0.701563 0.716336 0.701563 0.718543 0.700000 0.720751 0.700000 0.722958 0.698438 0.725166 0.698438 0.727373 0.696875 0.729581 0.696875 0.731788 0.695312 0.733996 0.695312 0.736203 0.693750 0.738411 0.693750 0.742826 0.692187 0.745033 0.692187 0.747241 0.690625 0.749448 0.690625 0.753863 0.689062 0.756071 0.689062 0.760486 0.687500 0.762693 0.687500 0.764901 0.685938 0.767108 0.685938 0.791391 0.684375 0.793598 0.684375 0.798013 0.682813 0.800221 0.682813 0.806843 0.681250 0.809051 0.681250 0.815673 0.679688 0.817881 0.679688 0.824503 0.676562 0.828918 0.671875 0.828918 0.671875 0.879691 0.676562 0.879691 0.679688 0.884106 0.679688 0.888521 0.681250 0.890728 0.681250 0.892936 0.682813 0.895144 0.682813 0.899558 0.698438 0.921634 0.698438 0.923841 0.700000 0.926049 0.700000 0.928256 0.701563 0.930464 0.701563 0.932671 0.703125 0.934879 0.703125 0.943709 0.753125 0.943709 0.753125 0.937086 0.754687 0.934879 0.754687 0.932671 0.757812 0.928256 0.757812 0.926049 0.762500 0.919426 0.762500 0.917219 0.767187 0.910596 0.767187 0.908388 0.768750 0.906181 0.768750 0.903974 0.770312 0.901766 0.770312 0.899558 0.771875 0.897351 0.773438 0.897351 0.776563 0.892936 0.781250 0.892936 0.782812 0.890728 0.789062 0.890728 0.790625 0.892936 0.795313 0.892936 0.800000 0.886313 0.800000 0.884106 0.801562 0.881898 0.801562 0.879691 0.803125 0.877483 0.803125 0.866446 0.804688 0.864238 0.804688 0.835541 0.806250 0.833333 0.806250 0.820088 0.804688 0.817881 0.804688 0.811258 0.806250 0.809051 0.806250 0.800221 0.807813 0.798013 0.807813 0.795806 0.809375 0.793598 0.814062 0.793598 0.814062 0.764901 0.809375 0.764901 0.806250 0.760486 0.806250 0.756071 0.804688 0.753863 0.804688 0.751656 0.803125 0.749448 0.803125 0.747241 0.800000 0.742826 0.800000 0.738411 0.798437 0.736203 0.798437 0.731788 0.796875 0.729581 0.796875 0.725166 0.793750 0.720751 0.793750 0.718543 0.792188 0.716336 0.792188 0.714128 0.785937 0.705298 0.784375 0.705298 0.782812 0.703090 0.781250 0.703090 0.779688 0.700883 0.775000 0.700883 0.771875 0.696468 0.771875 0.689846
2 0.440625 0.641280 0.445312 0.641280 0.445312 0.619205 0.435937 0.619205 0.435937 0.628035 0.439063 0.632450 0.439063 0.634658 0.440625 0.636865 0.440625 0.641280 0.440625 0.647903 0.440625 0.650110 0.439063 0.652318 0.439063 0.654525 0.435937 0.658940 0.432813 0.658940 0.431250 0.656733 0.431250 0.654525 0.417188 0.634658 0.417188 0.619205 0.342187 0.619205 0.342187 0.625828 0.340625 0.628035 0.339063 0.628035 0.337500 0.630243 0.335938 0.630243 0.329688 0.639073 0.328125 0.639073 0.318750 0.652318 0.318750 0.654525 0.312500 0.663355 0.312500 0.665563 0.309375 0.669978 0.309375 0.672185 0.306250 0.676600 0.306250 0.678808 0.304688 0.681015 0.304688 0.683223 0.300000 0.689846 0.300000 0.692053 0.298438 0.694260 0.298438 0.696468 0.295312 0.700883 0.295312 0.703090 0.292188 0.707506 0.292188 0.709713 0.290625 0.711921 0.290625 0.714128 0.289062 0.716336 0.284375 0.716336 0.284375 0.775938 0.290625 0.775938 0.292188 0.778146 0.298438 0.778146 0.300000 0.780353 0.301562 0.780353 0.303125 0.782561 0.304688 0.782561 0.306250 0.784768 0.307813 0.784768 0.309375 0.786976 0.310937 0.786976 0.312500 0.789183 0.314063 0.789183 0.315625 0.791391 0.317187 0.791391 0.318750 0.793598 0.320312 0.793598 0.323438 0.798013 0.325000 0.798013 0.329688 0.804636 0.329688 0.806843 0.331250 0.809051 0.331250 0.811258 0.332812 0.813466 0.332812 0.815673 0.335938 0.820088 0.335938 0.822296 0.346875 0.837748 0.348437 0.837748 0.350000 0.839956 0.353125 0.839956 0.357812 0.846578 0.357812 0.855408 0.373437 0.855408 0.373437 0.846578 0.375000 0.844371 0.375000 0.842163 0.378125 0.837748 0.378125 0.835541 0.379687 0.833333 0.382812 0.833333 0.384375 0.831126 0.392188 0.831126 0.393750 0.828918 0.396875 0.828918 0.398438 0.826711 0.401563 0.826711 0.403125 0.824503 0.404687 0.824503 0.409375 0.817881 0.409375 0.815673 0.410937 0.813466 0.410937 0.811258 0.412500 0.809051 0.412500 0.806843 0.415625 0.802428 0.415625 0.800221 0.417188 0.798013 0.417188 0.795806 0.425000 0.784768 0.425000 0.782561 0.426562 0.780353 0.426562 0.778146 0.429688 0.773731 0.431250 0.773731 0.432813 0.771523 0.432813 0.769316 0.434375 0.767108 0.434375 0.760486 0.435937 0.758278 0.435937 0.749448 0.437500 0.747241 0.437500 0.742826 0.440625 0.738411 0.445312 0.738411 0.445312 0.647903 0.440625 0.647903
5 0.381250 0.444812 0.378125 0.440397 0.376563 0.440397 0.375000 0.438190 0.373437 0.438190 0.370313 0.433775 0.370313 0.431567 0.368750 0.429360 0.368750 0.424945 0.365625 0.420530 0.362500 0.420530 0.360938 0.418322 0.343750 0.418322 0.340625 0.413907 0.340625 0.407285 0.339063 0.405077 0.337500 0.407285 0.337500 0.411700 0.339063 0.413907 0.337500 0.416115 0.335938 0.416115 0.334375 0.418322 0.332812 0.416115 0.331250 0.416115 0.329688 0.413907 0.329688 0.409492 0.328125 0.407285 0.326562 0.407285 0.325000 0.405077 0.318750 0.405077 0.317187 0.402870 0.315625 0.402870 0.314063 0.400662 0.310937 0.400662 0.309375 0.398455 0.307813 0.398455 0.306250 0.400662 0.287500 0.400662 0.285937 0.402870 0.282813 0.402870 0.281250 0.405077 0.267188 0.405077 0.265625 0.407285 0.262500 0.407285 0.260938 0.409492 0.257812 0.409492 0.256250 0.411700 0.253125 0.411700 0.251563 0.413907 0.245312 0.413907 0.243750 0.416115 0.242188 0.416115 0.240625 0.418322 0.239063 0.418322 0.237500 0.420530 0.235938 0.420530 0.234375 0.422737 0.232812 0.422737 0.231250 0.424945 0.229687 0.424945 0.228125 0.427152 0.226562 0.427152 0.225000 0.429360 0.221875 0.429360 0.220313 0.431567 0.217187 0.431567 0.215625 0.433775 0.214062 0.433775 0.212500 0.435982 0.209375 0.435982 0.207813 0.438190 0.206250 0.438190 0.204688 0.440397 0.203125 0.440397 0.201562 0.442605 0.200000 0.442605 0.198437 0.444812 0.195312 0.444812 0.193750 0.447020 0.189063 0.447020 0.187500 0.449227 0.184375 0.449227 0.182812 0.451435 0.181250 0.451435 0.179688 0.453642 0.178125 0.453642 0.176563 0.455850 0.173438 0.455850 0.171875 0.458057 0.170312 0.458057 0.168750 0.460265 0.167187 0.460265 0.164062 0.464680 0.162500 0.464680 0.159375 0.469095 0.157813 0.469095 0.151562 0.477925 0.150000 0.477925 0.148438 0.480132 0.146875 0.480132 0.145313 0.482340 0.143750 0.482340 0.140625 0.486755 0.139062 0.486755 0.137500 0.488962 0.135937 0.488962 0.132812 0.493377 0.131250 0.493377 0.126563 0.500000 0.125000 0.500000 0.121875 0.504415 0.120312 0.504415 0.118750 0.506622 0.117188 0.506622 0.115625 0.508830 0.114063 0.508830 0.112500 0.511038 0.110937 0.511038 0.109375 0.513245 0.107813 0.513245 0.106250 0.515453 0.103125 0.515453 0.101562 0.517660 0.098438 0.517660 0.096875 0.519868 0.095312 0.519868 0.092188 0.524283 0.090625 0.524283 0.089062 0.526490 0.087500 0.526490 0.085938 0.528698 0.084375 0.528698 0.082813 0.530905 0.081250 0.530905 0.078125 0.535320 0.075000 0.535320 0.073437 0.537528 0.071875 0.537528 0.070312 0.539735 0.068750 0.539735 0.067188 0.541943 0.065625 0.541943 0.064062 0.544150 0.062500 0.544150 0.059375 0.548565 0.057813 0.548565 0.054688 0.552980 0.053125 0.552980 0.045313 0.564018 0.040625 0.564018 0.040625 0.756071 0.045313 0.756071 0.048437 0.760486 0.048437 0.762693 0.053125 0.769316 0.056250 0.769316 0.057813 0.771523 0.062500 0.771523 0.064062 0.773731 0.075000 0.773731 0.076563 0.775938 0.082813 0.775938 0.084375 0.778146 0.085938 0.778146 0.087500 0.780353 0.090625 0.780353 0.092188 0.782561 0.093750 0.782561 0.103125 0.795806 0.103125 0.798013 0.104687 0.800221 0.106250 0.800221 0.107813 0.802428 0.117188 0.802428 0.118750 0.804636 0.118750 0.811258 0.173438 0.811258 0.173438 0.804636 0.176563 0.800221 0.179688 0.800221 0.181250 0.798013 0.182812 0.798013 0.184375 0.795806 0.185937 0.795806 0.187500 0.793598 0.189063 0.793598 0.193750 0.786976 0.195312 0.786976 0.198437 0.782561 0.200000 0.782561 0.201562 0.780353 0.203125 0.780353 0.204688 0.778146 0.206250 0.778146 0.210938 0.771523 0.212500 0.771523 0.214062 0.769316 0.245312 0.769316 0.246875 0.767108 0.250000 0.767108 0.251563 0.764901 0.253125 0.764901 0.256250 0.760486 0.256250 0.758278 0.257812 0.756071 0.257812 0.753863 0.259375 0.751656 0.259375 0.749448 0.262500 0.745033 0.262500 0.742826 0.265625 0.738411 0.265625 0.736203 0.278125 0.718543 0.279687 0.718543 0.284375 0.711921 0.284375 0.709713 0.287500 0.705298 0.287500 0.703090 0.295312 0.692053 0.295312 0.689846 0.298438 0.685430 0.300000 0.685430 0.301562 0.683223 0.301562 0.681015 0.303125 0.678808 0.303125 0.676600 0.306250 0.672185 0.306250 0.669978 0.307813 0.667770 0.307813 0.665563 0.315625 0.654525 0.315625 0.652318 0.325000 0.639073 0.326562 0.639073 0.334375 0.628035 0.337500 0.628035 0.339063 0.625828 0.340625 0.625828 0.343750 0.621413 0.345313 0.621413 0.353125 0.610375 0.353125 0.608168 0.354688 0.605960 0.354688 0.603753 0.357812 0.599338 0.357812 0.597130 0.362500 0.590508 0.364062 0.590508 0.364062 0.588300 0.365625 0.586093 0.365625 0.583885 0.371875 0.575055 0.371875 0.572848 0.375000 0.568433 0.375000 0.566225 0.378125 0.561810 0.378125 0.559603 0.379687 0.557395 0.379687 0.555188 0.381250 0.552980 0.381250 0.550773 0.382812 0.548565 0.382812 0.541943 0.379687 0.537528 0.379687 0.533113 0.378125 0.530905 0.382812 0.524283 0.382812 0.522075 0.384375 0.519868 0.384375 0.475717 0.376563 0.464680 0.376563 0.458057 0.381250 0.451435 0.381250 0.444812 0.390625 0.429360 0.389062 0.427152 0.389062 0.424945 0.387500 0.422737 0.387500 0.420530 0.385938 0.418322 0.385938 0.416115 0.384375 0.413907 0.384375 0.407285 0.084375 0.389625 0.084375 0.402870 0.082813 0.405077 0.082813 0.398455 0.081250 0.396247 0.048437 0.389625 0.040625 0.389625 0.040625 0.429360 0.045313 0.429360 0.048437 0.424945 0.048437 0.389625 0.081250 0.396247 0.081250 0.389625 0.084375 0.389625 0.384375 0.407285 0.385938 0.405077 0.385938 0.389625 0.395312 0.389625 0.395312 0.429360 0.390625 0.429360
2 0.000000 0.769316 0.000000 0.996689 0.017188 0.996689 0.017188 0.990066 0.021875 0.983444 0.021875 0.981236 0.025000 0.976821 0.025000 0.974614 0.026563 0.972406 0.026563 0.970199 0.031250 0.963576 0.031250 0.961369 0.032812 0.959161 0.032812 0.956954 0.034375 0.954746 0.034375 0.952539 0.035937 0.950331 0.035937 0.948124 0.042188 0.939294 0.042188 0.937086 0.045313 0.932671 0.046875 0.932671 0.048437 0.930464 0.050000 0.930464 0.053125 0.926049 0.054688 0.926049 0.057813 0.921634 0.059375 0.921634 0.060938 0.919426 0.062500 0.919426 0.064062 0.917219 0.065625 0.917219 0.067188 0.915011 0.070312 0.915011 0.071875 0.912804 0.075000 0.912804 0.078125 0.908388 0.078125 0.906181 0.082813 0.899558 0.089062 0.899558 0.090625 0.897351 0.092188 0.897351 0.093750 0.895144 0.095312 0.895144 0.095312 0.892936 0.096875 0.890728 0.096875 0.886313 0.098438 0.884106 0.098438 0.877483 0.100000 0.875276 0.100000 0.868653 0.101562 0.866446 0.101562 0.859823 0.103125 0.857616 0.107813 0.857616 0.107813 0.804636 0.103125 0.804636 0.098438 0.798013 0.098438 0.795806 0.096875 0.793598 0.096875 0.791391 0.090625 0.782561 0.089062 0.782561 0.087500 0.780353 0.085938 0.780353 0.084375 0.778146 0.084375 0.769316
0 0.589063 0.965784 0.584375 0.965784 0.582812 0.967991 0.582812 0.970199 0.581250 0.972406 0.581250 0.974614 0.578125 0.979029 0.578125 0.985651 0.579687 0.987859 0.579687 0.996689 0.590625 0.996689 0.590625 0.983444 0.592188 0.981236 0.592188 0.979029 0.590625 0.976821 0.590625 0.967991 0.589063 0.965784 0.590625 0.954746 0.604688 0.954746 0.606250 0.956954 0.609375 0.956954 0.610937 0.959161 0.612500 0.959161 0.615625 0.963576 0.615625 0.965784 0.617188 0.967991 0.617188 0.979029 0.618750 0.981236 0.618750 0.983444 0.620313 0.985651 0.620313 0.987859 0.621875 0.990066 0.621875 0.996689 0.632812 0.996689 0.632812 0.985651 0.634375 0.983444 0.634375 0.963576 0.632812 0.961369 0.632812 0.959161 0.629687 0.954746 0.629687 0.948124 0.631250 0.945916 0.631250 0.941501 0.632812 0.939294 0.632812 0.937086 0.634375 0.934879 0.634375 0.932671 0.635938 0.930464 0.635938 0.928256 0.637500 0.926049 0.637500 0.923841 0.639063 0.921634 0.645312 0.921634 0.645312 0.903974 0.640625 0.903974 0.634375 0.895144 0.634375 0.892936 0.631250 0.888521 0.629687 0.888521 0.626562 0.884106 0.626562 0.881898 0.625000 0.879691 0.625000 0.866446 0.623438 0.864238 0.623438 0.859823 0.621875 0.857616 0.621875 0.848786 0.601562 0.848786 0.601562 0.857616 0.600000 0.859823 0.600000 0.873068 0.598437 0.875276 0.598437 0.881898 0.589063 0.895144 0.589063 0.897351 0.581250 0.908388 0.581250 0.910596 0.575000 0.919426 0.575000 0.921634 0.571875 0.926049 0.571875 0.928256 0.570312 0.930464 0.565625 0.930464 0.565625 0.948124 0.573438 0.948124 0.575000 0.950331 0.587500 0.950331 0.590625 0.954746
2 0.540625 0.619205 0.540625 0.636865 0.539062 0.639073 0.539062 0.647903 0.535937 0.652318 0.528125 0.652318 0.528125 0.714128 0.540625 0.714128 0.542188 0.716336 0.546875 0.716336 0.548437 0.718543 0.551562 0.718543 0.554688 0.722958 0.556250 0.722958 0.559375 0.727373 0.560938 0.727373 0.568750 0.738411 0.570312 0.738411 0.573438 0.742826 0.573438 0.745033 0.575000 0.747241 0.575000 0.749448 0.578125 0.753863 0.578125 0.756071 0.579687 0.758278 0.579687 0.762693 0.581250 0.764901 0.581250 0.769316 0.582812 0.771523 0.582812 0.780353 0.584375 0.782561 0.584375 0.784768 0.592188 0.784768 0.593750 0.786976 0.596875 0.786976 0.598437 0.789183 0.615625 0.789183 0.621875 0.798013 0.623438 0.795806 0.628125 0.795806 0.628125 0.793598 0.631250 0.789183 0.632812 0.789183 0.632812 0.786976 0.634375 0.784768 0.634375 0.778146 0.635938 0.775938 0.635938 0.767108 0.637500 0.764901 0.637500 0.758278 0.640625 0.753863 0.640625 0.751656 0.643750 0.747241 0.643750 0.745033 0.645312 0.742826 0.646875 0.742826 0.648438 0.740618 0.648438 0.738411 0.651563 0.733996 0.657812 0.733996 0.657812 0.665563 0.653125 0.665563 0.650000 0.661148 0.650000 0.658940 0.648438 0.656733 0.648438 0.654525 0.646875 0.652318 0.646875 0.650110 0.645312 0.647903 0.645312 0.645695 0.635938 0.632450 0.635938 0.630243 0.632812 0.625828 0.632812 0.619205
2 0.342187 0.345475 0.342187 0.354305 0.335938 0.363135 0.335938 0.365342 0.334375 0.367550 0.332812 0.367550 0.326562 0.376380 0.321875 0.376380 0.321875 0.409492 0.326562 0.409492 0.328125 0.411700 0.331250 0.411700 0.332812 0.413907 0.346875 0.413907 0.348437 0.416115 0.356250 0.416115 0.357812 0.418322 0.362500 0.418322 0.364062 0.420530 0.365625 0.420530 0.368750 0.424945 0.368750 0.431567 0.398438 0.431567 0.398438 0.424945 0.401563 0.420530 0.407813 0.420530 0.407813 0.369757 0.401563 0.369757 0.398438 0.365342 0.398438 0.363135 0.396875 0.363135 0.390625 0.354305 0.390625 0.345475
2 0.640625 0.641280 0.640625 0.645695 0.642187 0.647903 0.642187 0.654525 0.643750 0.656733 0.643750 0.678808 0.651563 0.678808 0.651563 0.643488 0.642187 0.643488 0.640625 0.641280 0.635938 0.634658 0.637500 0.632450 0.637500 0.623620 0.639063 0.621413 0.639063 0.619205 0.643750 0.612583 0.645312 0.612583 0.646875 0.610375 0.651563 0.610375 0.651563 0.579470 0.645312 0.579470 0.642187 0.575055 0.642187 0.572848 0.640625 0.570640 0.640625 0.568433 0.639063 0.566225 0.639063 0.564018 0.635938 0.559603 0.635938 0.557395 0.634375 0.555188 0.634375 0.552980 0.628125 0.544150 0.626562 0.544150 0.625000 0.541943 0.623438 0.541943 0.621875 0.539735 0.621875 0.530905 0.571875 0.530905 0.571875 0.539735 0.570312 0.541943 0.570312 0.544150 0.568750 0.546358 0.568750 0.548565 0.564062 0.555188 0.564062 0.557395 0.562500 0.559603 0.562500 0.561810 0.557813 0.568433 0.557813 0.570640 0.556250 0.572848 0.556250 0.575055 0.554688 0.577263 0.554688 0.579470 0.551562 0.583885 0.550000 0.583885 0.542188 0.594923 0.542188 0.599338 0.540625 0.601545 0.540625 0.612583 0.542188 0.614790 0.542188 0.619205 0.540625 0.621413 0.540625 0.625828 0.539062 0.628035 0.534375 0.628035 0.534375 0.678808 0.545313 0.678808 0.545313 0.669978 0.546875 0.667770 0.546875 0.661148 0.548437 0.658940 0.548437 0.656733 0.551562 0.652318 0.551562 0.650110 0.556250 0.643488 0.556250 0.641280 0.557813 0.639073 0.559375 0.639073 0.564062 0.632450 0.565625 0.632450 0.567187 0.630243 0.568750 0.630243 0.570312 0.628035 0.575000 0.628035 0.576563 0.625828 0.581250 0.625828 0.582812 0.623620 0.598437 0.623620 0.600000 0.625828 0.607813 0.625828 0.609375 0.628035 0.615625 0.628035 0.617188 0.630243 0.631250 0.630243 0.634375 0.634658 0.635938 0.634658
2 0.382812 0.550773 0.382812 0.552980 0.381250 0.555188 0.381250 0.557395 0.379687 0.559603 0.379687 0.561810 0.376563 0.566225 0.376563 0.568433 0.375000 0.570640 0.375000 0.572848 0.373437 0.575055 0.373437 0.577263 0.367188 0.586093 0.367188 0.588300 0.357812 0.601545 0.356250 0.601545 0.354688 0.603753 0.353125 0.603753 0.351562 0.605960 0.346875 0.605960 0.346875 0.636865 0.353125 0.636865 0.356250 0.632450 0.359375 0.632450 0.360938 0.630243 0.379687 0.630243 0.381250 0.632450 0.398438 0.632450 0.400000 0.634658 0.403125 0.634658 0.404687 0.636865 0.407813 0.636865 0.409375 0.639073 0.412500 0.639073 0.414062 0.641280 0.415625 0.641280 0.417188 0.643488 0.418750 0.643488 0.421875 0.647903 0.423438 0.647903 0.425000 0.650110 0.425000 0.652318 0.426562 0.654525 0.426562 0.656733 0.434375 0.667770 0.434375 0.669978 0.435937 0.672185 0.435937 0.674393 0.437500 0.676600 0.437500 0.687638 0.451562 0.687638 0.451562 0.678808 0.453125 0.676600 0.453125 0.669978 0.454688 0.667770 0.454688 0.658940 0.456250 0.656733 0.456250 0.654525 0.457812 0.652318 0.457812 0.650110 0.460938 0.645695 0.462500 0.645695 0.465625 0.641280 0.467187 0.641280 0.468750 0.639073 0.471875 0.639073 0.473437 0.636865 0.473437 0.634658 0.475000 0.632450 0.475000 0.628035 0.476562 0.625828 0.476562 0.623620 0.478125 0.621413 0.482812 0.621413 0.482812 0.579470 0.478125 0.579470 0.475000 0.575055 0.475000 0.572848 0.473437 0.570640 0.473437 0.568433 0.471875 0.566225 0.471875 0.564018 0.470313 0.561810 0.468750 0.561810 0.467187 0.559603 0.467187 0.557395 0.465625 0.555188 0.465625 0.552980 0.460938 0.546358 0.460938 0.544150 0.459375 0.541943 0.457812 0.541943 0.454688 0.537528 0.454688 0.530905 0.393750 0.530905 0.393750 0.537528 0.392188 0.539735 0.390625 0.539735 0.389062 0.541943 0.387500 0.541943 0.385938 0.544150 0.385938 0.546358 0.382812 0.550773 0.360938 0.537528 0.360938 0.530905 0.346875 0.530905 0.346875 0.552980 0.351562 0.552980 0.353125 0.550773 0.353125 0.548565 0.354688 0.546358 0.354688 0.544150 0.359375 0.537528 0.360938 0.537528
5 0.415625 0.239514 0.415625 0.248344 0.414062 0.250552 0.412500 0.250552 0.410937 0.252759 0.407813 0.252759 0.406250 0.254967 0.404687 0.254967 0.403125 0.257174 0.400000 0.257174 0.398438 0.259382 0.396875 0.259382 0.395312 0.261589 0.393750 0.261589 0.392188 0.263797 0.390625 0.263797 0.389062 0.266004 0.385938 0.266004 0.384375 0.268212 0.379687 0.268212 0.378125 0.270419 0.371875 0.270419 0.371875 0.347682 0.379687 0.347682 0.381250 0.349890 0.384375 0.349890 0.385938 0.352097 0.387500 0.352097 0.389062 0.354305 0.390625 0.354305 0.392188 0.356512 0.393750 0.356512 0.396875 0.360927 0.396875 0.363135 0.398438 0.363135 0.406250 0.374172 0.406250 0.413907 0.423438 0.413907 0.423438 0.405077 0.425000 0.402870 0.426562 0.402870 0.428125 0.400662 0.431250 0.400662 0.432813 0.402870 0.434375 0.402870 0.435937 0.400662 0.442187 0.400662 0.443750 0.398455 0.446875 0.398455 0.448438 0.396247 0.450000 0.396247 0.451562 0.394040 0.453125 0.394040 0.462500 0.380795 0.462500 0.378587 0.464063 0.376380 0.464063 0.371965 0.465625 0.369757 0.467187 0.369757 0.468750 0.367550 0.476562 0.367550 0.476562 0.239514
2 0.790625 0.371965 0.790625 0.380795 0.787500 0.385210 0.787500 0.387417 0.785937 0.389625 0.785937 0.391832 0.784375 0.394040 0.784375 0.396247 0.782812 0.398455 0.782812 0.400662 0.781250 0.402870 0.781250 0.405077 0.779688 0.407285 0.779688 0.409492 0.776563 0.413907 0.773438 0.413907 0.771875 0.416115 0.773438 0.418322 0.773438 0.433775 0.771875 0.435982 0.771875 0.438190 0.770312 0.440397 0.765625 0.440397 0.765625 0.466887 0.845312 0.466887 0.845312 0.402870 0.839063 0.402870 0.837500 0.400662 0.837500 0.398455 0.835938 0.396247 0.835938 0.394040 0.834375 0.391832 0.834375 0.387417 0.831250 0.383002 0.831250 0.380795 0.829687 0.378587 0.829687 0.371965
2 0.731250 0.592715 0.731250 0.603753 0.729688 0.605960 0.729688 0.610375 0.726562 0.614790 0.726562 0.619205 0.723437 0.623620 0.723437 0.625828 0.720312 0.630243 0.720312 0.632450 0.718750 0.634658 0.718750 0.639073 0.717188 0.641280 0.717188 0.643488 0.715625 0.645695 0.715625 0.647903 0.712500 0.652318 0.712500 0.654525 0.707812 0.661148 0.703125 0.661148 0.703125 0.672185 0.707812 0.672185 0.710938 0.676600 0.710938 0.685430 0.709375 0.687638 0.709375 0.689846 0.707812 0.692053 0.703125 0.692053 0.703125 0.698676 0.717188 0.698676 0.718750 0.696468 0.721875 0.696468 0.723437 0.694260 0.739062 0.694260 0.740625 0.696468 0.748438 0.696468 0.750000 0.698676 0.757812 0.698676 0.759375 0.700883 0.770312 0.700883 0.771875 0.703090 0.776563 0.703090 0.778125 0.705298 0.779688 0.705298 0.781250 0.707506 0.782812 0.707506 0.784375 0.709713 0.785937 0.709713 0.796875 0.725166 0.796875 0.731788 0.803125 0.731788 0.803125 0.716336 0.804688 0.714128 0.804688 0.705298 0.806250 0.703090 0.806250 0.687638 0.807813 0.685430 0.807813 0.681015 0.809375 0.678808 0.814062 0.678808 0.814062 0.663355 0.807813 0.663355 0.804688 0.658940 0.804688 0.656733 0.803125 0.654525 0.803125 0.647903 0.801562 0.645695 0.801562 0.639073 0.800000 0.636865 0.800000 0.628035 0.798437 0.625828 0.798437 0.621413 0.796875 0.619205 0.796875 0.616998 0.795313 0.614790 0.795313 0.612583 0.793750 0.610375 0.793750 0.608168 0.787500 0.599338 0.787500 0.592715
2 0.400000 0.416115 0.400000 0.422737 0.396875 0.427152 0.395312 0.427152 0.390625 0.433775 0.384375 0.433775 0.384375 0.484547 0.390625 0.484547 0.392188 0.482340 0.393750 0.482340 0.395312 0.480132 0.396875 0.480132 0.398438 0.477925 0.403125 0.477925 0.404687 0.480132 0.407813 0.480132 0.410937 0.484547 0.410937 0.486755 0.412500 0.488962 0.412500 0.495585 0.414062 0.497792 0.414062 0.502208 0.412500 0.504415 0.412500 0.513245 0.410937 0.515453 0.410937 0.519868 0.409375 0.522075 0.409375 0.528698 0.448438 0.528698 0.448438 0.519868 0.451562 0.515453 0.451562 0.513245 0.453125 0.511038 0.453125 0.508830 0.454688 0.506622 0.454688 0.504415 0.459375 0.497792 0.459375 0.495585 0.460938 0.493377 0.460938 0.491170 0.464063 0.486755 0.470313 0.486755 0.470313 0.444812 0.464063 0.444812 0.462500 0.442605 0.462500 0.440397 0.459375 0.435982 0.457812 0.435982 0.456250 0.433775 0.456250 0.416115
2 0.000000 0.363135 0.000000 0.449227 0.029687 0.449227 0.029687 0.440397 0.032812 0.435982 0.039062 0.435982 0.039062 0.363135
2 0.000000 0.681015 0.000000 0.775938 0.039062 0.775938 0.039062 0.720751 0.034375 0.720751 0.032812 0.718543 0.032812 0.716336 0.029687 0.711921 0.029687 0.709713 0.028125 0.707506 0.028125 0.705298 0.026563 0.703090 0.026563 0.700883 0.023438 0.696468 0.020312 0.696468 0.018750 0.694260 0.015625 0.694260 0.010937 0.687638 0.010937 0.681015
2 0.776563 0.416115 0.776563 0.422737 0.775000 0.424945 0.775000 0.433775 0.773438 0.435982 0.773438 0.438190 0.770312 0.442605 0.765625 0.442605 0.765625 0.475717 0.779688 0.475717 0.779688 0.469095 0.781250 0.466887 0.787500 0.466887 0.789062 0.464680 0.801562 0.464680 0.803125 0.466887 0.806250 0.466887 0.807813 0.469095 0.807813 0.475717 0.832812 0.475717 0.832812 0.469095 0.834375 0.466887 0.839063 0.466887 0.839063 0.429360 0.832812 0.429360 0.829687 0.424945 0.829687 0.416115
2 0.290625 0.380795 0.290625 0.413907 0.332812 0.413907 0.332812 0.380795
2 0.000000 0.402870 0.000000 0.422737 0.003125 0.422737 0.003125 0.405077 0.001563 0.402870 0.000000 0.402870 0.000000 0.374172 0.003125 0.374172 0.006250 0.369757 0.015625 0.369757 0.017188 0.367550 0.025000 0.367550 0.026563 0.369757 0.028125 0.369757 0.029687 0.371965 0.031250 0.371965 0.032812 0.374172 0.034375 0.374172 0.035937 0.376380 0.035937 0.378587 0.037500 0.380795 0.037500 0.383002 0.039062 0.385210 0.039062 0.394040 0.040625 0.396247 0.040625 0.413907 0.039062 0.416115 0.037500 0.413907 0.035937 0.413907 0.034375 0.411700 0.032812 0.413907 0.029687 0.413907 0.028125 0.416115 0.028125 0.422737 0.065625 0.422737 0.065625 0.416115 0.068750 0.411700 0.076563 0.411700 0.076563 0.358720 0.071875 0.358720 0.068750 0.354305 0.068750 0.352097 0.065625 0.347682 0.065625 0.345475 0.064062 0.345475 0.060938 0.341060 0.059375 0.341060 0.056250 0.336645 0.056250 0.334437 0.054688 0.332230 0.053125 0.332230 0.051562 0.330022 0.051562 0.327815 0.050000 0.325607 0.050000 0.318985 0.000000 0.318985 0.000000 0.374172
2 0.684375 0.204194 0.684375 0.239514 0.690625 0.239514 0.695312 0.246137 0.695312 0.248344 0.696875 0.250552 0.696875 0.252759 0.698438 0.254967 0.698438 0.257174 0.700000 0.259382 0.700000 0.263797 0.701563 0.266004 0.701563 0.272627 0.715625 0.272627 0.715625 0.266004 0.717188 0.263797 0.717188 0.261589 0.718750 0.259382 0.718750 0.257174 0.721875 0.252759 0.726562 0.252759 0.726562 0.235099 0.721875 0.235099 0.718750 0.230684 0.718750 0.228477 0.717188 0.226269 0.717188 0.221854 0.715625 0.219647 0.715625 0.215232 0.714063 0.213024 0.714063 0.204194
