0 0.623438 0.719114 0.623438 0.728438 0.620313 0.733100 0.620313 0.735431 0.618750 0.737762 0.618750 0.740093 0.617188 0.742424 0.617188 0.772727 0.615625 0.775058 0.615625 0.777389 0.609375 0.786713 0.607813 0.786713 0.604688 0.791375 0.604688 0.793706 0.598437 0.803030 0.598437 0.805361 0.593750 0.812354 0.593750 0.817016 0.592188 0.819347 0.592188 0.821678 0.589063 0.826340 0.584375 0.826340 0.584375 0.882284 0.590625 0.882284 0.592188 0.884615 0.592188 0.886946 0.593750 0.889277 0.593750 0.891608 0.595312 0.893939 0.595312 0.898601 0.596875 0.900932 0.596875 0.905594 0.598437 0.907925 0.598437 0.910256 0.603125 0.917249 0.603125 0.919580 0.606250 0.924242 0.606250 0.926573 0.607813 0.928904 0.607813 0.931235 0.609375 0.933566 0.609375 0.940559 0.610937 0.942890 0.610937 0.952214 0.612500 0.954545 0.612500 0.961538 0.614062 0.963869 0.614062 0.968531 0.615625 0.970862 0.615625 0.975524 0.617188 0.977856 0.617188 0.982517 0.618750 0.984848 0.618750 0.996503 0.667188 0.996503 0.667188 0.982517 0.668750 0.980186 0.668750 0.963869 0.670313 0.961538 0.670313 0.945221 0.671875 0.942890 0.671875 0.926573 0.673437 0.924242 0.673437 0.912587 0.675000 0.910256 0.675000 0.905594 0.676562 0.903263 0.676562 0.900932 0.678125 0.898601 0.678125 0.896270 0.679688 0.893939 0.679688 0.891608 0.684375 0.884615 0.684375 0.882284 0.690625 0.872960 0.695312 0.872960 0.695312 0.833333 0.690625 0.833333 0.687500 0.828671 0.687500 0.824009 0.685938 0.821678 0.685938 0.817016 0.684375 0.814685 0.684375 0.812354 0.681250 0.807692 0.681250 0.805361 0.679688 0.803030 0.679688 0.800699 0.667188 0.782051 0.665625 0.782051 0.664062 0.779720 0.662500 0.779720 0.660937 0.777389 0.659375 0.777389 0.653125 0.768065 0.653125 0.765734 0.651563 0.763403 0.651563 0.754079 0.650000 0.751748 0.650000 0.747086 0.648438 0.744755 0.648438 0.742424 0.646875 0.740093 0.646875 0.737762 0.643750 0.733100 0.643750 0.730769 0.640625 0.726107 0.640625 0.719114
5 0.415625 0.663170 0.415625 0.672494 0.412500 0.677156 0.412500 0.679487 0.407813 0.686480 0.403125 0.686480 0.403125 0.763403 0.407813 0.763403 0.409375 0.765734 0.409375 0.793706 0.407813 0.796037 0.403125 0.796037 0.403125 0.803030 0.409375 0.803030 0.410937 0.805361 0.415625 0.805361 0.417188 0.803030 0.418750 0.803030 0.420312 0.800699 0.423438 0.800699 0.425000 0.803030 0.426562 0.803030 0.432813 0.812354 0.432813 0.819347 0.434375 0.819347 0.434375 0.812354 0.437500 0.807692 0.465625 0.807692 0.467187 0.810023 0.487500 0.810023 0.489062 0.812354 0.489062 0.819347 0.512500 0.819347 0.512500 0.812354 0.515625 0.807692 0.517187 0.807692 0.518750 0.805361 0.521875 0.805361 0.523438 0.803030 0.525000 0.803030 0.526563 0.800699 0.528125 0.800699 0.534375 0.791375 0.534375 0.789044 0.537500 0.784382 0.537500 0.782051 0.540625 0.777389 0.545313 0.777389 0.545313 0.691142 0.540625 0.691142 0.532812 0.679487 0.529688 0.679487 0.528125 0.677156 0.523438 0.677156 0.521875 0.674825 0.517187 0.674825 0.515625 0.672494 0.514063 0.672494 0.512500 0.670163 0.512500 0.663170
0 0.878125 0.737762 0.878125 0.747086 0.875000 0.751748 0.875000 0.754079 0.873438 0.756410 0.873438 0.761072 0.871875 0.763403 0.871875 0.765734 0.864062 0.777389 0.862500 0.777389 0.859375 0.782051 0.857813 0.782051 0.853125 0.789044 0.851562 0.789044 0.848437 0.793706 0.848437 0.796037 0.845312 0.800699 0.843750 0.800699 0.842188 0.803030 0.842188 0.805361 0.840625 0.807692 0.834375 0.807692 0.834375 0.854312 0.839063 0.854312 0.843750 0.861305 0.845312 0.861305 0.853125 0.872960 0.853125 0.875291 0.854688 0.877622 0.854688 0.907925 0.856250 0.910256 0.856250 0.919580 0.857813 0.921911 0.857813 0.938228 0.859375 0.940559 0.859375 0.956876 0.860937 0.959207 0.860937 0.982517 0.862500 0.984848 0.862500 0.989510 0.864062 0.991841 0.864062 0.994173 0.865625 0.996503 0.865625 1.000000 0.893750 1.000000 0.893750 0.996503 0.895312 0.994173 0.895312 0.991841 0.896875 0.989510 0.896875 0.984848 0.898438 0.982517 0.898438 0.977856 0.900000 0.975524 0.900000 0.963869 0.901563 0.961538 0.901563 0.945221 0.903125 0.942890 0.903125 0.919580 0.904688 0.917249 0.904688 0.907925 0.903125 0.905594 0.903125 0.879953 0.904688 0.877622 0.904688 0.872960 0.906250 0.870629 0.906250 0.865967 0.909375 0.861305 0.912500 0.865967 0.912500 0.868298 0.914062 0.870629 0.914062 0.875291 0.915625 0.877622 0.915625 0.882284 0.917188 0.882284 0.918750 0.884615 0.920313 0.884615 0.921875 0.886946 0.926562 0.886946 0.926562 0.842657 0.920313 0.842657 0.918750 0.840326 0.918750 0.837995 0.917188 0.835664 0.917188 0.828671 0.915625 0.826340 0.915625 0.821678 0.914062 0.819347 0.914062 0.814685 0.912500 0.812354 0.912500 0.807692 0.910937 0.805361 0.910937 0.800699 0.909375 0.798368 0.909375 0.796037 0.907812 0.793706 0.907812 0.791375 0.896875 0.775058 0.896875 0.772727 0.895312 0.770396 0.895312 0.758741 0.896875 0.756410 0.896875 0.737762
2 0.289062 0.737762 0.289062 0.744755 0.273438 0.768065 0.271875 0.768065 0.270312 0.770396 0.265625 0.770396 0.265625 0.819347 0.287500 0.819347 0.287500 0.812354 0.289062 0.810023 0.290625 0.810023 0.292188 0.807692 0.317187 0.807692 0.318750 0.810023 0.326562 0.810023 0.328125 0.807692 0.331250 0.807692 0.332812 0.805361 0.337500 0.805361 0.339063 0.803030 0.340625 0.803030 0.342187 0.805361 0.350000 0.805361 0.351562 0.803030 0.357812 0.803030 0.357812 0.754079 0.353125 0.754079 0.348437 0.747086 0.348437 0.737762
0 0.804688 0.737762 0.804688 0.747086 0.806250 0.749417 0.806250 0.754079 0.807813 0.756410 0.807813 0.761072 0.809375 0.763403 0.809375 0.775058 0.807813 0.777389 0.807813 0.779720 0.803125 0.786713 0.801562 0.786713 0.800000 0.789044 0.798437 0.789044 0.796875 0.791375 0.790625 0.791375 0.790625 0.875291 0.795313 0.875291 0.801562 0.884615 0.801562 0.886946 0.803125 0.889277 0.803125 0.898601 0.804688 0.900932 0.804688 0.938228 0.806250 0.940559 0.806250 0.968531 0.840625 0.968531 0.840625 0.952214 0.842188 0.949883 0.842188 0.912587 0.843750 0.910256 0.843750 0.884615 0.845312 0.882284 0.845312 0.858974 0.843750 0.856643 0.843750 0.851981 0.842188 0.849650 0.842188 0.842657 0.840625 0.840326 0.840625 0.835664 0.839063 0.833333 0.839063 0.812354 0.840625 0.810023 0.840625 0.807692 0.842188 0.805361 0.842188 0.798368 0.843750 0.796037 0.843750 0.793706 0.842188 0.791375 0.842188 0.789044 0.840625 0.789044 0.839063 0.786713 0.839063 0.784382 0.835938 0.779720 0.835938 0.777389 0.834375 0.775058 0.834375 0.768065 0.832812 0.765734 0.832812 0.751748 0.831250 0.749417 0.831250 0.737762
0 0.665625 0.719114 0.665625 0.730769 0.664062 0.733100 0.659375 0.733100 0.659375 0.744755 0.664062 0.744755 0.665625 0.747086 0.665625 0.756410 0.664062 0.758741 0.659375 0.758741 0.659375 0.779720 0.665625 0.779720 0.667188 0.782051 0.668750 0.782051 0.671875 0.786713 0.673437 0.786713 0.675000 0.789044 0.675000 0.791375 0.681250 0.800699 0.681250 0.803030 0.682813 0.805361 0.682813 0.807692 0.684375 0.810023 0.684375 0.812354 0.687500 0.817016 0.687500 0.821678 0.689062 0.824009 0.689062 0.828671 0.690625 0.831002 0.690625 0.833333 0.692187 0.835664 0.692187 0.840326 0.693750 0.842657 0.693750 0.868298 0.692187 0.870629 0.692187 0.872960 0.689062 0.877622 0.689062 0.879953 0.684375 0.886946 0.684375 0.889277 0.681250 0.893939 0.681250 0.896270 0.678125 0.900932 0.678125 0.903263 0.676562 0.905594 0.676562 0.912587 0.675000 0.914918 0.675000 0.931235 0.673437 0.933566 0.673437 0.945221 0.671875 0.947552 0.671875 0.956876 0.670313 0.959207 0.670313 0.984848 0.668750 0.987179 0.668750 0.996503 0.690625 0.996503 0.690625 0.980186 0.692187 0.977856 0.692187 0.968531 0.693750 0.966200 0.693750 0.952214 0.695312 0.949883 0.696875 0.949883 0.698438 0.952214 0.698438 0.959207 0.700000 0.961538 0.700000 0.966200 0.703125 0.970862 0.709375 0.970862 0.710938 0.968531 0.710938 0.961538 0.712500 0.959207 0.712500 0.952214 0.714063 0.949883 0.714063 0.931235 0.715625 0.928904 0.715625 0.926573 0.720312 0.919580 0.720312 0.917249 0.721875 0.914918 0.721875 0.912587 0.723437 0.910256 0.723437 0.903263 0.725000 0.900932 0.725000 0.896270 0.726562 0.893939 0.726562 0.870629 0.725000 0.868298 0.725000 0.833333 0.723437 0.831002 0.723437 0.821678 0.721875 0.819347 0.721875 0.817016 0.720312 0.814685 0.720312 0.807692 0.718750 0.805361 0.718750 0.796037 0.717188 0.793706 0.717188 0.791375 0.715625 0.789044 0.715625 0.786713 0.704687 0.770396 0.703125 0.770396 0.700000 0.765734 0.700000 0.763403 0.693750 0.754079 0.693750 0.719114
0 0.110937 0.737762 0.110937 0.747086 0.107813 0.751748 0.103125 0.751748 0.103125 0.828671 0.120312 0.828671 0.120312 0.812354 0.121875 0.810023 0.126563 0.810023 0.126563 0.737762
0 0.995313 0.737762 0.995313 0.747086 0.993750 0.749417 0.993750 0.751748 0.987500 0.761072 0.987500 0.763403 0.985937 0.765734 0.985937 0.768065 0.984375 0.770396 0.984375 0.772727 0.975000 0.786713 0.975000 0.789044 0.973437 0.791375 0.973437 0.796037 0.970312 0.800699 0.965625 0.800699 0.965625 0.828671 0.976562 0.828671 0.979688 0.833333 0.982813 0.833333 0.984375 0.835664 0.984375 0.837995 0.985937 0.840326 0.984375 0.842657 0.984375 0.847319 0.982813 0.849650 0.978125 0.849650 0.976562 0.851981 0.976562 0.865967 0.978125 0.868298 0.978125 0.877622 0.976562 0.879953 0.976562 0.891608 0.975000 0.893939 0.975000 0.896270 0.976562 0.898601 0.976562 0.900932 0.978125 0.903263 0.978125 0.914918 0.979688 0.917249 0.979688 0.935897 0.981250 0.938228 0.981250 0.947552 0.982813 0.949883 0.982813 0.956876 0.984375 0.959207 0.984375 0.968531 0.985937 0.970862 0.985937 0.982517 0.987500 0.984848 0.987500 0.996503 0.998438 0.996503 0.998438 0.737762
0 0.075000 0.728438 0.075000 0.740093 0.073437 0.742424 0.073437 0.744755 0.071875 0.747086 0.071875 0.751748 0.070312 0.754079 0.065625 0.754079 0.065625 0.763403 0.070312 0.763403 0.071875 0.765734 0.071875 0.768065 0.073437 0.770396 0.073437 0.786713 0.070312 0.791375 0.065625 0.791375 0.065625 0.810023 0.076563 0.810023 0.076563 0.803030 0.078125 0.800699 0.079687 0.803030 0.079687 0.810023 0.095312 0.810023 0.095312 0.742424 0.089062 0.742424 0.087500 0.740093 0.087500 0.728438
9 0.228125 0.252914 0.228125 0.530303 0.284375 0.530303 0.284375 0.523310 0.287500 0.518648 0.289062 0.518648 0.290625 0.516317 0.292188 0.516317 0.295312 0.511655 0.296875 0.511655 0.298438 0.509324 0.300000 0.509324 0.301562 0.506993 0.303125 0.506993 0.304688 0.504662 0.306250 0.504662 0.317187 0.488345 0.317187 0.486014 0.329688 0.467366 0.331250 0.467366 0.340625 0.453380 0.340625 0.451049 0.342187 0.448718 0.342187 0.446387 0.343750 0.444056 0.343750 0.439394 0.345313 0.437063 0.345313 0.432401 0.346875 0.430070 0.351562 0.430070 0.351562 0.418415 0.345313 0.418415 0.340625 0.411422 0.339063 0.411422 0.337500 0.409091 0.335938 0.409091 0.334375 0.406760 0.331250 0.406760 0.329688 0.404429 0.326562 0.404429 0.325000 0.402098 0.323438 0.402098 0.320312 0.397436 0.318750 0.397436 0.314063 0.390443 0.314063 0.388112 0.312500 0.385781 0.312500 0.383450 0.314063 0.381119 0.314063 0.378788 0.328125 0.357809 0.329688 0.357809 0.334375 0.350816 0.337500 0.350816 0.340625 0.346154 0.342187 0.346154 0.342187 0.343823 0.346875 0.336830 0.351562 0.336830 0.351562 0.301865 0.346875 0.301865 0.342187 0.294872 0.340625 0.294872 0.339063 0.292541 0.337500 0.292541 0.332812 0.285548 0.329688 0.285548 0.328125 0.283217 0.325000 0.283217 0.320312 0.276224 0.320312 0.273893 0.317187 0.269231 0.317187 0.252914
0 0.762500 0.737762 0.762500 0.744755 0.760938 0.747086 0.760938 0.751748 0.759375 0.754079 0.759375 0.756410 0.756250 0.761072 0.756250 0.765734 0.751562 0.772727 0.746875 0.772727 0.746875 0.872960 0.756250 0.872960 0.757812 0.870629 0.764063 0.870629 0.767187 0.865967 0.767187 0.844988 0.768750 0.842657 0.768750 0.835664 0.770312 0.833333 0.770312 0.826340 0.771875 0.824009 0.771875 0.817016 0.773438 0.814685 0.773438 0.805361 0.775000 0.803030 0.775000 0.789044 0.776563 0.786713 0.776563 0.768065 0.775000 0.765734 0.775000 0.758741 0.773438 0.756410 0.773438 0.749417 0.771875 0.747086 0.771875 0.737762
0 0.134375 0.719114 0.134375 0.728438 0.131250 0.733100 0.131250 0.737762 0.129688 0.740093 0.129688 0.742424 0.128125 0.744755 0.121875 0.744755 0.121875 0.779720 0.126563 0.779720 0.128125 0.782051 0.128125 0.784382 0.129688 0.786713 0.129688 0.789044 0.131250 0.791375 0.131250 0.800699 0.142188 0.800699 0.142188 0.786713 0.143750 0.784382 0.143750 0.782051 0.146875 0.777389 0.157813 0.777389 0.157813 0.744755 0.151562 0.744755 0.148438 0.740093 0.148438 0.735431 0.146875 0.733100 0.146875 0.719114
9 0.078125 0.150350 0.078125 0.238928 0.084375 0.238928 0.087500 0.243590 0.087500 0.245921 0.090625 0.250583 0.090625 0.252914 0.092188 0.255245 0.092188 0.257576 0.093750 0.259907 0.093750 0.264569 0.095312 0.266900 0.095312 0.271562 0.093750 0.273893 0.093750 0.276224 0.090625 0.280886 0.089062 0.280886 0.087500 0.283217 0.084375 0.283217 0.082813 0.285548 0.078125 0.285548 0.078125 0.502331 0.157813 0.502331 0.157813 0.493007 0.164062 0.483683 0.165625 0.483683 0.167187 0.486014 0.168750 0.486014 0.170312 0.488345 0.175000 0.488345 0.176563 0.486014 0.178125 0.486014 0.179688 0.488345 0.179688 0.493007 0.181250 0.495338 0.181250 0.502331 0.200000 0.502331 0.200000 0.495338 0.201562 0.493007 0.203125 0.493007 0.204688 0.495338 0.204688 0.502331 0.214062 0.502331 0.214062 0.472028 0.209375 0.472028 0.207813 0.469697 0.207813 0.455711 0.209375 0.453380 0.214062 0.453380 0.214062 0.441725 0.209375 0.441725 0.207813 0.439394 0.209375 0.437063 0.214062 0.437063 0.214062 0.189977 0.207813 0.189977 0.203125 0.182984 0.201562 0.182984 0.200000 0.180653 0.198437 0.180653 0.195312 0.175991 0.193750 0.175991 0.192188 0.173660 0.190625 0.173660 0.189063 0.171329 0.187500 0.171329 0.181250 0.162005 0.179688 0.162005 0.176563 0.157343 0.176563 0.150350 0.139062 0.150350 0.139062 0.157343 0.137500 0.159674 0.134375 0.159674 0.132812 0.162005 0.114063 0.162005 0.112500 0.159674 0.106250 0.159674 0.104687 0.157343 0.104687 0.150350
0 0.723437 0.747086 0.723437 0.765734 0.721875 0.768065 0.721875 0.772727 0.720312 0.775058 0.715625 0.775058 0.715625 0.807692 0.720312 0.807692 0.723437 0.812354 0.723437 0.814685 0.725000 0.817016 0.725000 0.819347 0.726562 0.821678 0.726562 0.828671 0.728125 0.831002 0.726562 0.833333 0.726562 0.861305 0.725000 0.863636 0.725000 0.877622 0.720312 0.884615 0.715625 0.884615 0.715625 0.931235 0.721875 0.931235 0.726562 0.938228 0.728125 0.938228 0.729688 0.940559 0.734375 0.940559 0.735937 0.938228 0.742188 0.938228 0.743750 0.935897 0.745313 0.935897 0.745313 0.933566 0.746875 0.931235 0.746875 0.919580 0.745313 0.917249 0.745313 0.872960 0.746875 0.870629 0.746875 0.861305 0.748438 0.858974 0.748438 0.842657 0.746875 0.840326 0.746875 0.837995 0.745313 0.835664 0.745313 0.833333 0.743750 0.831002 0.743750 0.828671 0.745313 0.826340 0.745313 0.819347 0.746875 0.817016 0.746875 0.814685 0.748438 0.812354 0.748438 0.803030 0.746875 0.800699 0.746875 0.798368 0.743750 0.793706 0.743750 0.791375 0.742188 0.789044 0.742188 0.782051 0.740625 0.779720 0.740625 0.747086
0 0.912500 0.737762 0.912500 0.747086 0.910937 0.749417 0.910937 0.751748 0.907812 0.756410 0.904688 0.751748 0.896875 0.751748 0.896875 0.784382 0.904688 0.784382 0.907812 0.789044 0.907812 0.791375 0.910937 0.796037 0.910937 0.798368 0.912500 0.800699 0.912500 0.805361 0.914062 0.807692 0.914062 0.812354 0.915625 0.814685 0.915625 0.817016 0.917188 0.819347 0.917188 0.826340 0.918750 0.828671 0.918750 0.835664 0.920313 0.837995 0.920313 0.842657 0.915625 0.849650 0.909375 0.849650 0.909375 0.854312 0.907812 0.856643 0.907812 0.861305 0.909375 0.863636 0.909375 0.865967 0.910937 0.868298 0.910937 0.872960 0.912500 0.875291 0.912500 0.893939 0.923437 0.893939 0.923437 0.886946 0.925000 0.884615 0.925000 0.879953 0.926562 0.877622 0.926562 0.870629 0.928125 0.868298 0.928125 0.854312 0.929688 0.851981 0.929688 0.849650 0.934375 0.842657 0.939062 0.842657 0.939062 0.761072 0.934375 0.761072 0.931250 0.756410 0.931250 0.747086 0.929688 0.744755 0.929688 0.737762
9 0.084375 0.150350 0.084375 0.243590 0.089062 0.243590 0.092188 0.248252 0.092188 0.250583 0.095312 0.255245 0.095312 0.257576 0.096875 0.259907 0.096875 0.262238 0.098438 0.264569 0.098438 0.280886 0.100000 0.283217 0.100000 0.287879 0.104687 0.294872 0.104687 0.297203 0.106250 0.299534 0.106250 0.306527 0.193750 0.306527 0.193750 0.299534 0.195312 0.297203 0.198437 0.297203 0.200000 0.294872 0.201562 0.294872 0.201562 0.292541 0.203125 0.290210 0.203125 0.269231 0.207813 0.262238 0.214062 0.262238 0.214062 0.192308 0.207813 0.192308 0.201562 0.182984 0.200000 0.182984 0.198437 0.180653 0.196875 0.180653 0.193750 0.175991 0.192188 0.175991 0.190625 0.173660 0.189063 0.173660 0.187500 0.171329 0.185937 0.171329 0.181250 0.164336 0.179688 0.164336 0.175000 0.157343 0.175000 0.150350 0.139062 0.150350 0.139062 0.157343 0.137500 0.159674 0.135937 0.159674 0.134375 0.162005 0.112500 0.162005 0.110937 0.159674 0.100000 0.159674 0.098438 0.157343 0.098438 0.150350
0 0.993750 0.737762 0.993750 0.747086 0.989062 0.754079 0.989062 0.756410 0.987500 0.758741 0.987500 0.765734 0.985937 0.768065 0.985937 0.772727 0.978125 0.784382 0.971875 0.784382 0.971875 0.824009 0.978125 0.824009 0.981250 0.828671 0.982813 0.828671 0.984375 0.831002 0.984375 0.835664 0.985937 0.837995 0.985937 0.842657 0.984375 0.844988 0.984375 0.847319 0.981250 0.851981 0.979688 0.851981 0.976562 0.856643 0.971875 0.856643 0.971875 0.861305 0.976562 0.861305 0.978125 0.863636 0.978125 0.875291 0.976562 0.877622 0.971875 0.877622 0.971875 0.903263 0.976562 0.903263 0.978125 0.905594 0.978125 0.917249 0.979688 0.919580 0.979688 0.935897 0.981250 0.938228 0.981250 0.947552 0.982813 0.949883 0.982813 0.956876 0.984375 0.959207 0.984375 0.968531 0.985937 0.970862 0.985937 0.982517 0.987500 0.984848 0.987500 0.989510 0.989062 0.991841 0.989062 0.996503 0.990625 0.998834 0.990625 1.000000 0.998438 1.000000 0.998438 0.737762
