0 0.589130 0.253125 0.589130 0.257812 0.582609 0.262500 0.582609 0.264062 0.580435 0.265625 0.580435 0.268750 0.578261 0.270312 0.578261 0.273438 0.576087 0.275000 0.576087 0.282813 0.573913 0.284375 0.573913 0.290625 0.576087 0.292188 0.576087 0.306250 0.578261 0.307813 0.578261 0.321875 0.576087 0.323438 0.576087 0.326562 0.573913 0.328125 0.573913 0.329688 0.569565 0.332812 0.569565 0.334375 0.565217 0.337500 0.565217 0.339063 0.563043 0.340625 0.563043 0.342187 0.560870 0.343750 0.560870 0.345313 0.558696 0.346875 0.558696 0.351562 0.556522 0.353125 0.556522 0.362500 0.554348 0.364062 0.554348 0.381250 0.552174 0.382812 0.552174 0.395312 0.550000 0.396875 0.550000 0.423438 0.547826 0.425000 0.547826 0.431250 0.545652 0.432813 0.545652 0.434375 0.543478 0.435937 0.543478 0.439063 0.541304 0.440625 0.541304 0.443750 0.539130 0.445312 0.539130 0.448438 0.536957 0.450000 0.536957 0.454688 0.534783 0.456250 0.534783 0.462500 0.532609 0.464063 0.532609 0.465625 0.530435 0.467187 0.530435 0.468750 0.528261 0.470313 0.528261 0.471875 0.526087 0.473437 0.526087 0.475000 0.523913 0.476562 0.523913 0.478125 0.521739 0.479688 0.513043 0.479688 0.513043 0.500000 0.519565 0.500000 0.528261 0.506250 0.530435 0.506250 0.536957 0.501562 0.536957 0.500000 0.543478 0.495313 0.543478 0.493750 0.550000 0.489062 0.550000 0.487500 0.552174 0.485938 0.552174 0.482812 0.554348 0.481250 0.554348 0.479688 0.558696 0.476562 0.560870 0.476562 0.565217 0.473437 0.567391 0.473437 0.571739 0.470313 0.573913 0.470313 0.576087 0.471875 0.576087 0.473437 0.578261 0.475000 0.578261 0.478125 0.580435 0.479688 0.580435 0.481250 0.582609 0.479688 0.582609 0.460938 0.584783 0.459375 0.584783 0.453125 0.586957 0.451562 0.586957 0.446875 0.591304 0.443750 0.593478 0.443750 0.595652 0.442187 0.602174 0.442187 0.604348 0.443750 0.643478 0.443750 0.645652 0.442187 0.652174 0.442187 0.654348 0.440625 0.656522 0.440625 0.658696 0.439063 0.660870 0.439063 0.663043 0.440625 0.665217 0.440625 0.669565 0.443750 0.669565 0.464063 0.667391 0.465625 0.667391 0.475000 0.665217 0.476562 0.665217 0.482812 0.663043 0.484375 0.663043 0.490625 0.652174 0.498437 0.650000 0.498437 0.647826 0.500000 0.623913 0.500000 0.621739 0.498437 0.600000 0.498437 0.600000 0.500000 0.597826 0.501562 0.597826 0.514063 0.600000 0.515625 0.600000 0.520312 0.602174 0.521875 0.602174 0.528125 0.604348 0.529688 0.604348 0.535937 0.606522 0.537500 0.606522 0.540625 0.608696 0.542188 0.608696 0.545313 0.610870 0.546875 0.610870 0.553125 0.613043 0.554688 0.613043 0.556250 0.615217 0.557813 0.615217 0.559375 0.617391 0.560938 0.617391 0.562500 0.619565 0.564062 0.619565 0.565625 0.623913 0.568750 0.623913 0.570312 0.628261 0.573438 0.628261 0.581250 0.630435 0.582812 0.630435 0.676562 0.628261 0.678125 0.628261 0.679688 0.626087 0.681250 0.626087 0.682813 0.621739 0.685938 0.621739 0.687500 0.619565 0.689062 0.619565 0.695312 0.617391 0.696875 0.619565 0.698438 0.619565 0.707812 0.658696 0.707812 0.658696 0.703125 0.665217 0.698438 0.667391 0.698438 0.680435 0.689062 0.680435 0.687500 0.682609 0.685938 0.682609 0.682813 0.684783 0.681250 0.684783 0.678125 0.686957 0.676562 0.686957 0.675000 0.689130 0.673437 0.689130 0.671875 0.691304 0.670313 0.691304 0.665625 0.693478 0.664062 0.693478 0.640625 0.695652 0.639063 0.695652 0.637500 0.697826 0.635938 0.697826 0.632812 0.700000 0.631250 0.700000 0.629687 0.702174 0.628125 0.702174 0.626562 0.706522 0.623438 0.706522 0.621875 0.708696 0.620313 0.708696 0.609375 0.706522 0.607813 0.706522 0.606250 0.704348 0.604688 0.704348 0.603125 0.702174 0.601562 0.702174 0.600000 0.700000 0.598437 0.700000 0.596875 0.697826 0.595312 0.697826 0.592188 0.695652 0.590625 0.695652 0.587500 0.693478 0.585938 0.693478 0.562500 0.695652 0.560938 0.695652 0.553125 0.697826 0.551562 0.697826 0.545313 0.700000 0.543750 0.700000 0.537500 0.702174 0.535937 0.702174 0.529688 0.704348 0.528125 0.704348 0.523438 0.706522 0.521875 0.706522 0.515625 0.708696 0.514063 0.708696 0.506250 0.710870 0.504687 0.710870 0.498437 0.713043 0.496875 0.713043 0.489062 0.715217 0.487500 0.715217 0.479688 0.717391 0.478125 0.717391 0.471875 0.721739 0.468750 0.723913 0.470313 0.723913 0.473437 0.726087 0.475000 0.726087 0.481250 0.728261 0.482812 0.728261 0.501562 0.730435 0.503125 0.730435 0.504687 0.734783 0.504687 0.736957 0.506250 0.741304 0.506250 0.743478 0.504687 0.754348 0.504687 0.754348 0.451562 0.747826 0.451562 0.745652 0.450000 0.745652 0.448438 0.743478 0.446875 0.743478 0.443750 0.741304 0.442187 0.741304 0.439063 0.739130 0.437500 0.739130 0.435937 0.736957 0.434375 0.736957 0.432813 0.734783 0.431250 0.734783 0.429688 0.732609 0.428125 0.732609 0.426562 0.730435 0.425000 0.730435 0.421875 0.728261 0.420312 0.728261 0.418750 0.726087 0.417188 0.726087 0.414062 0.723913 0.412500 0.723913 0.409375 0.721739 0.407813 0.721739 0.406250 0.719565 0.404687 0.719565 0.403125 0.717391 0.401563 0.717391 0.400000 0.715217 0.398438 0.715217 0.395312 0.713043 0.393750 0.713043 0.392188 0.710870 0.390625 0.710870 0.389062 0.708696 0.387500 0.708696 0.385938 0.706522 0.384375 0.706522 0.382812 0.704348 0.381250 0.704348 0.379687 0.702174 0.378125 0.702174 0.376563 0.700000 0.375000 0.700000 0.373437 0.697826 0.371875 0.697826 0.370313 0.695652 0.368750 0.695652 0.365625 0.693478 0.364062 0.693478 0.362500 0.691304 0.360938 0.691304 0.359375 0.689130 0.357812 0.689130 0.356250 0.686957 0.354688 0.686957 0.351562 0.684783 0.350000 0.684783 0.348437 0.680435 0.345313 0.680435 0.343750 0.678261 0.342187 0.678261 0.340625 0.673913 0.337500 0.673913 0.335938 0.656522 0.323438 0.654348 0.323438 0.650000 0.320312 0.650000 0.317187 0.647826 0.315625 0.647826 0.314063 0.650000 0.312500 0.650000 0.309375 0.652174 0.307813 0.652174 0.306250 0.654348 0.304688 0.654348 0.301562 0.656522 0.300000 0.656522 0.293750 0.658696 0.292188 0.658696 0.276563 0.656522 0.275000 0.656522 0.273438 0.654348 0.271875 0.654348 0.270312 0.652174 0.268750 0.652174 0.267188 0.639130 0.257812 0.639130 0.253125
5 0.502174 0.059375 0.502174 0.064062 0.500000 0.065625 0.497826 0.065625 0.495652 0.067188 0.482609 0.067188 0.480435 0.068750 0.473913 0.068750 0.471739 0.070312 0.463043 0.070312 0.460870 0.071875 0.454348 0.071875 0.452174 0.073437 0.450000 0.073437 0.447826 0.075000 0.445652 0.075000 0.443478 0.076563 0.441304 0.076563 0.426087 0.087500 0.426087 0.089062 0.423913 0.090625 0.423913 0.093750 0.421739 0.095312 0.421739 0.106250 0.419565 0.107813 0.419565 0.112500 0.417391 0.114063 0.417391 0.128125 0.415217 0.129688 0.408696 0.129688 0.408696 0.150000 0.415217 0.150000 0.417391 0.151562 0.417391 0.156250 0.419565 0.157813 0.419565 0.160938 0.417391 0.162500 0.417391 0.167187 0.419565 0.168750 0.419565 0.170312 0.421739 0.171875 0.421739 0.176563 0.419565 0.178125 0.419565 0.182812 0.415217 0.185937 0.408696 0.185937 0.408696 0.248437 0.415217 0.248437 0.417391 0.250000 0.417391 0.253125 0.415217 0.254687 0.408696 0.254687 0.408696 0.262500 0.415217 0.262500 0.417391 0.264062 0.417391 0.270312 0.419565 0.271875 0.419565 0.290625 0.417391 0.292188 0.417391 0.293750 0.415217 0.295312 0.408696 0.295312 0.408696 0.384375 0.415217 0.384375 0.417391 0.385938 0.421739 0.385938 0.423913 0.387500 0.434783 0.387500 0.436957 0.389062 0.447826 0.389062 0.450000 0.390625 0.458696 0.390625 0.460870 0.392188 0.463043 0.392188 0.465217 0.393750 0.467391 0.393750 0.476087 0.400000 0.476087 0.401563 0.480435 0.404687 0.484783 0.404687 0.486957 0.406250 0.491304 0.406250 0.493478 0.407813 0.497826 0.407813 0.500000 0.409375 0.500000 0.414062 0.543478 0.414062 0.543478 0.406250 0.545652 0.404687 0.545652 0.395312 0.547826 0.393750 0.547826 0.384375 0.550000 0.382812 0.550000 0.365625 0.552174 0.364062 0.552174 0.359375 0.554348 0.357812 0.554348 0.350000 0.556522 0.348437 0.556522 0.343750 0.558696 0.342187 0.558696 0.340625 0.563043 0.337500 0.563043 0.335938 0.565217 0.334375 0.565217 0.332812 0.571739 0.328125 0.571739 0.325000 0.573913 0.323438 0.573913 0.271875 0.576087 0.270312 0.576087 0.267188 0.580435 0.264062 0.580435 0.262500 0.591304 0.254687 0.593478 0.254687 0.595652 0.253125 0.600000 0.253125 0.602174 0.251563 0.613043 0.251563 0.615217 0.253125 0.628261 0.253125 0.630435 0.254687 0.632609 0.254687 0.634783 0.256250 0.636957 0.256250 0.639130 0.257812 0.641304 0.257812 0.654348 0.267188 0.654348 0.268750 0.656522 0.270312 0.656522 0.271875 0.658696 0.273438 0.658696 0.276563 0.660870 0.278125 0.660870 0.290625 0.658696 0.292188 0.658696 0.300000 0.656522 0.301562 0.656522 0.304688 0.654348 0.306250 0.654348 0.307813 0.652174 0.309375 0.652174 0.312500 0.650000 0.314063 0.650000 0.320312 0.654348 0.323438 0.656522 0.323438 0.663043 0.328125 0.665217 0.328125 0.669565 0.331250 0.669565 0.332812 0.678261 0.339063 0.678261 0.340625 0.684783 0.345313 0.684783 0.346875 0.686957 0.348437 0.686957 0.350000 0.689130 0.351562 0.689130 0.353125 0.691304 0.354688 0.691304 0.356250 0.693478 0.357812 0.693478 0.359375 0.695652 0.360938 0.695652 0.362500 0.697826 0.364062 0.697826 0.367188 0.700000 0.368750 0.700000 0.370313 0.702174 0.371875 0.702174 0.375000 0.704348 0.376563 0.704348 0.378125 0.706522 0.379687 0.706522 0.381250 0.710870 0.384375 0.710870 0.385938 0.713043 0.387500 0.713043 0.389062 0.715217 0.390625 0.715217 0.392188 0.719565 0.395312 0.719565 0.396875 0.721739 0.398438 0.721739 0.400000 0.728261 0.404687 0.728261 0.406250 0.730435 0.407813 0.730435 0.414062 0.760870 0.414062 0.760870 0.409375 0.763043 0.407813 0.793478 0.407813 0.795652 0.406250 0.819565 0.406250 0.821739 0.404687 0.823913 0.404687 0.826087 0.403125 0.830435 0.403125 0.832609 0.401563 0.834783 0.401563 0.841304 0.396875 0.843478 0.396875 0.843478 0.395312 0.850000 0.390625 0.850000 0.389062 0.852174 0.387500 0.852174 0.385938 0.854348 0.384375 0.854348 0.382812 0.860870 0.378125 0.860870 0.376563 0.863043 0.375000 0.863043 0.373437 0.865217 0.371875 0.865217 0.370313 0.869565 0.367188 0.869565 0.365625 0.873913 0.362500 0.873913 0.360938 0.878261 0.357812 0.878261 0.356250 0.884783 0.351562 0.884783 0.350000 0.891304 0.345313 0.891304 0.343750 0.893478 0.342187 0.893478 0.340625 0.895652 0.339063 0.897826 0.339063 0.897826 0.337500 0.902174 0.334375 0.902174 0.329688 0.904348 0.328125 0.904348 0.321875 0.906522 0.320312 0.906522 0.314063 0.908696 0.312500 0.908696 0.310937 0.913043 0.307813 0.919565 0.307813 0.919565 0.254687 0.913043 0.254687 0.910870 0.253125 0.910870 0.251563 0.913043 0.250000 0.919565 0.250000 0.919565 0.228125 0.913043 0.228125 0.910870 0.226562 0.910870 0.225000 0.908696 0.223438 0.908696 0.207813 0.906522 0.206250 0.906522 0.200000 0.904348 0.198437 0.904348 0.192188 0.902174 0.190625 0.902174 0.187500 0.900000 0.185937 0.900000 0.184375 0.897826 0.182812 0.897826 0.179688 0.895652 0.178125 0.895652 0.176563 0.891304 0.173438 0.891304 0.171875 0.889130 0.170312 0.889130 0.168750 0.884783 0.165625 0.884783 0.164062 0.882609 0.162500 0.882609 0.160938 0.878261 0.157813 0.878261 0.156250 0.873913 0.153125 0.873913 0.151562 0.871739 0.150000 0.871739 0.148438 0.867391 0.145313 0.867391 0.143750 0.863043 0.140625 0.863043 0.139062 0.858696 0.135937 0.858696 0.134375 0.854348 0.131250 0.854348 0.129688 0.847826 0.125000 0.847826 0.123438 0.841304 0.118750 0.841304 0.117188 0.834783 0.112500 0.834783 0.110937 0.830435 0.107813 0.830435 0.106250 0.826087 0.103125 0.826087 0.101562 0.823913 0.100000 0.823913 0.098438 0.819565 0.095312 0.819565 0.093750 0.817391 0.092188 0.817391 0.090625 0.810870 0.085938 0.810870 0.084375 0.804348 0.079687 0.804348 0.078125 0.800000 0.075000 0.797826 0.075000 0.793478 0.071875 0.791304 0.071875 0.789130 0.070312 0.786957 0.070312 0.784783 0.068750 0.778261 0.068750 0.776087 0.067188 0.771739 0.067188 0.767391 0.064062 0.767391 0.059375
2 0.326087 0.271875 0.326087 0.276563 0.321739 0.279687 0.313043 0.279687 0.310870 0.281250 0.308696 0.281250 0.306522 0.282813 0.304348 0.282813 0.302174 0.284375 0.295652 0.284375 0.295652 0.320312 0.393478 0.320312 0.393478 0.315625 0.395652 0.314063 0.397826 0.314063 0.400000 0.312500 0.402174 0.312500 0.406522 0.309375 0.415217 0.309375 0.415217 0.300000 0.408696 0.300000 0.391304 0.287500 0.389130 0.287500 0.382609 0.282813 0.380435 0.282813 0.376087 0.279687 0.373913 0.279687 0.371739 0.278125 0.371739 0.271875
2 0.182609 0.265625 0.182609 0.270312 0.173913 0.276563 0.171739 0.276563 0.171739 0.278125 0.169565 0.279687 0.169565 0.284375 0.167391 0.285937 0.167391 0.289062 0.163043 0.292188 0.156522 0.292188 0.156522 0.315625 0.165217 0.315625 0.169565 0.318750 0.169565 0.320312 0.173913 0.323438 0.173913 0.325000 0.176087 0.326562 0.176087 0.332812 0.202174 0.332812 0.202174 0.326562 0.204348 0.325000 0.208696 0.325000 0.210870 0.323438 0.232609 0.323438 0.234783 0.325000 0.239130 0.325000 0.243478 0.328125 0.243478 0.332812 0.258696 0.332812 0.258696 0.328125 0.260870 0.326562 0.260870 0.323438 0.267391 0.318750 0.282609 0.318750 0.284783 0.320312 0.289130 0.320312 0.291304 0.321875 0.310870 0.321875 0.310870 0.317187 0.304348 0.317187 0.300000 0.314063 0.300000 0.310937 0.297826 0.309375 0.297826 0.303125 0.295652 0.301562 0.295652 0.296875 0.293478 0.295312 0.293478 0.293750 0.289130 0.290625 0.289130 0.289062 0.286957 0.287500 0.286957 0.285937 0.278261 0.279687 0.278261 0.278125 0.276087 0.276563 0.273913 0.276563 0.271739 0.275000 0.269565 0.275000 0.263043 0.270312 0.263043 0.265625
0 0.121739 0.271875 0.121739 0.326562 0.143478 0.326562 0.143478 0.317187 0.145652 0.315625 0.145652 0.314063 0.147826 0.312500 0.154348 0.312500 0.154348 0.296875 0.147826 0.296875 0.145652 0.295312 0.143478 0.295312 0.141304 0.293750 0.141304 0.292188 0.139130 0.290625 0.139130 0.287500 0.136957 0.285937 0.136957 0.279687 0.134783 0.278125 0.134783 0.271875
2 0.973913 0.271875 0.973913 0.306250 0.997826 0.306250 0.997826 0.271875
26 0.728261 0.484375 0.728261 0.498437 0.730435 0.500000 0.730435 0.510938 0.728261 0.512500 0.728261 0.517187 0.726087 0.518750 0.726087 0.521875 0.723913 0.523438 0.723913 0.525000 0.719565 0.528125 0.713043 0.528125 0.713043 0.571875 0.719565 0.571875 0.723913 0.575000 0.723913 0.576563 0.726087 0.578125 0.726087 0.579687 0.730435 0.582812 0.730435 0.584375 0.732609 0.584375 0.734783 0.585938 0.736957 0.585938 0.739130 0.587500 0.741304 0.587500 0.745652 0.590625 0.745652 0.595312 0.797826 0.595312 0.797826 0.560938 0.791304 0.560938 0.786957 0.557813 0.786957 0.554688 0.784783 0.553125 0.784783 0.550000 0.782609 0.548437 0.782609 0.545313 0.780435 0.543750 0.780435 0.542188 0.778261 0.540625 0.778261 0.537500 0.776087 0.535937 0.776087 0.532812 0.773913 0.531250 0.773913 0.528125 0.771739 0.526563 0.771739 0.525000 0.769565 0.523438 0.769565 0.521875 0.767391 0.520312 0.767391 0.518750 0.765217 0.517187 0.765217 0.514063 0.763043 0.512500 0.763043 0.510938 0.760870 0.509375 0.760870 0.507812 0.758696 0.506250 0.758696 0.501562 0.756522 0.500000 0.756522 0.484375
0 0.930435 0.253125 0.930435 0.257812 0.928261 0.259375 0.921739 0.259375 0.921739 0.301562 0.963043 0.301562 0.963043 0.296875 0.956522 0.296875 0.952174 0.293750 0.952174 0.289062 0.956522 0.285937 0.963043 0.285937 0.963043 0.270312 0.956522 0.270312 0.950000 0.265625 0.950000 0.262500 0.945652 0.259375 0.945652 0.253125
0 0.121739 0.278125 0.121739 0.326562 0.143478 0.326562 0.143478 0.321875 0.147826 0.318750 0.154348 0.318750 0.154348 0.295312 0.147826 0.295312 0.141304 0.290625 0.141304 0.289062 0.139130 0.287500 0.139130 0.285937 0.136957 0.284375 0.136957 0.278125
2 0.391304 0.271875 0.391304 0.293750 0.397826 0.293750 0.404348 0.298438 0.404348 0.300000 0.406522 0.301562 0.406522 0.314063 0.415217 0.314063 0.415217 0.271875
26 0.660870 0.415625 0.660870 0.421875 0.658696 0.423438 0.658696 0.429688 0.650000 0.435937 0.643478 0.435937 0.641304 0.434375 0.632609 0.434375 0.630435 0.432813 0.626087 0.432813 0.623913 0.431250 0.621739 0.431250 0.619565 0.432813 0.615217 0.432813 0.613043 0.431250 0.595652 0.431250 0.591304 0.434375 0.589130 0.434375 0.582609 0.439063 0.582609 0.440625 0.580435 0.442187 0.580435 0.450000 0.578261 0.451562 0.565217 0.451562 0.565217 0.460938 0.571739 0.460938 0.573913 0.459375 0.573913 0.457812 0.576087 0.456250 0.576087 0.453125 0.580435 0.450000 0.582609 0.451562 0.582609 0.456250 0.584783 0.457812 0.584783 0.475000 0.582609 0.476562 0.582609 0.481250 0.580435 0.482812 0.580435 0.485938 0.582609 0.487500 0.582609 0.490625 0.586957 0.493750 0.589130 0.493750 0.591304 0.495313 0.593478 0.495313 0.595652 0.496875 0.597826 0.496875 0.600000 0.498437 0.606522 0.498437 0.608696 0.500000 0.621739 0.500000 0.623913 0.501562 0.630435 0.501562 0.632609 0.503125 0.632609 0.507812 0.643478 0.507812 0.643478 0.503125 0.645652 0.501562 0.647826 0.501562 0.650000 0.500000 0.652174 0.500000 0.654348 0.498437 0.656522 0.498437 0.660870 0.495313 0.660870 0.493750 0.663043 0.492188 0.663043 0.490625 0.665217 0.489062 0.665217 0.485938 0.667391 0.484375 0.667391 0.479688 0.669565 0.478125 0.669565 0.473437 0.671739 0.471875 0.671739 0.450000 0.673913 0.448438 0.673913 0.446875 0.671739 0.445312 0.671739 0.423438 0.673913 0.421875 0.673913 0.415625
2 0.973913 0.253125 0.973913 0.306250 0.997826 0.306250 0.997826 0.253125
26 0.656522 0.428125 0.656522 0.434375 0.654348 0.435937 0.632609 0.435937 0.630435 0.434375 0.617391 0.434375 0.615217 0.435937 0.606522 0.435937 0.604348 0.434375 0.597826 0.434375 0.595652 0.435937 0.591304 0.435937 0.584783 0.440625 0.584783 0.442187 0.582609 0.443750 0.582609 0.448438 0.584783 0.450000 0.584783 0.475000 0.582609 0.476562 0.582609 0.479688 0.580435 0.481250 0.573913 0.481250 0.573913 0.489062 0.580435 0.489062 0.586957 0.493750 0.589130 0.493750 0.593478 0.496875 0.593478 0.501562 0.658696 0.501562 0.658696 0.496875 0.660870 0.495313 0.660870 0.493750 0.663043 0.492188 0.663043 0.490625 0.665217 0.489062 0.665217 0.484375 0.669565 0.481250 0.676087 0.481250 0.676087 0.428125
