5 0.604688 0.520833 0.604688 0.527083 0.603125 0.529167 0.601562 0.529167 0.600000 0.531250 0.596875 0.531250 0.595312 0.533333 0.593750 0.533333 0.590625 0.537500 0.589063 0.537500 0.587500 0.539583 0.584375 0.539583 0.582812 0.541667 0.581250 0.541667 0.579687 0.543750 0.571875 0.543750 0.571875 0.664583 0.578125 0.664583 0.579687 0.666667 0.579687 0.668750 0.582812 0.672917 0.584375 0.672917 0.587500 0.677083 0.587500 0.679167 0.590625 0.683333 0.600000 0.683333 0.601562 0.681250 0.604688 0.681250 0.606250 0.679167 0.609375 0.679167 0.610937 0.677083 0.620313 0.677083 0.621875 0.679167 0.632812 0.679167 0.634375 0.681250 0.651563 0.681250 0.653125 0.679167 0.678125 0.679167 0.679688 0.677083 0.681250 0.677083 0.682813 0.675000 0.684375 0.675000 0.684375 0.672917 0.692187 0.662500 0.693750 0.662500 0.695312 0.660417 0.700000 0.660417 0.701563 0.658333 0.703125 0.658333 0.703125 0.656250 0.706250 0.652083 0.706250 0.650000 0.709375 0.645833 0.714063 0.645833 0.714063 0.537500 0.709375 0.537500 0.703125 0.529167 0.703125 0.520833
2 0.917188 0.579167 0.917188 0.585417 0.914062 0.589583 0.912500 0.589583 0.907812 0.595833 0.907812 0.597917 0.904688 0.602083 0.904688 0.604167 0.884375 0.631250 0.884375 0.633333 0.882812 0.635417 0.882812 0.637500 0.881250 0.639583 0.881250 0.641667 0.878125 0.645833 0.878125 0.647917 0.876562 0.650000 0.876562 0.652083 0.873438 0.656250 0.873438 0.658333 0.870313 0.662500 0.868750 0.662500 0.867188 0.664583 0.865625 0.664583 0.864062 0.666667 0.860937 0.666667 0.859375 0.668750 0.857813 0.668750 0.856250 0.666667 0.854688 0.666667 0.853125 0.664583 0.851562 0.664583 0.850000 0.662500 0.843750 0.662500 0.842188 0.664583 0.840625 0.664583 0.839063 0.666667 0.837500 0.666667 0.835938 0.668750 0.828125 0.668750 0.828125 0.714583 0.834375 0.714583 0.837500 0.718750 0.840625 0.718750 0.842188 0.716667 0.842188 0.714583 0.845312 0.710417 0.846875 0.710417 0.848437 0.708333 0.857813 0.708333 0.862500 0.714583 0.862500 0.729167 0.860937 0.731250 0.860937 0.737500 0.859375 0.739583 0.859375 0.741667 0.857813 0.743750 0.857813 0.747917 0.856250 0.750000 0.856250 0.756250 0.854688 0.758333 0.854688 0.764583 0.853125 0.766667 0.853125 0.772917 0.851562 0.775000 0.851562 0.783333 0.850000 0.785417 0.850000 0.820833 0.851562 0.822917 0.851562 0.841667 0.853125 0.843750 0.853125 0.858333 0.854688 0.860417 0.854688 0.906250 0.853125 0.908333 0.853125 0.966667 0.854688 0.968750 0.854688 0.970833 0.856250 0.972917 0.856250 0.975000 0.857813 0.977083 0.857813 0.985417 0.881250 0.985417 0.881250 0.979167 0.882812 0.977083 0.884375 0.977083 0.885938 0.975000 0.890625 0.975000 0.892187 0.972917 0.898438 0.972917 0.900000 0.970833 0.901563 0.970833 0.903125 0.968750 0.903125 0.960417 0.904688 0.958333 0.904688 0.952083 0.906250 0.950000 0.906250 0.935417 0.907812 0.933333 0.909375 0.933333 0.910937 0.931250 0.931250 0.931250 0.932813 0.933333 0.940625 0.933333 0.942187 0.935417 0.943750 0.935417 0.948438 0.941667 0.950000 0.941667 0.951563 0.943750 0.970312 0.943750 0.971875 0.941667 0.981250 0.941667 0.982813 0.943750 0.984375 0.941667 0.987500 0.941667 0.989062 0.939583 0.998438 0.939583 0.998438 0.579167
2 0.000000 0.637500 0.000000 0.806250 0.001563 0.806250 0.003125 0.804167 0.007812 0.804167 0.009375 0.802083 0.017188 0.802083 0.018750 0.800000 0.034375 0.800000 0.035937 0.797917 0.046875 0.797917 0.048437 0.800000 0.050000 0.800000 0.051562 0.802083 0.053125 0.802083 0.054688 0.804167 0.054688 0.806250 0.057813 0.810417 0.057813 0.818750 0.084375 0.818750 0.084375 0.810417 0.085938 0.808333 0.085938 0.806250 0.087500 0.804167 0.087500 0.802083 0.089062 0.800000 0.089062 0.797917 0.090625 0.795833 0.090625 0.791667 0.092188 0.789583 0.092188 0.783333 0.093750 0.781250 0.093750 0.775000 0.095312 0.772917 0.095312 0.770833 0.096875 0.768750 0.101562 0.768750 0.101562 0.702083 0.096875 0.702083 0.095312 0.700000 0.095312 0.697917 0.093750 0.695833 0.093750 0.693750 0.090625 0.689583 0.090625 0.687500 0.089062 0.685417 0.085938 0.685417 0.084375 0.683333 0.078125 0.683333 0.076563 0.681250 0.075000 0.681250 0.073437 0.679167 0.071875 0.679167 0.062500 0.666667 0.060938 0.666667 0.051562 0.654167 0.050000 0.654167 0.045313 0.647917 0.043750 0.647917 0.042188 0.645833 0.042188 0.637500
11 0.978125 0.437500 0.978125 0.443750 0.964063 0.462500 0.959375 0.462500 0.959375 0.506250 0.964063 0.506250 0.965625 0.508333 0.967188 0.508333 0.976562 0.520833 0.976562 0.527083 0.998438 0.527083 0.998438 0.437500
2 0.496875 0.604167 0.496875 0.610417 0.495313 0.612500 0.490625 0.612500 0.490625 0.652083 0.496875 0.652083 0.500000 0.656250 0.501562 0.656250 0.506250 0.662500 0.506250 0.664583 0.507812 0.666667 0.507812 0.668750 0.509375 0.670833 0.509375 0.677083 0.521875 0.677083 0.521875 0.670833 0.523438 0.668750 0.528125 0.668750 0.529688 0.670833 0.529688 0.677083 0.559375 0.677083 0.559375 0.668750 0.560938 0.666667 0.560938 0.664583 0.565625 0.658333 0.567187 0.660417 0.570312 0.660417 0.571875 0.662500 0.576563 0.662500 0.576563 0.604167 0.567187 0.604167 0.567187 0.610417 0.565625 0.612500 0.560938 0.612500 0.559375 0.614583 0.556250 0.610417 0.556250 0.604167
0 0.743750 0.620833 0.743750 0.633333 0.742188 0.635417 0.742188 0.647917 0.740625 0.650000 0.740625 0.652083 0.739062 0.654167 0.739062 0.656250 0.737500 0.658333 0.737500 0.660417 0.735937 0.662500 0.735937 0.679167 0.737500 0.681250 0.737500 0.695833 0.734375 0.700000 0.728125 0.700000 0.728125 0.725000 0.734375 0.725000 0.735937 0.727083 0.735937 0.729167 0.737500 0.731250 0.737500 0.741667 0.735937 0.743750 0.735937 0.752083 0.745313 0.752083 0.745313 0.743750 0.746875 0.741667 0.750000 0.745833 0.750000 0.752083 0.764063 0.752083 0.764063 0.725000 0.757812 0.725000 0.754687 0.720833 0.754687 0.704167 0.756250 0.702083 0.756250 0.700000 0.757812 0.697917 0.764063 0.697917 0.764063 0.645833 0.759375 0.645833 0.757812 0.643750 0.757812 0.639583 0.756250 0.637500 0.756250 0.620833
0 0.721875 0.554167 0.721875 0.618750 0.734375 0.618750 0.734375 0.610417 0.739062 0.604167 0.745313 0.604167 0.745313 0.587500 0.740625 0.587500 0.739062 0.585417 0.739062 0.575000 0.737500 0.572917 0.737500 0.566667 0.735937 0.564583 0.735937 0.554167
2 0.753125 0.512500 0.753125 0.539583 0.759375 0.539583 0.760938 0.541667 0.762500 0.541667 0.765625 0.545833 0.765625 0.552083 0.781250 0.552083 0.781250 0.543750 0.782812 0.541667 0.785937 0.541667 0.787500 0.539583 0.801562 0.539583 0.801562 0.529167 0.796875 0.529167 0.793750 0.525000 0.793750 0.522917 0.792188 0.520833 0.792188 0.512500
5 0.065625 0.668750 0.065625 0.668750 0.062500 0.664583 0.062500 0.660417 0.065625 0.656250 0.067188 0.658333 0.067188 0.660417 0.068750 0.662500 0.068750 0.664583 0.071875 0.668750 0.075000 0.668750 0.076563 0.670833 0.078125 0.670833 0.079687 0.668750 0.079687 0.662500 0.082813 0.658333 0.089062 0.658333 0.093750 0.664583 0.093750 0.681250 0.092188 0.683333 0.092188 0.685417 0.090625 0.687500 0.092188 0.689583 0.092188 0.691667 0.093750 0.693750 0.093750 0.695833 0.095312 0.697917 0.095312 0.700000 0.096875 0.702083 0.096875 0.727083 0.098438 0.727083 0.100000 0.725000 0.101562 0.725000 0.112500 0.739583 0.112500 0.741667 0.114063 0.743750 0.114063 0.752083 0.131250 0.752083 0.131250 0.745833 0.134375 0.741667 0.142188 0.741667 0.143750 0.739583 0.153125 0.739583 0.154687 0.737500 0.178125 0.737500 0.179688 0.739583 0.195312 0.739583 0.196875 0.737500 0.210938 0.737500 0.212500 0.739583 0.226562 0.739583 0.228125 0.741667 0.250000 0.741667 0.251563 0.739583 0.270312 0.739583 0.271875 0.737500 0.281250 0.737500 0.282813 0.735417 0.387500 0.735417 0.389062 0.733333 0.407813 0.733333 0.409375 0.731250 0.432813 0.731250 0.434375 0.729167 0.451562 0.729167 0.453125 0.727083 0.460938 0.727083 0.462500 0.725000 0.471875 0.725000 0.473437 0.722917 0.478125 0.722917 0.479688 0.720833 0.482812 0.720833 0.484375 0.718750 0.484375 0.716667 0.487500 0.712500 0.487500 0.710417 0.489062 0.708333 0.489062 0.706250 0.490625 0.704167 0.495313 0.704167 0.495313 0.627083 0.489062 0.627083 0.485938 0.622917 0.485938 0.618750 0.484375 0.616667 0.484375 0.591667 0.482812 0.589583 0.482812 0.581250 0.481250 0.579167 0.481250 0.558333 0.479688 0.556250 0.479688 0.552083 0.478125 0.550000 0.478125 0.543750 0.475000 0.539583 0.475000 0.537500 0.470313 0.531250 0.468750 0.531250 0.465625 0.527083 0.464063 0.527083 0.462500 0.525000 0.460938 0.525000 0.459375 0.522917 0.457812 0.522917 0.456250 0.520833 0.454688 0.520833 0.453125 0.518750 0.451562 0.518750 0.450000 0.516667 0.448438 0.516667 0.446875 0.514583 0.443750 0.514583 0.442187 0.512500 0.439063 0.512500 0.437500 0.510417 0.437500 0.504167 0.000000 0.504167 0.000000 0.752083 0.007812 0.752083 0.007812 0.745833 0.010937 0.741667 0.012500 0.741667 0.014062 0.739583 0.020312 0.739583 0.021875 0.737500 0.021875 0.735417 0.015625 0.727083 0.015625 0.722917 0.014062 0.720833 0.014062 0.718750 0.015625 0.716667 0.015625 0.712500 0.017188 0.710417 0.017188 0.706250 0.018750 0.704167 0.018750 0.695833 0.017188 0.693750 0.015625 0.693750 0.014062 0.691667 0.009375 0.691667 0.006250 0.687500 0.006250 0.681250 0.004688 0.679167 0.004688 0.668750 0.003125 0.666667 0.003125 0.662500 0.004688 0.660417 0.004688 0.658333 0.010937 0.650000 0.012500 0.650000 0.015625 0.645833 0.017188 0.645833 0.020312 0.641667 0.023438 0.641667 0.025000 0.639583 0.034375 0.639583 0.035937 0.641667 0.054688 0.641667 0.056250 0.643750 0.057813 0.643750 0.059375 0.645833 0.059375 0.647917 0.060938 0.650000 0.062500 0.650000 0.065625 0.654167 0.065625 0.656250 0.062500 0.660417 0.060938 0.658333 0.057813 0.658333 0.057813 0.662500 0.059375 0.664583 0.062500 0.664583
2 0.728125 0.537500 0.728125 0.558333 0.732813 0.558333 0.734375 0.560417 0.735937 0.560417 0.740625 0.566667 0.742188 0.566667 0.743750 0.568750 0.753125 0.568750 0.754687 0.566667 0.764063 0.566667 0.764063 0.537500
2 0.709375 0.554167 0.709375 0.585417 0.723437 0.585417 0.723437 0.575000 0.725000 0.572917 0.725000 0.570833 0.728125 0.566667 0.739062 0.566667 0.739062 0.554167
