2 0.807813 0.420000 0.807813 0.429412 0.804688 0.434118 0.803125 0.434118 0.801562 0.436471 0.800000 0.436471 0.798437 0.438824 0.796875 0.438824 0.795313 0.441176 0.793750 0.441176 0.775000 0.469412 0.775000 0.471765 0.768750 0.481176 0.767187 0.481176 0.759375 0.492941 0.759375 0.495294 0.757812 0.497647 0.757812 0.502353 0.756250 0.504706 0.756250 0.518824 0.754687 0.521176 0.754687 0.525882 0.753125 0.528235 0.753125 0.530588 0.751562 0.532941 0.746875 0.532941 0.746875 0.582353 0.751562 0.582353 0.753125 0.584706 0.753125 0.587059 0.754687 0.589412 0.754687 0.601177 0.756250 0.603529 0.756250 0.608235 0.757812 0.610588 0.757812 0.612941 0.759375 0.615294 0.759375 0.617647 0.760938 0.617647 0.765625 0.624706 0.773438 0.624706 0.775000 0.627059 0.776563 0.627059 0.778125 0.624706 0.782812 0.624706 0.784375 0.622353 0.785937 0.622353 0.787500 0.620000 0.789062 0.620000 0.793750 0.612941 0.795313 0.612941 0.796875 0.610588 0.798437 0.612941 0.807813 0.612941 0.809375 0.615294 0.814062 0.615294 0.815625 0.617647 0.820312 0.617647 0.821875 0.620000 0.828125 0.620000 0.829687 0.622353 0.831250 0.622353 0.832812 0.624706 0.834375 0.624706 0.839063 0.631765 0.839063 0.634118 0.842188 0.638824 0.842188 0.641176 0.843750 0.643529 0.843750 0.645882 0.845312 0.648235 0.845312 0.650588 0.853125 0.662353 0.853125 0.671765 0.868750 0.671765 0.868750 0.664706 0.871875 0.660000 0.875000 0.660000 0.876562 0.657647 0.878125 0.657647 0.879687 0.655294 0.882812 0.655294 0.884375 0.652941 0.890625 0.652941 0.892187 0.650588 0.898438 0.650588 0.900000 0.648235 0.906250 0.648235 0.907812 0.645882 0.917188 0.645882 0.918750 0.643529 0.926562 0.643529 0.928125 0.641176 0.945312 0.641176 0.946875 0.643529 0.959375 0.643529 0.960938 0.645882 0.975000 0.645882 0.976562 0.648235 0.990625 0.648235 0.992188 0.650588 0.998438 0.650588 0.998438 0.476471 0.996875 0.476471 0.993750 0.471765 0.993750 0.469412 0.990625 0.464706 0.989062 0.464706 0.987500 0.462353 0.987500 0.460000 0.979688 0.448235 0.979688 0.445882 0.978125 0.443529 0.978125 0.438824 0.976562 0.436471 0.976562 0.431765 0.975000 0.429412 0.975000 0.420000
0 0.459375 0.363529 0.459375 0.372941 0.453125 0.382353 0.453125 0.384706 0.451562 0.387059 0.451562 0.396471 0.453125 0.398824 0.453125 0.405882 0.454688 0.408235 0.454688 0.420000 0.453125 0.422353 0.453125 0.424706 0.446875 0.434118 0.445312 0.434118 0.442187 0.438824 0.440625 0.438824 0.440625 0.441176 0.435937 0.448235 0.435937 0.450588 0.432813 0.455294 0.432813 0.457647 0.429688 0.462353 0.429688 0.464706 0.426562 0.469412 0.421875 0.469412 0.421875 0.584706 0.426562 0.584706 0.428125 0.587059 0.428125 0.594118 0.429688 0.596471 0.429688 0.624706 0.431250 0.627059 0.431250 0.660000 0.429688 0.662353 0.429688 0.707059 0.428125 0.709412 0.428125 0.714118 0.426562 0.716471 0.421875 0.716471 0.421875 0.740000 0.428125 0.740000 0.429688 0.742353 0.429688 0.744706 0.439063 0.758824 0.439063 0.765882 0.462500 0.765882 0.462500 0.758824 0.464063 0.756471 0.465625 0.758824 0.465625 0.765882 0.471875 0.765882 0.471875 0.754118 0.473437 0.751765 0.473437 0.742353 0.471875 0.740000 0.471875 0.728235 0.470313 0.725882 0.470313 0.718824 0.468750 0.716471 0.468750 0.714118 0.467187 0.711765 0.467187 0.704706 0.465625 0.702353 0.465625 0.700000 0.467187 0.697647 0.467187 0.692941 0.468750 0.690588 0.468750 0.688235 0.470313 0.685882 0.470313 0.683529 0.471875 0.681176 0.471875 0.678824 0.473437 0.676471 0.473437 0.674118 0.475000 0.671765 0.475000 0.669412 0.476562 0.667059 0.476562 0.664706 0.478125 0.662353 0.478125 0.660000 0.479688 0.657647 0.479688 0.652941 0.481250 0.650588 0.481250 0.643529 0.482812 0.641176 0.482812 0.631765 0.484375 0.629412 0.484375 0.612941 0.485938 0.610588 0.485938 0.596471 0.487500 0.594118 0.487500 0.563529 0.489062 0.561176 0.489062 0.514118 0.493750 0.507059 0.495313 0.507059 0.496875 0.504706 0.498437 0.504706 0.503125 0.497647 0.507812 0.497647 0.507812 0.474118 0.501562 0.474118 0.500000 0.471765 0.500000 0.469412 0.498437 0.467059 0.498437 0.462353 0.496875 0.460000 0.496875 0.448235 0.495313 0.445882 0.495313 0.438824 0.493750 0.438824 0.492188 0.436471 0.490625 0.436471 0.484375 0.427059 0.484375 0.424706 0.482812 0.422353 0.482812 0.403529 0.484375 0.401176 0.482812 0.398824 0.482812 0.389412 0.481250 0.387059 0.481250 0.384706 0.479688 0.382353 0.479688 0.377647 0.475000 0.370588 0.475000 0.363529
7 0.826563 0.222353 0.826563 0.229412 0.825000 0.231765 0.823438 0.231765 0.821875 0.234118 0.814062 0.234118 0.812500 0.236471 0.803125 0.236471 0.801562 0.238824 0.789062 0.238824 0.787500 0.241176 0.782812 0.241176 0.781250 0.243529 0.778125 0.243529 0.776563 0.245882 0.773438 0.245882 0.771875 0.248235 0.770312 0.248235 0.770312 0.250588 0.768750 0.252941 0.768750 0.255294 0.767187 0.257647 0.767187 0.262353 0.765625 0.264706 0.765625 0.269412 0.764063 0.271765 0.764063 0.276471 0.762500 0.278824 0.762500 0.281176 0.760938 0.283529 0.760938 0.285882 0.759375 0.288235 0.759375 0.290588 0.757812 0.292941 0.753125 0.292941 0.753125 0.391765 0.759375 0.391765 0.778125 0.420000 0.778125 0.422353 0.782812 0.429412 0.782812 0.431765 0.787500 0.438824 0.795313 0.438824 0.798437 0.434118 0.800000 0.434118 0.803125 0.429412 0.806250 0.429412 0.807813 0.427059 0.809375 0.427059 0.810938 0.424706 0.814062 0.424706 0.815625 0.422353 0.853125 0.422353 0.854688 0.420000 0.875000 0.420000 0.876562 0.417647 0.904688 0.417647 0.906250 0.420000 0.928125 0.420000 0.929688 0.422353 0.959375 0.422353 0.960938 0.424706 0.970312 0.424706 0.971875 0.427059 0.978125 0.427059 0.979688 0.429412 0.982813 0.429412 0.984375 0.431765 0.989062 0.431765 0.992188 0.436471 0.992188 0.441176 0.989062 0.445882 0.989062 0.450588 0.990625 0.452941 0.990625 0.455294 0.992188 0.457647 0.993750 0.457647 0.995313 0.460000 0.995313 0.462353 0.996875 0.464706 0.996875 0.474118 0.998438 0.474118 0.998438 0.222353
2 0.650000 0.382353 0.650000 0.391765 0.643750 0.401176 0.643750 0.403529 0.639063 0.410588 0.639063 0.412941 0.637500 0.415294 0.637500 0.422353 0.635938 0.424706 0.635938 0.429412 0.632812 0.434118 0.628125 0.434118 0.628125 0.490588 0.632812 0.490588 0.634375 0.492941 0.634375 0.495294 0.637500 0.500000 0.637500 0.502353 0.639063 0.504706 0.639063 0.507059 0.642187 0.511765 0.642187 0.514118 0.645312 0.518824 0.645312 0.523529 0.651563 0.532941 0.651563 0.537647 0.653125 0.540000 0.653125 0.544706 0.654688 0.544706 0.656250 0.542353 0.657812 0.542353 0.662500 0.549412 0.662500 0.554118 0.664062 0.556471 0.664062 0.561176 0.665625 0.563529 0.665625 0.565882 0.667188 0.568235 0.667188 0.570588 0.668750 0.572941 0.668750 0.575294 0.670313 0.577647 0.670313 0.587059 0.689062 0.587059 0.689062 0.580000 0.690625 0.577647 0.690625 0.575294 0.693750 0.570588 0.693750 0.568235 0.695312 0.565882 0.698438 0.565882 0.700000 0.563529 0.707812 0.563529 0.709375 0.565882 0.732813 0.565882 0.734375 0.568235 0.742188 0.568235 0.743750 0.565882 0.745313 0.565882 0.746875 0.563529 0.746875 0.558824 0.748438 0.556471 0.748438 0.544706 0.750000 0.542353 0.750000 0.535294 0.751562 0.532941 0.751562 0.521176 0.753125 0.518824 0.753125 0.504706 0.754687 0.502353 0.754687 0.495294 0.756250 0.492941 0.756250 0.490588 0.762500 0.481176 0.764063 0.481176 0.767187 0.476471 0.768750 0.476471 0.778125 0.462353 0.778125 0.460000 0.784375 0.450588 0.789062 0.450588 0.789062 0.441176 0.784375 0.441176 0.781250 0.436471 0.781250 0.434118 0.779688 0.431765 0.779688 0.429412 0.778125 0.427059 0.778125 0.424706 0.776563 0.422353 0.776563 0.420000 0.762500 0.398824 0.760938 0.398824 0.757812 0.394118 0.754687 0.394118 0.751562 0.389412 0.751562 0.382353
2 0.271875 0.420000 0.271875 0.427059 0.270312 0.429412 0.270312 0.431765 0.268750 0.434118 0.268750 0.436471 0.264062 0.443529 0.259375 0.443529 0.259375 0.483529 0.275000 0.483529 0.275000 0.476471 0.276563 0.474118 0.279687 0.474118 0.281250 0.471765 0.292188 0.471765 0.293750 0.474118 0.295312 0.474118 0.296875 0.476471 0.296875 0.483529 0.314063 0.483529 0.314063 0.438824 0.309375 0.438824 0.306250 0.434118 0.306250 0.431765 0.303125 0.427059 0.303125 0.420000
0 0.000000 0.401176 0.000000 0.462353 0.001563 0.462353 0.003125 0.464706 0.003125 0.471765 0.004688 0.474118 0.004688 0.478824 0.003125 0.481176 0.003125 0.490588 0.004688 0.492941 0.001563 0.497647 0.000000 0.497647 0.000000 0.542353 0.001563 0.542353 0.003125 0.544706 0.003125 0.547059 0.004688 0.549412 0.004688 0.558824 0.006250 0.561176 0.006250 0.605882 0.018750 0.605882 0.018750 0.596471 0.020312 0.594118 0.020312 0.582353 0.018750 0.580000 0.018750 0.572941 0.017188 0.570588 0.017188 0.568235 0.018750 0.565882 0.018750 0.554118 0.020312 0.551765 0.020312 0.542353 0.021875 0.540000 0.021875 0.535294 0.023438 0.532941 0.023438 0.530588 0.034375 0.514118 0.039062 0.514118 0.039062 0.471765 0.034375 0.471765 0.031250 0.467059 0.031250 0.464706 0.029687 0.462353 0.029687 0.457647 0.026563 0.452941 0.026563 0.450588 0.023438 0.445882 0.023438 0.443529 0.021875 0.441176 0.021875 0.438824 0.020312 0.436471 0.020312 0.434118 0.018750 0.431765 0.018750 0.424706 0.017188 0.422353 0.017188 0.415294 0.015625 0.412941 0.015625 0.401176
2 0.496875 0.420000 0.496875 0.438824 0.498437 0.441176 0.498437 0.457647 0.500000 0.460000 0.500000 0.464706 0.501562 0.467059 0.501562 0.474118 0.503125 0.476471 0.503125 0.495294 0.501562 0.497647 0.501562 0.500000 0.498437 0.504706 0.496875 0.504706 0.495313 0.507059 0.493750 0.507059 0.492188 0.509412 0.490625 0.509412 0.490625 0.511765 0.489062 0.514118 0.489062 0.544706 0.487500 0.547059 0.487500 0.591765 0.489062 0.594118 0.489062 0.601177 0.490625 0.603529 0.492188 0.603529 0.493750 0.601177 0.495313 0.601177 0.496875 0.603529 0.498437 0.603529 0.500000 0.605882 0.500000 0.608235 0.503125 0.612941 0.504687 0.612941 0.506250 0.615294 0.510938 0.615294 0.512500 0.617647 0.514063 0.617647 0.515625 0.615294 0.520312 0.615294 0.521875 0.612941 0.596875 0.612941 0.598437 0.615294 0.606250 0.615294 0.607813 0.617647 0.610937 0.617647 0.612500 0.620000 0.614062 0.620000 0.615625 0.622353 0.617188 0.622353 0.618750 0.624706 0.618750 0.634118 0.643750 0.634118 0.643750 0.627059 0.645312 0.624706 0.645312 0.622353 0.646875 0.620000 0.646875 0.617647 0.648438 0.615294 0.648438 0.612941 0.650000 0.610588 0.650000 0.608235 0.651563 0.605882 0.651563 0.601177 0.653125 0.598824 0.657812 0.598824 0.657812 0.544706 0.653125 0.544706 0.650000 0.540000 0.650000 0.537647 0.648438 0.535294 0.648438 0.532941 0.646875 0.530588 0.646875 0.528235 0.645312 0.525882 0.645312 0.523529 0.642187 0.518824 0.642187 0.516471 0.640625 0.514118 0.640625 0.511765 0.635938 0.504706 0.635938 0.502353 0.634375 0.500000 0.634375 0.497647 0.631250 0.492941 0.629687 0.492941 0.626562 0.488235 0.625000 0.488235 0.618750 0.478824 0.618750 0.476471 0.614062 0.469412 0.614062 0.467059 0.606250 0.455294 0.604688 0.455294 0.589063 0.431765 0.589063 0.429412 0.587500 0.427059 0.587500 0.420000
0 0.210938 0.410588 0.210938 0.420000 0.209375 0.422353 0.209375 0.424706 0.207813 0.427059 0.207813 0.429412 0.201562 0.438824 0.200000 0.438824 0.198437 0.441176 0.195312 0.441176 0.193750 0.443529 0.189063 0.443529 0.187500 0.445882 0.184375 0.445882 0.182812 0.448235 0.179688 0.448235 0.178125 0.450588 0.175000 0.450588 0.173438 0.452941 0.171875 0.452941 0.168750 0.457647 0.168750 0.460000 0.167187 0.462353 0.167187 0.464706 0.165625 0.467059 0.165625 0.471765 0.164062 0.474118 0.159375 0.474118 0.164062 0.474118 0.165625 0.476471 0.167187 0.476471 0.168750 0.478824 0.170312 0.478824 0.171875 0.481176 0.175000 0.481176 0.176563 0.483529 0.178125 0.483529 0.179688 0.485882 0.187500 0.485882 0.189063 0.488235 0.193750 0.488235 0.198437 0.495294 0.198437 0.518824 0.200000 0.521176 0.200000 0.532941 0.201562 0.535294 0.201562 0.551765 0.203125 0.554118 0.203125 0.558824 0.204688 0.561176 0.204688 0.565882 0.206250 0.568235 0.206250 0.577647 0.204688 0.580000 0.204688 0.584706 0.201562 0.589412 0.201562 0.594118 0.200000 0.596471 0.200000 0.683529 0.201562 0.685882 0.201562 0.692941 0.204688 0.697647 0.204688 0.700000 0.207813 0.704706 0.218750 0.704706 0.221875 0.700000 0.223438 0.700000 0.225000 0.702353 0.226562 0.702353 0.228125 0.704706 0.228125 0.709412 0.229687 0.711765 0.229687 0.718824 0.246875 0.718824 0.246875 0.700000 0.248437 0.697647 0.248437 0.650588 0.250000 0.648235 0.250000 0.615294 0.253125 0.610588 0.257812 0.610588 0.257812 0.554118 0.253125 0.554118 0.251563 0.551765 0.251563 0.549412 0.250000 0.547059 0.250000 0.542353 0.248437 0.540000 0.250000 0.537647 0.250000 0.525882 0.251563 0.523529 0.251563 0.509412 0.253125 0.507059 0.257812 0.507059 0.257812 0.481176 0.242188 0.481176 0.240625 0.478824 0.239063 0.478824 0.235938 0.474118 0.235938 0.471765 0.234375 0.469412 0.234375 0.467059 0.232812 0.464706 0.232812 0.460000 0.229687 0.455294 0.228125 0.455294 0.221875 0.445882 0.221875 0.443529 0.220313 0.441176 0.220313 0.438824 0.218750 0.436471 0.218750 0.431765 0.217187 0.429412 0.217187 0.424706 0.218750 0.422353 0.218750 0.410588
5 0.395312 0.297647 0.395312 0.304706 0.384375 0.321176 0.384375 0.323529 0.376563 0.335294 0.375000 0.335294 0.371875 0.340000 0.370313 0.340000 0.364062 0.349412 0.359375 0.349412 0.359375 0.478824 0.364062 0.478824 0.368750 0.485882 0.368750 0.488235 0.370313 0.490588 0.373437 0.490588 0.375000 0.492941 0.384375 0.492941 0.385938 0.495294 0.392188 0.495294 0.393750 0.497647 0.417188 0.497647 0.418750 0.495294 0.420312 0.495294 0.420312 0.492941 0.421875 0.490588 0.421875 0.485882 0.423438 0.483529 0.423438 0.478824 0.425000 0.476471 0.425000 0.471765 0.426562 0.469412 0.426562 0.464706 0.428125 0.462353 0.428125 0.457647 0.429688 0.455294 0.429688 0.452941 0.431250 0.450588 0.431250 0.448235 0.443750 0.429412 0.445312 0.429412 0.448438 0.424706 0.448438 0.422353 0.450000 0.420000 0.450000 0.417647 0.451562 0.415294 0.451562 0.403529 0.450000 0.401176 0.450000 0.389412 0.451562 0.387059 0.451562 0.384706 0.457812 0.375294 0.459375 0.375294 0.460938 0.372941 0.462500 0.372941 0.464063 0.370588 0.475000 0.370588 0.476562 0.372941 0.479688 0.372941 0.482812 0.377647 0.482812 0.380000 0.484375 0.382353 0.484375 0.384706 0.489062 0.384706 0.489062 0.321176 0.484375 0.321176 0.482812 0.318824 0.482812 0.316471 0.478125 0.309412 0.475000 0.309412 0.473437 0.307059 0.470313 0.307059 0.468750 0.304706 0.468750 0.297647
2 0.321875 0.410588 0.321875 0.460000 0.331250 0.460000 0.332812 0.462353 0.334375 0.462353 0.337500 0.467059 0.337500 0.474118 0.346875 0.474118 0.346875 0.450588 0.348437 0.448235 0.348437 0.443529 0.354688 0.434118 0.356250 0.434118 0.365625 0.420000 0.370313 0.420000 0.370313 0.410588
2 0.334375 0.410588 0.334375 0.474118 0.339063 0.474118 0.340625 0.476471 0.340625 0.483529 0.353125 0.483529 0.353125 0.450588 0.354688 0.448235 0.354688 0.443529 0.359375 0.436471 0.359375 0.434118 0.360938 0.431765 0.360938 0.429412 0.364062 0.424706 0.370313 0.424706 0.370313 0.410588
25 0.000000 0.278824 0.000000 0.361176 0.045313 0.361176 0.045313 0.344706 0.039062 0.344706 0.035937 0.340000 0.035937 0.337647 0.032812 0.332941 0.032812 0.330588 0.029687 0.325882 0.029687 0.323529 0.028125 0.321176 0.028125 0.318824 0.026563 0.316471 0.026563 0.314118 0.023438 0.309412 0.023438 0.307059 0.021875 0.304706 0.021875 0.302353 0.020312 0.300000 0.020312 0.297647 0.012500 0.285882 0.012500 0.278824
7 0.395312 0.297647 0.395312 0.304706 0.384375 0.321176 0.384375 0.323529 0.376563 0.335294 0.375000 0.335294 0.371875 0.340000 0.370313 0.340000 0.367188 0.344706 0.367188 0.347059 0.365625 0.349412 0.359375 0.349412 0.359375 0.483529 0.364062 0.483529 0.370313 0.492941 0.382812 0.492941 0.384375 0.495294 0.389062 0.495294 0.390625 0.497647 0.410937 0.497647 0.412500 0.500000 0.415625 0.500000 0.417188 0.497647 0.418750 0.497647 0.421875 0.492941 0.421875 0.485882 0.423438 0.483529 0.423438 0.478824 0.425000 0.476471 0.425000 0.471765 0.426562 0.469412 0.426562 0.464706 0.428125 0.462353 0.428125 0.457647 0.429688 0.455294 0.429688 0.452941 0.434375 0.445882 0.434375 0.443529 0.443750 0.429412 0.445312 0.429412 0.448438 0.424706 0.448438 0.422353 0.451562 0.417647 0.451562 0.403529 0.450000 0.401176 0.450000 0.389412 0.451562 0.387059 0.451562 0.384706 0.457812 0.375294 0.460938 0.375294 0.462500 0.372941 0.464063 0.372941 0.465625 0.370588 0.473437 0.370588 0.475000 0.372941 0.478125 0.372941 0.479688 0.375294 0.481250 0.375294 0.482812 0.377647 0.482812 0.380000 0.484375 0.382353 0.484375 0.384706 0.489062 0.384706 0.489062 0.321176 0.484375 0.321176 0.482812 0.318824 0.482812 0.316471 0.478125 0.309412 0.475000 0.309412 0.473437 0.307059 0.470313 0.307059 0.468750 0.304706 0.468750 0.297647
0 0.509375 0.382353 0.509375 0.427059 0.539062 0.427059 0.539062 0.401176 0.534375 0.401176 0.531250 0.396471 0.531250 0.394118 0.529688 0.391765 0.529688 0.382353
2 0.309375 0.410588 0.309375 0.455294 0.325000 0.455294 0.325000 0.436471 0.326562 0.434118 0.326562 0.431765 0.328125 0.429412 0.328125 0.427059 0.329688 0.424706 0.329688 0.422353 0.332812 0.417647 0.332812 0.410588
2 0.584375 0.401176 0.584375 0.436471 0.589063 0.436471 0.592188 0.441176 0.593750 0.441176 0.598437 0.448235 0.600000 0.448235 0.601562 0.450588 0.603125 0.450588 0.614062 0.467059 0.614062 0.471765 0.618750 0.478824 0.618750 0.481176 0.620313 0.483529 0.620313 0.492941 0.634375 0.492941 0.634375 0.481176 0.635938 0.478824 0.635938 0.471765 0.634375 0.469412 0.634375 0.460000 0.632812 0.457647 0.632812 0.445882 0.634375 0.443529 0.634375 0.441176 0.635938 0.438824 0.635938 0.431765 0.637500 0.429412 0.637500 0.422353 0.640625 0.417647 0.645312 0.417647 0.645312 0.401176
2 0.340625 0.410588 0.340625 0.483529 0.357812 0.483529 0.357812 0.476471 0.359375 0.474118 0.359375 0.469412 0.360938 0.467059 0.360938 0.455294 0.356250 0.448235 0.357812 0.445882 0.357812 0.443529 0.360938 0.438824 0.360938 0.436471 0.362500 0.434118 0.362500 0.431765 0.365625 0.427059 0.370313 0.427059 0.370313 0.410588
9 0.553125 0.222353 0.553125 0.276471 0.582812 0.276471 0.582812 0.222353
2 0.309375 0.410588 0.309375 0.452941 0.318750 0.452941 0.321875 0.457647 0.321875 0.464706 0.332812 0.464706 0.332812 0.448235 0.331250 0.445882 0.331250 0.434118 0.334375 0.429412 0.335938 0.429412 0.337500 0.427059 0.339063 0.427059 0.345313 0.417647 0.345313 0.410588
2 0.529688 0.401176 0.529688 0.408235 0.526563 0.412941 0.523438 0.412941 0.521875 0.415294 0.500000 0.415294 0.498437 0.417647 0.490625 0.417647 0.490625 0.420000 0.495313 0.427059 0.495313 0.429412 0.496875 0.431765 0.496875 0.434118 0.498437 0.436471 0.498437 0.450588 0.500000 0.452941 0.500000 0.460000 0.501562 0.462353 0.501562 0.464706 0.503125 0.467059 0.503125 0.474118 0.504687 0.476471 0.504687 0.483529 0.506250 0.485882 0.506250 0.497647 0.504687 0.500000 0.504687 0.504706 0.501562 0.509412 0.498437 0.509412 0.496875 0.511765 0.495313 0.511765 0.495313 0.532941 0.493750 0.535294 0.493750 0.540000 0.492188 0.542353 0.492188 0.549412 0.490625 0.551765 0.490625 0.580000 0.489062 0.582353 0.489062 0.598824 0.490625 0.601177 0.490625 0.603529 0.492188 0.605882 0.495313 0.605882 0.498437 0.610588 0.498437 0.612941 0.503125 0.620000 0.517187 0.620000 0.518750 0.617647 0.520312 0.617647 0.521875 0.615294 0.534375 0.615294 0.535937 0.612941 0.559375 0.612941 0.560938 0.615294 0.578125 0.615294 0.579687 0.612941 0.600000 0.612941 0.601562 0.615294 0.609375 0.615294 0.610937 0.617647 0.614062 0.617647 0.615625 0.620000 0.617188 0.620000 0.620313 0.624706 0.620313 0.634118 0.640625 0.634118 0.640625 0.627059 0.643750 0.622353 0.645312 0.622353 0.645312 0.620000 0.646875 0.617647 0.646875 0.615294 0.648438 0.612941 0.648438 0.610588 0.650000 0.608235 0.650000 0.601177 0.651563 0.598824 0.651563 0.594118 0.653125 0.591765 0.657812 0.591765 0.657812 0.547059 0.653125 0.547059 0.648438 0.540000 0.648438 0.535294 0.646875 0.532941 0.646875 0.528235 0.645312 0.525882 0.645312 0.523529 0.643750 0.521176 0.643750 0.518824 0.642187 0.516471 0.642187 0.514118 0.640625 0.511765 0.640625 0.509412 0.629687 0.492941 0.629687 0.490588 0.628125 0.488235 0.626562 0.488235 0.625000 0.485882 0.625000 0.483529 0.623438 0.481176 0.623438 0.478824 0.621875 0.476471 0.621875 0.474118 0.620313 0.471765 0.620313 0.467059 0.618750 0.464706 0.618750 0.460000 0.617188 0.457647 0.617188 0.455294 0.615625 0.452941 0.615625 0.450588 0.610937 0.443529 0.610937 0.441176 0.609375 0.438824 0.609375 0.427059 0.610937 0.424706 0.614062 0.424706 0.615625 0.422353 0.617188 0.424706 0.618750 0.424706 0.623438 0.431765 0.623438 0.434118 0.625000 0.436471 0.625000 0.438824 0.626562 0.441176 0.628125 0.438824 0.628125 0.434118 0.629687 0.431765 0.629687 0.429412 0.632812 0.424706 0.634375 0.424706 0.642187 0.412941 0.643750 0.412941 0.645312 0.410588 0.657812 0.410588 0.657812 0.401176 0.592188 0.401176 0.592188 0.408235 0.589063 0.412941 0.575000 0.412941 0.573438 0.415294 0.571875 0.415294 0.570312 0.417647 0.565625 0.417647 0.564062 0.420000 0.562500 0.417647 0.554688 0.417647 0.553125 0.415294 0.548437 0.415294 0.546875 0.412941 0.539062 0.412941 0.535937 0.408235 0.535937 0.401176
