0 0.684375 0.612469 0.684375 0.624694 0.682813 0.627139 0.682813 0.632029 0.678125 0.639364 0.671875 0.639364 0.671875 0.693154 0.676562 0.693154 0.678125 0.695599 0.678125 0.698044 0.679688 0.700489 0.679688 0.734719 0.678125 0.737164 0.678125 0.739609 0.679688 0.742054 0.679688 0.766504 0.681250 0.768949 0.681250 0.776284 0.690625 0.776284 0.690625 0.766504 0.692187 0.764059 0.692187 0.761614 0.693750 0.759169 0.693750 0.744499 0.695312 0.742054 0.695312 0.739609 0.696875 0.737164 0.696875 0.734719 0.698438 0.732274 0.698438 0.729829 0.700000 0.727384 0.700000 0.717604 0.701563 0.715159 0.701563 0.707824 0.703125 0.705379 0.707812 0.705379 0.707812 0.654034 0.703125 0.654034 0.701563 0.651589 0.701563 0.649144 0.700000 0.646699 0.700000 0.644254 0.698438 0.641809 0.698438 0.634474 0.696875 0.632029 0.696875 0.612469
0 0.809375 0.612469 0.809375 0.627139 0.807813 0.629584 0.807813 0.644254 0.806250 0.646699 0.806250 0.651589 0.804688 0.654034 0.804688 0.656479 0.803125 0.658924 0.796875 0.658924 0.796875 0.727384 0.801562 0.727384 0.803125 0.729829 0.803125 0.732274 0.804688 0.734719 0.804688 0.746944 0.806250 0.749389 0.806250 0.759169 0.807813 0.761614 0.807813 0.776284 0.818750 0.776284 0.818750 0.766504 0.820312 0.764059 0.820312 0.761614 0.821875 0.759169 0.821875 0.756724 0.823438 0.754279 0.823438 0.749389 0.825000 0.746944 0.825000 0.744499 0.828125 0.739609 0.832812 0.739609 0.832812 0.658924 0.828125 0.658924 0.825000 0.654034 0.825000 0.651589 0.823438 0.649144 0.823438 0.646699 0.821875 0.644254 0.821875 0.612469
0 0.835938 0.592910 0.835938 0.605134 0.837500 0.607579 0.837500 0.610024 0.835938 0.612469 0.835938 0.617359 0.834375 0.619804 0.834375 0.622249 0.831250 0.627139 0.831250 0.629584 0.829687 0.632029 0.829687 0.634474 0.826563 0.639364 0.821875 0.639364 0.821875 0.661369 0.826563 0.661369 0.829687 0.666259 0.829687 0.668704 0.831250 0.671149 0.831250 0.676039 0.832812 0.678484 0.832812 0.683374 0.834375 0.685819 0.834375 0.693154 0.835938 0.695599 0.835938 0.710269 0.837500 0.712714 0.837500 0.744499 0.839063 0.746944 0.839063 0.749389 0.842188 0.754279 0.842188 0.756724 0.843750 0.759169 0.843750 0.766504 0.845312 0.768949 0.845312 0.776284 0.870313 0.776284 0.870313 0.749389 0.865625 0.749389 0.864062 0.746944 0.864062 0.744499 0.862500 0.742054 0.862500 0.712714 0.860937 0.710269 0.860937 0.666259 0.862500 0.663814 0.862500 0.636919 0.860937 0.634474 0.860937 0.629584 0.857813 0.624694 0.857813 0.622249 0.856250 0.619804 0.856250 0.617359 0.853125 0.612469 0.853125 0.610024 0.851562 0.607579 0.851562 0.592910
0 0.767187 0.602690 0.767187 0.632029 0.764063 0.636919 0.759375 0.636919 0.759375 0.702934 0.764063 0.702934 0.765625 0.705379 0.765625 0.707824 0.767187 0.710269 0.767187 0.717604 0.771875 0.724939 0.771875 0.727384 0.773438 0.729829 0.773438 0.746944 0.775000 0.749389 0.773438 0.751834 0.773438 0.776284 0.790625 0.776284 0.790625 0.766504 0.792188 0.764059 0.792188 0.756724 0.793750 0.754279 0.793750 0.742054 0.792188 0.739609 0.792188 0.717604 0.793750 0.715159 0.793750 0.700489 0.795313 0.698044 0.795313 0.690709 0.796875 0.688264 0.801562 0.688264 0.801562 0.651589 0.796875 0.651589 0.793750 0.646699 0.793750 0.641809 0.790625 0.636919 0.790625 0.634474 0.782812 0.622249 0.782812 0.617359 0.781250 0.614914 0.781250 0.602690
0 0.432813 0.592910 0.432813 0.607579 0.431250 0.610024 0.431250 0.614914 0.429688 0.617359 0.429688 0.619804 0.428125 0.622249 0.428125 0.624694 0.425000 0.629584 0.425000 0.632029 0.423438 0.634474 0.423438 0.636919 0.420312 0.641809 0.415625 0.641809 0.415625 0.737164 0.420312 0.737164 0.421875 0.739609 0.423438 0.739609 0.426562 0.744499 0.428125 0.742054 0.428125 0.737164 0.429688 0.734719 0.429688 0.729829 0.431250 0.727384 0.431250 0.724939 0.432813 0.722494 0.434375 0.722494 0.437500 0.727384 0.437500 0.732274 0.439063 0.734719 0.439063 0.751834 0.440625 0.754279 0.442187 0.751834 0.442187 0.746944 0.440625 0.744499 0.440625 0.705379 0.442187 0.702934 0.442187 0.693154 0.443750 0.690709 0.443750 0.685819 0.446875 0.680929 0.451562 0.680929 0.451562 0.629584 0.446875 0.629584 0.443750 0.624694 0.443750 0.617359 0.442187 0.614914 0.442187 0.592910
6 0.582812 0.658924 0.582812 0.668704 0.582812 0.666259 0.584375 0.663814 0.584375 0.658924 0.582812 0.658924 0.053125 0.600245 0.081250 0.597800 0.082813 0.600245 0.082813 0.602690 0.084375 0.602690 0.089062 0.595354 0.090625 0.595354 0.092188 0.597800 0.093750 0.597800 0.096875 0.602690 0.096875 0.607579 0.098438 0.610024 0.098438 0.614914 0.100000 0.617359 0.100000 0.629584 0.104687 0.636919 0.106250 0.636919 0.110937 0.644254 0.110937 0.646699 0.114063 0.651589 0.123438 0.651589 0.125000 0.654034 0.128125 0.654034 0.131250 0.658924 0.131250 0.661369 0.132812 0.661369 0.134375 0.663814 0.135937 0.663814 0.137500 0.666259 0.140625 0.666259 0.142188 0.668704 0.143750 0.668704 0.145313 0.671149 0.146875 0.671149 0.148438 0.673594 0.150000 0.673594 0.151562 0.676039 0.153125 0.676039 0.159375 0.685819 0.162500 0.685819 0.164062 0.688264 0.165625 0.688264 0.167187 0.690709 0.167187 0.693154 0.170312 0.698044 0.171875 0.698044 0.173438 0.700489 0.173438 0.702934 0.175000 0.702934 0.178125 0.707824 0.181250 0.707824 0.182812 0.710269 0.185937 0.705379 0.185937 0.702934 0.189063 0.698044 0.189063 0.695599 0.190625 0.693154 0.190625 0.690709 0.192188 0.688264 0.192188 0.685819 0.193750 0.683374 0.193750 0.680929 0.200000 0.671149 0.201562 0.671149 0.201562 0.649144 0.203125 0.646699 0.203125 0.639364 0.204688 0.636919 0.204688 0.634474 0.209375 0.627139 0.209375 0.624694 0.212500 0.619804 0.212500 0.617359 0.220313 0.605134 0.228125 0.605134 0.234375 0.614914 0.234375 0.617359 0.237500 0.622249 0.237500 0.624694 0.239063 0.627139 0.239063 0.629584 0.243750 0.636919 0.243750 0.639364 0.245312 0.641809 0.245312 0.644254 0.246875 0.646699 0.248437 0.644254 0.250000 0.644254 0.251563 0.641809 0.251563 0.636919 0.253125 0.634474 0.253125 0.629584 0.254687 0.627139 0.254687 0.624694 0.256250 0.622249 0.256250 0.619804 0.257812 0.617359 0.257812 0.614914 0.262500 0.607579 0.267188 0.607579 0.268750 0.610024 0.270312 0.610024 0.271875 0.612469 0.273438 0.612469 0.275000 0.614914 0.276563 0.614914 0.278125 0.617359 0.279687 0.617359 0.281250 0.619804 0.282813 0.619804 0.285937 0.624694 0.285937 0.627139 0.287500 0.629584 0.287500 0.634474 0.289062 0.636919 0.289062 0.639364 0.290625 0.641809 0.290625 0.644254 0.292188 0.646699 0.292188 0.649144 0.293750 0.651589 0.293750 0.654034 0.295312 0.656479 0.295312 0.661369 0.296875 0.663814 0.296875 0.666259 0.298438 0.668704 0.298438 0.671149 0.300000 0.673594 0.300000 0.676039 0.301562 0.678484 0.301562 0.683374 0.303125 0.685819 0.303125 0.690709 0.304688 0.693154 0.304688 0.702934 0.306250 0.705379 0.306250 0.710269 0.307813 0.712714 0.307813 0.717604 0.309375 0.717604 0.309375 0.712714 0.314063 0.705379 0.314063 0.702934 0.317187 0.698044 0.317187 0.693154 0.318750 0.690709 0.318750 0.688264 0.320312 0.685819 0.320312 0.683374 0.321875 0.680929 0.321875 0.676039 0.320312 0.673594 0.320312 0.668704 0.321875 0.666259 0.321875 0.646699 0.323438 0.644254 0.323438 0.641809 0.325000 0.639364 0.325000 0.636919 0.326562 0.634474 0.326562 0.632029 0.328125 0.629584 0.328125 0.627139 0.331250 0.622249 0.331250 0.617359 0.332812 0.614914 0.332812 0.612469 0.337500 0.605134 0.346875 0.605134 0.350000 0.610024 0.350000 0.612469 0.351562 0.614914 0.351562 0.619804 0.353125 0.622249 0.353125 0.624694 0.356250 0.624694 0.360938 0.617359 0.362500 0.617359 0.364062 0.614914 0.373437 0.614914 0.376563 0.619804 0.376563 0.622249 0.378125 0.624694 0.378125 0.627139 0.382812 0.634474 0.384375 0.634474 0.385938 0.632029 0.385938 0.629584 0.387500 0.627139 0.387500 0.624694 0.389062 0.622249 0.389062 0.617359 0.390625 0.614914 0.390625 0.610024 0.392188 0.607579 0.392188 0.605134 0.396875 0.597800 0.400000 0.597800 0.401563 0.595354 0.403125 0.595354 0.407813 0.602690 0.409375 0.602690 0.410937 0.605134 0.410937 0.607579 0.414062 0.612469 0.414062 0.614914 0.415625 0.617359 0.415625 0.622249 0.418750 0.627139 0.418750 0.629584 0.420312 0.632029 0.420312 0.634474 0.421875 0.632029 0.421875 0.627139 0.423438 0.624694 0.423438 0.622249 0.425000 0.619804 0.425000 0.617359 0.426562 0.614914 0.426562 0.612469 0.428125 0.610024 0.428125 0.607579 0.429688 0.605134 0.429688 0.602690 0.432813 0.597800 0.439063 0.597800 0.442187 0.602690 0.442187 0.605134 0.443750 0.607579 0.443750 0.610024 0.445312 0.612469 0.445312 0.617359 0.446875 0.619804 0.446875 0.622249 0.453125 0.632029 0.453125 0.636919 0.454688 0.639364 0.454688 0.644254 0.456250 0.646699 0.456250 0.649144 0.457812 0.651589 0.457812 0.656479 0.457812 0.651589 0.459375 0.649144 0.459375 0.644254 0.460938 0.641809 0.460938 0.636919 0.462500 0.634474 0.462500 0.632029 0.465625 0.627139 0.465625 0.624694 0.468750 0.619804 0.468750 0.614914 0.470313 0.612469 0.470313 0.610024 0.471875 0.607579 0.473437 0.607579 0.475000 0.605134 0.476562 0.605134 0.478125 0.602690 0.482812 0.602690 0.484375 0.600245 0.489062 0.600245 0.490625 0.597800 0.493750 0.597800 0.495313 0.595354 0.498437 0.595354 0.500000 0.597800 0.501562 0.597800 0.504687 0.602690 0.504687 0.605134 0.506250 0.607579 0.506250 0.610024 0.507812 0.612469 0.507812 0.617359 0.509375 0.619804 0.509375 0.622249 0.510938 0.624694 0.510938 0.639364 0.512500 0.641809 0.512500 0.644254 0.514063 0.646699 0.514063 0.651589 0.515625 0.654034 0.515625 0.656479 0.518750 0.661369 0.520312 0.661369 0.520312 0.658924 0.521875 0.656479 0.521875 0.646699 0.523438 0.644254 0.523438 0.636919 0.525000 0.634474 0.525000 0.627139 0.528125 0.622249 0.528125 0.619804 0.531250 0.614914 0.531250 0.612469 0.532812 0.610024 0.540625 0.610024 0.546875 0.619804 0.548437 0.619804 0.550000 0.622249 0.553125 0.622249 0.557813 0.614914 0.559375 0.614914 0.560938 0.617359 0.564062 0.617359 0.567187 0.622249 0.568750 0.622249 0.573438 0.629584 0.575000 0.629584 0.582812 0.641809 0.584375 0.641809 0.584375 0.639364 0.590625 0.629584 0.590625 0.627139 0.592188 0.624694 0.592188 0.622249 0.593750 0.619804 0.593750 0.614914 0.598437 0.607579 0.600000 0.607579 0.601562 0.605134 0.606250 0.605134 0.607813 0.602690 0.609375 0.602690 0.610937 0.605134 0.614062 0.605134 0.615625 0.607579 0.617188 0.607579 0.618750 0.610024 0.618750 0.612469 0.621875 0.617359 0.621875 0.619804 0.623438 0.622249 0.623438 0.624694 0.625000 0.627139 0.625000 0.629584 0.626562 0.632029 0.626562 0.636919 0.632812 0.646699 0.632812 0.649144 0.634375 0.651589 0.634375 0.663814 0.634375 0.649144 0.635938 0.646699 0.635938 0.644254 0.639063 0.639364 0.639063 0.636919 0.640625 0.634474 0.640625 0.632029 0.642187 0.629584 0.642187 0.627139 0.643750 0.624694 0.643750 0.622249 0.645312 0.619804 0.645312 0.612469 0.651563 0.602690 0.657812 0.602690 0.664062 0.612469 0.664062 0.617359 0.665625 0.619804 0.665625 0.622249 0.667188 0.622249 0.671875 0.629584 0.678125 0.629584 0.678125 0.627139 0.681250 0.622249 0.681250 0.619804 0.685938 0.612469 0.687500 0.612469 0.689062 0.610024 0.695312 0.610024 0.701563 0.619804 0.701563 0.629584 0.703125 0.632029 0.703125 0.636919 0.704687 0.639364 0.704687 0.641809 0.706250 0.644254 0.706250 0.649144 0.707812 0.651589 0.707812 0.695599 0.706250 0.698044 0.706250 0.715159 0.704687 0.717604 0.706250 0.720049 0.706250 0.729829 0.707812 0.732274 0.707812 0.739609 0.709375 0.739609 0.709375 0.732274 0.710938 0.729829 0.710938 0.727384 0.715625 0.720049 0.715625 0.715159 0.717188 0.712714 0.717188 0.700489 0.718750 0.698044 0.718750 0.693154 0.720312 0.690709 0.720312 0.678484 0.721875 0.676039 0.721875 0.673594 0.723437 0.671149 0.723437 0.668704 0.725000 0.666259 0.725000 0.663814 0.726562 0.661369 0.726562 0.649144 0.728125 0.646699 0.728125 0.641809 0.734375 0.632029 0.734375 0.629584 0.739062 0.622249 0.739062 0.619804 0.740625 0.617359 0.740625 0.612469 0.742188 0.610024 0.742188 0.607579 0.743750 0.605134 0.745313 0.605134 0.746875 0.602690 0.753125 0.602690 0.756250 0.607579 0.757812 0.607579 0.762500 0.614914 0.762500 0.617359 0.764063 0.619804 0.764063 0.622249 0.765625 0.619804 0.765625 0.617359 0.768750 0.612469 0.768750 0.610024 0.770312 0.607579 0.771875 0.607579 0.773438 0.605134 0.775000 0.605134 0.776563 0.602690 0.782812 0.612469 0.782812 0.614914 0.784375 0.617359 0.784375 0.619804 0.790625 0.629584 0.792188 0.629584 0.796875 0.636919 0.796875 0.639364 0.800000 0.639364 0.801562 0.641809 0.801562 0.639364 0.803125 0.636919 0.803125 0.632029 0.804688 0.629584 0.804688 0.627139 0.809375 0.619804 0.810938 0.619804 0.812500 0.617359 0.818750 0.617359 0.820312 0.619804 0.821875 0.619804 0.826563 0.627139 0.828125 0.627139 0.828125 0.624694 0.832812 0.617359 0.832812 0.614914 0.834375 0.612469 0.834375 0.605134 0.840625 0.595354 0.848437 0.595354 0.857813 0.610024 0.857813 0.612469 0.859375 0.614914 0.860937 0.614914 0.865625 0.622249 0.870313 0.622249 0.871875 0.624694 0.873438 0.624694 0.876562 0.629584 0.879687 0.629584 0.881250 0.627139 0.884375 0.627139 0.885938 0.624694 0.887500 0.624694 0.889063 0.622249 0.890625 0.622249 0.890625 0.619804 0.892187 0.617359 0.893750 0.617359 0.896875 0.612469 0.901563 0.612469 0.904688 0.617359 0.906250 0.617359 0.910937 0.624694 0.910937 0.627139 0.912500 0.629584 0.912500 0.632029 0.915625 0.636919 0.917188 0.636919 0.918750 0.634474 0.920313 0.634474 0.921875 0.632029 0.923437 0.632029 0.925000 0.629584 0.925000 0.627139 0.929688 0.619804 0.929688 0.617359 0.931250 0.614914 0.931250 0.612469 0.939062 0.600245 0.939062 0.597800 0.940625 0.595354 0.940625 0.573350 0.939062 0.570905 0.939062 0.568460 0.937500 0.566015 0.937500 0.563570 0.935938 0.561125 0.935938 0.556235 0.934375 0.553790 0.934375 0.548900 0.932813 0.546455 0.932813 0.544010 0.931250 0.541565 0.931250 0.536675 0.929688 0.534230 0.929688 0.529340 0.928125 0.526895 0.928125 0.524450 0.926562 0.522005 0.926562 0.519560 0.925000 0.517115 0.925000 0.514670 0.923437 0.512225 0.923437 0.509780 0.921875 0.507335 0.921875 0.502445 0.920313 0.500000 0.920313 0.497555 0.917188 0.492665 0.917188 0.490220 0.914062 0.485330 0.914062 0.482885 0.909375 0.475550 0.907812 0.475550 0.906250 0.473105 0.904688 0.473105 0.903125 0.470660 0.901563 0.470660 0.900000 0.468215 0.896875 0.468215 0.895312 0.465770 0.893750 0.465770 0.892187 0.463325 0.889063 0.463325 0.887500 0.460880 0.882812 0.460880 0.881250 0.458435 0.876562 0.458435 0.875000 0.455990 0.873438 0.455990 0.871875 0.453545 0.867188 0.453545 0.865625 0.451100 0.854688 0.451100 0.853125 0.448655 0.846875 0.448655 0.845312 0.446210 0.842188 0.446210 0.840625 0.443765 0.834375 0.443765 0.832812 0.441320 0.826563 0.441320 0.825000 0.438875 0.818750 0.438875 0.815625 0.433985 0.815625 0.426650 0.776563 0.426650 0.776563 0.433985 0.771875 0.441320 0.767187 0.441320 0.765625 0.443765 0.760938 0.436430 0.760938 0.426650 0.756250 0.426650 0.756250 0.436430 0.754687 0.438875 0.753125 0.438875 0.750000 0.443765 0.750000 0.451100 0.746875 0.455990 0.745313 0.455990 0.743750 0.458435 0.739062 0.458435 0.737500 0.460880 0.731250 0.460880 0.729688 0.463325 0.701563 0.463325 0.700000 0.460880 0.693750 0.460880 0.692187 0.458435 0.689062 0.458435 0.687500 0.455990 0.682813 0.455990 0.681250 0.453545 0.678125 0.453545 0.676562 0.451100 0.657812 0.451100 0.656250 0.448655 0.653125 0.448655 0.651563 0.446210 0.650000 0.446210 0.648438 0.443765 0.637500 0.443765 0.635938 0.441320 0.631250 0.441320 0.629687 0.443765 0.621875 0.443765 0.620313 0.441320 0.554688 0.441320 0.553125 0.443765 0.545313 0.443765 0.543750 0.446210 0.542188 0.446210 0.540625 0.448655 0.539062 0.448655 0.535937 0.453545 0.532812 0.453545 0.531250 0.455990 0.507812 0.455990 0.506250 0.458435 0.496875 0.458435 0.495313 0.455990 0.475000 0.455990 0.473437 0.453545 0.459375 0.453545 0.457812 0.455990 0.450000 0.455990 0.448438 0.458435 0.428125 0.458435 0.426562 0.455990 0.423438 0.455990 0.421875 0.453545 0.420312 0.453545 0.414062 0.443765 0.403125 0.443765 0.401563 0.441320 0.395312 0.441320 0.393750 0.443765 0.356250 0.443765 0.354688 0.446210 0.348437 0.446210 0.346875 0.443765 0.337500 0.443765 0.335938 0.446210 0.331250 0.446210 0.329688 0.448655 0.328125 0.448655 0.326562 0.451100 0.314063 0.451100 0.312500 0.448655 0.301562 0.448655 0.300000 0.451100 0.298438 0.451100 0.296875 0.453545 0.295312 0.453545 0.293750 0.455990 0.292188 0.455990 0.290625 0.458435 0.268750 0.458435 0.267188 0.455990 0.259375 0.455990 0.257812 0.453545 0.254687 0.453545 0.253125 0.451100 0.243750 0.451100 0.242188 0.453545 0.175000 0.453545 0.173438 0.455990 0.171875 0.455990 0.168750 0.460880 0.167187 0.460880 0.165625 0.463325 0.164062 0.463325 0.159375 0.470660 0.157813 0.470660 0.156250 0.473105 0.153125 0.473105 0.151562 0.475550 0.146875 0.475550 0.145313 0.477995 0.142188 0.477995 0.140625 0.480440 0.132812 0.480440 0.131250 0.482885 0.128125 0.482885 0.126563 0.485330 0.125000 0.485330 0.123438 0.487775 0.121875 0.487775 0.120312 0.490220 0.118750 0.490220 0.117188 0.492665 0.115625 0.492665 0.107813 0.504890 0.107813 0.507335 0.106250 0.509780 0.106250 0.512225 0.100000 0.522005 0.098438 0.522005 0.093750 0.529340 0.093750 0.531785 0.092188 0.534230 0.092188 0.536675 0.090625 0.539120 0.090625 0.541565 0.087500 0.546455 0.087500 0.548900 0.085938 0.551345 0.085938 0.553790 0.084375 0.556235 0.084375 0.558680 0.082813 0.561125 0.081250 0.561125 0.081250 0.578240 0.082813 0.580685 0.082813 0.583130 0.081250 0.585575 0.081250 0.597800 0.053125 0.600245 0.053125 0.570905 0.051562 0.568460 0.051562 0.566015 0.046875 0.566015 0.046875 0.612469 0.051562 0.612469 0.051562 0.602690 0.053125 0.600245
0 0.648438 0.602690 0.648438 0.622249 0.646875 0.624694 0.646875 0.627139 0.643750 0.632029 0.643750 0.634474 0.640625 0.639364 0.634375 0.639364 0.634375 0.671149 0.642187 0.671149 0.643750 0.673594 0.645312 0.673594 0.646875 0.676039 0.646875 0.680929 0.648438 0.683374 0.648438 0.712714 0.650000 0.715159 0.650000 0.727384 0.651563 0.729829 0.651563 0.734719 0.653125 0.737164 0.653125 0.742054 0.654688 0.744499 0.654688 0.759169 0.659375 0.766504 0.660937 0.766504 0.662500 0.768949 0.662500 0.776284 0.676562 0.776284 0.676562 0.732274 0.671875 0.732274 0.670313 0.729829 0.670313 0.724939 0.668750 0.722494 0.668750 0.702934 0.667188 0.700489 0.667188 0.688264 0.668750 0.685819 0.668750 0.680929 0.671875 0.676039 0.676562 0.676039 0.676562 0.634474 0.670313 0.634474 0.662500 0.622249 0.662500 0.619804 0.660937 0.617359 0.660937 0.602690
0 0.334375 0.602690 0.334375 0.619804 0.332812 0.622249 0.332812 0.627139 0.331250 0.629584 0.331250 0.632029 0.326562 0.639364 0.321875 0.639364 0.321875 0.766504 0.335938 0.766504 0.335938 0.754279 0.337500 0.751834 0.337500 0.746944 0.339063 0.744499 0.339063 0.742054 0.340625 0.739609 0.340625 0.729829 0.342187 0.727384 0.342187 0.724939 0.343750 0.722494 0.343750 0.720049 0.346875 0.715159 0.351562 0.715159 0.351562 0.602690
0 0.878125 0.756724 0.876562 0.754279 0.871875 0.754279 0.871875 0.759169 0.878125 0.759169 0.878125 0.756724 0.884375 0.749389 0.885938 0.751834 0.885938 0.776284 0.898438 0.776284 0.898438 0.768949 0.900000 0.766504 0.900000 0.739609 0.901563 0.737164 0.901563 0.734719 0.906250 0.727384 0.906250 0.724939 0.907812 0.722494 0.907812 0.715159 0.909375 0.712714 0.909375 0.693154 0.910937 0.690709 0.910937 0.676039 0.912500 0.673594 0.912500 0.666259 0.910937 0.663814 0.910937 0.654034 0.909375 0.651589 0.909375 0.646699 0.907812 0.644254 0.907812 0.639364 0.906250 0.636919 0.906250 0.622249 0.904688 0.619804 0.904688 0.614914 0.903125 0.612469 0.903125 0.602690 0.895312 0.602690 0.895312 0.612469 0.893750 0.614914 0.893750 0.619804 0.892187 0.622249 0.892187 0.629584 0.887500 0.636919 0.887500 0.639364 0.885938 0.641809 0.885938 0.644254 0.882812 0.649144 0.882812 0.651589 0.881250 0.654034 0.881250 0.656479 0.876562 0.663814 0.871875 0.663814 0.871875 0.693154 0.876562 0.693154 0.879687 0.698044 0.879687 0.722494 0.881250 0.724939 0.881250 0.739609 0.884375 0.744499 0.884375 0.749389
0 0.253125 0.612469 0.253125 0.766504 0.270312 0.766504 0.270312 0.751834 0.271875 0.749389 0.271875 0.739609 0.273438 0.737164 0.273438 0.727384 0.275000 0.724939 0.275000 0.649144 0.273438 0.646699 0.273438 0.639364 0.271875 0.636919 0.271875 0.612469
0 0.595312 0.602690 0.595312 0.622249 0.593750 0.624694 0.593750 0.627139 0.592188 0.629584 0.592188 0.632029 0.590625 0.634474 0.584375 0.634474 0.584375 0.671149 0.589063 0.671149 0.590625 0.673594 0.590625 0.693154 0.592188 0.695599 0.592188 0.700489 0.590625 0.702934 0.590625 0.707824 0.589063 0.710269 0.584375 0.710269 0.584375 0.766504 0.607813 0.766504 0.607813 0.751834 0.609375 0.749389 0.614062 0.749389 0.614062 0.602690
0 0.546875 0.612469 0.546875 0.756724 0.576563 0.756724 0.576563 0.634474 0.571875 0.634474 0.568750 0.629584 0.568750 0.627139 0.567187 0.624694 0.567187 0.612469
0 0.742188 0.602690 0.742188 0.619804 0.740625 0.622249 0.740625 0.627139 0.739062 0.629584 0.739062 0.632029 0.734375 0.639364 0.734375 0.641809 0.732813 0.644254 0.732813 0.649144 0.731250 0.651589 0.731250 0.661369 0.729688 0.663814 0.729688 0.668704 0.726562 0.673594 0.721875 0.673594 0.721875 0.705379 0.734375 0.705379 0.735937 0.707824 0.735937 0.720049 0.734375 0.722494 0.734375 0.727384 0.732813 0.729829 0.732813 0.744499 0.731250 0.746944 0.731250 0.761614 0.732813 0.764059 0.732813 0.776284 0.742188 0.776284 0.742188 0.766504 0.746875 0.759169 0.748438 0.761614 0.753125 0.761614 0.754687 0.759169 0.756250 0.759169 0.756250 0.751834 0.754687 0.749389 0.754687 0.720049 0.756250 0.717604 0.756250 0.712714 0.757812 0.710269 0.757812 0.707824 0.759375 0.705379 0.759375 0.683374 0.760938 0.680929 0.760938 0.673594 0.762500 0.671149 0.762500 0.649144 0.760938 0.646699 0.760938 0.641809 0.759375 0.639364 0.759375 0.617359 0.757812 0.614914 0.757812 0.602690
0 0.209375 0.756724 0.209375 0.737164 0.207813 0.734719 0.203125 0.734719 0.203125 0.756724 0.209375 0.756724 0.218750 0.756724 0.251563 0.756724 0.251563 0.744499 0.246875 0.744499 0.240625 0.734719 0.240625 0.695599 0.242188 0.693154 0.242188 0.661369 0.240625 0.658924 0.240625 0.654034 0.239063 0.651589 0.239063 0.649144 0.237500 0.646699 0.237500 0.644254 0.235938 0.641809 0.235938 0.639364 0.234375 0.636919 0.234375 0.629584 0.232812 0.627139 0.232812 0.614914 0.231250 0.612469 0.231250 0.602690 0.217187 0.602690 0.217187 0.612469 0.215625 0.614914 0.215625 0.617359 0.214062 0.619804 0.214062 0.624694 0.212500 0.627139 0.212500 0.629584 0.209375 0.634474 0.203125 0.634474 0.203125 0.705379 0.210938 0.705379 0.212500 0.707824 0.214062 0.707824 0.218750 0.715159 0.218750 0.717604 0.220313 0.720049 0.220313 0.729829 0.218750 0.732274 0.218750 0.756724
0 0.467187 0.602690 0.467187 0.612469 0.465625 0.614914 0.465625 0.617359 0.464063 0.619804 0.459375 0.619804 0.459375 0.766504 0.475000 0.766504 0.475000 0.759169 0.476562 0.756724 0.479688 0.756724 0.481250 0.759169 0.481250 0.766504 0.489062 0.766504 0.489062 0.683374 0.484375 0.683374 0.482812 0.680929 0.482812 0.673594 0.481250 0.671149 0.481250 0.668704 0.482812 0.666259 0.482812 0.646699 0.481250 0.644254 0.481250 0.617359 0.482812 0.614914 0.489062 0.614914 0.489062 0.602690
0 0.531250 0.602690 0.531250 0.612469 0.529688 0.614914 0.529688 0.617359 0.528125 0.619804 0.528125 0.622249 0.526563 0.624694 0.526563 0.651589 0.525000 0.654034 0.525000 0.683374 0.521875 0.688264 0.515625 0.688264 0.515625 0.715159 0.520312 0.715159 0.520312 0.712714 0.521875 0.710269 0.521875 0.705379 0.523438 0.702934 0.523438 0.700489 0.525000 0.698044 0.525000 0.695599 0.526563 0.693154 0.528125 0.695599 0.528125 0.700489 0.529688 0.702934 0.529688 0.732274 0.528125 0.734719 0.528125 0.746944 0.529688 0.749389 0.529688 0.751834 0.531250 0.754279 0.531250 0.766504 0.551562 0.766504 0.551562 0.619804 0.546875 0.619804 0.543750 0.614914 0.543750 0.602690
0 0.265625 0.612469 0.265625 0.766504 0.275000 0.766504 0.275000 0.756724 0.276563 0.754279 0.278125 0.756724 0.278125 0.766504 0.285937 0.766504 0.285937 0.749389 0.287500 0.746944 0.287500 0.737164 0.290625 0.732274 0.290625 0.729829 0.293750 0.724939 0.293750 0.722494 0.296875 0.717604 0.301562 0.717604 0.301562 0.683374 0.296875 0.683374 0.293750 0.678484 0.293750 0.676039 0.292188 0.673594 0.292188 0.668704 0.290625 0.666259 0.290625 0.656479 0.289062 0.654034 0.289062 0.649144 0.285937 0.644254 0.285937 0.639364 0.284375 0.636919 0.284375 0.627139 0.282813 0.624694 0.282813 0.612469
0 0.867188 0.602690 0.867188 0.612469 0.865625 0.614914 0.859375 0.614914 0.859375 0.732274 0.864062 0.732274 0.865625 0.734719 0.865625 0.737164 0.867188 0.739609 0.867188 0.744499 0.868750 0.746944 0.868750 0.764059 0.870313 0.766504 0.871875 0.766504 0.873438 0.768949 0.873438 0.776284 0.878125 0.776284 0.878125 0.768949 0.879687 0.766504 0.879687 0.685819 0.878125 0.683374 0.878125 0.671149 0.879687 0.668704 0.879687 0.658924 0.881250 0.656479 0.881250 0.649144 0.879687 0.646699 0.879687 0.644254 0.876562 0.639364 0.876562 0.636919 0.873438 0.632029 0.873438 0.627139 0.875000 0.624694 0.875000 0.622249 0.876562 0.619804 0.876562 0.602690
0 0.485938 0.592910 0.485938 0.612469 0.482812 0.617359 0.478125 0.617359 0.478125 0.678484 0.482812 0.678484 0.485938 0.683374 0.485938 0.685819 0.490625 0.693154 0.490625 0.698044 0.492188 0.700489 0.492188 0.722494 0.490625 0.724939 0.490625 0.727384 0.487500 0.732274 0.487500 0.734719 0.484375 0.739609 0.478125 0.739609 0.478125 0.756724 0.482812 0.756724 0.489062 0.746944 0.490625 0.746944 0.492188 0.749389 0.492188 0.751834 0.495313 0.756724 0.495313 0.766504 0.514063 0.766504 0.514063 0.654034 0.509375 0.654034 0.506250 0.649144 0.506250 0.646699 0.504687 0.644254 0.504687 0.636919 0.503125 0.634474 0.503125 0.624694 0.501562 0.622249 0.501562 0.614914 0.503125 0.612469 0.503125 0.592910
0 0.603125 0.602690 0.603125 0.646699 0.607813 0.646699 0.609375 0.649144 0.609375 0.661369 0.610937 0.663814 0.610937 0.712714 0.609375 0.715159 0.609375 0.720049 0.607813 0.722494 0.603125 0.722494 0.603125 0.766504 0.632812 0.766504 0.632812 0.649144 0.628125 0.649144 0.625000 0.644254 0.625000 0.641809 0.623438 0.639364 0.623438 0.634474 0.621875 0.632029 0.621875 0.622249 0.620313 0.619804 0.620313 0.614914 0.618750 0.612469 0.618750 0.602690
0 0.978125 0.602690 0.978125 0.622249 0.976562 0.624694 0.976562 0.629584 0.970312 0.639364 0.965625 0.639364 0.965625 0.734719 0.976562 0.734719 0.978125 0.737164 0.978125 0.739609 0.979688 0.742054 0.979688 0.751834 0.981250 0.754279 0.981250 0.764059 0.982813 0.766504 0.982813 0.776284 0.998438 0.776284 0.998438 0.700489 0.993750 0.700489 0.992188 0.702934 0.989062 0.702934 0.987500 0.705379 0.982813 0.705379 0.981250 0.702934 0.979688 0.702934 0.978125 0.700489 0.978125 0.698044 0.979688 0.695599 0.979688 0.690709 0.982813 0.685819 0.995313 0.685819 0.996875 0.683374 0.998438 0.683374 0.998438 0.636919 0.995313 0.636919 0.993750 0.634474 0.993750 0.632029 0.992188 0.629584 0.992188 0.602690
0 0.360938 0.612469 0.360938 0.624694 0.359375 0.627139 0.359375 0.629584 0.357812 0.632029 0.357812 0.634474 0.353125 0.641809 0.346875 0.641809 0.346875 0.756724 0.353125 0.756724 0.353125 0.746944 0.359375 0.737164 0.359375 0.732274 0.360938 0.729829 0.360938 0.727384 0.362500 0.724939 0.364062 0.724939 0.365625 0.722494 0.365625 0.717604 0.367188 0.715159 0.367188 0.680929 0.368750 0.678484 0.368750 0.676039 0.376563 0.663814 0.382812 0.663814 0.382812 0.639364 0.376563 0.639364 0.375000 0.636919 0.375000 0.632029 0.373437 0.629584 0.373437 0.612469
0 0.623438 0.751834 0.625000 0.754279 0.625000 0.766504 0.632812 0.766504 0.632812 0.707824 0.628125 0.707824 0.626562 0.710269 0.626562 0.722494 0.625000 0.724939 0.625000 0.732274 0.623438 0.734719 0.623438 0.751834 0.610937 0.746944 0.610937 0.688264 0.612500 0.685819 0.612500 0.678484 0.614062 0.676039 0.614062 0.673594 0.615625 0.671149 0.615625 0.663814 0.617188 0.661369 0.617188 0.658924 0.620313 0.654034 0.623438 0.658924 0.623438 0.671149 0.625000 0.673594 0.625000 0.678484 0.626562 0.680929 0.626562 0.683374 0.628125 0.685819 0.632812 0.685819 0.632812 0.644254 0.626562 0.644254 0.623438 0.639364 0.623438 0.636919 0.621875 0.634474 0.621875 0.624694 0.620313 0.622249 0.620313 0.617359 0.618750 0.614914 0.618750 0.602690 0.595312 0.602690 0.595312 0.627139 0.593750 0.629584 0.593750 0.632029 0.592188 0.634474 0.592188 0.636919 0.590625 0.639364 0.584375 0.639364 0.584375 0.671149 0.589063 0.671149 0.590625 0.673594 0.590625 0.676039 0.592188 0.678484 0.592188 0.685819 0.593750 0.688264 0.593750 0.702934 0.592188 0.705379 0.592188 0.729829 0.590625 0.732274 0.590625 0.742054 0.589063 0.744499 0.584375 0.744499 0.584375 0.766504 0.609375 0.766504 0.609375 0.749389 0.610937 0.746944
0 0.403125 0.710269 0.401563 0.712714 0.401563 0.720049 0.403125 0.720049 0.403125 0.710269 0.406250 0.705379 0.409375 0.705379 0.412500 0.710269 0.412500 0.715159 0.414062 0.717604 0.414062 0.720049 0.420312 0.720049 0.420312 0.656479 0.414062 0.656479 0.412500 0.654034 0.412500 0.644254 0.410937 0.641809 0.410937 0.622249 0.409375 0.619804 0.409375 0.614914 0.407813 0.612469 0.407813 0.610024 0.404687 0.605134 0.404687 0.592910 0.390625 0.592910 0.390625 0.666259 0.396875 0.666259 0.403125 0.676039 0.403125 0.678484 0.404687 0.680929 0.404687 0.683374 0.406250 0.685819 0.406250 0.705379
0 0.945312 0.749389 0.945312 0.776284 0.957812 0.776284 0.957812 0.734719 0.951563 0.734719 0.951563 0.737164 0.948438 0.742054 0.948438 0.744499 0.945312 0.749389 0.940625 0.742054 0.932813 0.729829 0.932813 0.724939 0.931250 0.722494 0.931250 0.717604 0.934375 0.712714 0.928125 0.685819 0.929688 0.683374 0.931250 0.683374 0.932813 0.680929 0.934375 0.680929 0.935938 0.678484 0.939062 0.678484 0.940625 0.676039 0.945312 0.676039 0.946875 0.673594 0.948438 0.673594 0.953125 0.666259 0.957812 0.666259 0.957812 0.649144 0.953125 0.649144 0.951563 0.646699 0.951563 0.644254 0.950000 0.641809 0.950000 0.636919 0.948438 0.634474 0.948438 0.629584 0.946875 0.627139 0.946875 0.624694 0.945312 0.622249 0.945312 0.614914 0.943750 0.612469 0.943750 0.592910 0.932813 0.592910 0.932813 0.607579 0.931250 0.610024 0.931250 0.619804 0.929688 0.622249 0.929688 0.624694 0.926562 0.629584 0.926562 0.632029 0.920313 0.641809 0.920313 0.646699 0.918750 0.649144 0.918750 0.656479 0.917188 0.658924 0.917188 0.663814 0.914062 0.668704 0.909375 0.668704 0.909375 0.690709 0.914062 0.690709 0.915625 0.688264 0.917188 0.688264 0.918750 0.685819 0.928125 0.685819 0.934375 0.712714 0.937500 0.712714 0.939062 0.710269 0.939062 0.712714 0.940625 0.715159 0.940625 0.742054
0 0.009375 0.602690 0.009375 0.612469 0.006250 0.617359 0.006250 0.622249 0.004688 0.624694 0.004688 0.627139 0.001563 0.632029 0.000000 0.632029 0.000000 0.727384 0.003125 0.727384 0.006250 0.732274 0.006250 0.734719 0.007812 0.737164 0.007812 0.746944 0.010937 0.746944 0.010937 0.737164 0.012500 0.734719 0.012500 0.729829 0.014062 0.727384 0.014062 0.724939 0.015625 0.722494 0.015625 0.720049 0.018750 0.715159 0.018750 0.712714 0.021875 0.707824 0.021875 0.698044 0.020312 0.695599 0.018750 0.695599 0.017188 0.698044 0.015625 0.698044 0.014062 0.695599 0.012500 0.695599 0.010937 0.693154 0.009375 0.693154 0.007812 0.690709 0.010937 0.685819 0.025000 0.685819 0.026563 0.683374 0.032812 0.683374 0.032812 0.636919 0.028125 0.636919 0.026563 0.634474 0.026563 0.632029 0.025000 0.629584 0.025000 0.627139 0.023438 0.624694 0.023438 0.617359 0.021875 0.614914 0.021875 0.602690
