5 0.893750 0.129977 0.893750 0.137002 0.892187 0.139344 0.889063 0.139344 0.887500 0.141686 0.876562 0.141686 0.875000 0.144028 0.862500 0.144028 0.860937 0.146370 0.853125 0.146370 0.851562 0.148712 0.843750 0.148712 0.842188 0.151054 0.835938 0.151054 0.834375 0.153396 0.828125 0.153396 0.826563 0.155738 0.821875 0.155738 0.820312 0.158080 0.815625 0.158080 0.814062 0.160422 0.807813 0.160422 0.806250 0.162763 0.798437 0.162763 0.796875 0.165105 0.793750 0.165105 0.792188 0.167447 0.784375 0.167447 0.782812 0.169789 0.776563 0.169789 0.775000 0.172131 0.770312 0.172131 0.768750 0.174473 0.764063 0.174473 0.762500 0.176815 0.757812 0.176815 0.756250 0.179157 0.748438 0.179157 0.746875 0.181499 0.739062 0.181499 0.737500 0.183841 0.731250 0.183841 0.729688 0.186183 0.723437 0.186183 0.721875 0.188525 0.712500 0.188525 0.710938 0.190867 0.703125 0.190867 0.701563 0.193208 0.698438 0.193208 0.696875 0.195550 0.690625 0.195550 0.689062 0.197892 0.681250 0.197892 0.679688 0.200234 0.673437 0.200234 0.671875 0.202576 0.667188 0.202576 0.665625 0.204918 0.659375 0.204918 0.657812 0.207260 0.651563 0.207260 0.650000 0.209602 0.643750 0.209602 0.642187 0.211944 0.637500 0.211944 0.635938 0.214286 0.628125 0.214286 0.626562 0.216628 0.615625 0.216628 0.614062 0.218970 0.606250 0.218970 0.604688 0.221311 0.600000 0.221311 0.598437 0.223653 0.593750 0.223653 0.592188 0.225995 0.585938 0.225995 0.584375 0.228337 0.578125 0.228337 0.576563 0.230679 0.571875 0.230679 0.570312 0.233021 0.562500 0.233021 0.560938 0.235363 0.554688 0.235363 0.553125 0.237705 0.546875 0.237705 0.545313 0.240047 0.539062 0.240047 0.537500 0.242389 0.532812 0.242389 0.531250 0.244731 0.523438 0.244731 0.521875 0.247073 0.515625 0.247073 0.514063 0.249415 0.509375 0.249415 0.507812 0.251756 0.503125 0.251756 0.501562 0.254098 0.495313 0.254098 0.493750 0.256440 0.484375 0.256440 0.482812 0.258782 0.475000 0.258782 0.473437 0.261124 0.465625 0.261124 0.464063 0.263466 0.457812 0.263466 0.456250 0.265808 0.450000 0.265808 0.448438 0.268150 0.443750 0.268150 0.442187 0.270492 0.435937 0.270492 0.434375 0.272834 0.425000 0.272834 0.423438 0.275176 0.415625 0.275176 0.414062 0.277518 0.409375 0.277518 0.407813 0.279859 0.403125 0.279859 0.401563 0.282201 0.395312 0.282201 0.393750 0.284543 0.387500 0.284543 0.385938 0.286885 0.381250 0.286885 0.379687 0.289227 0.373437 0.289227 0.371875 0.291569 0.364062 0.291569 0.362500 0.293911 0.354688 0.293911 0.353125 0.296253 0.348437 0.296253 0.346875 0.298595 0.343750 0.298595 0.342187 0.300937 0.340625 0.300937 0.339063 0.303279 0.337500 0.303279 0.335938 0.305621 0.334375 0.305621 0.334375 0.307963 0.331250 0.312646 0.331250 0.314988 0.329688 0.317330 0.329688 0.382904 0.331250 0.385246 0.331250 0.415691 0.332812 0.418033 0.332812 0.429742 0.334375 0.432084 0.334375 0.464871 0.332812 0.467213 0.332812 0.481265 0.331250 0.483607 0.331250 0.485948 0.332812 0.488290 0.332812 0.490632 0.337500 0.497658 0.340625 0.497658 0.342187 0.500000 0.343750 0.500000 0.345313 0.502342 0.357812 0.502342 0.359375 0.504684 0.364062 0.504684 0.370313 0.514051 0.370313 0.516393 0.381250 0.532787 0.382812 0.532787 0.384375 0.535129 0.385938 0.535129 0.387500 0.537471 0.389062 0.537471 0.390625 0.539813 0.406250 0.539813 0.407813 0.542155 0.410937 0.542155 0.412500 0.544496 0.414062 0.544496 0.415625 0.546838 0.425000 0.546838 0.426562 0.544496 0.428125 0.544496 0.434375 0.535129 0.434375 0.532787 0.437500 0.528103 0.439063 0.528103 0.440625 0.525761 0.478125 0.525761 0.481250 0.521077 0.481250 0.511710 0.476562 0.504684 0.476562 0.502342 0.475000 0.500000 0.475000 0.483607 0.473437 0.481265 0.473437 0.448478 0.475000 0.446136 0.475000 0.441452 0.476562 0.439110 0.476562 0.436768 0.478125 0.434426 0.478125 0.429742 0.479688 0.427400 0.479688 0.425059 0.482812 0.420375 0.482812 0.418033 0.489062 0.408665 0.489062 0.406323 0.490625 0.403981 0.490625 0.396955 0.492188 0.394614 0.492188 0.392272 0.495313 0.387588 0.504687 0.387588 0.509375 0.394614 0.509375 0.396955 0.512500 0.401639 0.512500 0.403981 0.518750 0.413349 0.518750 0.415691 0.520312 0.418033 0.520312 0.420375 0.521875 0.422717 0.521875 0.429742 0.523438 0.432084 0.523438 0.434426 0.525000 0.436768 0.525000 0.439110 0.526563 0.441452 0.526563 0.443794 0.534375 0.455504 0.542188 0.455504 0.543750 0.453162 0.550000 0.453162 0.554688 0.460187 0.554688 0.464871 0.556250 0.467213 0.556250 0.469555 0.557813 0.471897 0.557813 0.474239 0.559375 0.476581 0.559375 0.485948 0.560938 0.488290 0.560938 0.504684 0.564062 0.509368 0.564062 0.511710 0.565625 0.514051 0.567187 0.514051 0.576563 0.528103 0.576563 0.530445 0.578125 0.532787 0.578125 0.535129 0.579687 0.537471 0.581250 0.537471 0.582812 0.539813 0.603125 0.539813 0.604688 0.542155 0.620313 0.542155 0.621875 0.544496 0.623438 0.544496 0.625000 0.546838 0.626562 0.546838 0.628125 0.549180 0.645312 0.549180 0.646875 0.551522 0.675000 0.551522 0.676562 0.553864 0.679688 0.553864 0.681250 0.556206 0.682813 0.556206 0.684375 0.558548 0.690625 0.558548 0.692187 0.560890 0.703125 0.560890 0.704687 0.563232 0.710938 0.563232 0.712500 0.565574 0.717188 0.565574 0.718750 0.567916 0.721875 0.567916 0.723437 0.570258 0.725000 0.570258 0.726562 0.572600 0.728125 0.572600 0.729688 0.574941 0.731250 0.574941 0.732813 0.577283 0.734375 0.577283 0.740625 0.586651 0.740625 0.588993 0.746875 0.598361 0.748438 0.598361 0.751562 0.603045 0.753125 0.603045 0.759375 0.612412 0.762500 0.612412 0.765625 0.617096 0.765625 0.624122 0.804688 0.624122 0.804688 0.614754 0.810938 0.605386 0.810938 0.603045 0.812500 0.600703 0.812500 0.598361 0.814062 0.596019 0.814062 0.593677 0.820312 0.584309 0.825000 0.584309 0.826563 0.581967 0.828125 0.581967 0.829687 0.584309 0.832812 0.584309 0.840625 0.596019 0.842188 0.596019 0.843750 0.598361 0.848437 0.598361 0.850000 0.600703 0.859375 0.600703 0.860937 0.603045 0.873438 0.603045 0.875000 0.600703 0.892187 0.600703 0.893750 0.598361 0.925000 0.598361 0.926562 0.596019 0.950000 0.596019 0.951563 0.593677 0.965625 0.593677 0.967188 0.596019 0.979688 0.596019 0.981250 0.598361 0.990625 0.598361 0.992188 0.600703 0.993750 0.600703 0.995313 0.603045 0.998438 0.603045 0.998438 0.165105 0.993750 0.165105 0.992188 0.162763 0.989062 0.162763 0.987500 0.160422 0.982813 0.160422 0.981250 0.158080 0.976562 0.158080 0.975000 0.155738 0.971875 0.155738 0.970312 0.153396 0.967188 0.153396 0.965625 0.151054 0.960938 0.151054 0.959375 0.148712 0.957812 0.148712 0.956250 0.146370 0.954687 0.146370 0.953125 0.144028 0.951563 0.144028 0.950000 0.141686 0.946875 0.141686 0.945312 0.139344 0.940625 0.139344 0.939062 0.137002 0.939062 0.129977
2 0.000000 0.420375 0.000000 0.511710 0.026563 0.511710 0.026563 0.469555 0.021875 0.469555 0.018750 0.464871 0.018750 0.460187 0.017188 0.457845 0.017188 0.453162 0.015625 0.450820 0.015625 0.448478 0.012500 0.443794 0.012500 0.441452 0.010937 0.439110 0.010937 0.436768 0.009375 0.434426 0.009375 0.432084 0.006250 0.427400 0.006250 0.420375
0 0.115625 0.411007 0.115625 0.432084 0.114063 0.434426 0.114063 0.441452 0.110937 0.446136 0.110937 0.448478 0.103125 0.460187 0.103125 0.462529 0.101562 0.464871 0.101562 0.467213 0.100000 0.469555 0.100000 0.471897 0.098438 0.474239 0.098438 0.476581 0.095312 0.481265 0.090625 0.481265 0.090625 0.500000 0.095312 0.500000 0.098438 0.504684 0.098438 0.507026 0.100000 0.509368 0.100000 0.560890 0.101562 0.563232 0.101562 0.603045 0.100000 0.605386 0.100000 0.614754 0.098438 0.617096 0.098438 0.652225 0.100000 0.654567 0.100000 0.656909 0.101562 0.659251 0.103125 0.659251 0.104687 0.661592 0.114063 0.661592 0.115625 0.659251 0.123438 0.659251 0.125000 0.656909 0.128125 0.656909 0.131250 0.652225 0.131250 0.649883 0.132812 0.647541 0.132812 0.645199 0.134375 0.642857 0.134375 0.624122 0.135937 0.621780 0.135937 0.581967 0.137500 0.579625 0.137500 0.549180 0.139062 0.546838 0.139062 0.544496 0.140625 0.542155 0.145313 0.542155 0.145313 0.539813 0.140625 0.539813 0.139062 0.537471 0.139062 0.532787 0.137500 0.530445 0.137500 0.462529 0.135937 0.460187 0.135937 0.450820 0.134375 0.448478 0.134375 0.443794 0.135937 0.441452 0.135937 0.411007
0 0.259375 0.420375 0.259375 0.429742 0.257812 0.432084 0.257812 0.441452 0.256250 0.443794 0.256250 0.446136 0.250000 0.455504 0.250000 0.460187 0.248437 0.462529 0.248437 0.464871 0.246875 0.467213 0.246875 0.471897 0.245312 0.474239 0.240625 0.474239 0.240625 0.523419 0.245312 0.523419 0.248437 0.528103 0.248437 0.535129 0.250000 0.537471 0.250000 0.560890 0.248437 0.563232 0.248437 0.584309 0.246875 0.586651 0.246875 0.593677 0.245312 0.596019 0.240625 0.596019 0.240625 0.605386 0.278125 0.605386 0.278125 0.588993 0.279687 0.586651 0.279687 0.560890 0.278125 0.558548 0.278125 0.551522 0.276563 0.549180 0.276563 0.546838 0.275000 0.544496 0.275000 0.525761 0.276563 0.523419 0.276563 0.514051 0.278125 0.511710 0.278125 0.495316 0.276563 0.492974 0.276563 0.488290 0.275000 0.485948 0.275000 0.474239 0.273438 0.471897 0.273438 0.464871 0.271875 0.462529 0.271875 0.460187 0.270312 0.457845 0.270312 0.455504 0.268750 0.453162 0.268750 0.443794 0.267188 0.441452 0.267188 0.429742 0.265625 0.427400 0.265625 0.420375
28 0.535937 0.514051 0.535937 0.521077 0.534375 0.523419 0.528125 0.523419 0.528125 0.581967 0.540625 0.581967 0.542188 0.584309 0.542188 0.586651 0.545313 0.591335 0.545313 0.593677 0.548437 0.598361 0.548437 0.605386 0.568750 0.605386 0.568750 0.593677 0.570312 0.591335 0.570312 0.588993 0.571875 0.586651 0.576563 0.586651 0.576563 0.528103 0.570312 0.528103 0.567187 0.523419 0.567187 0.514051
2 0.095312 0.603045 0.095312 0.549180 0.096875 0.546838 0.096875 0.514051 0.095312 0.511710 0.095312 0.509368 0.093750 0.507026 0.093750 0.502342 0.092188 0.500000 0.092188 0.492974 0.090625 0.490632 0.090625 0.488290 0.082813 0.488290 0.079687 0.492974 0.078125 0.492974 0.076563 0.495316 0.076563 0.497658 0.075000 0.500000 0.075000 0.502342 0.073437 0.504684 0.073437 0.507026 0.071875 0.509368 0.065625 0.509368 0.065625 0.626464 0.071875 0.626464 0.076563 0.633489 0.076563 0.642857 0.084375 0.642857 0.084375 0.635831 0.089062 0.628806 0.090625 0.628806 0.093750 0.624122 0.093750 0.605386 0.095312 0.603045 0.139062 0.605386 0.140625 0.607728 0.140625 0.617096 0.143750 0.617096 0.145313 0.614754 0.150000 0.614754 0.151562 0.617096 0.153125 0.614754 0.165625 0.614754 0.167187 0.612412 0.168750 0.612412 0.170312 0.610070 0.179688 0.610070 0.181250 0.612412 0.187500 0.612412 0.189063 0.614754 0.192188 0.614754 0.193750 0.617096 0.196875 0.617096 0.198437 0.619438 0.204688 0.619438 0.206250 0.617096 0.215625 0.617096 0.217187 0.614754 0.223438 0.614754 0.225000 0.612412 0.232812 0.612412 0.232812 0.511710 0.228125 0.511710 0.225000 0.507026 0.223438 0.507026 0.214062 0.492974 0.214062 0.490632 0.210938 0.485948 0.210938 0.481265 0.209375 0.478923 0.209375 0.467213 0.207813 0.464871 0.207813 0.457845 0.206250 0.455504 0.206250 0.443794 0.204688 0.441452 0.204688 0.436768 0.203125 0.434426 0.203125 0.432084 0.201562 0.429742 0.201562 0.420375 0.139062 0.420375 0.139062 0.439110 0.137500 0.441452 0.137500 0.450820 0.139062 0.453162 0.139062 0.462529 0.140625 0.464871 0.140625 0.511710 0.142188 0.514051 0.142188 0.546838 0.140625 0.549180 0.140625 0.563232 0.139062 0.565574 0.139062 0.605386
2 0.276563 0.420375 0.276563 0.427400 0.273438 0.432084 0.271875 0.432084 0.270312 0.434426 0.265625 0.434426 0.265625 0.453162 0.270312 0.453162 0.275000 0.460187 0.275000 0.462529 0.276563 0.464871 0.276563 0.467213 0.278125 0.469555 0.281250 0.469555 0.282813 0.467213 0.285937 0.471897 0.285937 0.474239 0.287500 0.476581 0.287500 0.488290 0.284375 0.492974 0.284375 0.511710 0.290625 0.511710 0.290625 0.504684 0.295312 0.497658 0.296875 0.497658 0.298438 0.495316 0.303125 0.495316 0.304688 0.492974 0.309375 0.492974 0.310937 0.495316 0.323438 0.495316 0.325000 0.497658 0.339063 0.497658 0.339063 0.429742 0.334375 0.429742 0.332812 0.427400 0.332812 0.420375
0 0.493750 0.382904 0.493750 0.401639 0.492188 0.403981 0.492188 0.408665 0.490625 0.411007 0.490625 0.413349 0.484375 0.422717 0.484375 0.425059 0.481250 0.429742 0.481250 0.434426 0.479688 0.436768 0.479688 0.439110 0.476562 0.443794 0.471875 0.443794 0.471875 0.485948 0.482812 0.485948 0.484375 0.488290 0.484375 0.492974 0.485938 0.495316 0.485938 0.509368 0.487500 0.511710 0.487500 0.537471 0.485938 0.539813 0.485938 0.542155 0.484375 0.544496 0.484375 0.546838 0.482812 0.549180 0.482812 0.556206 0.484375 0.558548 0.484375 0.565574 0.485938 0.567916 0.485938 0.579625 0.487500 0.581967 0.487500 0.607728 0.489062 0.610070 0.489062 0.624122 0.496875 0.624122 0.496875 0.610070 0.495313 0.607728 0.496875 0.605386 0.496875 0.600703 0.498437 0.598361 0.498437 0.591335 0.500000 0.588993 0.500000 0.539813 0.501562 0.537471 0.503125 0.537471 0.506250 0.532787 0.506250 0.530445 0.507812 0.528103 0.509375 0.528103 0.510938 0.525761 0.512500 0.525761 0.515625 0.521077 0.515625 0.518735 0.517187 0.516393 0.517187 0.514051 0.518750 0.511710 0.518750 0.490632 0.521875 0.485948 0.532812 0.485948 0.532812 0.460187 0.526563 0.460187 0.523438 0.464871 0.521875 0.464871 0.520312 0.462529 0.520312 0.450820 0.521875 0.448478 0.521875 0.446136 0.520312 0.443794 0.520312 0.434426 0.518750 0.432084 0.518750 0.425059 0.517187 0.422717 0.517187 0.420375 0.515625 0.420375 0.514063 0.418033 0.514063 0.415691 0.510938 0.411007 0.510938 0.408665 0.509375 0.406323 0.509375 0.401639 0.507812 0.399297 0.507812 0.382904
0 0.493750 0.382904 0.493750 0.401639 0.492188 0.403981 0.492188 0.408665 0.489062 0.413349 0.489062 0.415691 0.482812 0.425059 0.478125 0.425059 0.478125 0.492974 0.482812 0.492974 0.484375 0.495316 0.484375 0.502342 0.485938 0.504684 0.485938 0.509368 0.487500 0.511710 0.487500 0.523419 0.489062 0.525761 0.489062 0.539813 0.506250 0.539813 0.506250 0.532787 0.510938 0.525761 0.512500 0.525761 0.517187 0.518735 0.517187 0.514051 0.518750 0.511710 0.518750 0.500000 0.520312 0.497658 0.520312 0.495316 0.521875 0.492974 0.523438 0.492974 0.525000 0.490632 0.532812 0.490632 0.532812 0.455504 0.528125 0.455504 0.526563 0.453162 0.525000 0.453162 0.523438 0.450820 0.523438 0.448478 0.521875 0.446136 0.521875 0.439110 0.520312 0.436768 0.520312 0.432084 0.518750 0.429742 0.518750 0.418033 0.517187 0.415691 0.515625 0.415691 0.512500 0.411007 0.512500 0.408665 0.510938 0.406323 0.510938 0.403981 0.509375 0.401639 0.509375 0.399297 0.507812 0.396955 0.507812 0.382904
0 0.203125 0.420375 0.203125 0.464871 0.207813 0.464871 0.210938 0.469555 0.210938 0.476581 0.212500 0.478923 0.212500 0.483607 0.214062 0.485948 0.214062 0.488290 0.215625 0.490632 0.215625 0.492974 0.217187 0.495316 0.217187 0.502342 0.232812 0.502342 0.232812 0.450820 0.228125 0.450820 0.226562 0.448478 0.226562 0.441452 0.225000 0.439110 0.225000 0.420375
24 0.515625 0.570258 0.515625 0.633489 0.551562 0.633489 0.551562 0.596019 0.546875 0.596019 0.543750 0.591335 0.543750 0.586651 0.540625 0.581967 0.540625 0.579625 0.539062 0.577283 0.539062 0.570258
