0 0.426562 0.570081 0.426562 0.580863 0.425000 0.583558 0.425000 0.586253 0.423438 0.588949 0.423438 0.594340 0.421875 0.597035 0.421875 0.607817 0.420312 0.610512 0.420312 0.618598 0.418750 0.621294 0.418750 0.640162 0.404687 0.664420 0.404687 0.669811 0.403125 0.672507 0.403125 0.677898 0.401563 0.680593 0.401563 0.683288 0.400000 0.685984 0.400000 0.688679 0.398438 0.691375 0.398438 0.694070 0.396875 0.696765 0.396875 0.699461 0.392188 0.707547 0.392188 0.712938 0.393750 0.715633 0.393750 0.726415 0.395312 0.729111 0.395312 0.734501 0.396875 0.737197 0.396875 0.739892 0.400000 0.745283 0.400000 0.747978 0.401563 0.750674 0.401563 0.753369 0.406250 0.761456 0.406250 0.785714 0.404687 0.788410 0.404687 0.809973 0.403125 0.812668 0.403125 0.823450 0.401563 0.826146 0.401563 0.834232 0.400000 0.836927 0.400000 0.874663 0.398438 0.877358 0.398438 0.896226 0.396875 0.898922 0.396875 0.912399 0.395312 0.915094 0.395312 0.939353 0.393750 0.942048 0.393750 0.952830 0.392188 0.955526 0.392188 0.966307 0.389062 0.971698 0.384375 0.971698 0.384375 0.998652 0.417188 0.998652 0.417188 0.979784 0.418750 0.977089 0.418750 0.969003 0.420312 0.966307 0.420312 0.960916 0.421875 0.958221 0.421875 0.955526 0.423438 0.952830 0.423438 0.947439 0.425000 0.944744 0.425000 0.933962 0.426562 0.931267 0.426562 0.923181 0.431250 0.915094 0.431250 0.909703 0.432813 0.907008 0.435937 0.912399 0.435937 0.933962 0.437500 0.936658 0.437500 0.952830 0.439063 0.955526 0.439063 0.969003 0.440625 0.971698 0.440625 0.982480 0.439063 0.985175 0.439063 0.998652 0.460938 0.998652 0.460938 0.982480 0.462500 0.979784 0.462500 0.971698 0.464063 0.969003 0.464063 0.963612 0.465625 0.960916 0.465625 0.925876 0.467187 0.923181 0.467187 0.904313 0.468750 0.901617 0.468750 0.877358 0.470313 0.874663 0.470313 0.861186 0.471875 0.858491 0.471875 0.828841 0.473437 0.826146 0.473437 0.807278 0.475000 0.804582 0.475000 0.788410 0.476562 0.785714 0.476562 0.780323 0.478125 0.777628 0.478125 0.774933 0.482812 0.766846 0.489062 0.766846 0.489062 0.702156 0.484375 0.702156 0.482812 0.699461 0.482812 0.696765 0.481250 0.694070 0.481250 0.688679 0.479688 0.685984 0.479688 0.683288 0.478125 0.680593 0.478125 0.677898 0.476562 0.675202 0.476562 0.672507 0.468750 0.659030 0.467187 0.659030 0.464063 0.653639 0.462500 0.653639 0.456250 0.642857 0.456250 0.605121 0.454688 0.602426 0.454688 0.597035 0.453125 0.594340 0.453125 0.591644 0.448438 0.583558 0.446875 0.583558 0.445312 0.580863 0.445312 0.570081
5 0.707812 0.397574 0.707812 0.405660 0.703125 0.413747 0.703125 0.416442 0.701563 0.419137 0.700000 0.419137 0.698438 0.421833 0.690625 0.421833 0.689062 0.419137 0.684375 0.419137 0.682813 0.421833 0.682813 0.424528 0.681250 0.427224 0.681250 0.443396 0.678125 0.448787 0.678125 0.451482 0.676562 0.454178 0.676562 0.456873 0.675000 0.459569 0.675000 0.462264 0.673437 0.464960 0.673437 0.470350 0.665625 0.483828 0.670313 0.491914 0.670313 0.500000 0.665625 0.508086 0.659375 0.508086 0.659375 0.551213 0.667188 0.551213 0.668750 0.548518 0.670313 0.548518 0.673437 0.553908 0.673437 0.626685 0.675000 0.629380 0.676562 0.629380 0.678125 0.632075 0.679688 0.632075 0.681250 0.634771 0.689062 0.634771 0.690625 0.637466 0.709375 0.637466 0.710938 0.640162 0.715625 0.640162 0.717188 0.642857 0.718750 0.642857 0.720312 0.645553 0.720312 0.653639 0.787500 0.653639 0.787500 0.642857 0.789062 0.640162 0.789062 0.629380 0.790625 0.626685 0.790625 0.613208 0.792188 0.610512 0.792188 0.594340 0.793750 0.591644 0.793750 0.578167 0.795313 0.575472 0.795313 0.567385 0.796875 0.564690 0.796875 0.559299 0.798437 0.556604 0.798437 0.553908 0.800000 0.551213 0.800000 0.548518 0.801562 0.545822 0.801562 0.540431 0.803125 0.537736 0.803125 0.532345 0.804688 0.529650 0.804688 0.526954 0.806250 0.524259 0.806250 0.518868 0.807813 0.516173 0.807813 0.510782 0.809375 0.508086 0.809375 0.505391 0.810938 0.502695 0.810938 0.500000 0.814062 0.494609 0.814062 0.491914 0.815625 0.489218 0.815625 0.486523 0.818750 0.481132 0.818750 0.478437 0.821875 0.473046 0.821875 0.470350 0.823438 0.467655 0.823438 0.464960 0.826563 0.459569 0.826563 0.456873 0.834375 0.443396 0.835938 0.443396 0.839063 0.438005 0.842188 0.438005 0.843750 0.435310 0.845312 0.435310 0.846875 0.432615 0.859375 0.432615 0.860937 0.435310 0.865625 0.435310 0.870313 0.443396 0.870313 0.454178 0.868750 0.456873 0.868750 0.467655 0.873438 0.475741 0.875000 0.475741 0.878125 0.481132 0.878125 0.483828 0.889063 0.502695 0.889063 0.505391 0.890625 0.505391 0.896875 0.494609 0.896875 0.489218 0.898438 0.486523 0.898438 0.483828 0.900000 0.481132 0.900000 0.478437 0.901563 0.475741 0.901563 0.473046 0.903125 0.470350 0.903125 0.467655 0.907812 0.459569 0.907812 0.456873 0.921875 0.432615 0.926562 0.432615 0.926562 0.413747 0.918750 0.413747 0.917188 0.411051 0.912500 0.411051 0.910937 0.408356 0.909375 0.408356 0.907812 0.405660 0.907812 0.397574 0.767187 0.397574 0.767187 0.405660 0.765625 0.408356 0.764063 0.408356 0.762500 0.405660 0.762500 0.397574
5 0.825000 0.454178 0.825000 0.456873 0.823438 0.459569 0.823438 0.462264 0.821875 0.464960 0.821875 0.467655 0.820312 0.470350 0.820312 0.475741 0.818750 0.478437 0.818750 0.481132 0.815625 0.486523 0.815625 0.489218 0.814062 0.491914 0.814062 0.494609 0.812500 0.497305 0.812500 0.502695 0.806250 0.513477 0.806250 0.518868 0.804688 0.521563 0.804688 0.526954 0.803125 0.529650 0.803125 0.537736 0.801562 0.540431 0.801562 0.543127 0.800000 0.545822 0.800000 0.551213 0.798437 0.553908 0.798437 0.559299 0.795313 0.564690 0.795313 0.567385 0.793750 0.570081 0.793750 0.575472 0.792188 0.578167 0.792188 0.597035 0.790625 0.599730 0.790625 0.602426 0.789062 0.605121 0.784375 0.605121 0.784375 0.683288 0.790625 0.683288 0.792188 0.685984 0.793750 0.685984 0.795313 0.688679 0.807813 0.688679 0.809375 0.691375 0.810938 0.691375 0.812500 0.694070 0.814062 0.694070 0.817187 0.699461 0.818750 0.699461 0.821875 0.704852 0.823438 0.704852 0.825000 0.707547 0.826563 0.707547 0.828125 0.710243 0.831250 0.710243 0.832812 0.712938 0.834375 0.712938 0.835938 0.715633 0.839063 0.715633 0.840625 0.718329 0.842188 0.718329 0.843750 0.721024 0.843750 0.729111 0.870313 0.729111 0.870313 0.704852 0.868750 0.702156 0.868750 0.694070 0.870313 0.691375 0.870313 0.680593 0.871875 0.677898 0.871875 0.664420 0.873438 0.661725 0.873438 0.642857 0.875000 0.640162 0.875000 0.615903 0.876562 0.613208 0.876562 0.599730 0.878125 0.597035 0.878125 0.583558 0.879687 0.580863 0.879687 0.570081 0.881250 0.567385 0.881250 0.561995 0.882812 0.559299 0.882812 0.553908 0.884375 0.551213 0.884375 0.545822 0.885938 0.543127 0.885938 0.537736 0.887500 0.535040 0.887500 0.532345 0.890625 0.526954 0.890625 0.524259 0.892187 0.521563 0.892187 0.518868 0.895312 0.513477 0.895312 0.510782 0.896875 0.508086 0.896875 0.505391 0.898438 0.502695 0.898438 0.497305 0.900000 0.494609 0.900000 0.491914 0.901563 0.489218 0.901563 0.486523 0.903125 0.483828 0.903125 0.481132 0.904688 0.478437 0.904688 0.475741 0.907812 0.470350 0.907812 0.467655 0.912500 0.459569 0.912500 0.456873 0.917188 0.448787 0.917188 0.446092 0.920313 0.440701 0.921875 0.440701 0.926562 0.432615 0.928125 0.432615 0.929688 0.429919 0.932813 0.429919 0.934375 0.427224 0.939062 0.427224 0.939062 0.408356 0.870313 0.408356 0.870313 0.416442 0.868750 0.419137 0.867188 0.419137 0.865625 0.421833 0.859375 0.421833 0.857813 0.424528 0.853125 0.424528 0.851562 0.427224 0.848437 0.427224 0.846875 0.429919 0.845312 0.429919 0.843750 0.432615 0.842188 0.432615 0.840625 0.435310 0.839063 0.435310 0.832812 0.446092 0.829687 0.446092 0.825000 0.454178 0.796875 0.416442 0.796875 0.408356 0.784375 0.408356 0.784375 0.419137 0.790625 0.419137 0.792188 0.416442 0.796875 0.416442
3 0.231250 0.726415 0.229687 0.729111 0.220313 0.729111 0.218750 0.731806 0.215625 0.731806 0.214062 0.734501 0.214062 0.737197 0.212500 0.739892 0.212500 0.750674 0.214062 0.753369 0.214062 0.756065 0.220313 0.766846 0.220313 0.769542 0.221875 0.772237 0.221875 0.780323 0.220313 0.783019 0.220313 0.785714 0.217187 0.791105 0.217187 0.793801 0.212500 0.801887 0.210938 0.801887 0.207813 0.807278 0.207813 0.809973 0.203125 0.818059 0.203125 0.820755 0.196875 0.831536 0.195312 0.831536 0.192188 0.836927 0.190625 0.836927 0.189063 0.839623 0.189063 0.842318 0.187500 0.845013 0.187500 0.847709 0.185937 0.850404 0.185937 0.853100 0.178125 0.866577 0.176563 0.866577 0.175000 0.869272 0.173438 0.869272 0.170312 0.874663 0.170312 0.877358 0.168750 0.880054 0.168750 0.893531 0.167187 0.896226 0.167187 0.907008 0.165625 0.909703 0.165625 0.915094 0.164062 0.917790 0.159375 0.917790 0.159375 0.971698 0.164062 0.971698 0.165625 0.974394 0.165625 0.977089 0.167187 0.979784 0.167187 0.982480 0.165625 0.985175 0.165625 0.998652 0.229687 0.998652 0.229687 0.990566 0.231250 0.987871 0.231250 0.982480 0.232812 0.979784 0.232812 0.977089 0.234375 0.974394 0.235938 0.974394 0.240625 0.966307 0.242188 0.969003 0.246875 0.969003 0.250000 0.963612 0.250000 0.958221 0.251563 0.955526 0.251563 0.950135 0.256250 0.942048 0.256250 0.939353 0.257812 0.936658 0.260938 0.936658 0.262500 0.933962 0.264062 0.933962 0.264062 0.907008 0.262500 0.904313 0.262500 0.901617 0.260938 0.898922 0.260938 0.871968 0.262500 0.869272 0.262500 0.855795 0.264062 0.853100 0.264062 0.815364 0.265625 0.812668 0.265625 0.809973 0.271875 0.799191 0.276563 0.799191 0.276563 0.769542 0.270312 0.769542 0.268750 0.766846 0.268750 0.764151 0.267188 0.761456 0.267188 0.758760 0.265625 0.756065 0.265625 0.753369 0.264062 0.750674 0.264062 0.742588 0.262500 0.739892 0.260938 0.739892 0.259375 0.737197 0.257812 0.737197 0.256250 0.734501 0.253125 0.734501 0.251563 0.731806 0.248437 0.731806 0.246875 0.729111 0.240625 0.729111 0.239063 0.726415
3 0.134375 0.634771 0.134375 0.661725 0.135937 0.664420 0.135937 0.669811 0.134375 0.672507 0.134375 0.685984 0.131250 0.691375 0.129688 0.691375 0.121875 0.704852 0.121875 0.707547 0.118750 0.712938 0.118750 0.715633 0.115625 0.721024 0.115625 0.731806 0.114063 0.734501 0.114063 0.742588 0.112500 0.745283 0.112500 0.750674 0.110937 0.753369 0.110937 0.783019 0.112500 0.785714 0.112500 0.818059 0.114063 0.820755 0.114063 0.834232 0.112500 0.836927 0.112500 0.839623 0.110937 0.842318 0.109375 0.842318 0.104687 0.850404 0.103125 0.850404 0.101562 0.853100 0.100000 0.853100 0.082813 0.882749 0.081250 0.882749 0.078125 0.888140 0.078125 0.890836 0.076563 0.893531 0.076563 0.898922 0.075000 0.901617 0.075000 0.907008 0.073437 0.909703 0.073437 0.912399 0.070312 0.917790 0.065625 0.917790 0.065625 0.971698 0.070312 0.971698 0.075000 0.979784 0.075000 0.982480 0.079687 0.990566 0.079687 0.998652 0.165625 0.998652 0.165625 0.987871 0.167187 0.985175 0.167187 0.979784 0.168750 0.977089 0.168750 0.955526 0.167187 0.952830 0.167187 0.933962 0.168750 0.931267 0.168750 0.917790 0.170312 0.915094 0.170312 0.909703 0.171875 0.907008 0.171875 0.904313 0.173438 0.901617 0.173438 0.896226 0.175000 0.893531 0.175000 0.885445 0.178125 0.880054 0.179688 0.880054 0.182812 0.874663 0.187500 0.874663 0.189063 0.871968 0.195312 0.882749 0.196875 0.882749 0.198437 0.885445 0.198437 0.888140 0.200000 0.890836 0.200000 0.893531 0.201562 0.896226 0.201562 0.898922 0.203125 0.901617 0.203125 0.907008 0.209375 0.917790 0.214062 0.917790 0.214062 0.853100 0.201562 0.853100 0.200000 0.855795 0.196875 0.855795 0.195312 0.858491 0.184375 0.858491 0.181250 0.853100 0.181250 0.850404 0.178125 0.845013 0.178125 0.842318 0.176563 0.839623 0.176563 0.836927 0.175000 0.834232 0.175000 0.807278 0.176563 0.804582 0.176563 0.796496 0.179688 0.791105 0.179688 0.788410 0.184375 0.780323 0.187500 0.780323 0.189063 0.783019 0.190625 0.780323 0.190625 0.777628 0.193750 0.772237 0.195312 0.772237 0.198437 0.766846 0.198437 0.764151 0.200000 0.761456 0.198437 0.758760 0.198437 0.742588 0.196875 0.739892 0.196875 0.723720 0.195312 0.721024 0.195312 0.718329 0.192188 0.712938 0.192188 0.710243 0.181250 0.691375 0.179688 0.691375 0.178125 0.688679 0.175000 0.688679 0.173438 0.685984 0.170312 0.685984 0.168750 0.683288 0.167187 0.683288 0.165625 0.680593 0.164062 0.680593 0.162500 0.677898 0.160938 0.677898 0.159375 0.675202 0.157813 0.675202 0.153125 0.667116 0.153125 0.661725 0.151562 0.659030 0.151562 0.634771
0 0.346875 0.559299 0.346875 0.567385 0.345313 0.570081 0.345313 0.572776 0.343750 0.575472 0.343750 0.580863 0.342187 0.583558 0.342187 0.588949 0.339063 0.594340 0.339063 0.597035 0.332812 0.607817 0.332812 0.610512 0.331250 0.613208 0.331250 0.615903 0.329688 0.618598 0.329688 0.621294 0.328125 0.623989 0.328125 0.667116 0.326562 0.669811 0.326562 0.677898 0.325000 0.680593 0.325000 0.683288 0.321875 0.688679 0.321875 0.691375 0.320312 0.694070 0.320312 0.696765 0.318750 0.699461 0.318750 0.710243 0.317187 0.712938 0.317187 0.753369 0.314063 0.758760 0.309375 0.758760 0.309375 0.826146 0.323438 0.826146 0.323438 0.815364 0.328125 0.807278 0.328125 0.793801 0.329688 0.791105 0.329688 0.780323 0.331250 0.777628 0.331250 0.764151 0.332812 0.761456 0.332812 0.747978 0.334375 0.745283 0.334375 0.723720 0.335938 0.721024 0.335938 0.715633 0.337500 0.712938 0.337500 0.710243 0.340625 0.704852 0.340625 0.702156 0.343750 0.696765 0.343750 0.694070 0.346875 0.688679 0.348437 0.688679 0.351562 0.683288 0.356250 0.683288 0.357812 0.680593 0.367188 0.680593 0.368750 0.677898 0.368750 0.672507 0.370313 0.669811 0.370313 0.667116 0.371875 0.664420 0.371875 0.661725 0.373437 0.659030 0.373437 0.653639 0.375000 0.650943 0.375000 0.629380 0.373437 0.626685 0.373437 0.621294 0.371875 0.618598 0.371875 0.615903 0.368750 0.610512 0.368750 0.607817 0.365625 0.602426 0.365625 0.599730 0.364062 0.597035 0.364062 0.594340 0.362500 0.591644 0.362500 0.586253 0.360938 0.583558 0.360938 0.559299
5 0.953125 0.397574 0.953125 0.405660 0.951563 0.408356 0.950000 0.408356 0.948438 0.411051 0.945312 0.411051 0.943750 0.413747 0.942187 0.413747 0.940625 0.416442 0.937500 0.416442 0.935938 0.419137 0.934375 0.419137 0.932813 0.421833 0.929688 0.421833 0.926562 0.427224 0.925000 0.427224 0.921875 0.432615 0.921875 0.435310 0.914062 0.448787 0.914062 0.451482 0.909375 0.459569 0.909375 0.462264 0.907812 0.464960 0.907812 0.467655 0.906250 0.470350 0.906250 0.473046 0.903125 0.478437 0.903125 0.481132 0.901563 0.483828 0.901563 0.489218 0.900000 0.491914 0.900000 0.494609 0.898438 0.497305 0.898438 0.500000 0.895312 0.505391 0.895312 0.508086 0.893750 0.510782 0.893750 0.513477 0.890625 0.518868 0.890625 0.521563 0.887500 0.526954 0.887500 0.529650 0.885938 0.532345 0.885938 0.537736 0.882812 0.543127 0.879687 0.537736 0.879687 0.521563 0.878125 0.518868 0.878125 0.502695 0.876562 0.500000 0.876562 0.497305 0.873438 0.491914 0.871875 0.491914 0.870313 0.489218 0.865625 0.489218 0.865625 0.551213 0.870313 0.551213 0.871875 0.553908 0.871875 0.556604 0.875000 0.561995 0.875000 0.564690 0.876562 0.567385 0.876562 0.588949 0.875000 0.591644 0.875000 0.645553 0.873438 0.648248 0.873438 0.659030 0.871875 0.661725 0.871875 0.664420 0.870313 0.667116 0.865625 0.667116 0.865625 0.718329 0.870313 0.718329 0.871875 0.721024 0.871875 0.729111 0.873438 0.731806 0.873438 0.737197 0.884375 0.756065 0.884375 0.758760 0.887500 0.764151 0.892187 0.764151 0.893750 0.761456 0.895312 0.761456 0.896875 0.758760 0.898438 0.758760 0.900000 0.756065 0.909375 0.756065 0.910937 0.758760 0.917188 0.758760 0.918750 0.761456 0.921875 0.761456 0.923437 0.764151 0.925000 0.764151 0.926562 0.766846 0.929688 0.766846 0.932813 0.772237 0.935938 0.772237 0.937500 0.774933 0.943750 0.774933 0.945312 0.777628 0.962500 0.777628 0.964063 0.780323 0.975000 0.780323 0.976562 0.777628 0.985937 0.777628 0.987500 0.780323 0.990625 0.780323 0.993750 0.785714 0.993750 0.793801 0.998438 0.793801 0.998438 0.397574
0 0.365625 0.526954 0.365625 0.551213 0.370313 0.551213 0.371875 0.553908 0.371875 0.556604 0.373437 0.559299 0.373437 0.575472 0.375000 0.578167 0.373437 0.580863 0.373437 0.583558 0.371875 0.586253 0.371875 0.588949 0.370313 0.591644 0.365625 0.591644 0.365625 0.613208 0.370313 0.613208 0.373437 0.618598 0.373437 0.621294 0.375000 0.623989 0.375000 0.626685 0.376563 0.629380 0.376563 0.659030 0.375000 0.661725 0.375000 0.667116 0.371875 0.672507 0.365625 0.672507 0.365625 0.688679 0.370313 0.688679 0.375000 0.696765 0.375000 0.699461 0.376563 0.702156 0.376563 0.718329 0.381250 0.718329 0.381250 0.707547 0.384375 0.702156 0.384375 0.699461 0.385938 0.696765 0.385938 0.691375 0.387500 0.688679 0.387500 0.685984 0.389062 0.683288 0.389062 0.680593 0.390625 0.677898 0.390625 0.675202 0.392188 0.672507 0.392188 0.667116 0.393750 0.664420 0.395312 0.664420 0.396875 0.661725 0.398438 0.661725 0.407813 0.645553 0.414062 0.645553 0.414062 0.591644 0.407813 0.591644 0.404687 0.586253 0.404687 0.583558 0.400000 0.575472 0.400000 0.572776 0.398438 0.570081 0.398438 0.567385 0.396875 0.564690 0.396875 0.548518 0.395312 0.545822 0.395312 0.526954
3 0.356250 0.683288 0.354688 0.685984 0.350000 0.685984 0.345313 0.694070 0.345313 0.696765 0.343750 0.699461 0.343750 0.702156 0.339063 0.710243 0.339063 0.715633 0.337500 0.718329 0.337500 0.726415 0.335938 0.729111 0.335938 0.745283 0.334375 0.747978 0.334375 0.756065 0.332812 0.758760 0.332812 0.772237 0.331250 0.774933 0.331250 0.783019 0.329688 0.785714 0.329688 0.788410 0.325000 0.796496 0.325000 0.799191 0.321875 0.804582 0.315625 0.804582 0.315625 0.809973 0.314063 0.812668 0.314063 0.823450 0.312500 0.826146 0.317187 0.826146 0.317187 0.815364 0.321875 0.807278 0.328125 0.807278 0.331250 0.812668 0.334375 0.812668 0.335938 0.815364 0.337500 0.815364 0.339063 0.818059 0.340625 0.818059 0.343750 0.823450 0.345313 0.823450 0.346875 0.826146 0.346875 0.828841 0.348437 0.831536 0.348437 0.834232 0.350000 0.836927 0.350000 0.847709 0.364062 0.847709 0.364062 0.839623 0.367188 0.834232 0.367188 0.831536 0.382812 0.804582 0.384375 0.804582 0.385938 0.807278 0.395312 0.807278 0.395312 0.739892 0.385938 0.739892 0.385938 0.753369 0.384375 0.756065 0.382812 0.753369 0.382812 0.729111 0.384375 0.726415 0.385938 0.726415 0.387500 0.723720 0.395312 0.723720 0.395312 0.718329 0.378125 0.718329 0.373437 0.710243 0.373437 0.704852 0.371875 0.702156 0.371875 0.699461 0.370313 0.696765 0.370313 0.694070 0.368750 0.691375 0.368750 0.688679 0.367188 0.685984 0.365625 0.685984 0.364062 0.683288
0 0.235938 0.580863 0.235938 0.591644 0.237500 0.594340 0.237500 0.605121 0.239063 0.607817 0.239063 0.613208 0.237500 0.615903 0.237500 0.626685 0.235938 0.629380 0.235938 0.634771 0.234375 0.637466 0.234375 0.640162 0.232812 0.642857 0.228125 0.642857 0.228125 0.691375 0.232812 0.691375 0.235938 0.696765 0.235938 0.707547 0.237500 0.710243 0.237500 0.718329 0.239063 0.721024 0.240625 0.721024 0.242188 0.723720 0.245312 0.723720 0.246875 0.726415 0.251563 0.726415 0.254687 0.731806 0.254687 0.739892 0.270312 0.739892 0.270312 0.629380 0.264062 0.629380 0.262500 0.626685 0.262500 0.623989 0.260938 0.621294 0.260938 0.618598 0.257812 0.613208 0.257812 0.605121 0.256250 0.602426 0.256250 0.580863
5 0.409375 0.473046 0.409375 0.481132 0.407813 0.483828 0.403125 0.483828 0.403125 0.526954 0.407813 0.526954 0.412500 0.535040 0.412500 0.537736 0.417188 0.545822 0.417188 0.548518 0.418750 0.551213 0.418750 0.553908 0.420312 0.556604 0.420312 0.567385 0.442187 0.567385 0.442187 0.556604 0.446875 0.548518 0.448438 0.548518 0.450000 0.545822 0.450000 0.543127 0.453125 0.537736 0.457812 0.537736 0.457812 0.473046
0 0.290625 0.526954 0.290625 0.675202 0.306250 0.675202 0.306250 0.664420 0.309375 0.659030 0.314063 0.659030 0.314063 0.545822 0.309375 0.545822 0.304688 0.537736 0.304688 0.526954
5 0.618750 0.419137 0.618750 0.427224 0.617188 0.429919 0.614062 0.429919 0.612500 0.432615 0.609375 0.432615 0.607813 0.435310 0.606250 0.435310 0.604688 0.438005 0.603125 0.438005 0.595312 0.451482 0.595312 0.456873 0.593750 0.459569 0.593750 0.483828 0.592188 0.486523 0.592188 0.497305 0.589063 0.502695 0.585938 0.502695 0.584375 0.505391 0.578125 0.505391 0.578125 0.610512 0.612500 0.610512 0.612500 0.602426 0.615625 0.597035 0.617188 0.597035 0.620313 0.591644 0.621875 0.591644 0.623438 0.594340 0.623438 0.597035 0.626562 0.602426 0.626562 0.610512 0.651563 0.610512 0.651563 0.567385 0.646875 0.567385 0.640625 0.556604 0.640625 0.532345 0.637500 0.526954 0.637500 0.521563 0.639063 0.518868 0.640625 0.518868 0.645312 0.526954 0.651563 0.526954 0.651563 0.505391 0.645312 0.505391 0.643750 0.508086 0.643750 0.510782 0.640625 0.516173 0.639063 0.513477 0.637500 0.513477 0.634375 0.508086 0.628125 0.508086 0.626562 0.505391 0.626562 0.494609 0.629687 0.489218 0.629687 0.483828 0.631250 0.481132 0.631250 0.475741 0.632812 0.473046 0.632812 0.464960 0.634375 0.462264 0.634375 0.448787 0.637500 0.443396 0.637500 0.438005 0.639063 0.435310 0.640625 0.435310 0.642187 0.432615 0.651563 0.432615 0.651563 0.419137
5 0.645312 0.408356 0.645312 0.419137 0.642187 0.424528 0.640625 0.424528 0.639063 0.427224 0.637500 0.427224 0.635938 0.429919 0.628125 0.429919 0.626562 0.432615 0.614062 0.432615 0.612500 0.435310 0.607813 0.435310 0.606250 0.438005 0.603125 0.438005 0.600000 0.443396 0.598437 0.443396 0.595312 0.448787 0.593750 0.448787 0.587500 0.459569 0.585938 0.459569 0.584375 0.462264 0.578125 0.462264 0.578125 0.602426 0.587500 0.602426 0.589063 0.605121 0.612500 0.605121 0.614062 0.602426 0.625000 0.602426 0.626562 0.605121 0.632812 0.605121 0.634375 0.607817 0.639063 0.607817 0.642187 0.613208 0.642187 0.621294 0.653125 0.621294 0.653125 0.610512 0.656250 0.605121 0.656250 0.594340 0.654688 0.591644 0.654688 0.583558 0.653125 0.580863 0.653125 0.572776 0.654688 0.570081 0.654688 0.559299 0.656250 0.556604 0.656250 0.553908 0.657812 0.551213 0.657812 0.548518 0.659375 0.545822 0.659375 0.543127 0.660937 0.540431 0.660937 0.537736 0.662500 0.535040 0.662500 0.532345 0.667188 0.524259 0.667188 0.521563 0.670313 0.516173 0.670313 0.513477 0.671875 0.510782 0.671875 0.475741 0.673437 0.473046 0.673437 0.467655 0.675000 0.464960 0.675000 0.462264 0.676562 0.459569 0.676562 0.456873 0.678125 0.454178 0.678125 0.451482 0.679688 0.448787 0.679688 0.440701 0.684375 0.432615 0.690625 0.432615 0.692187 0.429919 0.701563 0.429919 0.701563 0.408356
5 0.595312 0.599730 0.596875 0.599730 0.596875 0.591644 0.595312 0.591644 0.595312 0.599730 0.585938 0.599730 0.585938 0.567385 0.587500 0.564690 0.587500 0.548518 0.589063 0.545822 0.589063 0.537736 0.590625 0.535040 0.590625 0.526954 0.593750 0.521563 0.595312 0.521563 0.595312 0.505391 0.596875 0.502695 0.596875 0.497305 0.598437 0.494609 0.598437 0.483828 0.600000 0.481132 0.600000 0.478437 0.601562 0.475741 0.603125 0.475741 0.604688 0.473046 0.606250 0.473046 0.606250 0.470350 0.609375 0.464960 0.614062 0.464960 0.614062 0.429919 0.581250 0.429919 0.581250 0.438005 0.578125 0.443396 0.576563 0.443396 0.575000 0.446092 0.573438 0.446092 0.571875 0.448787 0.567187 0.448787 0.565625 0.451482 0.559375 0.451482 0.559375 0.599730 0.585938 0.599730
5 0.357812 0.462264 0.357812 0.470350 0.351562 0.481132 0.346875 0.481132 0.346875 0.516173 0.354688 0.516173 0.356250 0.518868 0.359375 0.518868 0.360938 0.521563 0.364062 0.521563 0.365625 0.524259 0.367188 0.524259 0.368750 0.526954 0.401563 0.526954 0.401563 0.478437 0.396875 0.478437 0.393750 0.473046 0.393750 0.462264
5 0.657812 0.397574 0.657812 0.405660 0.656250 0.408356 0.654688 0.408356 0.653125 0.411051 0.648438 0.411051 0.646875 0.413747 0.645312 0.413747 0.645312 0.416442 0.640625 0.424528 0.637500 0.424528 0.635938 0.427224 0.614062 0.427224 0.612500 0.429919 0.607813 0.429919 0.606250 0.432615 0.603125 0.432615 0.601562 0.435310 0.598437 0.435310 0.596875 0.438005 0.595312 0.438005 0.593750 0.440701 0.592188 0.440701 0.590625 0.443396 0.585938 0.443396 0.584375 0.446092 0.578125 0.446092 0.578125 0.610512 0.654688 0.610512 0.654688 0.583558 0.653125 0.580863 0.653125 0.553908 0.645312 0.553908 0.642187 0.548518 0.642187 0.540431 0.646875 0.532345 0.653125 0.532345 0.657812 0.540431 0.659375 0.537736 0.659375 0.535040 0.660937 0.532345 0.660937 0.529650 0.670313 0.513477 0.670313 0.510782 0.671875 0.508086 0.671875 0.481132 0.673437 0.478437 0.673437 0.470350 0.676562 0.464960 0.676562 0.462264 0.678125 0.459569 0.678125 0.456873 0.679688 0.454178 0.679688 0.451482 0.682813 0.446092 0.682813 0.443396 0.685938 0.438005 0.687500 0.438005 0.689062 0.435310 0.690625 0.435310 0.692187 0.432615 0.693750 0.432615 0.695312 0.429919 0.696875 0.429919 0.698438 0.427224 0.700000 0.427224 0.701563 0.424528 0.703125 0.424528 0.704687 0.421833 0.750000 0.421833 0.751562 0.419137 0.768750 0.419137 0.770312 0.416442 0.778125 0.416442 0.779688 0.413747 0.782812 0.413747 0.784375 0.411051 0.789062 0.411051 0.789062 0.397574
5 0.576563 0.429919 0.576563 0.438005 0.573438 0.443396 0.571875 0.443396 0.570312 0.446092 0.565625 0.446092 0.564062 0.448787 0.562500 0.448787 0.560938 0.451482 0.559375 0.451482 0.556250 0.456873 0.554688 0.456873 0.553125 0.459569 0.551562 0.459569 0.550000 0.462264 0.548437 0.462264 0.546875 0.464960 0.540625 0.464960 0.540625 0.599730 0.584375 0.599730 0.584375 0.529650 0.582812 0.526954 0.582812 0.521563 0.584375 0.518868 0.584375 0.508086 0.585938 0.505391 0.585938 0.502695 0.590625 0.494609 0.595312 0.494609 0.595312 0.429919
5 0.659375 0.397574 0.659375 0.405660 0.656250 0.411051 0.651563 0.411051 0.650000 0.413747 0.646875 0.413747 0.639063 0.427224 0.635938 0.427224 0.634375 0.429919 0.614062 0.429919 0.612500 0.432615 0.603125 0.432615 0.603125 0.526954 0.610937 0.526954 0.612500 0.529650 0.614062 0.529650 0.617188 0.535040 0.618750 0.535040 0.620313 0.537736 0.621875 0.537736 0.623438 0.535040 0.626562 0.535040 0.629687 0.540431 0.629687 0.548518 0.631250 0.551213 0.631250 0.567385 0.629687 0.570081 0.629687 0.572776 0.628125 0.575472 0.626562 0.575472 0.625000 0.578167 0.620313 0.578167 0.614062 0.567385 0.614062 0.564690 0.612500 0.567385 0.610937 0.567385 0.609375 0.570081 0.603125 0.570081 0.603125 0.602426 0.628125 0.602426 0.629687 0.605121 0.634375 0.605121 0.635938 0.607817 0.640625 0.607817 0.642187 0.610512 0.651563 0.610512 0.656250 0.602426 0.656250 0.591644 0.654688 0.588949 0.654688 0.583558 0.653125 0.580863 0.653125 0.553908 0.651563 0.553908 0.650000 0.556604 0.648438 0.556604 0.646875 0.559299 0.645312 0.559299 0.642187 0.553908 0.642187 0.551213 0.640625 0.548518 0.640625 0.545822 0.642187 0.543127 0.642187 0.540431 0.643750 0.537736 0.643750 0.535040 0.645312 0.532345 0.653125 0.532345 0.654688 0.535040 0.654688 0.537736 0.656250 0.540431 0.656250 0.545822 0.657812 0.548518 0.659375 0.545822 0.659375 0.540431 0.660937 0.537736 0.660937 0.535040 0.667188 0.524259 0.667188 0.521563 0.671875 0.513477 0.671875 0.481132 0.673437 0.478437 0.673437 0.473046 0.675000 0.470350 0.675000 0.467655 0.678125 0.462264 0.678125 0.459569 0.679688 0.456873 0.679688 0.451482 0.681250 0.448787 0.681250 0.443396 0.685938 0.435310 0.689062 0.435310 0.690625 0.432615 0.692187 0.432615 0.693750 0.429919 0.696875 0.429919 0.698438 0.427224 0.700000 0.427224 0.701563 0.424528 0.703125 0.424528 0.706250 0.419137 0.718750 0.419137 0.720312 0.421833 0.726562 0.421833 0.726562 0.397574
