0 0.152695 0.346875 0.152695 0.370313 0.158683 0.370313 0.160679 0.371875 0.160679 0.373437 0.162675 0.375000 0.162675 0.393750 0.164671 0.395312 0.164671 0.401563 0.166667 0.403125 0.166667 0.410937 0.164671 0.412500 0.164671 0.415625 0.166667 0.417188 0.166667 0.420312 0.178643 0.429688 0.178643 0.431250 0.180639 0.432813 0.180639 0.435937 0.182635 0.437500 0.182635 0.440625 0.184631 0.442187 0.184631 0.443750 0.186627 0.445312 0.186627 0.446875 0.188623 0.448438 0.188623 0.451562 0.190619 0.453125 0.190619 0.454688 0.192615 0.456250 0.192615 0.457812 0.194611 0.459375 0.194611 0.460938 0.196607 0.462500 0.196607 0.464063 0.198603 0.465625 0.198603 0.467187 0.202595 0.470313 0.202595 0.471875 0.210579 0.478125 0.210579 0.481250 0.212575 0.482812 0.212575 0.484375 0.218563 0.489062 0.218563 0.490625 0.220559 0.492188 0.220559 0.493750 0.222555 0.495313 0.222555 0.496875 0.224551 0.498437 0.224551 0.500000 0.226547 0.501562 0.226547 0.503125 0.228543 0.504687 0.228543 0.506250 0.232535 0.509375 0.232535 0.510938 0.236527 0.514063 0.236527 0.515625 0.238523 0.517187 0.238523 0.518750 0.242515 0.521875 0.242515 0.526563 0.256487 0.526563 0.256487 0.520312 0.260479 0.517187 0.262475 0.517187 0.264471 0.515625 0.270459 0.515625 0.270459 0.500000 0.264471 0.500000 0.260479 0.496875 0.260479 0.495313 0.258483 0.493750 0.258483 0.490625 0.256487 0.489062 0.256487 0.487500 0.252495 0.484375 0.252495 0.482812 0.246507 0.478125 0.246507 0.475000 0.248503 0.473437 0.248503 0.470313 0.250499 0.468750 0.250499 0.459375 0.248503 0.457812 0.248503 0.454688 0.246507 0.453125 0.244511 0.453125 0.240519 0.450000 0.232535 0.450000 0.230539 0.448438 0.226547 0.448438 0.224551 0.446875 0.224551 0.443750 0.226547 0.442187 0.226547 0.440625 0.230539 0.437500 0.232535 0.437500 0.236527 0.434375 0.238523 0.434375 0.240519 0.432813 0.240519 0.431250 0.242515 0.429688 0.242515 0.426562 0.240519 0.425000 0.240519 0.421875 0.238523 0.420312 0.238523 0.418750 0.236527 0.417188 0.236527 0.414062 0.234531 0.412500 0.234531 0.404687 0.232535 0.403125 0.232535 0.400000 0.230539 0.398438 0.230539 0.395312 0.228543 0.393750 0.228543 0.390625 0.226547 0.389062 0.226547 0.385938 0.224551 0.384375 0.224551 0.381250 0.220559 0.378125 0.220559 0.376563 0.218563 0.375000 0.218563 0.373437 0.216567 0.371875 0.216567 0.370313 0.210579 0.365625 0.210579 0.364062 0.198603 0.354688 0.196607 0.354688 0.194611 0.353125 0.194611 0.346875
0 0.673653 0.034375 0.673653 0.040625 0.671657 0.042188 0.671657 0.043750 0.669661 0.045313 0.669661 0.046875 0.667665 0.048437 0.667665 0.050000 0.665669 0.051562 0.665669 0.053125 0.659681 0.057813 0.659681 0.059375 0.653693 0.064062 0.647705 0.064062 0.647705 0.104687 0.653693 0.104687 0.655689 0.106250 0.655689 0.107813 0.657685 0.109375 0.657685 0.110937 0.659681 0.112500 0.659681 0.114063 0.661677 0.115625 0.661677 0.117188 0.665669 0.120312 0.665669 0.121875 0.667665 0.123438 0.667665 0.126563 0.669661 0.128125 0.669661 0.129688 0.673653 0.132812 0.673653 0.139062 0.675649 0.140625 0.675649 0.150000 0.677645 0.151562 0.677645 0.157813 0.681637 0.157813 0.681637 0.153125 0.685629 0.150000 0.687625 0.150000 0.695609 0.143750 0.695609 0.142188 0.697605 0.140625 0.697605 0.129688 0.695609 0.128125 0.695609 0.126563 0.697605 0.125000 0.697605 0.120312 0.699601 0.118750 0.699601 0.117188 0.701597 0.115625 0.701597 0.109375 0.703593 0.107813 0.703593 0.106250 0.705589 0.104687 0.705589 0.090625 0.703593 0.089062 0.703593 0.082813 0.701597 0.081250 0.701597 0.075000 0.699601 0.073437 0.699601 0.068750 0.697605 0.067188 0.697605 0.064062 0.695609 0.062500 0.695609 0.060938 0.691617 0.057813 0.691617 0.056250 0.687625 0.053125 0.687625 0.050000 0.685629 0.048437 0.685629 0.043750 0.687625 0.042188 0.687625 0.034375
0 0.807385 0.009375 0.807385 0.015625 0.805389 0.017188 0.805389 0.018750 0.803393 0.020312 0.803393 0.034375 0.801397 0.035937 0.801397 0.037500 0.797405 0.040625 0.791417 0.040625 0.791417 0.079687 0.799401 0.079687 0.801397 0.081250 0.801397 0.082813 0.803393 0.084375 0.803393 0.087500 0.805389 0.089062 0.805389 0.095312 0.817365 0.095312 0.817365 0.090625 0.819361 0.089062 0.819361 0.087500 0.821357 0.085938 0.823353 0.085938 0.825349 0.084375 0.831337 0.084375 0.833333 0.082813 0.835329 0.082813 0.837325 0.081250 0.839321 0.081250 0.843313 0.078125 0.847305 0.078125 0.849301 0.076563 0.849301 0.075000 0.853293 0.071875 0.861277 0.071875 0.861277 0.067188 0.855289 0.067188 0.853293 0.065625 0.853293 0.064062 0.851297 0.062500 0.851297 0.059375 0.849301 0.057813 0.849301 0.056250 0.847305 0.054688 0.847305 0.053125 0.845309 0.051562 0.845309 0.050000 0.843313 0.048437 0.843313 0.046875 0.841317 0.045313 0.841317 0.042188 0.833333 0.035937 0.833333 0.034375 0.831337 0.032812 0.831337 0.009375
0 0.122754 0.503125 0.122754 0.507812 0.118762 0.510938 0.116766 0.510938 0.102794 0.521875 0.096806 0.521875 0.096806 0.546875 0.102794 0.546875 0.106786 0.550000 0.106786 0.551562 0.110778 0.554688 0.110778 0.556250 0.114770 0.559375 0.114770 0.565625 0.116766 0.567187 0.116766 0.570312 0.118762 0.571875 0.118762 0.573438 0.120758 0.575000 0.120758 0.576563 0.122754 0.578125 0.122754 0.579687 0.124751 0.581250 0.124751 0.582812 0.126747 0.584375 0.126747 0.585938 0.132735 0.590625 0.132735 0.592188 0.138723 0.596875 0.138723 0.598437 0.140719 0.600000 0.140719 0.601562 0.146707 0.606250 0.146707 0.607813 0.148703 0.609375 0.148703 0.610937 0.150699 0.612500 0.150699 0.617188 0.152695 0.618750 0.152695 0.621875 0.158683 0.626562 0.160679 0.626562 0.162675 0.628125 0.172655 0.628125 0.174651 0.629687 0.180639 0.629687 0.182635 0.631250 0.200599 0.631250 0.202595 0.632812 0.208583 0.632812 0.210579 0.631250 0.214571 0.631250 0.216567 0.629687 0.220559 0.629687 0.222555 0.628125 0.224551 0.628125 0.226547 0.626562 0.230539 0.626562 0.232535 0.625000 0.234531 0.625000 0.236527 0.623438 0.240519 0.623438 0.242515 0.621875 0.274451 0.621875 0.276447 0.623438 0.290419 0.623438 0.292415 0.625000 0.298403 0.625000 0.302395 0.628125 0.308383 0.628125 0.310379 0.629687 0.320359 0.629687 0.322355 0.628125 0.322355 0.623438 0.320359 0.621875 0.320359 0.618750 0.318363 0.617188 0.318363 0.615625 0.316367 0.614062 0.316367 0.612500 0.314371 0.610937 0.314371 0.607813 0.312375 0.606250 0.312375 0.603125 0.310379 0.601562 0.310379 0.600000 0.304391 0.595312 0.304391 0.593750 0.302395 0.593750 0.296407 0.589063 0.294411 0.589063 0.292415 0.587500 0.290419 0.587500 0.288423 0.585938 0.286427 0.585938 0.284431 0.584375 0.282435 0.584375 0.280439 0.582812 0.278443 0.582812 0.276447 0.581250 0.272455 0.581250 0.270459 0.579687 0.264471 0.579687 0.262475 0.578125 0.260479 0.578125 0.256487 0.575000 0.252495 0.575000 0.250499 0.573438 0.242515 0.573438 0.240519 0.571875 0.230539 0.571875 0.228543 0.570312 0.222555 0.570312 0.220559 0.568750 0.214571 0.568750 0.212575 0.567187 0.210579 0.567187 0.208583 0.565625 0.206587 0.565625 0.202595 0.562500 0.200599 0.562500 0.186627 0.551562 0.184631 0.551562 0.182635 0.550000 0.178643 0.550000 0.176647 0.548437 0.174651 0.548437 0.170659 0.545313 0.170659 0.543750 0.168663 0.542188 0.168663 0.531250 0.166667 0.529688 0.166667 0.526563 0.164671 0.525000 0.164671 0.523438 0.150699 0.512500 0.150699 0.510938 0.148703 0.509375 0.148703 0.503125
0 0.000998 0.059375 0.000998 0.065625 0.006986 0.065625 0.010978 0.068750 0.010978 0.084375 0.006986 0.087500 0.000998 0.087500 0.000998 0.110937 0.006986 0.110937 0.010978 0.114063 0.010978 0.117188 0.012974 0.118750 0.012974 0.128125 0.014970 0.129688 0.014970 0.139062 0.016966 0.139062 0.020958 0.135937 0.022954 0.135937 0.024950 0.134375 0.026946 0.135937 0.030938 0.135937 0.036926 0.140625 0.036926 0.142188 0.042914 0.146875 0.042914 0.150000 0.044910 0.151562 0.044910 0.154687 0.046906 0.156250 0.046906 0.164062 0.054890 0.164062 0.054890 0.159375 0.058882 0.156250 0.058882 0.154687 0.060878 0.153125 0.060878 0.150000 0.058882 0.148438 0.058882 0.137500 0.056886 0.135937 0.056886 0.128125 0.054890 0.126563 0.054890 0.123438 0.052894 0.121875 0.052894 0.120312 0.050898 0.118750 0.050898 0.115625 0.048902 0.114063 0.048902 0.112500 0.046906 0.110937 0.046906 0.107813 0.044910 0.106250 0.044910 0.098438 0.042914 0.096875 0.042914 0.093750 0.040918 0.092188 0.040918 0.090625 0.038922 0.089062 0.038922 0.087500 0.034930 0.084375 0.034930 0.059375
0 0.000000 0.546875 0.000000 0.717188 0.000000 0.717188 0.010978 0.726562 0.010978 0.728125 0.014970 0.731250 0.014970 0.732813 0.016966 0.734375 0.016966 0.735937 0.018962 0.737500 0.018962 0.745313 0.042914 0.745313 0.042914 0.740625 0.048902 0.735937 0.054890 0.735937 0.054890 0.725000 0.048902 0.725000 0.044910 0.721875 0.044910 0.720312 0.042914 0.718750 0.042914 0.717188 0.040918 0.715625 0.040918 0.712500 0.038922 0.710938 0.038922 0.706250 0.036926 0.704687 0.036926 0.687500 0.034930 0.685938 0.034930 0.675000 0.032934 0.673437 0.032934 0.664062 0.030938 0.662500 0.030938 0.657812 0.028942 0.656250 0.028942 0.645312 0.026946 0.643750 0.026946 0.639063 0.024950 0.637500 0.024950 0.634375 0.022954 0.632812 0.022954 0.628125 0.020958 0.626562 0.020958 0.614062 0.018962 0.612500 0.018962 0.609375 0.016966 0.607813 0.016966 0.606250 0.014970 0.604688 0.014970 0.603125 0.012974 0.601562 0.012974 0.582812 0.016966 0.579687 0.018962 0.581250 0.020958 0.581250 0.024950 0.584375 0.024950 0.585938 0.026946 0.587500 0.026946 0.589063 0.028942 0.590625 0.030938 0.590625 0.032934 0.592188 0.034930 0.592188 0.036926 0.593750 0.036926 0.595312 0.040918 0.598437 0.044910 0.598437 0.046906 0.600000 0.054890 0.600000 0.054890 0.592188 0.046906 0.592188 0.040918 0.587500 0.040918 0.582812 0.038922 0.581250 0.038922 0.579687 0.032934 0.575000 0.032934 0.573438 0.020958 0.564062 0.018962 0.564062 0.016966 0.562500 0.016966 0.560938 0.010978 0.556250 0.010978 0.554688 0.008982 0.553125 0.008982 0.546875
0 0.689621 0.021875 0.689621 0.029687 0.685629 0.032812 0.679641 0.032812 0.679641 0.050000 0.687625 0.050000 0.693613 0.054688 0.693613 0.056250 0.699601 0.060938 0.699601 0.062500 0.701597 0.064062 0.701597 0.070312 0.703593 0.071875 0.703593 0.075000 0.705589 0.076563 0.705589 0.079687 0.707585 0.081250 0.707585 0.085938 0.709581 0.087500 0.709581 0.092188 0.711577 0.093750 0.711577 0.095312 0.713573 0.096875 0.713573 0.098438 0.715569 0.100000 0.715569 0.103125 0.717565 0.104687 0.717565 0.106250 0.719561 0.107813 0.719561 0.109375 0.721557 0.110937 0.721557 0.115625 0.723553 0.117188 0.723553 0.126563 0.741517 0.126563 0.741517 0.096875 0.733533 0.096875 0.729541 0.093750 0.729541 0.092188 0.727545 0.090625 0.727545 0.089062 0.725549 0.087500 0.725549 0.085938 0.721557 0.082813 0.721557 0.081250 0.719561 0.079687 0.719561 0.064062 0.715569 0.060938 0.715569 0.059375 0.713573 0.057813 0.713573 0.056250 0.711577 0.054688 0.711577 0.050000 0.709581 0.048437 0.709581 0.039062 0.711577 0.037500 0.711577 0.021875
0 0.368263 0.065625 0.368263 0.120312 0.374251 0.120312 0.378244 0.123438 0.378244 0.128125 0.380240 0.129688 0.380240 0.139062 0.382236 0.140625 0.382236 0.145313 0.406188 0.145313 0.406188 0.140625 0.400200 0.140625 0.396208 0.137500 0.396208 0.121875 0.400200 0.118750 0.406188 0.118750 0.406188 0.098438 0.400200 0.098438 0.396208 0.095312 0.396208 0.093750 0.394212 0.092188 0.394212 0.090625 0.392216 0.089062 0.392216 0.081250 0.390220 0.079687 0.390220 0.073437 0.388224 0.071875 0.388224 0.065625
0 0.304391 0.059375 0.304391 0.100000 0.310379 0.100000 0.316367 0.104687 0.316367 0.107813 0.318363 0.109375 0.318363 0.114063 0.320359 0.115625 0.320359 0.117188 0.324351 0.120312 0.324351 0.125000 0.326347 0.126563 0.326347 0.129688 0.328343 0.131250 0.328343 0.132812 0.330339 0.134375 0.330339 0.135937 0.332335 0.137500 0.332335 0.140625 0.334331 0.142188 0.334331 0.146875 0.336327 0.148438 0.336327 0.150000 0.338323 0.151562 0.338323 0.157813 0.358283 0.157813 0.358283 0.100000 0.352295 0.100000 0.348303 0.096875 0.348303 0.089062 0.346307 0.087500 0.346307 0.085938 0.344311 0.084375 0.344311 0.082813 0.342315 0.081250 0.342315 0.079687 0.338323 0.076563 0.338323 0.073437 0.336327 0.071875 0.336327 0.070312 0.334331 0.068750 0.334331 0.067188 0.332335 0.065625 0.332335 0.059375
7 0.306387 0.657812 0.308383 0.659375 0.308383 0.660937 0.312375 0.664062 0.312375 0.665625 0.314371 0.667188 0.314371 0.670313 0.316367 0.671875 0.316367 0.675000 0.318363 0.676562 0.318363 0.678125 0.320359 0.678125 0.320359 0.671875 0.322355 0.670313 0.322355 0.667188 0.324351 0.665625 0.324351 0.657812 0.322355 0.656250 0.322355 0.654688 0.320359 0.653125 0.320359 0.645312 0.316367 0.645312 0.314371 0.646875 0.312375 0.646875 0.312375 0.648438 0.310379 0.650000 0.310379 0.651563 0.308383 0.653125 0.308383 0.656250 0.306387 0.657812 0.204591 0.640625 0.204591 0.639063 0.210579 0.639063 0.212575 0.640625 0.214571 0.640625 0.216567 0.642187 0.232535 0.642187 0.234531 0.640625 0.236527 0.640625 0.240519 0.637500 0.242515 0.639063 0.252495 0.639063 0.254491 0.637500 0.260479 0.637500 0.262475 0.635938 0.272455 0.635938 0.276447 0.632812 0.274451 0.631250 0.272455 0.631250 0.268463 0.628125 0.444112 0.115625 0.444112 0.117188 0.442116 0.118750 0.442116 0.120312 0.440120 0.121875 0.440120 0.123438 0.438124 0.121875 0.204591 0.068750 0.204591 0.071875 0.206587 0.073437 0.206587 0.079687 0.204591 0.081250 1.000000 0.689062 1.000000 0.690625 1.000000 0.693750 0.997006 0.696875 0.997006 0.698438 0.995010 0.700000 0.995010 0.701563 0.991018 0.704687 0.408184 0.100000 0.408184 0.096875 0.410180 0.095312 0.410180 0.093750 0.416168 0.089062 0.418164 0.090625 0.426148 0.090625 0.428144 0.089062 0.428144 0.084375 0.432136 0.081250 0.432136 0.064062 0.430140 0.062500 0.430140 0.060938 0.426148 0.057813 0.426148 0.056250 0.424152 0.054688 0.424152 0.040625 0.398204 0.040625 0.398204 0.048437 0.400200 0.050000 0.400200 0.053125 0.398204 0.054688 0.398204 0.057813 0.396208 0.059375 0.396208 0.060938 0.394212 0.062500 0.394212 0.064062 0.396208 0.065625 0.396208 0.067188 0.398204 0.068750 0.398204 0.075000 0.400200 0.076563 0.400200 0.085938 0.402196 0.087500 0.402196 0.089062 0.404192 0.090625 0.404192 0.092188 0.406188 0.093750 0.406188 0.096875 0.408184 0.098438 0.408184 0.100000 0.991018 0.704687 0.987026 0.704687 0.985030 0.706250 0.977046 0.706250 0.975050 0.707812 0.973054 0.707812 0.967066 0.712500 0.965070 0.712500 0.963074 0.714063 0.963074 0.715625 0.959082 0.718750 0.957086 0.718750 0.955090 0.720312 0.955090 0.721875 0.947106 0.728125 0.945110 0.728125 0.941118 0.731250 0.939122 0.731250 0.935130 0.734375 0.933134 0.734375 0.927146 0.739062 0.925150 0.739062 0.921158 0.742188 0.919162 0.742188 0.915170 0.745313 0.913174 0.745313 0.909182 0.748438 0.907186 0.748438 0.903194 0.751562 0.901198 0.751562 0.899202 0.753125 0.895210 0.753125 0.893214 0.754687 0.885230 0.754687 0.883234 0.756250 0.865269 0.756250 0.863273 0.757812 0.851297 0.757812 0.849301 0.759375 0.831337 0.759375 0.829341 0.760938 0.779441 0.760938 0.777445 0.762500 0.715569 0.762500 0.713573 0.760938 0.669661 0.760938 0.667665 0.759375 0.649701 0.759375 0.647705 0.757812 0.631737 0.757812 0.629741 0.756250 0.613772 0.756250 0.611776 0.754687 0.597804 0.754687 0.595808 0.753125 0.587824 0.753125 0.585828 0.751562 0.575848 0.751562 0.573852 0.750000 0.563872 0.750000 0.561876 0.748438 0.551896 0.748438 0.549900 0.746875 0.539920 0.746875 0.537924 0.745313 0.527944 0.745313 0.525948 0.746875 0.517964 0.746875 0.503992 0.735937 0.500000 0.735937 0.498004 0.734375 0.496008 0.734375 0.496008 0.732813 0.494012 0.731250 0.494012 0.726562 0.492016 0.725000 0.492016 0.715625 0.490020 0.714063 0.490020 0.700000 0.492016 0.698438 0.492016 0.690625 0.494012 0.689062 0.494012 0.687500 0.492016 0.685938 0.492016 0.667188 0.490020 0.665625 0.490020 0.659375 0.488024 0.657812 0.488024 0.653125 0.486028 0.651563 0.486028 0.646875 0.484032 0.645312 0.484032 0.642187 0.482036 0.640625 0.482036 0.635938 0.480040 0.634375 0.480040 0.628125 0.478044 0.626562 0.478044 0.623438 0.476048 0.621875 0.476048 0.620313 0.472056 0.617188 0.472056 0.615625 0.470060 0.614062 0.470060 0.612500 0.462076 0.606250 0.460080 0.606250 0.458084 0.604688 0.446108 0.604688 0.438124 0.598437 0.436128 0.598437 0.432136 0.595312 0.430140 0.595312 0.422156 0.601562 0.420160 0.601562 0.418164 0.603125 0.416168 0.603125 0.412176 0.606250 0.408184 0.606250 0.406188 0.607813 0.402196 0.607813 0.400200 0.609375 0.396208 0.609375 0.394212 0.610937 0.390220 0.610937 0.388224 0.612500 0.386228 0.612500 0.382236 0.615625 0.380240 0.615625 0.378244 0.617188 0.376247 0.617188 0.372255 0.620313 0.370259 0.620313 0.354291 0.632812 0.354291 0.637500 0.352295 0.639063 0.352295 0.664062 0.350299 0.665625 0.350299 0.667188 0.348303 0.667188 0.346307 0.665625 0.342315 0.665625 0.340319 0.664062 0.340319 0.662500 0.334331 0.657812 0.334331 0.653125 0.332335 0.651563 0.332335 0.645312 0.330339 0.643750 0.330339 0.632812 0.328343 0.631250 0.328343 0.629687 0.326347 0.628125 0.326347 0.623438 0.324351 0.621875 0.324351 0.618750 0.322355 0.617188 0.322355 0.614062 0.320359 0.612500 0.320359 0.610937 0.318363 0.609375 0.318363 0.604688 0.316367 0.603125 0.316367 0.601562 0.308383 0.595312 0.308383 0.593750 0.296407 0.584375 0.294411 0.584375 0.292415 0.582812 0.292415 0.581250 0.284431 0.575000 0.276447 0.575000 0.274451 0.576563 0.260479 0.576563 0.258483 0.575000 0.254491 0.575000 0.252495 0.573438 0.248503 0.573438 0.246507 0.571875 0.240519 0.571875 0.238523 0.570312 0.230539 0.570312 0.228543 0.568750 0.220559 0.568750 0.218563 0.567187 0.214571 0.567187 0.212575 0.565625 0.208583 0.565625 0.198603 0.557813 0.192615 0.557813 0.192615 0.540625 0.200599 0.540625 0.204591 0.537500 0.206587 0.537500 0.208583 0.535937 0.210579 0.535937 0.212575 0.534375 0.214571 0.534375 0.216567 0.532812 0.218563 0.532812 0.220559 0.531250 0.226547 0.531250 0.228543 0.529688 0.232535 0.529688 0.234531 0.528125 0.238523 0.528125 0.240519 0.526563 0.246507 0.526563 0.248503 0.525000 0.252495 0.525000 0.254491 0.523438 0.256487 0.523438 0.258483 0.521875 0.260479 0.521875 0.262475 0.520312 0.264471 0.520312 0.268463 0.517187 0.270459 0.517187 0.276447 0.512500 0.278443 0.512500 0.282435 0.509375 0.284431 0.509375 0.288423 0.506250 0.290419 0.506250 0.292415 0.504687 0.294411 0.504687 0.298403 0.501562 0.300399 0.501562 0.302395 0.500000 0.304391 0.500000 0.306387 0.498437 0.308383 0.498437 0.310379 0.496875 0.312375 0.496875 0.314371 0.495313 0.318363 0.495313 0.320359 0.493750 0.324351 0.493750 0.328343 0.490625 0.330339 0.490625 0.332335 0.489062 0.336327 0.489062 0.338323 0.487500 0.340319 0.487500 0.342315 0.485938 0.346307 0.485938 0.348303 0.484375 0.350299 0.484375 0.352295 0.482812 0.354291 0.482812 0.360279 0.478125 0.364271 0.478125 0.366267 0.476562 0.370259 0.476562 0.372255 0.475000 0.374251 0.475000 0.378244 0.471875 0.378244 0.470313 0.380240 0.468750 0.380240 0.467187 0.382236 0.465625 0.382236 0.460938 0.384232 0.459375 0.384232 0.457812 0.386228 0.456250 0.386228 0.454688 0.388224 0.453125 0.388224 0.451562 0.390220 0.450000 0.390220 0.448438 0.394212 0.445312 0.392216 0.443750 0.392216 0.442187 0.386228 0.437500 0.384232 0.437500 0.382236 0.435937 0.376247 0.435937 0.374251 0.434375 0.372255 0.434375 0.370259 0.432813 0.368263 0.432813 0.366267 0.431250 0.346307 0.431250 0.344311 0.432813 0.338323 0.432813 0.336327 0.434375 0.334331 0.434375 0.332335 0.435937 0.324351 0.435937 0.322355 0.437500 0.316367 0.437500 0.314371 0.439063 0.310379 0.439063 0.308383 0.440625 0.302395 0.440625 0.300399 0.442187 0.292415 0.442187 0.290419 0.443750 0.282435 0.443750 0.280439 0.445312 0.270459 0.445312 0.268463 0.446875 0.266467 0.446875 0.264471 0.448438 0.258483 0.448438 0.256487 0.450000 0.252495 0.450000 0.250499 0.448438 0.244511 0.448438 0.242515 0.446875 0.232535 0.446875 0.230539 0.445312 0.232535 0.443750 0.232535 0.442187 0.240519 0.435937 0.242515 0.435937 0.246507 0.432813 0.246507 0.431250 0.258483 0.421875 0.260479 0.421875 0.262475 0.420312 0.264471 0.420312 0.266467 0.418750 0.268463 0.418750 0.272455 0.415625 0.274451 0.415625 0.276447 0.414062 0.278443 0.414062 0.280439 0.412500 0.282435 0.412500 0.288423 0.407813 0.294411 0.407813 0.296407 0.406250 0.298403 0.406250 0.304391 0.401563 0.308383 0.401563 0.310379 0.400000 0.312375 0.400000 0.318363 0.395312 0.322355 0.395312 0.326347 0.392188 0.328343 0.392188 0.330339 0.390625 0.332335 0.390625 0.334331 0.389062 0.336327 0.389062 0.338323 0.387500 0.340319 0.387500 0.344311 0.384375 0.346307 0.384375 0.348303 0.382812 0.350299 0.382812 0.352295 0.381250 0.354291 0.381250 0.360279 0.376563 0.362275 0.376563 0.366267 0.373437 0.368263 0.373437 0.370259 0.371875 0.372255 0.371875 0.374251 0.370313 0.376247 0.370313 0.378244 0.368750 0.380240 0.368750 0.382236 0.367188 0.384232 0.367188 0.388224 0.364062 0.390220 0.364062 0.392216 0.362500 0.394212 0.362500 0.396208 0.360938 0.398204 0.360938 0.400200 0.359375 0.402196 0.359375 0.404192 0.357812 0.406188 0.357812 0.408184 0.356250 0.410180 0.356250 0.414172 0.353125 0.416168 0.353125 0.418164 0.351562 0.420160 0.351562 0.426148 0.346875 0.428144 0.346875 0.430140 0.345313 0.434132 0.345313 0.438124 0.342187 0.440120 0.342187 0.450100 0.334375 0.452096 0.334375 0.454092 0.332812 0.460080 0.332812 0.462076 0.331250 0.464072 0.331250 0.468064 0.328125 0.470060 0.328125 0.472056 0.326562 0.476048 0.326562 0.480040 0.323438 0.482036 0.323438 0.486028 0.320312 0.488024 0.320312 0.494012 0.315625 0.494012 0.314063 0.496008 0.312500 0.496008 0.310937 0.498004 0.309375 0.498004 0.301562 0.496008 0.300000 0.496008 0.295312 0.494012 0.293750 0.494012 0.289062 0.492016 0.287500 0.492016 0.282813 0.490020 0.281250 0.490020 0.278125 0.488024 0.276563 0.488024 0.273438 0.486028 0.271875 0.486028 0.268750 0.484032 0.267188 0.484032 0.262500 0.482036 0.260938 0.482036 0.253125 0.480040 0.251563 0.480040 0.248437 0.478044 0.246875 0.478044 0.245312 0.480040 0.243750 0.480040 0.240625 0.482036 0.239063 0.484032 0.239063 0.486028 0.237500 0.488024 0.237500 0.490020 0.235938 0.492016 0.235938 0.496008 0.232812 0.498004 0.232812 0.500000 0.231250 0.501996 0.231250 0.503992 0.229687 0.505988 0.229687 0.507984 0.228125 0.509980 0.228125 0.511976 0.226562 0.513972 0.226562 0.515968 0.225000 0.517964 0.225000 0.519960 0.223438 0.521956 0.223438 0.525948 0.220313 0.527944 0.220313 0.531936 0.217187 0.533932 0.217187 0.535928 0.215625 0.537924 0.215625 0.539920 0.214062 0.541916 0.214062 0.543912 0.212500 0.545908 0.212500 0.547904 0.210938 0.549900 0.210938 0.551896 0.209375 0.553892 0.209375 0.555888 0.207813 0.557884 0.207813 0.559880 0.206250 0.561876 0.206250 0.563872 0.204688 0.565868 0.204688 0.567864 0.203125 0.569860 0.203125 0.571856 0.201562 0.573852 0.201562 0.575848 0.200000 0.577844 0.200000 0.581836 0.196875 0.583832 0.196875 0.585828 0.195312 0.587824 0.195312 0.589820 0.193750 0.591816 0.193750 0.593812 0.192188 0.595808 0.192188 0.597804 0.190625 0.599800 0.190625 0.601796 0.189063 0.603792 0.189063 0.605788 0.187500 0.607784 0.187500 0.609780 0.185937 0.611776 0.185937 0.615768 0.182812 0.617764 0.182812 0.619760 0.181250 0.621756 0.181250 0.623752 0.179688 0.625749 0.179688 0.627744 0.178125 0.629741 0.178125 0.631737 0.176563 0.635729 0.176563 0.637725 0.175000 0.639721 0.175000 0.641717 0.173438 0.643713 0.173438 0.647705 0.170312 0.649701 0.170312 0.655689 0.165625 0.657685 0.165625 0.659681 0.164062 0.661677 0.164062 0.665669 0.160938 0.667665 0.160938 0.669661 0.159375 0.671657 0.159375 0.673653 0.157813 0.675649 0.157813 0.677645 0.156250 0.681637 0.156250 0.683633 0.154687 0.685629 0.154687 0.687625 0.153125 0.689621 0.153125 0.693613 0.150000 0.695609 0.150000 0.705589 0.142188 0.707585 0.142188 0.713573 0.137500 0.715569 0.137500 0.717565 0.135937 0.719561 0.135937 0.721557 0.134375 0.723553 0.134375 0.725549 0.132812 0.727545 0.132812 0.731537 0.129688 0.733533 0.129688 0.737525 0.126563 0.739521 0.126563 0.743513 0.123438 0.745509 0.123438 0.749501 0.120312 0.751497 0.120312 0.753493 0.118750 0.755489 0.118750 0.757485 0.117188 0.759481 0.117188 0.761477 0.115625 0.763473 0.115625 0.765469 0.114063 0.767465 0.114063 0.769461 0.112500 0.771457 0.112500 0.773453 0.110937 0.775449 0.110937 0.779441 0.107813 0.783433 0.107813 0.785429 0.106250 0.787425 0.106250 0.789421 0.104687 0.791417 0.104687 0.795409 0.101562 0.797405 0.101562 0.799401 0.100000 0.801397 0.100000 0.805389 0.096875 0.807385 0.096875 0.811377 0.093750 0.813373 0.093750 0.815369 0.092188 0.817365 0.092188 0.819361 0.090625 0.821357 0.090625 0.823353 0.089062 0.825349 0.089062 0.827345 0.087500 0.829341 0.087500 0.831337 0.085938 0.833333 0.085938 0.835329 0.084375 0.837325 0.084375 0.839321 0.082813 0.841317 0.082813 0.843313 0.081250 0.845309 0.081250 0.849301 0.078125 0.851297 0.078125 0.855289 0.075000 0.857285 0.075000 0.867265 0.067188 0.869262 0.067188 0.871257 0.065625 0.873253 0.065625 0.875250 0.064062 0.877245 0.064062 0.887226 0.056250 0.887226 0.054688 0.889222 0.054688 0.897206 0.048437 0.899202 0.048437 0.901198 0.046875 0.907186 0.046875 0.909182 0.045313 0.909182 0.040625 1.000000 0.040625 1.000000 0.046875 1.000000 0.048437 1.000000 0.054688 0.999002 0.056250 0.999002 0.060938 0.997006 0.062500 0.997006 0.065625 0.995010 0.067188 0.995010 0.070312 0.993014 0.071875 0.993014 0.073437 0.991018 0.075000 0.987026 0.071875 0.987026 0.070312 0.985030 0.068750 0.985030 0.065625 0.981038 0.062500 0.973054 0.062500 0.971058 0.060938 0.971058 0.059375 0.969062 0.057813 0.963074 0.057813 0.959082 0.060938 0.959082 0.062500 0.957086 0.060938 0.957086 0.059375 0.945110 0.050000 0.937126 0.050000 0.935130 0.051562 0.931138 0.051562 0.929142 0.053125 0.925150 0.053125 0.921158 0.056250 0.917166 0.056250 0.909182 0.062500 0.909182 0.064062 0.907186 0.065625 0.907186 0.084375 0.909182 0.085938 0.909182 0.087500 0.911178 0.089062 0.911178 0.090625 0.915170 0.093750 0.915170 0.095312 0.919162 0.098438 0.923154 0.098438 0.925150 0.100000 0.931138 0.100000 0.933134 0.101562 0.935130 0.101562 0.937126 0.103125 0.939122 0.103125 0.941118 0.104687 0.979042 0.104687 0.981038 0.103125 0.993014 0.103125 0.995010 0.104687 0.997006 0.104687 0.999002 0.106250 0.999002 0.107813 1.000000 0.109375 1.000000 0.126563 0.999002 0.128125 0.999002 0.143750 1.000000 0.145313 1.000000 0.150000 0.999002 0.151562 1.000000 0.153125 1.000000 0.164062 1.000000 0.165625 1.000000 0.198437 1.000000 0.200000 1.000000 0.221875 0.999002 0.223438 0.999002 0.232812 0.997006 0.234375 0.997006 0.239063 0.999002 0.240625 0.999002 0.243750 1.000000 0.245312 1.000000 0.250000 0.999002 0.251563 1.000000 0.253125 1.000000 0.256250 1.000000 0.257812 1.000000 0.270312 1.000000 0.271875 1.000000 0.273438 1.000000 0.282813 1.000000 0.284375 1.000000 0.285937 0.997006 0.289062 0.997006 0.292188 0.995010 0.293750 0.995010 0.300000 0.997006 0.301562 0.997006 0.303125 0.999002 0.304688 1.000000 0.304688 1.000000 0.306250 1.000000 0.306250 1.000000 0.387500 1.000000 0.387500 1.000000 0.389062 1.000000 0.390625 1.000000 0.392188 1.000000 0.392188 1.000000 0.434375 1.000000 0.434375 1.000000 0.435937 1.000000 0.439063 1.000000 0.440625 1.000000 0.459375 1.000000 0.460938 1.000000 0.470313 0.999002 0.471875 0.999002 0.473437 1.000000 0.475000 1.000000 0.481250 1.000000 0.482812 1.000000 0.485938 1.000000 0.487500 1.000000 0.500000 1.000000 0.501562 1.000000 0.517187 1.000000 0.518750 1.000000 0.523438 1.000000 0.525000 1.000000 0.540625 1.000000 0.542188 1.000000 0.562500 1.000000 0.564062 1.000000 0.571875 1.000000 0.573438 1.000000 0.576563 1.000000 0.578125 1.000000 0.578125 1.000000 0.589063 1.000000 0.589063 1.000000 0.590625 1.000000 0.592188 1.000000 0.593750 1.000000 0.604688 1.000000 0.606250 1.000000 0.609375 1.000000 0.610937 1.000000 0.623438 1.000000 0.625000 1.000000 0.631250 1.000000 0.632812 1.000000 0.653125 1.000000 0.654688 1.000000 0.656250 1.000000 0.657812 1.000000 0.657812 1.000000 0.659375 1.000000 0.659375 1.000000 0.660937 1.000000 0.664062 1.000000 0.665625 1.000000 0.667188 1.000000 0.668750 1.000000 0.670313 1.000000 0.670313 1.000000 0.684375 1.000000 0.684375 1.000000 0.687500 1.000000 0.689062 0.204591 0.081250 0.204591 0.082813 0.200599 0.085938 0.200599 0.087500 0.198603 0.089062 0.192615 0.089062 0.192615 0.054688 0.198603 0.054688 0.202595 0.057813 0.202595 0.067188 0.204591 0.068750 0.438124 0.121875 0.438124 0.118750 0.436128 0.117188 0.436128 0.115625 0.434132 0.114063 0.434132 0.107813 0.436128 0.106250 0.436128 0.104687 0.438124 0.104687 0.440120 0.103125 0.442116 0.104687 0.444112 0.104687 0.446108 0.106250 0.446108 0.114063 0.444112 0.115625 0.268463 0.628125 0.258483 0.628125 0.256487 0.626562 0.252495 0.626562 0.250499 0.628125 0.244511 0.628125 0.238523 0.632812 0.224551 0.632812 0.222555 0.634375 0.218563 0.634375 0.212575 0.639063 0.210579 0.639063 0.204591 0.639063 0.200599 0.635938 0.192615 0.635938 0.192615 0.640625 0.204591 0.640625
0 0.462076 0.120312 0.462076 0.121875 0.460080 0.123438 0.460080 0.132812 0.466068 0.132812 0.466068 0.128125 0.464072 0.126563 0.464072 0.123438 0.462076 0.121875 0.462076 0.120312 0.480040 0.112500 0.484032 0.115625 0.484032 0.117188 0.486028 0.118750 0.486028 0.120312 0.494012 0.120312 0.494012 0.075000 0.486028 0.075000 0.484032 0.073437 0.484032 0.070312 0.482036 0.068750 0.482036 0.059375 0.480040 0.057813 0.480040 0.050000 0.478044 0.048437 0.478044 0.046875 0.474052 0.043750 0.474052 0.042188 0.472056 0.040625 0.472056 0.039062 0.470060 0.037500 0.470060 0.035937 0.464072 0.035937 0.462076 0.034375 0.466068 0.031250 0.470060 0.031250 0.470060 0.021875 0.444112 0.021875 0.444112 0.026563 0.440120 0.029687 0.432136 0.029687 0.432136 0.075000 0.438124 0.075000 0.442116 0.078125 0.442116 0.079687 0.444112 0.081250 0.444112 0.082813 0.446108 0.084375 0.446108 0.090625 0.448104 0.092188 0.448104 0.095312 0.450100 0.095312 0.454092 0.098438 0.454092 0.100000 0.456088 0.101562 0.456088 0.100000 0.458084 0.098438 0.458084 0.096875 0.462076 0.093750 0.466068 0.096875 0.468064 0.096875 0.474052 0.101562 0.474052 0.103125 0.476048 0.104687 0.476048 0.107813 0.480040 0.110937 0.480040 0.112500
0 0.354291 0.040625 0.354291 0.045313 0.352295 0.046875 0.352295 0.048437 0.350299 0.050000 0.344311 0.050000 0.344311 0.054688 0.352295 0.054688 0.354291 0.056250 0.354291 0.057813 0.356287 0.059375 0.356287 0.067188 0.354291 0.068750 0.354291 0.070312 0.350299 0.073437 0.344311 0.073437 0.344311 0.095312 0.350299 0.095312 0.354291 0.098438 0.354291 0.101562 0.356287 0.103125 0.356287 0.104687 0.358283 0.106250 0.358283 0.107813 0.360279 0.107813 0.362275 0.109375 0.368263 0.109375 0.370259 0.110937 0.370259 0.112500 0.372255 0.114063 0.372255 0.115625 0.374251 0.117188 0.374251 0.118750 0.376247 0.120312 0.376247 0.121875 0.378244 0.123438 0.378244 0.129688 0.380240 0.131250 0.380240 0.139062 0.382236 0.140625 0.382236 0.143750 0.384232 0.145313 0.388224 0.145313 0.390220 0.146875 0.390220 0.151562 0.392216 0.151562 0.392216 0.145313 0.400200 0.139062 0.406188 0.139062 0.400200 0.139062 0.396208 0.135937 0.396208 0.120312 0.400200 0.117188 0.406188 0.117188 0.406188 0.100000 0.400200 0.100000 0.396208 0.096875 0.396208 0.095312 0.394212 0.093750 0.394212 0.090625 0.392216 0.089062 0.392216 0.079687 0.390220 0.078125 0.390220 0.073437 0.388224 0.071875 0.388224 0.070312 0.384232 0.067188 0.384232 0.054688 0.386228 0.053125 0.386228 0.040625
0 0.352295 0.059375 0.352295 0.109375 0.366267 0.109375 0.370259 0.112500 0.370259 0.114063 0.372255 0.115625 0.372255 0.117188 0.374251 0.118750 0.374251 0.120312 0.376247 0.121875 0.376247 0.123438 0.378244 0.125000 0.378244 0.131250 0.380240 0.132812 0.380240 0.145313 0.406188 0.145313 0.406188 0.139062 0.400200 0.139062 0.396208 0.135937 0.396208 0.121875 0.400200 0.118750 0.406188 0.118750 0.406188 0.098438 0.400200 0.098438 0.396208 0.095312 0.396208 0.093750 0.394212 0.092188 0.394212 0.090625 0.392216 0.089062 0.392216 0.078125 0.390220 0.076563 0.390220 0.071875 0.386228 0.068750 0.386228 0.067188 0.384232 0.065625 0.384232 0.059375
