3 0.476562 0.324847 0.478125 0.322811 0.478125 0.314664 0.476562 0.312627 0.476562 0.324847 0.492188 0.353360 0.489062 0.357434 0.487500 0.357434 0.485938 0.359470 0.485938 0.363544 0.484375 0.365580 0.484375 0.371690 0.482812 0.373727 0.482812 0.375764 0.481250 0.377800 0.481250 0.383910 0.479688 0.385947 0.479688 0.392057 0.476562 0.396130 0.470313 0.387984 0.470313 0.379837 0.468750 0.377800 0.468750 0.375764 0.467187 0.375764 0.464063 0.371690 0.464063 0.369654 0.460938 0.365580 0.457812 0.365580 0.454688 0.369654 0.453125 0.369654 0.453125 0.371690 0.450000 0.375764 0.450000 0.377800 0.446875 0.381874 0.446875 0.383910 0.445312 0.385947 0.445312 0.387984 0.442187 0.392057 0.442187 0.394094 0.431250 0.408350 0.431250 0.410387 0.426562 0.416497 0.426562 0.418534 0.420312 0.426680 0.420312 0.428717 0.418750 0.430754 0.418750 0.434827 0.417188 0.436864 0.417188 0.438900 0.409375 0.449084 0.407813 0.449084 0.406250 0.451120 0.403125 0.451120 0.401563 0.453157 0.400000 0.453157 0.398438 0.455193 0.396875 0.455193 0.395312 0.457230 0.390625 0.457230 0.390625 0.485743 0.395312 0.485743 0.404687 0.497963 0.406250 0.497963 0.409375 0.502037 0.410937 0.502037 0.414062 0.506110 0.415625 0.506110 0.417188 0.508147 0.418750 0.508147 0.420312 0.510183 0.423438 0.510183 0.425000 0.512220 0.428125 0.512220 0.429688 0.514257 0.431250 0.514257 0.432813 0.516293 0.435937 0.516293 0.437500 0.518330 0.439063 0.518330 0.440625 0.520367 0.442187 0.520367 0.443750 0.522403 0.446875 0.522403 0.448438 0.524440 0.450000 0.524440 0.454688 0.530550 0.454688 0.532587 0.456250 0.534623 0.456250 0.536660 0.459375 0.540733 0.459375 0.542770 0.460938 0.544807 0.460938 0.546843 0.462500 0.548880 0.462500 0.552953 0.464063 0.554990 0.464063 0.559063 0.465625 0.561100 0.465625 0.565173 0.467187 0.567210 0.467187 0.573320 0.468750 0.575356 0.468750 0.581466 0.470313 0.583503 0.470313 0.591650 0.471875 0.593686 0.471875 0.597760 0.473437 0.599796 0.473437 0.603870 0.475000 0.605906 0.475000 0.609980 0.476562 0.612016 0.476562 0.618126 0.478125 0.620163 0.478125 0.626273 0.479688 0.628310 0.479688 0.634420 0.481250 0.636456 0.481250 0.642566 0.482812 0.644603 0.482812 0.650713 0.484375 0.652749 0.484375 0.662933 0.485938 0.664969 0.485938 0.667006 0.484375 0.669043 0.484375 0.675153 0.482812 0.677189 0.482812 0.681263 0.481250 0.683299 0.481250 0.685336 0.479688 0.687373 0.479688 0.691446 0.478125 0.693483 0.478125 0.707739 0.479688 0.709776 0.479688 0.713849 0.481250 0.715886 0.482812 0.715886 0.484375 0.717923 0.485938 0.717923 0.487500 0.719959 0.489062 0.719959 0.492188 0.724033 0.493750 0.724033 0.495313 0.726069 0.496875 0.726069 0.500000 0.730143 0.501562 0.730143 0.506250 0.736253 0.507812 0.736253 0.510938 0.740326 0.510938 0.742362 0.514063 0.746436 0.514063 0.748473 0.517187 0.752546 0.517187 0.754582 0.520312 0.758656 0.520312 0.760692 0.521875 0.762729 0.521875 0.764766 0.523438 0.764766 0.537500 0.783096 0.539062 0.783096 0.545313 0.791242 0.546875 0.791242 0.560938 0.809572 0.560938 0.811609 0.562500 0.813646 0.562500 0.815682 0.564062 0.817719 0.564062 0.821792 0.565625 0.823829 0.565625 0.827902 0.567187 0.829939 0.567187 0.834012 0.568750 0.836049 0.568750 0.840122 0.570312 0.842159 0.570312 0.844196 0.571875 0.846232 0.571875 0.850305 0.573438 0.852342 0.573438 0.856415 0.575000 0.858452 0.575000 0.860489 0.576563 0.862525 0.576563 0.864562 0.578125 0.866599 0.578125 0.868635 0.579687 0.870672 0.579687 0.872709 0.581250 0.874745 0.581250 0.876782 0.582812 0.878819 0.582812 0.880855 0.585938 0.884929 0.585938 0.893075 0.618750 0.893075 0.618750 0.886965 0.620313 0.884929 0.620313 0.882892 0.623438 0.878819 0.623438 0.876782 0.625000 0.874745 0.625000 0.870672 0.626562 0.868635 0.626562 0.827902 0.632812 0.819756 0.635938 0.819756 0.637500 0.817719 0.645312 0.817719 0.646875 0.815682 0.650000 0.815682 0.651563 0.813646 0.654688 0.813646 0.656250 0.811609 0.657812 0.811609 0.665625 0.801426 0.665625 0.799389 0.667188 0.797352 0.667188 0.793279 0.668750 0.791242 0.668750 0.789206 0.670313 0.787169 0.670313 0.785132 0.671875 0.783096 0.671875 0.781059 0.673437 0.779022 0.673437 0.776986 0.675000 0.774949 0.675000 0.772912 0.681250 0.764766 0.681250 0.762729 0.685938 0.756619 0.685938 0.754582 0.689062 0.750509 0.689062 0.748473 0.701563 0.732179 0.703125 0.732179 0.704687 0.730143 0.706250 0.730143 0.707812 0.728106 0.709375 0.728106 0.712500 0.724033 0.714063 0.724033 0.715625 0.721996 0.715625 0.719959 0.717188 0.717923 0.717188 0.715886 0.718750 0.713849 0.718750 0.709776 0.720312 0.707739 0.720312 0.695519 0.718750 0.693483 0.718750 0.687373 0.720312 0.685336 0.720312 0.679226 0.721875 0.677189 0.721875 0.673116 0.723437 0.671079 0.723437 0.669043 0.726562 0.664969 0.726562 0.662933 0.728125 0.660896 0.728125 0.658859 0.729688 0.656823 0.729688 0.654786 0.731250 0.652749 0.731250 0.650713 0.732813 0.648676 0.732813 0.644603 0.734375 0.642566 0.734375 0.632383 0.735937 0.630346 0.735937 0.624236 0.739062 0.620163 0.739062 0.618126 0.743750 0.612016 0.743750 0.609980 0.745313 0.607943 0.745313 0.605906 0.746875 0.603870 0.746875 0.599796 0.748438 0.597760 0.748438 0.593686 0.750000 0.591650 0.750000 0.583503 0.751562 0.581466 0.751562 0.579430 0.753125 0.577393 0.757812 0.577393 0.757812 0.534623 0.753125 0.534623 0.751562 0.532587 0.751562 0.528513 0.750000 0.526477 0.750000 0.520367 0.748438 0.518330 0.748438 0.514257 0.746875 0.512220 0.746875 0.508147 0.745313 0.506110 0.745313 0.502037 0.743750 0.500000 0.743750 0.497963 0.742188 0.495927 0.742188 0.493890 0.740625 0.491853 0.740625 0.487780 0.737500 0.483707 0.737500 0.481670 0.735937 0.479633 0.735937 0.477597 0.734375 0.475560 0.734375 0.471487 0.729688 0.465377 0.729688 0.463340 0.726562 0.459267 0.725000 0.459267 0.721875 0.455193 0.720312 0.455193 0.717188 0.451120 0.715625 0.451120 0.714063 0.449084 0.712500 0.449084 0.709375 0.445010 0.709375 0.440937 0.707812 0.438900 0.707812 0.436864 0.709375 0.434827 0.709375 0.432790 0.710938 0.430754 0.710938 0.426680 0.712500 0.424644 0.712500 0.420570 0.714063 0.418534 0.714063 0.414460 0.715625 0.412424 0.715625 0.398167 0.714063 0.396130 0.714063 0.394094 0.712500 0.392057 0.712500 0.390020 0.710938 0.387984 0.710938 0.385947 0.709375 0.383910 0.706250 0.383910 0.704687 0.381874 0.701563 0.381874 0.700000 0.379837 0.689062 0.379837 0.687500 0.377800 0.681250 0.377800 0.679688 0.375764 0.675000 0.375764 0.673437 0.373727 0.670313 0.373727 0.668750 0.371690 0.667188 0.371690 0.665625 0.369654 0.660937 0.369654 0.659375 0.367617 0.656250 0.367617 0.654688 0.365580 0.653125 0.365580 0.651563 0.363544 0.648438 0.363544 0.642187 0.355397 0.640625 0.355397 0.635938 0.349287 0.635938 0.347251 0.631250 0.341141 0.631250 0.339104 0.628125 0.335031 0.628125 0.332994 0.626562 0.330957 0.626562 0.328921 0.614062 0.312627 0.612500 0.312627 0.610937 0.310591 0.607813 0.310591 0.606250 0.308554 0.603125 0.308554 0.601562 0.306517 0.593750 0.306517 0.590625 0.302444 0.589063 0.302444 0.585938 0.298371 0.585938 0.282077 0.587500 0.280041 0.587500 0.269857 0.585938 0.267821 0.585938 0.259674 0.540625 0.259674 0.540625 0.275967 0.548437 0.286151 0.550000 0.286151 0.553125 0.290224 0.554688 0.290224 0.556250 0.292261 0.559375 0.292261 0.559375 0.290224 0.565625 0.282077 0.568750 0.286151 0.568750 0.294297 0.570312 0.296334 0.570312 0.300407 0.568750 0.302444 0.568750 0.306517 0.571875 0.310591 0.573438 0.310591 0.575000 0.312627 0.576563 0.312627 0.578125 0.314664 0.581250 0.314664 0.584375 0.318737 0.584375 0.322811 0.581250 0.326884 0.570312 0.326884 0.568750 0.328921 0.553125 0.328921 0.551562 0.330957 0.539062 0.330957 0.537500 0.332994 0.532812 0.332994 0.529688 0.337067 0.528125 0.337067 0.525000 0.341141 0.523438 0.341141 0.521875 0.343177 0.520312 0.343177 0.518750 0.345214 0.517187 0.345214 0.515625 0.347251 0.512500 0.347251 0.510938 0.349287 0.509375 0.349287 0.507812 0.351324 0.495313 0.351324 0.493750 0.353360 0.492188 0.353360
5 0.000000 0.000000 0.000000 0.624236 0.010937 0.624236 0.010937 0.618126 0.015625 0.612016 0.018750 0.612016 0.020312 0.609980 0.021875 0.609980 0.023438 0.607943 0.028125 0.607943 0.029687 0.605906 0.034375 0.605906 0.035937 0.603870 0.042188 0.603870 0.043750 0.601833 0.050000 0.601833 0.051562 0.599796 0.054688 0.599796 0.056250 0.597760 0.057813 0.597760 0.059375 0.595723 0.060938 0.595723 0.062500 0.593686 0.064062 0.593686 0.065625 0.591650 0.067188 0.591650 0.068750 0.589613 0.071875 0.589613 0.073437 0.587576 0.075000 0.587576 0.076563 0.585540 0.078125 0.585540 0.079687 0.583503 0.081250 0.583503 0.084375 0.579430 0.085938 0.579430 0.090625 0.573320 0.092188 0.573320 0.095312 0.569246 0.096875 0.569246 0.106250 0.557027 0.107813 0.557027 0.110937 0.552953 0.110937 0.550916 0.120312 0.538697 0.120312 0.536660 0.121875 0.534623 0.121875 0.530550 0.123438 0.528513 0.123438 0.522403 0.125000 0.520367 0.125000 0.508147 0.126563 0.506110 0.126563 0.497963 0.128125 0.495927 0.132812 0.495927 0.132812 0.000000
5 0.121875 0.000000 0.121875 0.396130 0.126563 0.396130 0.129688 0.400204 0.129688 0.402240 0.134375 0.408350 0.139062 0.408350 0.140625 0.406314 0.142188 0.406314 0.145313 0.402240 0.175000 0.402240 0.176563 0.400204 0.201562 0.400204 0.203125 0.398167 0.228125 0.398167 0.229687 0.400204 0.282813 0.400204 0.284375 0.402240 0.301562 0.402240 0.303125 0.404277 0.318750 0.404277 0.320312 0.406314 0.337500 0.406314 0.339063 0.404277 0.345313 0.404277 0.346875 0.406314 0.390625 0.406314 0.392188 0.408350 0.404687 0.408350 0.406250 0.410387 0.421875 0.410387 0.423438 0.408350 0.425000 0.408350 0.426562 0.406314 0.428125 0.406314 0.429688 0.404277 0.431250 0.404277 0.439063 0.394094 0.439063 0.392057 0.440625 0.390020 0.440625 0.387984 0.442187 0.385947 0.442187 0.381874 0.443750 0.379837 0.443750 0.377800 0.445312 0.375764 0.445312 0.371690 0.446875 0.369654 0.446875 0.367617 0.448438 0.365580 0.448438 0.363544 0.450000 0.361507 0.450000 0.355397 0.451562 0.353360 0.451562 0.345214 0.453125 0.343177 0.453125 0.339104 0.454688 0.337067 0.454688 0.335031 0.456250 0.332994 0.456250 0.328921 0.457812 0.326884 0.457812 0.316701 0.459375 0.314664 0.459375 0.308554 0.460938 0.306517 0.460938 0.304481 0.462500 0.302444 0.462500 0.300407 0.464063 0.298371 0.464063 0.294297 0.465625 0.292261 0.465625 0.290224 0.467187 0.288187 0.467187 0.286151 0.468750 0.284114 0.468750 0.282077 0.470313 0.280041 0.471875 0.280041 0.473437 0.278004 0.475000 0.278004 0.476562 0.275967 0.478125 0.275967 0.481250 0.271894 0.482812 0.271894 0.487500 0.265784 0.489062 0.265784 0.495313 0.257637 0.501562 0.257637 0.501562 0.039715 0.495313 0.039715 0.493750 0.041752 0.492188 0.041752 0.490625 0.043788 0.489062 0.043788 0.482812 0.051935 0.478125 0.045825 0.478125 0.039715 0.479688 0.037678 0.479688 0.023422 0.478125 0.021385 0.478125 0.015275 0.470313 0.005092 0.473437 0.001018 0.475000 0.001018 0.476562 0.000000 0.478125 0.000000 0.479688 0.000000 0.479688 0.000000
0 0.831250 0.015275 0.831250 0.023422 0.829687 0.025458 0.829687 0.029532 0.828125 0.031568 0.828125 0.049898 0.826563 0.051935 0.826563 0.058045 0.825000 0.060081 0.825000 0.066191 0.823438 0.068228 0.823438 0.074338 0.821875 0.076375 0.821875 0.080448 0.820312 0.082485 0.820312 0.084521 0.806250 0.102851 0.804688 0.102851 0.804688 0.104888 0.803125 0.106925 0.803125 0.108961 0.801562 0.110998 0.801562 0.117108 0.800000 0.119145 0.800000 0.121181 0.798437 0.123218 0.798437 0.125255 0.795313 0.129328 0.790625 0.129328 0.790625 0.233198 0.795313 0.233198 0.796875 0.235234 0.796875 0.237271 0.798437 0.239308 0.798437 0.245418 0.800000 0.247454 0.800000 0.257637 0.801562 0.259674 0.801562 0.263747 0.803125 0.265784 0.803125 0.267821 0.804688 0.269857 0.806250 0.269857 0.807813 0.271894 0.809375 0.271894 0.810938 0.273931 0.812500 0.273931 0.817187 0.280041 0.817187 0.294297 0.818750 0.296334 0.818750 0.308554 0.817187 0.310591 0.817187 0.326884 0.815625 0.328921 0.815625 0.359470 0.814062 0.361507 0.814062 0.383910 0.815625 0.385947 0.815625 0.390020 0.817187 0.392057 0.818750 0.392057 0.820312 0.394094 0.823438 0.394094 0.825000 0.396130 0.843750 0.396130 0.845312 0.394094 0.851562 0.394094 0.853125 0.392057 0.854688 0.392057 0.857813 0.387984 0.857813 0.385947 0.856250 0.383910 0.856250 0.381874 0.853125 0.377800 0.851562 0.377800 0.845312 0.369654 0.845312 0.357434 0.846875 0.355397 0.846875 0.343177 0.848437 0.341141 0.848437 0.326884 0.850000 0.324847 0.850000 0.310591 0.851562 0.308554 0.851562 0.298371 0.853125 0.296334 0.853125 0.278004 0.854688 0.275967 0.854688 0.269857 0.856250 0.267821 0.856250 0.265784 0.859375 0.261711 0.860937 0.261711 0.862500 0.259674 0.865625 0.259674 0.870313 0.253564 0.870313 0.251527 0.871875 0.249491 0.871875 0.245418 0.873438 0.243381 0.873438 0.241344 0.875000 0.239308 0.875000 0.237271 0.876562 0.235234 0.876562 0.227088 0.878125 0.225051 0.882812 0.225051 0.882812 0.123218 0.878125 0.123218 0.876562 0.121181 0.870313 0.121181 0.864062 0.113035 0.864062 0.108961 0.862500 0.106925 0.862500 0.100815 0.859375 0.096741 0.859375 0.094705 0.857813 0.092668 0.857813 0.088595 0.856250 0.086558 0.856250 0.084521 0.857813 0.082485 0.857813 0.058045 0.859375 0.056008 0.859375 0.047862 0.860937 0.045825 0.859375 0.043788 0.859375 0.035642 0.857813 0.033605 0.857813 0.029532 0.853125 0.023422 0.853125 0.015275
0 0.601562 0.039715 0.601562 0.049898 0.600000 0.051935 0.600000 0.053971 0.598437 0.056008 0.598437 0.058045 0.595312 0.062118 0.595312 0.072301 0.596875 0.074338 0.596875 0.080448 0.598437 0.082485 0.598437 0.098778 0.596875 0.100815 0.596875 0.102851 0.590625 0.110998 0.584375 0.110998 0.584375 0.133401 0.589063 0.133401 0.593750 0.139511 0.593750 0.141548 0.595312 0.143585 0.595312 0.145621 0.596875 0.147658 0.596875 0.149695 0.598437 0.151731 0.598437 0.155804 0.600000 0.157841 0.600000 0.168024 0.601562 0.170061 0.601562 0.182281 0.600000 0.184318 0.600000 0.198574 0.598437 0.200611 0.598437 0.218941 0.600000 0.218941 0.601562 0.220978 0.603125 0.220978 0.604688 0.223014 0.606250 0.223014 0.609375 0.227088 0.609375 0.233198 0.654688 0.233198 0.654688 0.223014 0.656250 0.220978 0.656250 0.190428 0.657812 0.188391 0.657812 0.184318 0.659375 0.182281 0.659375 0.180244 0.660937 0.178208 0.660937 0.176171 0.662500 0.174134 0.662500 0.168024 0.664062 0.165988 0.664062 0.163951 0.665625 0.161914 0.670313 0.161914 0.670313 0.121181 0.665625 0.121181 0.660937 0.115071 0.660937 0.113035 0.651563 0.100815 0.650000 0.100815 0.648438 0.098778 0.646875 0.098778 0.643750 0.094705 0.642187 0.094705 0.637500 0.088595 0.637500 0.084521 0.635938 0.082485 0.635938 0.064155 0.634375 0.062118 0.634375 0.053971 0.632812 0.051935 0.632812 0.049898 0.631250 0.047862 0.631250 0.039715
0 0.757812 0.015275 0.757812 0.023422 0.756250 0.025458 0.756250 0.058045 0.754687 0.060081 0.754687 0.080448 0.756250 0.082485 0.756250 0.086558 0.757812 0.088595 0.757812 0.090631 0.759375 0.092668 0.759375 0.100815 0.760938 0.102851 0.759375 0.104888 0.759375 0.113035 0.757812 0.115071 0.757812 0.117108 0.754687 0.121181 0.754687 0.123218 0.753125 0.125255 0.753125 0.127291 0.751562 0.129328 0.751562 0.131365 0.748438 0.135438 0.748438 0.137475 0.745313 0.141548 0.745313 0.143585 0.734375 0.157841 0.729688 0.157841 0.728125 0.155804 0.725000 0.155804 0.723437 0.153768 0.720312 0.153768 0.710938 0.165988 0.709375 0.165988 0.707812 0.168024 0.703125 0.168024 0.703125 0.198574 0.710938 0.198574 0.712500 0.196538 0.723437 0.196538 0.725000 0.194501 0.726562 0.194501 0.729688 0.198574 0.731250 0.198574 0.734375 0.202648 0.735937 0.202648 0.742188 0.210794 0.742188 0.231161 0.743750 0.233198 0.743750 0.243381 0.742188 0.245418 0.742188 0.251527 0.754687 0.267821 0.753125 0.269857 0.753125 0.271894 0.751562 0.273931 0.751562 0.275967 0.746875 0.282077 0.746875 0.286151 0.745313 0.288187 0.745313 0.294297 0.746875 0.296334 0.746875 0.302444 0.748438 0.304481 0.748438 0.314664 0.746875 0.316701 0.746875 0.320774 0.745313 0.322811 0.745313 0.335031 0.748438 0.339104 0.750000 0.339104 0.751562 0.341141 0.753125 0.341141 0.754687 0.343177 0.754687 0.345214 0.757812 0.349287 0.757812 0.351324 0.759375 0.353360 0.759375 0.357434 0.757812 0.359470 0.757812 0.361507 0.756250 0.363544 0.756250 0.367617 0.754687 0.369654 0.754687 0.373727 0.753125 0.375764 0.753125 0.379837 0.754687 0.381874 0.790625 0.381874 0.796875 0.373727 0.796875 0.365580 0.795313 0.363544 0.795313 0.347251 0.796875 0.345214 0.796875 0.318737 0.795313 0.316701 0.796875 0.314664 0.796875 0.284114 0.795313 0.282077 0.795313 0.269857 0.796875 0.267821 0.796875 0.216904 0.795313 0.214868 0.795313 0.212831 0.793750 0.210794 0.793750 0.206721 0.792188 0.204684 0.792188 0.186354 0.793750 0.184318 0.793750 0.143585 0.795313 0.141548 0.795313 0.133401 0.796875 0.131365 0.796875 0.119145 0.798437 0.117108 0.798437 0.106925 0.796875 0.104888 0.796875 0.102851 0.793750 0.098778 0.793750 0.096741 0.785937 0.086558 0.785937 0.084521 0.782812 0.080448 0.782812 0.064155 0.784375 0.062118 0.784375 0.058045 0.785937 0.056008 0.785937 0.043788 0.787500 0.041752 0.787500 0.027495 0.785937 0.025458 0.785937 0.015275
0 0.953125 0.385947 0.953125 0.404277 0.957812 0.404277 0.957812 0.385947 0.953125 0.385947 0.957812 0.172098 0.953125 0.172098 0.945312 0.172098 0.943750 0.170061 0.943750 0.151731 0.942187 0.149695 0.942187 0.141548 0.940625 0.139511 0.940625 0.135438 0.939062 0.133401 0.939062 0.131365 0.937500 0.129328 0.937500 0.119145 0.939062 0.117108 0.940625 0.117108 0.942187 0.119145 0.942187 0.121181 0.943750 0.123218 0.943750 0.125255 0.946875 0.125255 0.946875 0.123218 0.948438 0.121181 0.948438 0.119145 0.946875 0.117108 0.946875 0.110998 0.943750 0.106925 0.943750 0.104888 0.942187 0.102851 0.942187 0.100815 0.940625 0.098778 0.940625 0.096741 0.939062 0.094705 0.939062 0.092668 0.937500 0.090631 0.937500 0.088595 0.929688 0.078411 0.929688 0.072301 0.890625 0.072301 0.890625 0.198574 0.895312 0.198574 0.896875 0.200611 0.896875 0.202648 0.898438 0.204684 0.898438 0.208758 0.900000 0.210794 0.900000 0.214868 0.901563 0.216904 0.901563 0.225051 0.900000 0.227088 0.900000 0.231161 0.898438 0.233198 0.898438 0.237271 0.896875 0.239308 0.896875 0.245418 0.895312 0.247454 0.890625 0.247454 0.890625 0.251527 0.895312 0.251527 0.896875 0.253564 0.896875 0.259674 0.898438 0.261711 0.898438 0.278004 0.895312 0.282077 0.890625 0.282077 0.890625 0.332994 0.895312 0.332994 0.900000 0.326884 0.903125 0.326884 0.906250 0.330957 0.907812 0.330957 0.910937 0.335031 0.910937 0.359470 0.903125 0.369654 0.900000 0.369654 0.896875 0.373727 0.890625 0.373727 0.890625 0.404277 0.906250 0.404277 0.906250 0.398167 0.907812 0.396130 0.909375 0.396130 0.910937 0.394094 0.915625 0.394094 0.918750 0.390020 0.920313 0.390020 0.921875 0.387984 0.921875 0.383910 0.925000 0.379837 0.925000 0.377800 0.928125 0.373727 0.928125 0.369654 0.929688 0.367617 0.929688 0.365580 0.931250 0.363544 0.931250 0.357434 0.932813 0.355397 0.932813 0.351324 0.934375 0.349287 0.934375 0.347251 0.935938 0.345214 0.935938 0.343177 0.937500 0.341141 0.937500 0.335031 0.939062 0.332994 0.939062 0.324847 0.940625 0.322811 0.940625 0.320774 0.943750 0.316701 0.943750 0.296334 0.942187 0.294297 0.942187 0.292261 0.940625 0.290224 0.940625 0.286151 0.939062 0.284114 0.939062 0.280041 0.940625 0.278004 0.940625 0.269857 0.942187 0.267821 0.942187 0.255601 0.943750 0.253564 0.943750 0.245418 0.945312 0.243381 0.945312 0.237271 0.943750 0.235234 0.943750 0.227088 0.942187 0.225051 0.942187 0.220978 0.940625 0.218941 0.940625 0.208758 0.939062 0.206721 0.939062 0.200611 0.940625 0.198574 0.940625 0.196538 0.942187 0.194501 0.942187 0.190428 0.943750 0.188391 0.943750 0.186354 0.945312 0.184318 0.945312 0.172098 0.953125 0.172098 0.951563 0.170061 0.953125 0.168024 0.957812 0.168024 0.957812 0.172098
0 0.679688 0.047862 0.679688 0.053971 0.676562 0.058045 0.676562 0.060081 0.675000 0.062118 0.675000 0.064155 0.673437 0.066191 0.673437 0.068228 0.671875 0.070265 0.671875 0.072301 0.670313 0.074338 0.670313 0.084521 0.668750 0.086558 0.668750 0.092668 0.667188 0.094705 0.667188 0.102851 0.665625 0.104888 0.665625 0.108961 0.664062 0.110998 0.659375 0.110998 0.659375 0.147658 0.664062 0.147658 0.665625 0.149695 0.665625 0.157841 0.664062 0.159878 0.659375 0.159878 0.664062 0.159878 0.665625 0.161914 0.665625 0.165988 0.667188 0.168024 0.667188 0.231161 0.668750 0.233198 0.668750 0.257637 0.670313 0.259674 0.670313 0.269857 0.671875 0.271894 0.671875 0.275967 0.673437 0.278004 0.673437 0.280041 0.675000 0.282077 0.675000 0.284114 0.676562 0.286151 0.676562 0.290224 0.678125 0.292261 0.678125 0.294297 0.681250 0.298371 0.681250 0.300407 0.682813 0.302444 0.682813 0.304481 0.690625 0.314664 0.690625 0.316701 0.695312 0.322811 0.695312 0.330957 0.698438 0.330957 0.698438 0.324847 0.701563 0.320774 0.707812 0.320774 0.709375 0.322811 0.710938 0.322811 0.712500 0.324847 0.712500 0.330957 0.720312 0.330957 0.720312 0.304481 0.715625 0.304481 0.712500 0.300407 0.712500 0.296334 0.710938 0.294297 0.710938 0.280041 0.709375 0.278004 0.709375 0.269857 0.707812 0.267821 0.707812 0.263747 0.704687 0.259674 0.704687 0.257637 0.703125 0.257637 0.701563 0.255601 0.701563 0.235234 0.703125 0.233198 0.704687 0.233198 0.706250 0.235234 0.707812 0.235234 0.707812 0.223014 0.706250 0.220978 0.706250 0.190428 0.707812 0.188391 0.707812 0.184318 0.714063 0.176171 0.720312 0.176171 0.720312 0.133401 0.715625 0.133401 0.712500 0.129328 0.712500 0.123218 0.710938 0.121181 0.710938 0.119145 0.707812 0.115071 0.707812 0.113035 0.706250 0.110998 0.706250 0.106925 0.704687 0.104888 0.704687 0.096741 0.703125 0.094705 0.703125 0.090631 0.701563 0.088595 0.701563 0.086558 0.695312 0.078411 0.695312 0.074338 0.693750 0.072301 0.693750 0.047862
2 0.459375 0.041752 0.464063 0.041752 0.467187 0.037678 0.465625 0.035642 0.465625 0.027495 0.467187 0.025458 0.467187 0.023422 0.465625 0.021385 0.459375 0.021385 0.459375 0.041752 0.459375 0.062118 0.459375 0.168024 0.506250 0.168024 0.506250 0.157841 0.507812 0.155804 0.507812 0.149695 0.509375 0.147658 0.509375 0.141548 0.510938 0.139511 0.510938 0.137475 0.512500 0.135438 0.512500 0.133401 0.515625 0.129328 0.515625 0.127291 0.521875 0.119145 0.523438 0.119145 0.526563 0.115071 0.528125 0.115071 0.529688 0.113035 0.534375 0.113035 0.535937 0.110998 0.540625 0.110998 0.542188 0.108961 0.553125 0.108961 0.554688 0.106925 0.559375 0.106925 0.560938 0.108961 0.567187 0.108961 0.568750 0.110998 0.575000 0.110998 0.576563 0.113035 0.582812 0.113035 0.590625 0.102851 0.592188 0.102851 0.593750 0.100815 0.595312 0.100815 0.595312 0.098778 0.596875 0.096741 0.596875 0.082485 0.595312 0.080448 0.595312 0.076375 0.593750 0.074338 0.593750 0.064155 0.595312 0.062118 0.595312 0.060081 0.596875 0.058045 0.596875 0.056008 0.600000 0.051935 0.600000 0.049898 0.610937 0.035642 0.612500 0.035642 0.614062 0.033605 0.618750 0.033605 0.620313 0.031568 0.621875 0.031568 0.623438 0.029532 0.625000 0.029532 0.626562 0.027495 0.629687 0.027495 0.631250 0.025458 0.632812 0.025458 0.634375 0.023422 0.634375 0.021385 0.640625 0.013238 0.642187 0.013238 0.645312 0.009165 0.651563 0.009165 0.651563 0.000000 0.526563 0.000000 0.526563 0.005092 0.521875 0.011202 0.520312 0.011202 0.515625 0.017312 0.514063 0.017312 0.509375 0.023422 0.507812 0.023422 0.500000 0.033605 0.500000 0.035642 0.493750 0.043788 0.492188 0.043788 0.485938 0.051935 0.485938 0.053971 0.482812 0.058045 0.481250 0.058045 0.479688 0.060081 0.478125 0.060081 0.476562 0.062118 0.475000 0.062118 0.471875 0.066191 0.468750 0.066191 0.467187 0.064155 0.465625 0.064155 0.464063 0.062118 0.459375 0.062118
0 0.939062 0.306517 0.934375 0.306517 0.934375 0.308554 0.932813 0.310591 0.932813 0.312627 0.931250 0.314664 0.931250 0.339104 0.939062 0.339104 0.939062 0.306517 0.939062 0.269857 0.939062 0.261711 0.918750 0.196538 0.920313 0.194501 0.920313 0.192464 0.921875 0.190428 0.921875 0.188391 0.925000 0.184318 0.926562 0.184318 0.928125 0.182281 0.929688 0.182281 0.904688 0.200611 0.903125 0.198574 0.903125 0.196538 0.901563 0.194501 0.901563 0.190428 0.900000 0.188391 0.900000 0.180244 0.898438 0.178208 0.898438 0.174134 0.900000 0.172098 0.900000 0.157841 0.901563 0.155804 0.901563 0.151731 0.903125 0.149695 0.903125 0.145621 0.906250 0.141548 0.906250 0.139511 0.907812 0.137475 0.909375 0.137475 0.909375 0.135438 0.910937 0.133401 0.910937 0.131365 0.912500 0.129328 0.912500 0.127291 0.914062 0.125255 0.914062 0.121181 0.915625 0.119145 0.915625 0.117108 0.921875 0.108961 0.923437 0.108961 0.925000 0.106925 0.926562 0.106925 0.926562 0.104888 0.928125 0.102851 0.928125 0.100815 0.931250 0.096741 0.931250 0.094705 0.934375 0.090631 0.939062 0.090631 0.939062 0.084521 0.934375 0.084521 0.932813 0.082485 0.932813 0.080448 0.931250 0.078411 0.931250 0.076375 0.928125 0.072301 0.928125 0.070265 0.923437 0.064155 0.923437 0.049898 0.925000 0.047862 0.925000 0.041752 0.926562 0.039715 0.926562 0.015275 0.896875 0.015275 0.896875 0.021385 0.895312 0.023422 0.895312 0.035642 0.893750 0.037678 0.893750 0.049898 0.895312 0.051935 0.895312 0.060081 0.893750 0.062118 0.893750 0.070265 0.889063 0.076375 0.889063 0.078411 0.885938 0.082485 0.885938 0.084521 0.882812 0.088595 0.878125 0.088595 0.878125 0.312627 0.882812 0.312627 0.885938 0.308554 0.890625 0.308554 0.892187 0.310591 0.892187 0.316701 0.893750 0.318737 0.893750 0.339104 0.904688 0.339104 0.904688 0.326884 0.906250 0.324847 0.906250 0.320774 0.907812 0.318737 0.907812 0.312627 0.906250 0.310591 0.906250 0.308554 0.901563 0.302444 0.901563 0.300407 0.900000 0.298371 0.900000 0.296334 0.898438 0.294297 0.898438 0.288187 0.896875 0.286151 0.896875 0.275967 0.895312 0.273931 0.896875 0.271894 0.896875 0.255601 0.895312 0.253564 0.895312 0.249491 0.896875 0.247454 0.896875 0.239308 0.898438 0.237271 0.898438 0.220978 0.896875 0.218941 0.896875 0.216904 0.898438 0.214868 0.898438 0.210794 0.901563 0.206721 0.901563 0.204684 0.903125 0.202648 0.904688 0.202648 0.904688 0.200611 0.929688 0.182281 0.934375 0.176171 0.939062 0.176171 0.939062 0.208758 0.932813 0.208758 0.931250 0.206721 0.928125 0.206721 0.926562 0.204684 0.921875 0.204684 0.920313 0.202648 0.918750 0.202648 0.917188 0.200611 0.918750 0.198574 0.918750 0.196538 0.939062 0.261711 0.934375 0.261711 0.932813 0.263747 0.932813 0.269857 0.939062 0.269857
