5 0.582812 0.477839 0.581250 0.480609 0.576563 0.480609 0.575000 0.483380 0.564062 0.483380 0.562500 0.486150 0.545313 0.486150 0.543750 0.488920 0.528125 0.488920 0.526563 0.491690 0.518750 0.491690 0.517187 0.494460 0.510938 0.494460 0.509375 0.497230 0.506250 0.497230 0.504687 0.500000 0.503125 0.500000 0.500000 0.505540 0.500000 0.511080 0.498437 0.513850 0.498437 0.516621 0.496875 0.519391 0.496875 0.524931 0.495313 0.527701 0.495313 0.530471 0.493750 0.533241 0.493750 0.541551 0.492188 0.544321 0.492188 0.555402 0.490625 0.558172 0.490625 0.563712 0.489062 0.566482 0.489062 0.569252 0.487500 0.572022 0.487500 0.574792 0.484375 0.580332 0.478125 0.580332 0.478125 0.763158 0.485938 0.763158 0.487500 0.765928 0.489062 0.765928 0.490625 0.768698 0.492188 0.768698 0.493750 0.771468 0.496875 0.771468 0.498437 0.774238 0.504687 0.774238 0.506250 0.777008 0.507812 0.777008 0.514063 0.788089 0.514063 0.790859 0.517187 0.796399 0.518750 0.796399 0.521875 0.801939 0.523438 0.801939 0.525000 0.804709 0.526563 0.804709 0.528125 0.807479 0.531250 0.807479 0.532812 0.804709 0.542188 0.804709 0.543750 0.801939 0.548437 0.801939 0.550000 0.804709 0.582812 0.804709 0.584375 0.807479 0.593750 0.807479 0.595312 0.810249 0.604688 0.810249 0.606250 0.813019 0.615625 0.813019 0.617188 0.815789 0.626562 0.815789 0.628125 0.818560 0.639063 0.818560 0.640625 0.821330 0.643750 0.821330 0.645312 0.824100 0.646875 0.824100 0.656250 0.840720 0.657812 0.840720 0.659375 0.843490 0.660937 0.843490 0.664062 0.849030 0.664062 0.857341 0.682813 0.857341 0.682813 0.849030 0.692187 0.832410 0.693750 0.832410 0.695312 0.829640 0.704687 0.829640 0.706250 0.832410 0.725000 0.832410 0.726562 0.835180 0.734375 0.835180 0.735937 0.837950 0.742188 0.837950 0.743750 0.840720 0.760938 0.840720 0.762500 0.843490 0.779688 0.843490 0.781250 0.846260 0.785937 0.846260 0.787500 0.849030 0.787500 0.857341 0.853125 0.857341 0.853125 0.846260 0.854688 0.843490 0.854688 0.840720 0.856250 0.837950 0.856250 0.832410 0.859375 0.826870 0.864062 0.826870 0.864062 0.680055 0.859375 0.680055 0.857813 0.677285 0.857813 0.668975 0.856250 0.666205 0.856250 0.652355 0.854688 0.649584 0.854688 0.610803 0.853125 0.608033 0.853125 0.572022 0.851562 0.569252 0.851562 0.555402 0.850000 0.552632 0.850000 0.547091 0.848437 0.544321 0.848437 0.536011 0.846875 0.533241 0.846875 0.497230 0.845312 0.494460 0.845312 0.491690 0.842188 0.486150 0.840625 0.486150 0.837500 0.480609 0.834375 0.480609 0.832812 0.477839 0.829687 0.477839 0.828125 0.475069 0.821875 0.475069 0.820312 0.472299 0.807813 0.472299 0.806250 0.469529 0.790625 0.469529 0.789062 0.466759 0.770312 0.466759 0.768750 0.463989 0.757812 0.463989 0.756250 0.461219 0.751562 0.461219 0.750000 0.458449 0.750000 0.450139 0.667188 0.450139 0.667188 0.458449 0.664062 0.463989 0.662500 0.463989 0.660937 0.466759 0.659375 0.466759 0.657812 0.469529 0.654688 0.469529 0.653125 0.472299 0.646875 0.472299 0.645312 0.475069 0.640625 0.475069 0.639063 0.477839 0.635938 0.477839 0.634375 0.480609 0.625000 0.480609 0.623438 0.477839 0.582812 0.477839 0.590625 0.463989 0.596875 0.463989 0.598437 0.461219 0.600000 0.461219 0.601562 0.458449 0.601562 0.450139 0.589063 0.450139 0.589063 0.461219 0.590625 0.463989
0 0.015625 0.616343 0.015625 0.713296 0.031250 0.713296 0.031250 0.680055 0.032812 0.677285 0.032812 0.674515 0.034375 0.671745 0.039062 0.671745 0.039062 0.655125 0.034375 0.655125 0.031250 0.649584 0.031250 0.644044 0.029687 0.641274 0.029687 0.616343
0 0.040625 0.627424 0.040625 0.699446 0.045313 0.699446 0.046875 0.702216 0.046875 0.713296 0.056250 0.713296 0.056250 0.702216 0.057813 0.699446 0.057813 0.696676 0.059375 0.693906 0.064062 0.693906 0.064062 0.638504 0.059375 0.638504 0.057813 0.635734 0.057813 0.627424
2 0.234375 0.627424 0.234375 0.646814 0.239063 0.646814 0.243750 0.655125 0.243750 0.668975 0.268750 0.668975 0.268750 0.660665 0.262500 0.649584 0.262500 0.646814 0.260938 0.644044 0.260938 0.641274 0.259375 0.638504 0.259375 0.627424
2 0.203125 0.627424 0.203125 0.702216 0.215625 0.702216 0.215625 0.691136 0.218750 0.685596 0.225000 0.685596 0.226562 0.688366 0.232812 0.688366 0.235938 0.693906 0.235938 0.702216 0.245312 0.702216 0.245312 0.644044 0.240625 0.644044 0.237500 0.638504 0.237500 0.627424
0 0.178125 0.627424 0.178125 0.638504 0.176563 0.641274 0.171875 0.641274 0.171875 0.713296 0.187500 0.713296 0.187500 0.688366 0.190625 0.682826 0.195312 0.682826 0.195312 0.627424
2 0.259375 0.627424 0.259375 0.680055 0.270312 0.680055 0.270312 0.671745 0.276563 0.660665 0.278125 0.660665 0.279687 0.657895 0.290625 0.657895 0.295312 0.666205 0.295312 0.668975 0.296875 0.671745 0.296875 0.680055 0.296875 0.668975 0.300000 0.663435 0.307813 0.663435 0.307813 0.627424
2 0.309375 0.616343 0.309375 0.680055 0.323438 0.680055 0.323438 0.671745 0.326562 0.666205 0.332812 0.666205 0.335938 0.671745 0.335938 0.680055 0.345313 0.680055 0.345313 0.671745 0.346875 0.668975 0.351562 0.668975 0.351562 0.616343
2 0.246875 0.627424 0.246875 0.680055 0.268750 0.680055 0.268750 0.671745 0.270312 0.668975 0.270312 0.666205 0.271875 0.663435 0.271875 0.660665 0.273438 0.657895 0.273438 0.646814 0.275000 0.644044 0.279687 0.644044 0.281250 0.646814 0.282813 0.646814 0.284375 0.649584 0.289062 0.649584 0.289062 0.627424
2 0.259375 0.627424 0.259375 0.671745 0.265625 0.671745 0.267188 0.668975 0.271875 0.668975 0.273438 0.671745 0.275000 0.671745 0.276563 0.674515 0.276563 0.702216 0.296875 0.702216 0.296875 0.674515 0.303125 0.663435 0.307813 0.663435 0.307813 0.638504 0.303125 0.638504 0.301562 0.635734 0.301562 0.627424
2 0.346875 0.616343 0.346875 0.680055 0.382812 0.680055 0.382812 0.632964 0.378125 0.632964 0.376563 0.630194 0.376563 0.627424 0.375000 0.624654 0.375000 0.616343
2 0.246875 0.638504 0.246875 0.680055 0.276563 0.680055 0.276563 0.652355 0.271875 0.652355 0.268750 0.646814 0.268750 0.638504
0 0.000000 0.616343 0.000000 0.691136 0.007812 0.691136 0.007812 0.616343
