5 0.776563 0.284543 0.776563 0.277518 0.778125 0.275176 0.778125 0.272834 0.779688 0.270492 0.781250 0.270492 0.782812 0.268150 0.784375 0.268150 0.784375 0.265808 0.785937 0.263466 0.787500 0.263466 0.789062 0.261124 0.790625 0.261124 0.792188 0.258782 0.793750 0.258782 0.795313 0.256440 0.801562 0.256440 0.801562 0.249415 0.789062 0.249415 0.787500 0.251756 0.782812 0.251756 0.782812 0.254098 0.781250 0.256440 0.781250 0.258782 0.779688 0.261124 0.779688 0.265808 0.776563 0.270492 0.776563 0.272834 0.771875 0.279859 0.768750 0.279859 0.770312 0.279859 0.771875 0.282201 0.775000 0.282201 0.776563 0.284543 0.776563 0.291569 0.768750 0.291569 0.767187 0.293911 0.760938 0.293911 0.759375 0.296253 0.757812 0.296253 0.756250 0.293911 0.742188 0.293911 0.739062 0.289227 0.739062 0.279859 0.737500 0.277518 0.734375 0.277518 0.731250 0.272834 0.731250 0.265808 0.729688 0.263466 0.729688 0.251756 0.728125 0.249415 0.728125 0.244731 0.726562 0.242389 0.726562 0.240047 0.725000 0.237705 0.725000 0.235363 0.723437 0.233021 0.723437 0.230679 0.721875 0.228337 0.720312 0.228337 0.715625 0.221311 0.715625 0.218970 0.710938 0.211944 0.710938 0.209602 0.707812 0.204918 0.707812 0.202576 0.706250 0.200234 0.706250 0.193208 0.703125 0.188525 0.701563 0.188525 0.698438 0.183841 0.698438 0.181499 0.696875 0.179157 0.696875 0.174473 0.695312 0.172131 0.695312 0.169789 0.693750 0.167447 0.693750 0.162763 0.692187 0.160422 0.692187 0.148712 0.664062 0.148712 0.664062 0.160422 0.665625 0.162763 0.665625 0.167447 0.664062 0.169789 0.664062 0.172131 0.660937 0.176815 0.653125 0.176815 0.651563 0.179157 0.650000 0.179157 0.648438 0.181499 0.646875 0.181499 0.645312 0.183841 0.645312 0.188525 0.643750 0.190867 0.643750 0.204918 0.642187 0.207260 0.639063 0.207260 0.637500 0.204918 0.634375 0.204918 0.632812 0.202576 0.631250 0.202576 0.629687 0.200234 0.628125 0.200234 0.626562 0.197892 0.625000 0.197892 0.623438 0.195550 0.621875 0.195550 0.620313 0.193208 0.610937 0.193208 0.609375 0.195550 0.607813 0.195550 0.606250 0.193208 0.600000 0.193208 0.598437 0.190867 0.593750 0.190867 0.592188 0.188525 0.589063 0.188525 0.589063 0.190867 0.585938 0.195550 0.584375 0.195550 0.582812 0.197892 0.579687 0.197892 0.578125 0.200234 0.565625 0.200234 0.564062 0.202576 0.556250 0.202576 0.554688 0.204918 0.550000 0.204918 0.548437 0.207260 0.537500 0.207260 0.535937 0.209602 0.528125 0.209602 0.525000 0.214286 0.523438 0.214286 0.521875 0.216628 0.518750 0.216628 0.517187 0.214286 0.510938 0.214286 0.509375 0.216628 0.500000 0.216628 0.498437 0.218970 0.493750 0.218970 0.490625 0.214286 0.490625 0.209602 0.492188 0.207260 0.492188 0.200234 0.493750 0.197892 0.493750 0.195550 0.496875 0.190867 0.498437 0.190867 0.501562 0.186183 0.503125 0.186183 0.504687 0.188525 0.504687 0.193208 0.506250 0.195550 0.506250 0.197892 0.507812 0.200234 0.507812 0.204918 0.509375 0.204918 0.510938 0.207260 0.512500 0.207260 0.514063 0.209602 0.515625 0.207260 0.515625 0.202576 0.514063 0.200234 0.514063 0.197892 0.512500 0.195550 0.512500 0.186183 0.510938 0.183841 0.510938 0.181499 0.509375 0.179157 0.509375 0.176815 0.507812 0.174473 0.506250 0.174473 0.504687 0.172131 0.503125 0.172131 0.501562 0.169789 0.500000 0.169789 0.498437 0.167447 0.493750 0.167447 0.492188 0.169789 0.490625 0.169789 0.487500 0.174473 0.487500 0.181499 0.485938 0.183841 0.485938 0.190867 0.484375 0.193208 0.484375 0.195550 0.481250 0.200234 0.481250 0.214286 0.482812 0.216628 0.482812 0.223653 0.481250 0.225995 0.479688 0.225995 0.471875 0.237705 0.470313 0.237705 0.468750 0.240047 0.464063 0.240047 0.462500 0.242389 0.456250 0.242389 0.454688 0.244731 0.453125 0.244731 0.451562 0.247073 0.450000 0.247073 0.448438 0.249415 0.446875 0.249415 0.446875 0.251756 0.445312 0.254098 0.445312 0.286885 0.443750 0.289227 0.443750 0.300937 0.442187 0.303279 0.442187 0.319672 0.440625 0.322014 0.440625 0.333724 0.437500 0.338407 0.437500 0.340749 0.435937 0.343091 0.435937 0.345433 0.432813 0.350117 0.432813 0.352459 0.431250 0.354801 0.431250 0.357143 0.429688 0.359485 0.429688 0.371194 0.428125 0.373536 0.428125 0.394614 0.429688 0.396955 0.429688 0.403981 0.428125 0.406323 0.428125 0.432084 0.429688 0.434426 0.429688 0.460187 0.431250 0.462529 0.431250 0.518735 0.429688 0.521077 0.429688 0.532787 0.428125 0.535129 0.428125 0.537471 0.426562 0.539813 0.421875 0.539813 0.421875 0.556206 0.426562 0.556206 0.428125 0.558548 0.428125 0.570258 0.429688 0.572600 0.429688 0.574941 0.431250 0.577283 0.431250 0.581967 0.432813 0.584309 0.432813 0.603045 0.434375 0.605386 0.434375 0.614754 0.432813 0.617096 0.432813 0.621780 0.431250 0.624122 0.431250 0.633489 0.429688 0.635831 0.429688 0.642857 0.428125 0.645199 0.428125 0.654567 0.429688 0.656909 0.429688 0.661592 0.431250 0.663934 0.431250 0.673302 0.432813 0.675644 0.432813 0.703747 0.434375 0.706089 0.434375 0.729508 0.435937 0.731850 0.435937 0.734192 0.437500 0.736534 0.439063 0.736534 0.445312 0.745902 0.445312 0.748244 0.446875 0.750585 0.448438 0.750585 0.450000 0.752927 0.451562 0.752927 0.456250 0.759953 0.456250 0.762295 0.457812 0.764637 0.457812 0.769321 0.456250 0.771663 0.456250 0.774005 0.457812 0.776347 0.462500 0.776347 0.464063 0.778689 0.467187 0.778689 0.468750 0.781030 0.470313 0.781030 0.471875 0.783372 0.478125 0.783372 0.479688 0.785714 0.490625 0.785714 0.492188 0.788056 0.504687 0.788056 0.506250 0.790398 0.528125 0.790398 0.529688 0.792740 0.584375 0.792740 0.585938 0.795082 0.595312 0.795082 0.596875 0.797424 0.603125 0.797424 0.604688 0.799766 0.607813 0.799766 0.610937 0.804450 0.610937 0.811475 0.626562 0.811475 0.626562 0.804450 0.628125 0.802108 0.629687 0.802108 0.631250 0.799766 0.639063 0.799766 0.640625 0.797424 0.643750 0.797424 0.646875 0.792740 0.646875 0.790398 0.648438 0.788056 0.648438 0.785714 0.650000 0.783372 0.650000 0.774005 0.651563 0.771663 0.651563 0.755269 0.653125 0.752927 0.653125 0.743560 0.651563 0.741218 0.651563 0.731850 0.648438 0.727166 0.648438 0.724824 0.646875 0.722482 0.646875 0.720141 0.645312 0.717799 0.645312 0.715457 0.643750 0.713115 0.643750 0.706089 0.642187 0.703747 0.642187 0.670960 0.643750 0.668618 0.643750 0.663934 0.645312 0.661592 0.645312 0.659251 0.646875 0.656909 0.646875 0.652225 0.648438 0.649883 0.648438 0.645199 0.651563 0.640515 0.651563 0.638173 0.653125 0.635831 0.653125 0.631148 0.654688 0.628806 0.654688 0.624122 0.656250 0.621780 0.656250 0.619438 0.657812 0.617096 0.657812 0.614754 0.659375 0.612412 0.659375 0.610070 0.667188 0.598361 0.668750 0.598361 0.671875 0.593677 0.673437 0.593677 0.676562 0.588993 0.679688 0.588993 0.681250 0.591335 0.682813 0.591335 0.684375 0.588993 0.685938 0.588993 0.687500 0.586651 0.689062 0.586651 0.692187 0.581967 0.695312 0.581967 0.696875 0.579625 0.706250 0.579625 0.707812 0.581967 0.710938 0.581967 0.718750 0.593677 0.718750 0.596019 0.720312 0.598361 0.721875 0.598361 0.721875 0.584309 0.723437 0.581967 0.723437 0.558548 0.725000 0.556206 0.725000 0.553864 0.731250 0.544496 0.746875 0.544496 0.748438 0.546838 0.750000 0.546838 0.753125 0.551522 0.754687 0.549180 0.756250 0.549180 0.757812 0.546838 0.759375 0.546838 0.762500 0.542155 0.764063 0.542155 0.765625 0.539813 0.771875 0.539813 0.775000 0.544496 0.776563 0.544496 0.781250 0.551522 0.781250 0.553864 0.782812 0.556206 0.782812 0.558548 0.784375 0.560890 0.785937 0.560890 0.787500 0.563232 0.790625 0.563232 0.792188 0.560890 0.793750 0.560890 0.795313 0.558548 0.801562 0.558548 0.801562 0.446136 0.796875 0.446136 0.793750 0.441452 0.793750 0.439110 0.792188 0.436768 0.792188 0.434426 0.790625 0.432084 0.790625 0.429742 0.789062 0.427400 0.789062 0.425059 0.787500 0.422717 0.787500 0.420375 0.785937 0.418033 0.785937 0.415691 0.781250 0.408665 0.781250 0.406323 0.779688 0.403981 0.779688 0.401639 0.778125 0.399297 0.778125 0.396955 0.776563 0.394614 0.775000 0.394614 0.773438 0.392272 0.771875 0.392272 0.764063 0.380562 0.764063 0.378220 0.762500 0.375878 0.762500 0.373536 0.757812 0.366511 0.756250 0.366511 0.754687 0.364169 0.753125 0.364169 0.751562 0.361827 0.748438 0.361827 0.746875 0.359485 0.743750 0.359485 0.742188 0.357143 0.740625 0.357143 0.739062 0.354801 0.734375 0.354801 0.729688 0.347775 0.729688 0.345433 0.728125 0.343091 0.725000 0.343091 0.723437 0.340749 0.721875 0.340749 0.720312 0.338407 0.718750 0.338407 0.717188 0.336066 0.714063 0.336066 0.707812 0.326698 0.707812 0.322014 0.709375 0.319672 0.712500 0.319672 0.714063 0.317330 0.715625 0.317330 0.717188 0.319672 0.725000 0.319672 0.728125 0.314988 0.729688 0.314988 0.729688 0.310304 0.731250 0.307963 0.731250 0.291569 0.732813 0.289227 0.732813 0.286885 0.734375 0.284543 0.737500 0.284543 0.739062 0.286885 0.739062 0.289227 0.737500 0.291569 0.737500 0.307963 0.735937 0.310304 0.735937 0.317330 0.737500 0.319672 0.740625 0.319672 0.742188 0.317330 0.743750 0.317330 0.745313 0.314988 0.746875 0.314988 0.748438 0.317330 0.751562 0.317330 0.756250 0.324356 0.756250 0.331382 0.754687 0.333724 0.756250 0.336066 0.756250 0.338407 0.757812 0.340749 0.759375 0.340749 0.764063 0.347775 0.767187 0.347775 0.768750 0.345433 0.768750 0.343091 0.770312 0.340749 0.773438 0.340749 0.775000 0.338407 0.776563 0.338407 0.776563 0.336066 0.778125 0.333724 0.778125 0.300937 0.776563 0.298595 0.776563 0.291569
0 0.728125 0.542155 0.728125 0.549180 0.726562 0.551522 0.726562 0.567916 0.728125 0.570258 0.728125 0.574941 0.729688 0.577283 0.729688 0.600703 0.731250 0.603045 0.731250 0.610070 0.729688 0.612412 0.729688 0.614754 0.725000 0.621780 0.725000 0.624122 0.723437 0.626464 0.723437 0.631148 0.721875 0.633489 0.721875 0.638173 0.720312 0.640515 0.720312 0.645199 0.718750 0.647541 0.718750 0.659251 0.717188 0.661592 0.717188 0.666276 0.715625 0.668618 0.709375 0.668618 0.709375 0.685012 0.714063 0.685012 0.715625 0.687354 0.717188 0.687354 0.718750 0.689696 0.718750 0.692037 0.720312 0.694379 0.720312 0.696721 0.721875 0.699063 0.721875 0.703747 0.720312 0.706089 0.720312 0.738876 0.718750 0.741218 0.718750 0.745902 0.717188 0.748244 0.717188 0.755269 0.714063 0.759953 0.709375 0.759953 0.709375 0.806792 0.714063 0.806792 0.714063 0.804450 0.715625 0.802108 0.715625 0.795082 0.717188 0.792740 0.717188 0.790398 0.721875 0.783372 0.723437 0.783372 0.725000 0.781030 0.726562 0.781030 0.729688 0.785714 0.729688 0.790398 0.731250 0.792740 0.731250 0.795082 0.734375 0.799766 0.734375 0.809133 0.735937 0.811475 0.735937 0.846604 0.737500 0.848946 0.737500 0.888759 0.735937 0.891101 0.735937 0.893443 0.734375 0.895785 0.734375 0.900468 0.732813 0.902810 0.732813 0.912178 0.734375 0.914520 0.735937 0.914520 0.737500 0.916862 0.745313 0.916862 0.748438 0.921546 0.748438 0.923888 0.750000 0.926230 0.750000 0.928571 0.751562 0.930913 0.751562 0.933255 0.753125 0.935597 0.754687 0.935597 0.756250 0.937939 0.762500 0.937939 0.764063 0.935597 0.765625 0.935597 0.767187 0.933255 0.767187 0.930913 0.768750 0.928571 0.768750 0.914520 0.767187 0.912178 0.767187 0.905152 0.765625 0.902810 0.765625 0.900468 0.764063 0.898126 0.764063 0.874707 0.765625 0.872365 0.765625 0.834895 0.767187 0.832553 0.767187 0.818501 0.768750 0.816159 0.768750 0.795082 0.770312 0.792740 0.770312 0.774005 0.771875 0.771663 0.771875 0.762295 0.773438 0.759953 0.773438 0.715457 0.771875 0.713115 0.771875 0.696721 0.773438 0.694379 0.775000 0.694379 0.776563 0.692037 0.778125 0.692037 0.778125 0.682670 0.776563 0.680328 0.776563 0.675644 0.775000 0.673302 0.776563 0.670960 0.776563 0.668618 0.778125 0.666276 0.784375 0.666276 0.785937 0.668618 0.787500 0.668618 0.789062 0.670960 0.795313 0.670960 0.795313 0.647541 0.785937 0.647541 0.784375 0.645199 0.782812 0.645199 0.781250 0.642857 0.779688 0.642857 0.778125 0.640515 0.778125 0.638173 0.776563 0.638173 0.776563 0.647541 0.775000 0.649883 0.775000 0.652225 0.771875 0.656909 0.770312 0.656909 0.768750 0.654567 0.768750 0.647541 0.767187 0.645199 0.767187 0.642857 0.765625 0.640515 0.765625 0.638173 0.764063 0.635831 0.764063 0.624122 0.762500 0.621780 0.762500 0.614754 0.760938 0.612412 0.760938 0.607728 0.759375 0.605386 0.759375 0.603045 0.757812 0.600703 0.757812 0.598361 0.756250 0.596019 0.756250 0.586651 0.757812 0.584309 0.757812 0.565574 0.756250 0.563232 0.756250 0.560890 0.754687 0.558548 0.754687 0.556206 0.751562 0.551522 0.751562 0.542155
0 0.690625 0.579625 0.690625 0.588993 0.685938 0.596019 0.685938 0.598361 0.682813 0.603045 0.679688 0.603045 0.678125 0.605386 0.670313 0.605386 0.668750 0.607728 0.665625 0.607728 0.665625 0.610070 0.662500 0.614754 0.662500 0.619438 0.659375 0.624122 0.659375 0.626464 0.657812 0.628806 0.657812 0.633489 0.656250 0.635831 0.656250 0.640515 0.654688 0.642857 0.654688 0.647541 0.653125 0.649883 0.653125 0.652225 0.651563 0.654567 0.646875 0.654567 0.646875 0.706089 0.651563 0.706089 0.654688 0.710773 0.654688 0.722482 0.656250 0.724824 0.656250 0.759953 0.654688 0.762295 0.654688 0.788056 0.656250 0.790398 0.656250 0.806792 0.657812 0.809133 0.657812 0.813817 0.659375 0.816159 0.659375 0.823185 0.660937 0.825527 0.660937 0.839578 0.662500 0.841920 0.662500 0.862998 0.660937 0.865340 0.660937 0.872365 0.657812 0.877049 0.657812 0.879391 0.654688 0.884075 0.654688 0.905152 0.671875 0.905152 0.671875 0.895785 0.673437 0.893443 0.675000 0.893443 0.676562 0.891101 0.678125 0.891101 0.681250 0.886417 0.682813 0.886417 0.682813 0.884075 0.684375 0.881733 0.684375 0.870023 0.682813 0.867682 0.682813 0.865340 0.681250 0.862998 0.681250 0.825527 0.679688 0.823185 0.679688 0.797424 0.681250 0.795082 0.681250 0.781030 0.682813 0.778689 0.685938 0.783372 0.685938 0.795082 0.687500 0.797424 0.687500 0.804450 0.689062 0.806792 0.689062 0.811475 0.690625 0.813817 0.690625 0.820843 0.692187 0.823185 0.692187 0.837237 0.693750 0.839578 0.693750 0.881733 0.695312 0.884075 0.695312 0.891101 0.696875 0.893443 0.696875 0.895785 0.698438 0.898126 0.698438 0.905152 0.707812 0.905152 0.707812 0.895785 0.710938 0.891101 0.710938 0.874707 0.709375 0.872365 0.709375 0.867682 0.707812 0.865340 0.707812 0.851288 0.709375 0.848946 0.707812 0.846604 0.707812 0.827869 0.709375 0.825527 0.709375 0.766979 0.710938 0.764637 0.710938 0.741218 0.712500 0.738876 0.712500 0.722482 0.714063 0.720141 0.714063 0.699063 0.712500 0.696721 0.712500 0.689696 0.710938 0.687354 0.710938 0.680328 0.712500 0.677986 0.712500 0.675644 0.714063 0.673302 0.714063 0.668618 0.715625 0.666276 0.715625 0.659251 0.717188 0.656909 0.717188 0.626464 0.715625 0.624122 0.715625 0.619438 0.714063 0.617096 0.714063 0.612412 0.712500 0.610070 0.712500 0.579625
0 0.057813 0.570258 0.057813 0.577283 0.053125 0.584309 0.053125 0.588993 0.051562 0.591335 0.051562 0.593677 0.050000 0.596019 0.050000 0.600703 0.048437 0.603045 0.048437 0.605386 0.045313 0.610070 0.045313 0.612412 0.042188 0.617096 0.042188 0.626464 0.040625 0.628806 0.040625 0.633489 0.035937 0.640515 0.035937 0.649883 0.034375 0.652225 0.034375 0.675644 0.035937 0.677986 0.035937 0.703747 0.037500 0.706089 0.037500 0.715457 0.039062 0.717799 0.039062 0.748244 0.037500 0.750585 0.037500 0.764637 0.035937 0.766979 0.035937 0.774005 0.034375 0.776347 0.034375 0.778689 0.032812 0.781030 0.028125 0.781030 0.028125 0.830211 0.032812 0.830211 0.037500 0.837237 0.037500 0.839578 0.039062 0.841920 0.039062 0.860656 0.040625 0.862998 0.040625 0.865340 0.042188 0.867682 0.042188 0.884075 0.040625 0.886417 0.042188 0.886417 0.043750 0.888759 0.046875 0.888759 0.050000 0.893443 0.062500 0.893443 0.064062 0.891101 0.070312 0.891101 0.073437 0.886417 0.073437 0.884075 0.075000 0.881733 0.075000 0.874707 0.073437 0.872365 0.073437 0.830211 0.075000 0.827869 0.075000 0.823185 0.076563 0.820843 0.076563 0.813817 0.078125 0.811475 0.078125 0.799766 0.079687 0.797424 0.079687 0.776347 0.081250 0.774005 0.081250 0.734192 0.082813 0.731850 0.082813 0.722482 0.084375 0.720141 0.084375 0.715457 0.085938 0.713115 0.085938 0.687354 0.087500 0.685012 0.087500 0.675644 0.090625 0.670960 0.095312 0.670960 0.095312 0.635831 0.089062 0.635831 0.087500 0.633489 0.087500 0.631148 0.084375 0.626464 0.084375 0.619438 0.082813 0.617096 0.082813 0.614754 0.084375 0.612412 0.084375 0.591335 0.082813 0.588993 0.082813 0.586651 0.081250 0.584309 0.081250 0.581967 0.079687 0.579625 0.079687 0.570258
0 0.870313 0.588993 0.867188 0.593677 0.864062 0.593677 0.860937 0.598361 0.859375 0.598361 0.857813 0.600703 0.857813 0.605386 0.856250 0.607728 0.856250 0.628806 0.857813 0.631148 0.857813 0.645199 0.856250 0.647541 0.856250 0.654567 0.854688 0.656909 0.854688 0.659251 0.853125 0.661592 0.853125 0.663934 0.851562 0.666276 0.851562 0.668618 0.850000 0.670960 0.850000 0.685012 0.848437 0.687354 0.848437 0.694379 0.850000 0.696721 0.850000 0.703747 0.851562 0.706089 0.851562 0.722482 0.850000 0.724824 0.850000 0.729508 0.848437 0.731850 0.848437 0.736534 0.846875 0.738876 0.846875 0.759953 0.845312 0.762295 0.845312 0.785714 0.846875 0.788056 0.846875 0.797424 0.848437 0.799766 0.848437 0.865340 0.850000 0.867682 0.850000 0.886417 0.851562 0.888759 0.851562 0.909836 0.850000 0.912178 0.850000 0.914520 0.848437 0.916862 0.848437 0.919204 0.845312 0.923888 0.845312 0.928571 0.850000 0.935597 0.860937 0.935597 0.867188 0.926230 0.867188 0.867682 0.868750 0.865340 0.868750 0.841920 0.870313 0.839578 0.871875 0.839578 0.873438 0.841920 0.873438 0.844262 0.875000 0.846604 0.875000 0.855972 0.876562 0.858314 0.876562 0.865340 0.878125 0.867682 0.878125 0.877049 0.879687 0.879391 0.879687 0.907494 0.878125 0.909836 0.878125 0.916862 0.876562 0.919204 0.876562 0.921546 0.875000 0.923888 0.875000 0.928571 0.873438 0.930913 0.873438 0.935597 0.871875 0.937939 0.871875 0.944965 0.875000 0.949649 0.876562 0.949649 0.878125 0.951991 0.881250 0.951991 0.882812 0.954333 0.882812 0.961358 0.889063 0.961358 0.889063 0.954333 0.892187 0.949649 0.893750 0.949649 0.895312 0.947307 0.895312 0.944965 0.896875 0.942623 0.896875 0.940281 0.898438 0.937939 0.898438 0.926230 0.896875 0.923888 0.896875 0.902810 0.898438 0.900468 0.898438 0.884075 0.900000 0.881733 0.900000 0.853630 0.898438 0.851288 0.898438 0.820843 0.900000 0.818501 0.900000 0.811475 0.901563 0.809133 0.901563 0.774005 0.903125 0.771663 0.903125 0.769321 0.904688 0.766979 0.906250 0.766979 0.909375 0.762295 0.914062 0.762295 0.914062 0.720141 0.907812 0.720141 0.904688 0.715457 0.904688 0.710773 0.903125 0.708431 0.903125 0.706089 0.900000 0.701405 0.900000 0.699063 0.898438 0.696721 0.898438 0.687354 0.896875 0.685012 0.896875 0.680328 0.895312 0.677986 0.895312 0.675644 0.893750 0.673302 0.893750 0.670960 0.892187 0.668618 0.892187 0.666276 0.890625 0.663934 0.890625 0.661592 0.889063 0.659251 0.889063 0.656909 0.887500 0.654567 0.887500 0.638173 0.889063 0.635831 0.889063 0.614754 0.887500 0.612412 0.887500 0.610070 0.885938 0.607728 0.885938 0.605386 0.884375 0.603045 0.884375 0.600703 0.882812 0.598361 0.881250 0.598361 0.879687 0.596019 0.878125 0.596019 0.876562 0.593677 0.875000 0.593677 0.871875 0.588993
0 0.221875 0.560890 0.221875 0.551522 0.221875 0.560890 0.221875 0.574941 0.215625 0.574941 0.212500 0.570258 0.212500 0.563232 0.210938 0.560890 0.210938 0.551522 0.200000 0.551522 0.200000 0.558548 0.196875 0.563232 0.196875 0.565574 0.193750 0.570258 0.193750 0.572600 0.192188 0.574941 0.192188 0.581967 0.190625 0.584309 0.190625 0.588993 0.192188 0.591335 0.192188 0.596019 0.193750 0.598361 0.193750 0.603045 0.203125 0.617096 0.203125 0.619438 0.204688 0.621780 0.204688 0.626464 0.203125 0.628806 0.203125 0.631148 0.201562 0.633489 0.201562 0.635831 0.198437 0.640515 0.193750 0.640515 0.192188 0.638173 0.192188 0.633489 0.190625 0.631148 0.190625 0.619438 0.192188 0.617096 0.190625 0.614754 0.184375 0.614754 0.184375 0.647541 0.190625 0.647541 0.192188 0.649883 0.193750 0.649883 0.195312 0.652225 0.195312 0.661592 0.193750 0.663934 0.193750 0.670960 0.192188 0.673302 0.192188 0.677986 0.190625 0.680328 0.190625 0.687354 0.189063 0.689696 0.184375 0.689696 0.184375 0.692037 0.189063 0.692037 0.190625 0.694379 0.190625 0.699063 0.192188 0.701405 0.192188 0.706089 0.195312 0.706089 0.196875 0.708431 0.196875 0.710773 0.198437 0.713115 0.198437 0.717799 0.200000 0.720141 0.200000 0.722482 0.201562 0.724824 0.201562 0.738876 0.200000 0.741218 0.200000 0.745902 0.195312 0.752927 0.193750 0.750585 0.184375 0.750585 0.184375 0.830211 0.189063 0.830211 0.193750 0.823185 0.193750 0.818501 0.195312 0.816159 0.196875 0.818501 0.196875 0.820843 0.198437 0.823185 0.198437 0.832553 0.200000 0.834895 0.200000 0.839578 0.201562 0.841920 0.203125 0.841920 0.207813 0.848946 0.207813 0.858314 0.220313 0.858314 0.220313 0.851288 0.221875 0.848946 0.225000 0.848946 0.226562 0.846604 0.228125 0.846604 0.229687 0.844262 0.231250 0.844262 0.232812 0.841920 0.234375 0.841920 0.234375 0.834895 0.235938 0.832553 0.239063 0.832553 0.240625 0.830211 0.245312 0.830211 0.245312 0.677986 0.240625 0.677986 0.237500 0.673302 0.237500 0.652225 0.239063 0.649883 0.239063 0.647541 0.240625 0.645199 0.245312 0.645199 0.240625 0.645199 0.239063 0.642857 0.239063 0.640515 0.237500 0.638173 0.237500 0.631148 0.235938 0.628806 0.235938 0.624122 0.234375 0.621780 0.234375 0.619438 0.232812 0.617096 0.232812 0.605386 0.231250 0.603045 0.231250 0.586651 0.228125 0.581967 0.226562 0.581967 0.221875 0.574941
0 0.289062 0.551522 0.289062 0.560890 0.287500 0.563232 0.287500 0.565574 0.285937 0.567916 0.285937 0.572600 0.284375 0.574941 0.284375 0.605386 0.282813 0.607728 0.282813 0.617096 0.281250 0.619438 0.281250 0.654567 0.279687 0.656909 0.279687 0.659251 0.276563 0.663934 0.271875 0.663934 0.271875 0.670960 0.276563 0.670960 0.278125 0.673302 0.278125 0.680328 0.279687 0.682670 0.279687 0.687354 0.281250 0.689696 0.281250 0.699063 0.282813 0.701405 0.282813 0.708431 0.284375 0.710773 0.284375 0.724824 0.285937 0.727166 0.284375 0.729508 0.284375 0.738876 0.282813 0.741218 0.282813 0.743560 0.281250 0.745902 0.281250 0.752927 0.279687 0.755269 0.279687 0.759953 0.278125 0.762295 0.278125 0.764637 0.276563 0.766979 0.271875 0.766979 0.271875 0.820843 0.310937 0.820843 0.310937 0.809133 0.314063 0.804450 0.314063 0.802108 0.307813 0.792740 0.307813 0.788056 0.306250 0.785714 0.306250 0.755269 0.307813 0.752927 0.307813 0.750585 0.309375 0.748244 0.309375 0.743560 0.310937 0.741218 0.310937 0.738876 0.312500 0.736534 0.312500 0.727166 0.314063 0.724824 0.314063 0.722482 0.317187 0.717799 0.317187 0.715457 0.320312 0.710773 0.320312 0.706089 0.321875 0.703747 0.321875 0.701405 0.325000 0.696721 0.325000 0.694379 0.326562 0.692037 0.332812 0.692037 0.332812 0.659251 0.328125 0.659251 0.325000 0.654567 0.325000 0.652225 0.328125 0.647541 0.332812 0.647541 0.332812 0.624122 0.328125 0.624122 0.323438 0.617096 0.323438 0.614754 0.321875 0.612412 0.321875 0.610070 0.320312 0.607728 0.320312 0.605386 0.317187 0.600703 0.317187 0.598361 0.315625 0.596019 0.315625 0.591335 0.314063 0.588993 0.314063 0.586651 0.312500 0.584309 0.312500 0.577283 0.310937 0.574941 0.310937 0.570258 0.309375 0.567916 0.309375 0.563232 0.307813 0.560890 0.307813 0.551522
0 0.821875 0.514051 0.821875 0.521077 0.820312 0.523419 0.820312 0.532787 0.818750 0.535129 0.818750 0.551522 0.817187 0.553864 0.817187 0.556206 0.812500 0.563232 0.812500 0.565574 0.809375 0.570258 0.809375 0.572600 0.810938 0.574941 0.810938 0.577283 0.812500 0.579625 0.812500 0.581967 0.815625 0.586651 0.815625 0.588993 0.814062 0.591335 0.812500 0.591335 0.809375 0.596019 0.809375 0.600703 0.807813 0.603045 0.807813 0.617096 0.806250 0.619438 0.806250 0.624122 0.801562 0.631148 0.796875 0.631148 0.796875 0.706089 0.803125 0.706089 0.804688 0.708431 0.804688 0.710773 0.806250 0.713115 0.806250 0.720141 0.807813 0.722482 0.807813 0.734192 0.809375 0.736534 0.809375 0.741218 0.810938 0.743560 0.810938 0.745902 0.815625 0.752927 0.815625 0.757611 0.817187 0.759953 0.817187 0.769321 0.818750 0.771663 0.818750 0.792740 0.820312 0.795082 0.820312 0.806792 0.821875 0.809133 0.821875 0.823185 0.823438 0.825527 0.823438 0.848946 0.825000 0.851288 0.825000 0.860656 0.826563 0.862998 0.828125 0.862998 0.829687 0.865340 0.831250 0.865340 0.832812 0.867682 0.832812 0.877049 0.834375 0.877049 0.834375 0.870023 0.835938 0.867682 0.837500 0.867682 0.839063 0.865340 0.840625 0.865340 0.843750 0.860656 0.843750 0.813817 0.842188 0.811475 0.842188 0.799766 0.840625 0.797424 0.840625 0.790398 0.842188 0.788056 0.842188 0.785714 0.843750 0.783372 0.845312 0.783372 0.845312 0.736534 0.846875 0.734192 0.846875 0.722482 0.848437 0.720141 0.846875 0.717799 0.846875 0.715457 0.845312 0.713115 0.837500 0.713115 0.834375 0.717799 0.828125 0.717799 0.826563 0.715457 0.825000 0.715457 0.823438 0.713115 0.821875 0.713115 0.817187 0.706089 0.817187 0.699063 0.815625 0.696721 0.815625 0.682670 0.817187 0.680328 0.817187 0.675644 0.815625 0.673302 0.817187 0.670960 0.817187 0.668618 0.820312 0.663934 0.826563 0.663934 0.828125 0.661592 0.829687 0.661592 0.831250 0.659251 0.832812 0.659251 0.837500 0.652225 0.839063 0.652225 0.851562 0.633489 0.851562 0.631148 0.853125 0.628806 0.853125 0.626464 0.854688 0.624122 0.854688 0.605386 0.853125 0.603045 0.853125 0.596019 0.854688 0.593677 0.854688 0.577283 0.853125 0.574941 0.853125 0.570258 0.848437 0.563232 0.848437 0.560890 0.843750 0.553864 0.843750 0.546838 0.842188 0.544496 0.842188 0.528103 0.840625 0.525761 0.840625 0.514051
0 0.282813 0.820843 0.284375 0.823185 0.289062 0.823185 0.289062 0.820843 0.282813 0.820843 0.264062 0.816159 0.264062 0.806792 0.262500 0.804450 0.262500 0.781030 0.264062 0.778689 0.264062 0.771663 0.265625 0.769321 0.265625 0.764637 0.267188 0.762295 0.267188 0.757611 0.268750 0.755269 0.268750 0.750585 0.270312 0.748244 0.270312 0.745902 0.271875 0.743560 0.271875 0.741218 0.273438 0.738876 0.273438 0.734192 0.275000 0.731850 0.275000 0.722482 0.278125 0.717799 0.281250 0.722482 0.281250 0.727166 0.282813 0.729508 0.282813 0.745902 0.284375 0.748244 0.289062 0.748244 0.289062 0.706089 0.284375 0.706089 0.282813 0.703747 0.282813 0.701405 0.281250 0.699063 0.281250 0.694379 0.279687 0.692037 0.279687 0.680328 0.281250 0.677986 0.281250 0.668618 0.284375 0.663934 0.289062 0.663934 0.289062 0.642857 0.284375 0.642857 0.276563 0.631148 0.276563 0.628806 0.275000 0.626464 0.275000 0.621780 0.273438 0.619438 0.273438 0.614754 0.271875 0.612412 0.271875 0.598361 0.270312 0.596019 0.270312 0.581967 0.268750 0.579625 0.268750 0.574941 0.267188 0.572600 0.267188 0.560890 0.250000 0.560890 0.250000 0.572600 0.248437 0.574941 0.248437 0.581967 0.246875 0.584309 0.246875 0.598361 0.245312 0.600703 0.245312 0.612412 0.243750 0.614754 0.243750 0.619438 0.242188 0.621780 0.242188 0.624122 0.240625 0.626464 0.240625 0.628806 0.239063 0.631148 0.239063 0.633489 0.237500 0.635831 0.237500 0.654567 0.235938 0.656909 0.235938 0.673302 0.234375 0.675644 0.234375 0.724824 0.232812 0.727166 0.228125 0.727166 0.228125 0.839578 0.253125 0.839578 0.253125 0.830211 0.254687 0.827869 0.256250 0.827869 0.257812 0.825527 0.259375 0.825527 0.262500 0.820843 0.262500 0.818501 0.264062 0.816159
0 0.196875 0.778689 0.196875 0.781030 0.195312 0.783372 0.195312 0.795082 0.196875 0.797424 0.201562 0.797424 0.201562 0.778689 0.196875 0.778689 0.196875 0.771663 0.201562 0.771663 0.201562 0.706089 0.196875 0.706089 0.193750 0.701405 0.193750 0.699063 0.192188 0.696721 0.192188 0.685012 0.190625 0.682670 0.192188 0.680328 0.192188 0.675644 0.193750 0.673302 0.193750 0.668618 0.196875 0.663934 0.201562 0.663934 0.201562 0.656909 0.196875 0.656909 0.189063 0.645199 0.189063 0.642857 0.187500 0.640515 0.187500 0.633489 0.185937 0.631148 0.185937 0.617096 0.187500 0.614754 0.187500 0.612412 0.189063 0.610070 0.189063 0.607728 0.190625 0.605386 0.190625 0.600703 0.192188 0.598361 0.190625 0.596019 0.190625 0.593677 0.189063 0.591335 0.189063 0.579625 0.170312 0.579625 0.170312 0.586651 0.168750 0.588993 0.168750 0.607728 0.167187 0.610070 0.167187 0.617096 0.164062 0.621780 0.164062 0.624122 0.162500 0.626464 0.162500 0.628806 0.159375 0.633489 0.159375 0.635831 0.156250 0.640515 0.156250 0.642857 0.154687 0.645199 0.154687 0.649883 0.153125 0.652225 0.153125 0.654567 0.151562 0.656909 0.151562 0.659251 0.150000 0.661592 0.150000 0.663934 0.148438 0.666276 0.148438 0.668618 0.146875 0.670960 0.146875 0.673302 0.145313 0.675644 0.140625 0.675644 0.140625 0.706089 0.145313 0.706089 0.146875 0.708431 0.146875 0.710773 0.148438 0.713115 0.148438 0.717799 0.150000 0.720141 0.150000 0.729508 0.151562 0.731850 0.151562 0.743560 0.153125 0.745902 0.153125 0.757611 0.151562 0.759953 0.151562 0.769321 0.150000 0.771663 0.150000 0.781030 0.148438 0.783372 0.148438 0.788056 0.145313 0.792740 0.140625 0.792740 0.140625 0.855972 0.145313 0.855972 0.148438 0.860656 0.148438 0.865340 0.150000 0.867682 0.150000 0.877049 0.185937 0.877049 0.185937 0.860656 0.184375 0.858314 0.182812 0.858314 0.181250 0.855972 0.176563 0.855972 0.173438 0.851288 0.171875 0.851288 0.168750 0.846604 0.168750 0.844262 0.167187 0.841920 0.167187 0.809133 0.168750 0.806792 0.168750 0.804450 0.170312 0.802108 0.170312 0.799766 0.171875 0.797424 0.171875 0.792740 0.173438 0.790398 0.173438 0.788056 0.175000 0.785714 0.175000 0.781030 0.178125 0.776347 0.178125 0.774005 0.179688 0.771663 0.179688 0.769321 0.181250 0.766979 0.181250 0.759953 0.182812 0.757611 0.182812 0.752927 0.184375 0.750585 0.189063 0.757611 0.190625 0.757611 0.195312 0.764637 0.195312 0.766979 0.196875 0.769321 0.196875 0.771663
0 0.396875 0.551522 0.396875 0.570258 0.395312 0.572600 0.395312 0.579625 0.393750 0.581967 0.393750 0.584309 0.390625 0.588993 0.384375 0.588993 0.384375 0.631148 0.389062 0.631148 0.390625 0.633489 0.390625 0.635831 0.392188 0.638173 0.392188 0.647541 0.390625 0.649883 0.390625 0.652225 0.389062 0.654567 0.384375 0.654567 0.384375 0.764637 0.400000 0.764637 0.400000 0.757611 0.403125 0.752927 0.406250 0.752927 0.406250 0.748244 0.407813 0.745902 0.407813 0.731850 0.409375 0.729508 0.409375 0.701405 0.410937 0.699063 0.410937 0.692037 0.412500 0.689696 0.412500 0.687354 0.414062 0.685012 0.414062 0.682670 0.415625 0.680328 0.415625 0.675644 0.417188 0.673302 0.417188 0.659251 0.415625 0.656909 0.415625 0.642857 0.417188 0.640515 0.417188 0.612412 0.415625 0.610070 0.415625 0.603045 0.414062 0.600703 0.414062 0.593677 0.412500 0.591335 0.412500 0.565574 0.414062 0.563232 0.414062 0.551522
0 0.000000 0.532787 0.000000 0.905152 0.015625 0.905152 0.015625 0.895785 0.012500 0.891101 0.012500 0.888759 0.010937 0.886417 0.010937 0.884075 0.009375 0.881733 0.009375 0.874707 0.017188 0.862998 0.018750 0.862998 0.020312 0.860656 0.021875 0.860656 0.021875 0.855972 0.023438 0.853630 0.023438 0.846604 0.025000 0.844262 0.025000 0.837237 0.026563 0.834895 0.026563 0.827869 0.028125 0.825527 0.028125 0.809133 0.029687 0.806792 0.029687 0.795082 0.031250 0.792740 0.031250 0.788056 0.032812 0.785714 0.032812 0.781030 0.034375 0.778689 0.034375 0.769321 0.035937 0.766979 0.035937 0.757611 0.037500 0.755269 0.037500 0.748244 0.039062 0.745902 0.039062 0.713115 0.037500 0.710773 0.037500 0.703747 0.035937 0.701405 0.035937 0.652225 0.037500 0.649883 0.037500 0.645199 0.039062 0.642857 0.039062 0.640515 0.040625 0.638173 0.040625 0.631148 0.042188 0.628806 0.042188 0.619438 0.043750 0.617096 0.043750 0.614754 0.045313 0.612412 0.045313 0.610070 0.046875 0.607728 0.046875 0.600703 0.048437 0.598361 0.048437 0.591335 0.051562 0.586651 0.051562 0.577283 0.050000 0.574941 0.050000 0.558548 0.048437 0.558548 0.045313 0.553864 0.043750 0.553864 0.042188 0.551522 0.032812 0.551522 0.031250 0.549180 0.029687 0.549180 0.028125 0.546838 0.028125 0.532787
0 0.940625 0.551522 0.940625 0.560890 0.942187 0.563232 0.942187 0.570258 0.943750 0.572600 0.943750 0.577283 0.950000 0.586651 0.950000 0.588993 0.948438 0.591335 0.948438 0.598361 0.945312 0.603045 0.943750 0.603045 0.942187 0.605386 0.940625 0.605386 0.939062 0.607728 0.939062 0.619438 0.940625 0.621780 0.940625 0.626464 0.942187 0.628806 0.942187 0.631148 0.943750 0.633489 0.943750 0.635831 0.945312 0.638173 0.945312 0.642857 0.946875 0.645199 0.946875 0.649883 0.948438 0.652225 0.948438 0.654567 0.950000 0.656909 0.950000 0.659251 0.951563 0.661592 0.951563 0.673302 0.953125 0.675644 0.953125 0.682670 0.954687 0.685012 0.954687 0.717799 0.953125 0.720141 0.953125 0.722482 0.950000 0.727166 0.950000 0.731850 0.946875 0.736534 0.945312 0.736534 0.943750 0.734192 0.943750 0.731850 0.940625 0.727166 0.935938 0.727166 0.934375 0.724824 0.928125 0.724824 0.928125 0.820843 0.942187 0.820843 0.942187 0.809133 0.940625 0.806792 0.940625 0.785714 0.939062 0.783372 0.939062 0.776347 0.940625 0.774005 0.943750 0.774005 0.945312 0.771663 0.945312 0.759953 0.946875 0.757611 0.946875 0.745902 0.948438 0.743560 0.951563 0.743560 0.953125 0.745902 0.953125 0.748244 0.954687 0.750585 0.954687 0.759953 0.956250 0.762295 0.956250 0.790398 0.957812 0.792740 0.957812 0.802108 0.960938 0.806792 0.962500 0.806792 0.964063 0.809133 0.965625 0.809133 0.967188 0.811475 0.970312 0.811475 0.976562 0.802108 0.976562 0.783372 0.978125 0.781030 0.978125 0.759953 0.976562 0.757611 0.976562 0.752927 0.975000 0.750585 0.975000 0.736534 0.973437 0.734192 0.973437 0.727166 0.971875 0.724824 0.971875 0.715457 0.970312 0.713115 0.970312 0.673302 0.968750 0.670960 0.968750 0.661592 0.967188 0.659251 0.967188 0.642857 0.970312 0.638173 0.970312 0.635831 0.971875 0.633489 0.971875 0.626464 0.973437 0.624122 0.973437 0.596019 0.968750 0.588993 0.968750 0.586651 0.967188 0.584309 0.967188 0.581967 0.965625 0.579625 0.965625 0.570258 0.967188 0.567916 0.967188 0.551522
0 0.153125 0.844262 0.153125 0.846604 0.151562 0.848946 0.151562 0.860656 0.153125 0.862998 0.153125 0.865340 0.157813 0.865340 0.157813 0.844262 0.153125 0.844262 0.157813 0.762295 0.157813 0.827869 0.153125 0.827869 0.148438 0.820843 0.148438 0.816159 0.150000 0.813817 0.150000 0.811475 0.148438 0.809133 0.148438 0.806792 0.146875 0.804450 0.148438 0.802108 0.148438 0.797424 0.150000 0.795082 0.150000 0.785714 0.151562 0.783372 0.151562 0.769321 0.142188 0.748244 0.142188 0.738876 0.143750 0.736534 0.143750 0.729508 0.145313 0.727166 0.145313 0.724824 0.148438 0.720141 0.150000 0.720141 0.150000 0.713115 0.151562 0.710773 0.150000 0.708431 0.150000 0.703747 0.148438 0.701405 0.148438 0.699063 0.150000 0.696721 0.150000 0.687354 0.151562 0.685012 0.151562 0.680328 0.150000 0.677986 0.150000 0.670960 0.153125 0.666276 0.157813 0.666276 0.157813 0.659251 0.153125 0.659251 0.145313 0.647541 0.145313 0.603045 0.143750 0.600703 0.143750 0.593677 0.140625 0.588993 0.140625 0.586651 0.139062 0.584309 0.139062 0.581967 0.137500 0.579625 0.137500 0.570258 0.110937 0.570258 0.110937 0.584309 0.109375 0.586651 0.109375 0.588993 0.106250 0.593677 0.104687 0.593677 0.103125 0.596019 0.100000 0.596019 0.098438 0.598361 0.096875 0.598361 0.095312 0.600703 0.095312 0.603045 0.090625 0.610070 0.090625 0.612412 0.089062 0.614754 0.089062 0.617096 0.092188 0.621780 0.092188 0.624122 0.093750 0.626464 0.093750 0.633489 0.095312 0.635831 0.095312 0.642857 0.096875 0.645199 0.095312 0.647541 0.095312 0.659251 0.093750 0.661592 0.093750 0.663934 0.092188 0.666276 0.092188 0.668618 0.090625 0.670960 0.090625 0.673302 0.089062 0.675644 0.089062 0.685012 0.087500 0.687354 0.087500 0.717799 0.085938 0.720141 0.085938 0.724824 0.082813 0.729508 0.078125 0.729508 0.078125 0.837237 0.082813 0.837237 0.085938 0.841920 0.085938 0.844262 0.087500 0.846604 0.087500 0.851288 0.089062 0.853630 0.089062 0.855972 0.090625 0.858314 0.092188 0.855972 0.093750 0.855972 0.095312 0.853630 0.096875 0.853630 0.096875 0.851288 0.098438 0.848946 0.098438 0.846604 0.100000 0.844262 0.100000 0.839578 0.101562 0.837237 0.101562 0.834895 0.103125 0.832553 0.103125 0.830211 0.107813 0.823185 0.112500 0.823185 0.115625 0.827869 0.117188 0.827869 0.118750 0.830211 0.118750 0.841920 0.120312 0.844262 0.120312 0.846604 0.120312 0.844262 0.121875 0.841920 0.121875 0.830211 0.123438 0.827869 0.123438 0.825527 0.125000 0.823185 0.125000 0.820843 0.126563 0.818501 0.126563 0.813817 0.128125 0.811475 0.128125 0.806792 0.129688 0.804450 0.129688 0.795082 0.131250 0.792740 0.131250 0.785714 0.132812 0.783372 0.132812 0.778689 0.134375 0.776347 0.134375 0.771663 0.135937 0.769321 0.135937 0.764637 0.137500 0.762295 0.137500 0.757611 0.139062 0.755269 0.139062 0.752927 0.142188 0.748244 0.151562 0.769321 0.153125 0.766979 0.153125 0.762295 0.157813 0.762295
0 0.345313 0.570258 0.345313 0.584309 0.343750 0.586651 0.343750 0.607728 0.342187 0.610070 0.342187 0.612412 0.340625 0.614754 0.340625 0.617096 0.337500 0.621780 0.337500 0.624122 0.335938 0.626464 0.335938 0.631148 0.334375 0.633489 0.334375 0.638173 0.332812 0.640515 0.328125 0.640515 0.328125 0.670960 0.332812 0.670960 0.339063 0.680328 0.339063 0.682670 0.342187 0.687354 0.342187 0.692037 0.343750 0.694379 0.343750 0.710773 0.345313 0.713115 0.345313 0.729508 0.343750 0.731850 0.343750 0.734192 0.342187 0.736534 0.342187 0.743560 0.340625 0.745902 0.340625 0.750585 0.339063 0.752927 0.339063 0.755269 0.335938 0.759953 0.335938 0.762295 0.334375 0.764637 0.334375 0.774005 0.335938 0.776347 0.335938 0.778689 0.337500 0.781030 0.337500 0.792740 0.360938 0.792740 0.360938 0.783372 0.356250 0.776347 0.356250 0.771663 0.354688 0.769321 0.354688 0.750585 0.356250 0.748244 0.356250 0.745902 0.359375 0.741218 0.359375 0.727166 0.360938 0.724824 0.360938 0.715457 0.362500 0.713115 0.362500 0.706089 0.365625 0.701405 0.370313 0.701405 0.370313 0.626464 0.365625 0.626464 0.362500 0.621780 0.362500 0.617096 0.360938 0.614754 0.360938 0.603045 0.359375 0.600703 0.359375 0.584309 0.357812 0.581967 0.357812 0.570258
0 0.557813 0.120609 0.557813 0.129977 0.556250 0.132318 0.556250 0.165105 0.553125 0.169789 0.551562 0.169789 0.546875 0.176815 0.540625 0.176815 0.540625 0.211944 0.548437 0.211944 0.548437 0.204918 0.550000 0.202576 0.551562 0.202576 0.553125 0.200234 0.565625 0.200234 0.567187 0.197892 0.578125 0.197892 0.579687 0.195550 0.581250 0.195550 0.582812 0.193208 0.582812 0.186183 0.581250 0.183841 0.581250 0.181499 0.576563 0.174473 0.576563 0.172131 0.575000 0.169789 0.575000 0.160422 0.576563 0.158080 0.576563 0.151054 0.578125 0.148712 0.578125 0.146370 0.576563 0.144028 0.576563 0.137002 0.575000 0.134660 0.575000 0.120609
0 0.606250 0.111241 0.606250 0.120609 0.604688 0.122951 0.604688 0.129977 0.603125 0.132318 0.603125 0.134660 0.601562 0.137002 0.596875 0.137002 0.596875 0.141686 0.601562 0.141686 0.603125 0.144028 0.603125 0.146370 0.604688 0.148712 0.604688 0.153396 0.606250 0.155738 0.606250 0.165105 0.604688 0.167447 0.604688 0.169789 0.603125 0.172131 0.596875 0.172131 0.596875 0.193208 0.607813 0.193208 0.609375 0.190867 0.621875 0.190867 0.623438 0.193208 0.623438 0.202576 0.639063 0.202576 0.639063 0.158080 0.634375 0.158080 0.631250 0.153396 0.631250 0.151054 0.629687 0.148712 0.629687 0.146370 0.628125 0.144028 0.628125 0.141686 0.626562 0.139344 0.626562 0.132318 0.625000 0.129977 0.625000 0.111241
0 0.981250 0.560890 0.981250 0.574941 0.982813 0.577283 0.982813 0.581967 0.984375 0.584309 0.984375 0.591335 0.981250 0.596019 0.981250 0.598361 0.976562 0.605386 0.976562 0.610070 0.975000 0.612412 0.975000 0.621780 0.973437 0.624122 0.973437 0.631148 0.970312 0.635831 0.965625 0.635831 0.965625 0.727166 0.970312 0.727166 0.971875 0.729508 0.976562 0.729508 0.978125 0.731850 0.978125 0.734192 0.979688 0.736534 0.979688 0.748244 0.981250 0.750585 0.981250 0.752927 0.982813 0.755269 0.982813 0.774005 0.984375 0.776347 0.984375 0.804450 0.982813 0.806792 0.982813 0.818501 0.981250 0.820843 0.981250 0.832553 0.979688 0.834895 0.979688 0.844262 0.978125 0.846604 0.978125 0.851288 0.979688 0.853630 0.979688 0.855972 0.985937 0.865340 0.987500 0.865340 0.990625 0.870023 0.990625 0.877049 0.998438 0.877049 0.998438 0.560890
0 0.389062 0.584309 0.387500 0.586651 0.385938 0.586651 0.384375 0.588993 0.382812 0.588993 0.381250 0.586651 0.375000 0.586651 0.373437 0.588993 0.371875 0.588993 0.370313 0.591335 0.367188 0.591335 0.367188 0.593677 0.364062 0.598361 0.359375 0.598361 0.359375 0.624122 0.364062 0.624122 0.365625 0.626464 0.365625 0.645199 0.364062 0.647541 0.359375 0.647541 0.359375 0.741218 0.364062 0.741218 0.367188 0.745902 0.367188 0.752927 0.368750 0.755269 0.368750 0.774005 0.390625 0.774005 0.390625 0.762295 0.387500 0.757611 0.387500 0.752927 0.385938 0.750585 0.385938 0.734192 0.387500 0.731850 0.387500 0.727166 0.389062 0.724824 0.389062 0.722482 0.390625 0.720141 0.390625 0.703747 0.392188 0.701405 0.392188 0.699063 0.390625 0.696721 0.390625 0.689696 0.392188 0.687354 0.392188 0.680328 0.393750 0.677986 0.393750 0.675644 0.396875 0.670960 0.401563 0.670960 0.401563 0.656909 0.396875 0.656909 0.395312 0.654567 0.395312 0.649883 0.393750 0.647541 0.393750 0.633489 0.392188 0.631148 0.392188 0.600703 0.390625 0.598361 0.390625 0.591335 0.392188 0.588993 0.390625 0.586651 0.390625 0.584309 0.389062 0.584309 0.382812 0.560890 0.382812 0.551522 0.379687 0.551522 0.379687 0.558548 0.381250 0.558548 0.382812 0.560890
0 0.759375 0.542155 0.759375 0.607728 0.764063 0.607728 0.771875 0.619438 0.771875 0.621780 0.773438 0.624122 0.776563 0.624122 0.782812 0.633489 0.782812 0.635831 0.784375 0.638173 0.784375 0.640515 0.785937 0.642857 0.785937 0.647541 0.787500 0.649883 0.787500 0.659251 0.784375 0.663934 0.784375 0.668618 0.782812 0.670960 0.782812 0.696721 0.778125 0.703747 0.775000 0.703747 0.773438 0.706089 0.773438 0.743560 0.775000 0.745902 0.775000 0.757611 0.773438 0.759953 0.773438 0.766979 0.771875 0.769321 0.771875 0.776347 0.770312 0.778689 0.770312 0.790398 0.768750 0.792740 0.768750 0.804450 0.767187 0.806792 0.767187 0.816159 0.764063 0.820843 0.759375 0.820843 0.759375 0.874707 0.765625 0.874707 0.767187 0.877049 0.767187 0.886417 0.778125 0.886417 0.778125 0.874707 0.779688 0.872365 0.779688 0.834895 0.781250 0.832553 0.781250 0.827869 0.782812 0.825527 0.782812 0.823185 0.784375 0.820843 0.784375 0.783372 0.785937 0.781030 0.785937 0.778689 0.787500 0.776347 0.790625 0.776347 0.792188 0.774005 0.795313 0.774005 0.795313 0.769321 0.796875 0.766979 0.796875 0.736534 0.798437 0.734192 0.798437 0.713115 0.800000 0.710773 0.800000 0.692037 0.803125 0.687354 0.807813 0.687354 0.807813 0.640515 0.801562 0.640515 0.798437 0.635831 0.798437 0.631148 0.796875 0.628806 0.796875 0.624122 0.795313 0.621780 0.793750 0.621780 0.789062 0.614754 0.787500 0.614754 0.782812 0.607728 0.782812 0.598361 0.784375 0.596019 0.784375 0.591335 0.785937 0.588993 0.785937 0.574941 0.784375 0.572600 0.784375 0.570258 0.779688 0.563232 0.779688 0.560890 0.778125 0.558548 0.778125 0.553864 0.776563 0.551522 0.776563 0.542155
0 0.000000 0.935597 0.000000 0.998829 0.070312 0.998829 0.070312 0.989461 0.065625 0.989461 0.064062 0.987119 0.062500 0.987119 0.060938 0.984778 0.059375 0.984778 0.057813 0.982436 0.056250 0.982436 0.054688 0.980094 0.053125 0.980094 0.051562 0.977752 0.046875 0.977752 0.045313 0.975410 0.040625 0.975410 0.037500 0.970726 0.035937 0.970726 0.034375 0.968384 0.032812 0.968384 0.031250 0.966042 0.029687 0.966042 0.025000 0.959016 0.023438 0.959016 0.021875 0.956674 0.020312 0.956674 0.018750 0.954333 0.017188 0.954333 0.014062 0.949649 0.012500 0.949649 0.010937 0.947307 0.009375 0.947307 0.006250 0.942623 0.006250 0.935597
