5 0.126563 0.639165 0.126563 0.645129 0.123438 0.649105 0.117188 0.649105 0.115625 0.651093 0.106250 0.651093 0.104687 0.653082 0.096875 0.653082 0.096875 0.686879 0.104687 0.686879 0.106250 0.684891 0.132812 0.684891 0.134375 0.686879 0.143750 0.686879 0.145313 0.688867 0.151562 0.688867 0.153125 0.690855 0.154687 0.690855 0.156250 0.692843 0.159375 0.692843 0.160938 0.694831 0.162500 0.694831 0.164062 0.696819 0.165625 0.696819 0.167187 0.698807 0.168750 0.698807 0.179688 0.712724 0.179688 0.714712 0.182812 0.718688 0.182812 0.720676 0.184375 0.722664 0.184375 0.724652 0.185937 0.726640 0.185937 0.728628 0.187500 0.730616 0.187500 0.732604 0.195312 0.742545 0.195312 0.748509 0.231250 0.748509 0.231250 0.742545 0.232812 0.740557 0.235938 0.740557 0.237500 0.742545 0.237500 0.748509 0.264062 0.748509 0.264062 0.742545 0.270312 0.734592 0.276563 0.734592 0.276563 0.657058 0.270312 0.657058 0.268750 0.655070 0.264062 0.655070 0.262500 0.653082 0.254687 0.653082 0.253125 0.651093 0.250000 0.651093 0.248437 0.649105 0.246875 0.649105 0.245312 0.647117 0.243750 0.647117 0.242188 0.645129 0.242188 0.639165 0.223438 0.639165 0.223438 0.645129 0.221875 0.647117 0.214062 0.647117 0.212500 0.645129 0.212500 0.639165 0.207813 0.639165 0.207813 0.645129 0.206250 0.647117 0.204688 0.647117 0.203125 0.649105 0.201562 0.647117 0.200000 0.647117 0.198437 0.645129 0.198437 0.639165
2 0.340625 0.686879 0.340625 0.692843 0.339063 0.694831 0.339063 0.698807 0.337500 0.700795 0.337500 0.702783 0.332812 0.708748 0.328125 0.708748 0.328125 0.764414 0.350000 0.764414 0.350000 0.758449 0.351562 0.756461 0.353125 0.756461 0.354688 0.754473 0.357812 0.754473 0.359375 0.752485 0.371875 0.752485 0.373437 0.754473 0.385938 0.754473 0.389062 0.758449 0.389062 0.764414 0.401563 0.764414 0.401563 0.758449 0.406250 0.752485 0.406250 0.748509 0.409375 0.744533 0.414062 0.744533 0.414062 0.728628 0.409375 0.728628 0.406250 0.724652 0.406250 0.720676 0.404687 0.718688 0.404687 0.716700 0.403125 0.714712 0.403125 0.712724 0.401563 0.710736 0.401563 0.708748 0.398438 0.704771 0.398438 0.702783 0.396875 0.700795 0.396875 0.698807 0.393750 0.694831 0.393750 0.686879
2 0.462500 0.694831 0.462500 0.700795 0.460938 0.702783 0.460938 0.704771 0.457812 0.708748 0.457812 0.710736 0.456250 0.712724 0.456250 0.714712 0.454688 0.716700 0.454688 0.724652 0.450000 0.730616 0.448438 0.730616 0.445312 0.734592 0.440625 0.734592 0.440625 0.754473 0.445312 0.754473 0.448438 0.758449 0.448438 0.760437 0.451562 0.764414 0.451562 0.772366 0.456250 0.772366 0.456250 0.766402 0.457812 0.764414 0.459375 0.764414 0.462500 0.760437 0.467187 0.760437 0.470313 0.764414 0.476562 0.764414 0.478125 0.762425 0.479688 0.762425 0.481250 0.760437 0.482812 0.760437 0.484375 0.758449 0.495313 0.758449 0.496875 0.760437 0.503125 0.760437 0.504687 0.762425 0.506250 0.762425 0.507812 0.764414 0.507812 0.772366 0.518750 0.772366 0.518750 0.766402 0.520312 0.764414 0.521875 0.764414 0.523438 0.766402 0.523438 0.772366 0.539062 0.772366 0.539062 0.728628 0.532812 0.728628 0.528125 0.722664 0.525000 0.722664 0.523438 0.720676 0.521875 0.720676 0.514063 0.710736 0.514063 0.706759 0.512500 0.704771 0.512500 0.694831
2 0.042188 0.824056 0.028125 0.824056 0.028125 0.843936 0.042188 0.843936 0.042188 0.833996 0.043750 0.832008 0.043750 0.826044 0.042188 0.824056 0.076563 0.742545 0.081250 0.742545 0.082813 0.740557 0.090625 0.740557 0.090625 0.738569 0.092188 0.736580 0.092188 0.734592 0.093750 0.732604 0.093750 0.726640 0.095312 0.724652 0.101562 0.724652 0.103125 0.726640 0.103125 0.728628 0.104687 0.730616 0.104687 0.732604 0.112500 0.742545 0.114063 0.742545 0.115625 0.744533 0.120312 0.744533 0.121875 0.746521 0.126563 0.746521 0.128125 0.748509 0.135937 0.748509 0.139062 0.752485 0.140625 0.752485 0.148438 0.762425 0.148438 0.764414 0.150000 0.766402 0.150000 0.772366 0.151562 0.774354 0.151562 0.792247 0.153125 0.794235 0.153125 0.812127 0.154687 0.814115 0.154687 0.816103 0.156250 0.818091 0.156250 0.822068 0.157813 0.824056 0.157813 0.828032 0.159375 0.830020 0.159375 0.832008 0.160938 0.830020 0.164062 0.830020 0.165625 0.828032 0.167187 0.828032 0.170312 0.824056 0.171875 0.824056 0.173438 0.822068 0.178125 0.822068 0.182812 0.828032 0.185937 0.828032 0.187500 0.830020 0.192188 0.830020 0.193750 0.828032 0.201562 0.828032 0.201562 0.754473 0.195312 0.754473 0.193750 0.752485 0.193750 0.750497 0.184375 0.738569 0.184375 0.736580 0.181250 0.732604 0.181250 0.730616 0.179688 0.728628 0.179688 0.726640 0.178125 0.724652 0.178125 0.720676 0.176563 0.718688 0.176563 0.716700 0.175000 0.714712 0.175000 0.712724 0.171875 0.708748 0.171875 0.706759 0.168750 0.702783 0.167187 0.702783 0.164062 0.698807 0.162500 0.698807 0.157813 0.692843 0.156250 0.692843 0.154687 0.690855 0.150000 0.690855 0.148438 0.688867 0.143750 0.688867 0.142188 0.686879 0.140625 0.686879 0.139062 0.684891 0.139062 0.678926 0.070312 0.678926 0.070312 0.684891 0.068750 0.686879 0.067188 0.686879 0.065625 0.688867 0.060938 0.688867 0.059375 0.690855 0.056250 0.690855 0.054688 0.692843 0.053125 0.692843 0.050000 0.696819 0.048437 0.696819 0.046875 0.698807 0.043750 0.698807 0.042188 0.700795 0.040625 0.700795 0.039062 0.702783 0.039062 0.704771 0.035937 0.708748 0.035937 0.714712 0.037500 0.716700 0.037500 0.718688 0.039062 0.718688 0.042188 0.722664 0.045313 0.722664 0.046875 0.724652 0.059375 0.724652 0.064062 0.730616 0.065625 0.730616 0.070312 0.736580 0.071875 0.736580 0.076563 0.742545
9 0.328125 0.305169 0.328125 0.406561 0.370313 0.406561 0.370313 0.305169
2 0.540625 0.694831 0.540625 0.732604 0.582812 0.732604 0.582812 0.694831
1 0.043750 0.694831 0.043750 0.700795 0.037500 0.708748 0.035937 0.708748 0.034375 0.710736 0.034375 0.712724 0.032812 0.714712 0.032812 0.726640 0.020312 0.742545 0.018750 0.742545 0.015625 0.746521 0.012500 0.746521 0.010937 0.748509 0.007812 0.748509 0.006250 0.750497 0.004688 0.750497 0.003125 0.752485 0.000000 0.752485 0.000000 0.814115 0.003125 0.814115 0.004688 0.816103 0.010937 0.816103 0.012500 0.818091 0.014062 0.818091 0.017188 0.822068 0.017188 0.824056 0.018750 0.826044 0.018750 0.833996 0.020312 0.835984 0.020312 0.839960 0.023438 0.843936 0.025000 0.843936 0.026563 0.845924 0.026563 0.851889 0.031250 0.851889 0.031250 0.845924 0.032812 0.843936 0.034375 0.843936 0.035937 0.841948 0.039062 0.841948 0.043750 0.835984 0.043750 0.833996 0.048437 0.828032 0.050000 0.828032 0.051562 0.826044 0.059375 0.826044 0.060938 0.828032 0.062500 0.828032 0.064062 0.830020 0.068750 0.830020 0.070312 0.832008 0.085938 0.832008 0.087500 0.830020 0.106250 0.830020 0.107813 0.832008 0.123438 0.832008 0.125000 0.830020 0.126563 0.830020 0.129688 0.826044 0.131250 0.826044 0.132812 0.824056 0.134375 0.824056 0.137500 0.820080 0.139062 0.820080 0.143750 0.814115 0.143750 0.812127 0.145313 0.810139 0.151562 0.810139 0.151562 0.756461 0.145313 0.756461 0.143750 0.754473 0.142188 0.754473 0.139062 0.750497 0.137500 0.750497 0.135937 0.748509 0.128125 0.748509 0.126563 0.746521 0.121875 0.746521 0.120312 0.744533 0.117188 0.744533 0.115625 0.742545 0.114063 0.742545 0.112500 0.740557 0.110937 0.740557 0.106250 0.734592 0.104687 0.734592 0.101562 0.730616 0.101562 0.728628 0.100000 0.728628 0.096875 0.724652 0.096875 0.722664 0.095312 0.720676 0.093750 0.720676 0.092188 0.718688 0.092188 0.714712 0.093750 0.712724 0.093750 0.710736 0.095312 0.708748 0.095312 0.706759 0.096875 0.704771 0.096875 0.694831 0.078125 0.694831 0.078125 0.702783 0.079687 0.704771 0.079687 0.706759 0.081250 0.708748 0.081250 0.714712 0.082813 0.716700 0.082813 0.724652 0.081250 0.726640 0.081250 0.728628 0.076563 0.734592 0.075000 0.732604 0.071875 0.732604 0.070312 0.730616 0.068750 0.730616 0.060938 0.720676 0.060938 0.718688 0.057813 0.714712 0.056250 0.714712 0.054688 0.712724 0.053125 0.712724 0.051562 0.710736 0.051562 0.706759 0.053125 0.704771 0.053125 0.694831
9 0.384375 0.623260 0.384375 0.661034 0.395312 0.661034 0.395312 0.655070 0.396875 0.653082 0.401563 0.653082 0.401563 0.623260
2 0.278125 0.702783 0.278125 0.740557 0.292188 0.740557 0.292188 0.734592 0.295312 0.730616 0.298438 0.730616 0.301562 0.734592 0.301562 0.740557 0.314063 0.740557 0.314063 0.702783
2 0.409375 0.694831 0.409375 0.732604 0.442187 0.732604 0.442187 0.724652 0.443750 0.722664 0.443750 0.720676 0.445312 0.718688 0.451562 0.718688 0.451562 0.706759 0.446875 0.706759 0.443750 0.702783 0.443750 0.694831
0 0.634375 0.686879 0.634375 0.698807 0.639063 0.698807 0.640625 0.700795 0.639063 0.702783 0.634375 0.702783 0.634375 0.738569 0.639063 0.738569 0.642187 0.742545 0.642187 0.756461 0.653125 0.756461 0.653125 0.746521 0.654688 0.744533 0.654688 0.728628 0.656250 0.726640 0.656250 0.716700 0.657812 0.714712 0.657812 0.708748 0.656250 0.706759 0.656250 0.700795 0.654688 0.698807 0.654688 0.686879
2 0.296875 0.702783 0.296875 0.740557 0.317187 0.740557 0.317187 0.734592 0.320312 0.730616 0.332812 0.730616 0.332812 0.702783
2 0.284375 0.702783 0.284375 0.740557 0.292188 0.740557 0.292188 0.734592 0.295312 0.730616 0.296875 0.730616 0.300000 0.734592 0.300000 0.740557 0.312500 0.740557 0.312500 0.732604 0.314063 0.730616 0.314063 0.728628 0.315625 0.726640 0.320312 0.726640 0.320312 0.716700 0.315625 0.716700 0.314063 0.714712 0.314063 0.702783
9 0.746875 0.559642 0.746875 0.605368 0.770312 0.605368 0.770312 0.559642
9 0.528125 0.480119 0.528125 0.541749 0.564062 0.541749 0.564062 0.480119
2 0.296875 0.702783 0.296875 0.740557 0.320312 0.740557 0.320312 0.702783
9 0.528125 0.631213 0.528125 0.661034 0.545313 0.661034 0.545313 0.631213
2 0.765625 0.718688 0.764063 0.716700 0.764063 0.714712 0.759375 0.708748 0.759375 0.706759 0.757812 0.706759 0.754687 0.710736 0.753125 0.710736 0.751562 0.712724 0.746875 0.712724 0.746875 0.756461 0.764063 0.756461 0.764063 0.746521 0.765625 0.744533 0.765625 0.718688 0.779688 0.726640 0.781250 0.728628 0.781250 0.748509 0.782812 0.750497 0.782812 0.756461 0.820312 0.756461 0.820312 0.708748 0.815625 0.708748 0.812500 0.704771 0.810938 0.704771 0.809375 0.702783 0.809375 0.694831 0.779688 0.694831 0.779688 0.726640
2 0.778125 0.702783 0.778125 0.764414 0.820312 0.764414 0.820312 0.702783
9 0.746875 0.559642 0.746875 0.637177 0.770312 0.637177 0.770312 0.559642
