5 0.394614 0.996875 0.394614 0.998438 0.408665 0.998438 0.408665 0.996875 0.403981 0.996875 0.401639 0.995313 0.399297 0.996875 0.394614 0.996875 0.094848 0.906250 0.099532 0.909375 0.106557 0.909375 0.108899 0.910937 0.111241 0.910937 0.111241 0.915625 0.113583 0.917188 0.113583 0.932813 0.115925 0.934375 0.115925 0.935938 0.118267 0.937500 0.122951 0.937500 0.125293 0.939062 0.134660 0.939062 0.139344 0.942187 0.139344 0.948438 0.137002 0.950000 0.137002 0.951563 0.134660 0.953125 0.134660 0.954687 0.129977 0.957812 0.129977 0.959375 0.127635 0.960938 0.125293 0.959375 0.111241 0.959375 0.104215 0.964063 0.083138 0.964063 0.076112 0.968750 0.076112 0.970312 0.073770 0.971875 0.073770 0.973437 0.071429 0.975000 0.064403 0.975000 0.064403 0.959375 0.071429 0.959375 0.076112 0.956250 0.076112 0.953125 0.073770 0.951563 0.064403 0.951563 0.064403 0.943750 0.076112 0.943750 0.078454 0.942187 0.080796 0.942187 0.085480 0.939062 0.073770 0.867188 0.076112 0.865625 0.078454 0.865625 0.083138 0.862500 0.083138 0.860937 0.085480 0.859375 0.647541 0.157813 0.649883 0.159375 0.652225 0.159375 0.661592 0.165625 0.675644 0.165625 0.677986 0.164062 0.680328 0.164062 0.682670 0.162500 0.687354 0.162500 0.689696 0.160938 0.696721 0.160938 0.699063 0.159375 0.710773 0.159375 0.715457 0.156250 0.717799 0.156250 0.720141 0.154687 0.722482 0.154687 0.724824 0.153125 0.727166 0.153125 0.731850 0.150000 0.734192 0.150000 0.736534 0.148438 0.738876 0.148438 0.741218 0.146875 0.741218 0.145313 0.738876 0.143750 0.738876 0.142188 0.736534 0.140625 0.734192 0.142188 0.724824 0.142188 0.722482 0.140625 0.717799 0.140625 0.710773 0.135937 0.708431 0.135937 0.706089 0.134375 0.703747 0.134375 0.701405 0.132812 0.699063 0.132812 0.694379 0.129688 0.692037 0.129688 0.689696 0.128125 0.689696 0.115625 0.769321 0.115625 0.769321 0.121875 0.771663 0.123438 0.771663 0.125000 0.774005 0.126563 0.774005 0.128125 0.771663 0.129688 0.771663 0.142188 0.774005 0.143750 0.774005 0.145313 0.776347 0.146875 0.776347 0.148438 0.778689 0.150000 0.778689 0.151562 0.781030 0.153125 0.783372 0.153125 0.785714 0.154687 0.788056 0.154687 0.790398 0.156250 0.795082 0.156250 0.797424 0.157813 0.806792 0.157813 0.809133 0.159375 0.813817 0.159375 0.816159 0.160938 0.818501 0.160938 0.820843 0.162500 0.823185 0.162500 0.841920 0.175000 0.846604 0.175000 0.848946 0.176563 0.884075 0.176563 0.886417 0.175000 0.888759 0.175000 0.891101 0.176563 0.902810 0.176563 0.905152 0.178125 0.914520 0.178125 0.916862 0.179688 0.919204 0.179688 0.921546 0.181250 0.923888 0.181250 0.928571 0.184375 0.933255 0.184375 0.935597 0.185937 0.940281 0.185937 0.942623 0.187500 0.951991 0.187500 0.954333 0.189063 0.961358 0.189063 0.963700 0.190625 0.966042 0.190625 0.966042 0.192188 0.968384 0.193750 0.968384 0.200000 0.966042 0.201562 0.966042 0.226562 0.968384 0.228125 0.968384 0.231250 0.970726 0.232812 0.970726 0.239063 0.968384 0.240625 0.968384 0.242188 0.961358 0.246875 0.961358 0.248437 0.961358 0.245312 0.956674 0.242188 0.956674 0.240625 0.949649 0.235938 0.947307 0.235938 0.944965 0.234375 0.944965 0.232812 0.942623 0.231250 0.940281 0.231250 0.937939 0.229687 0.919204 0.229687 0.916862 0.231250 0.905152 0.231250 0.900468 0.234375 0.900468 0.235938 0.898126 0.237500 0.898126 0.239063 0.895785 0.240625 0.884075 0.240625 0.877049 0.235938 0.877049 0.234375 0.874707 0.232812 0.874707 0.229687 0.865340 0.223438 0.865340 0.221875 0.855972 0.215625 0.853630 0.215625 0.851288 0.214062 0.851288 0.207813 0.848946 0.206250 0.846604 0.206250 0.841920 0.203125 0.839578 0.204688 0.839578 0.207813 0.837237 0.209375 0.839578 0.210938 0.839578 0.214062 0.841920 0.215625 0.839578 0.217187 0.839578 0.223438 0.841920 0.225000 0.841920 0.231250 0.839578 0.232812 0.839578 0.235938 0.837237 0.237500 0.837237 0.240625 0.834895 0.242188 0.834895 0.248437 0.832553 0.250000 0.832553 0.254687 0.834895 0.256250 0.834895 0.270312 0.832553 0.271875 0.832553 0.276563 0.834895 0.278125 0.834895 0.284375 0.837237 0.285937 0.837237 0.290625 0.839578 0.292188 0.839578 0.298438 0.841920 0.300000 0.841920 0.310937 0.844262 0.312500 0.844262 0.320312 0.846604 0.321875 0.846604 0.323438 0.848946 0.325000 0.851288 0.325000 0.853630 0.326562 0.860656 0.326562 0.862998 0.328125 0.872365 0.328125 0.874707 0.329688 0.884075 0.329688 0.886417 0.331250 0.905152 0.331250 0.907494 0.332812 0.909836 0.331250 0.926230 0.331250 0.928571 0.332812 0.937939 0.332812 0.940281 0.334375 0.944965 0.334375 0.947307 0.335938 0.949649 0.335938 0.951991 0.337500 0.956674 0.337500 0.959016 0.339063 0.961358 0.339063 0.963700 0.340625 0.968384 0.340625 0.968384 0.346875 0.970726 0.348437 0.970726 0.350000 0.973068 0.351562 0.973068 0.368750 0.970726 0.370313 0.970726 0.371875 0.973068 0.373437 0.973068 0.379687 0.975410 0.381250 0.975410 0.390625 0.977752 0.392188 0.977752 0.393750 0.980094 0.395312 0.989461 0.395312 0.989461 0.979688 0.973068 0.979688 0.968384 0.982813 0.968384 0.984375 0.966042 0.985937 0.966042 0.989062 0.963700 0.990625 0.963700 0.992188 0.959016 0.995313 0.959016 0.998438 0.893443 0.998438 0.893443 0.995313 0.888759 0.992188 0.884075 0.992188 0.881733 0.993750 0.870023 0.993750 0.867682 0.995313 0.867682 0.998438 0.820843 0.998438 0.820843 0.996875 0.818501 0.995313 0.816159 0.995313 0.813817 0.993750 0.811475 0.993750 0.809133 0.995313 0.806792 0.995313 0.804450 0.996875 0.804450 0.998438 0.600703 0.998438 0.600703 0.996875 0.596019 0.993750 0.596019 0.992188 0.586651 0.985937 0.586651 0.984375 0.574941 0.976562 0.574941 0.975000 0.567916 0.970312 0.567916 0.968750 0.565574 0.967188 0.565574 0.965625 0.563232 0.964063 0.563232 0.960938 0.560890 0.959375 0.560890 0.956250 0.558548 0.954687 0.558548 0.946875 0.556206 0.945312 0.556206 0.940625 0.553864 0.939062 0.553864 0.937500 0.551522 0.935938 0.551522 0.934375 0.523419 0.143750 0.523419 0.135937 0.521077 0.134375 0.521077 0.131250 0.516393 0.128125 0.516393 0.126563 0.509368 0.121875 0.509368 0.115625 0.448478 0.115625 0.448478 0.123438 0.446136 0.125000 0.446136 0.139062 0.448478 0.140625 0.448478 0.142188 0.455504 0.146875 0.455504 0.148438 0.457845 0.150000 0.457845 0.151562 0.460187 0.150000 0.460187 0.148438 0.467213 0.143750 0.471897 0.143750 0.474239 0.142188 0.478923 0.142188 0.481265 0.140625 0.490632 0.140625 0.492974 0.142188 0.495316 0.142188 0.497658 0.143750 0.500000 0.143750 0.504684 0.146875 0.507026 0.146875 0.509368 0.148438 0.514051 0.148438 0.518735 0.145313 0.521077 0.145313 0.523419 0.143750 0.551522 0.934375 0.549180 0.932813 0.549180 0.931250 0.546838 0.929688 0.546838 0.928125 0.544496 0.926562 0.544496 0.925000 0.539813 0.921875 0.539813 0.920313 0.532787 0.915625 0.530445 0.915625 0.530445 0.914062 0.523419 0.909375 0.521077 0.909375 0.507026 0.900000 0.504684 0.900000 0.502342 0.898438 0.483607 0.898438 0.471897 0.906250 0.471897 0.907812 0.469555 0.909375 0.469555 0.912500 0.467213 0.914062 0.467213 0.918750 0.469555 0.920313 0.469555 0.928125 0.471897 0.929688 0.471897 0.935938 0.474239 0.937500 0.474239 0.942187 0.476581 0.943750 0.476581 0.950000 0.478923 0.951563 0.478923 0.954687 0.481265 0.956250 0.481265 0.957812 0.483607 0.959375 0.483607 0.962500 0.485948 0.964063 0.485948 0.967188 0.490632 0.970312 0.490632 0.971875 0.492974 0.973437 0.492974 0.975000 0.495316 0.976562 0.495316 0.979688 0.492974 0.981250 0.492974 0.984375 0.490632 0.984375 0.485948 0.987500 0.476581 0.987500 0.467213 0.981250 0.450820 0.981250 0.448478 0.979688 0.443794 0.979688 0.441452 0.981250 0.373536 0.981250 0.371194 0.982813 0.364169 0.982813 0.361827 0.984375 0.361827 0.990625 0.368852 0.995313 0.375878 0.995313 0.378220 0.996875 0.385246 0.996875 0.385246 0.998438 0.359485 0.998438 0.359485 0.995313 0.354801 0.992188 0.352459 0.992188 0.350117 0.993750 0.350117 0.998438 0.326698 0.998438 0.326698 0.996875 0.324356 0.995313 0.324356 0.992188 0.322014 0.990625 0.322014 0.987500 0.317330 0.984375 0.317330 0.982813 0.314988 0.981250 0.314988 0.979688 0.312646 0.978125 0.312646 0.976562 0.305621 0.971875 0.305621 0.970312 0.298595 0.965625 0.298595 0.964063 0.296253 0.962500 0.296253 0.960938 0.293911 0.959375 0.293911 0.957812 0.291569 0.956250 0.291569 0.954687 0.289227 0.953125 0.289227 0.951563 0.286885 0.950000 0.286885 0.948438 0.277518 0.942187 0.277518 0.940625 0.256440 0.926562 0.254098 0.926562 0.244731 0.920313 0.237705 0.920313 0.235363 0.921875 0.233021 0.921875 0.228337 0.925000 0.225995 0.925000 0.223653 0.926562 0.223653 0.928125 0.221311 0.929688 0.218970 0.929688 0.216628 0.931250 0.211944 0.931250 0.202576 0.937500 0.197892 0.937500 0.195550 0.939062 0.193208 0.939062 0.190867 0.937500 0.174473 0.937500 0.172131 0.935938 0.172131 0.934375 0.169789 0.932813 0.172131 0.931250 0.172131 0.928125 0.169789 0.926562 0.169789 0.925000 0.165105 0.921875 0.165105 0.915625 0.167447 0.914062 0.167447 0.907812 0.169789 0.906250 0.172131 0.906250 0.174473 0.904688 0.176815 0.904688 0.181499 0.901563 0.179157 0.900000 0.179157 0.898438 0.172131 0.893750 0.172131 0.892187 0.169789 0.890625 0.169789 0.887500 0.172131 0.885938 0.172131 0.870313 0.174473 0.868750 0.174473 0.862500 0.176815 0.860937 0.176815 0.856250 0.179157 0.854688 0.179157 0.835938 0.181499 0.834375 0.181499 0.831250 0.179157 0.829687 0.179157 0.815625 0.176815 0.814062 0.176815 0.807813 0.174473 0.806250 0.174473 0.803125 0.179157 0.800000 0.181499 0.800000 0.188525 0.795313 0.190867 0.795313 0.195550 0.792188 0.195550 0.790625 0.197892 0.789062 0.197892 0.779688 0.200234 0.778125 0.200234 0.776563 0.202576 0.775000 0.202576 0.771875 0.204918 0.770312 0.204918 0.765625 0.202576 0.764063 0.202576 0.753125 0.200234 0.751562 0.200234 0.745313 0.197892 0.743750 0.197892 0.740625 0.195550 0.739062 0.195550 0.729688 0.193208 0.728125 0.193208 0.718750 0.190867 0.717188 0.190867 0.714063 0.188525 0.712500 0.188525 0.710938 0.183841 0.707812 0.181499 0.707812 0.179157 0.706250 0.176815 0.706250 0.174473 0.704687 0.169789 0.704687 0.162763 0.700000 0.162763 0.698438 0.155738 0.693750 0.155738 0.692187 0.153396 0.690625 0.153396 0.689062 0.151054 0.687500 0.151054 0.684375 0.139344 0.676562 0.134660 0.676562 0.132318 0.678125 0.127635 0.678125 0.122951 0.681250 0.122951 0.682813 0.120609 0.684375 0.120609 0.687500 0.118267 0.689062 0.118267 0.690625 0.115925 0.690625 0.113583 0.692187 0.111241 0.692187 0.108899 0.693750 0.094848 0.693750 0.092506 0.695312 0.087822 0.695312 0.083138 0.698438 0.083138 0.696875 0.073770 0.690625 0.064403 0.690625 0.064403 0.609375 0.073770 0.609375 0.083138 0.603125 0.085480 0.603125 0.087822 0.601562 0.094848 0.601562 0.097190 0.600000 0.101874 0.600000 0.104215 0.598437 0.113583 0.598437 0.115925 0.596875 0.146370 0.596875 0.148712 0.595312 0.169789 0.595312 0.181499 0.587500 0.181499 0.584375 0.183841 0.582812 0.183841 0.567187 0.181499 0.565625 0.181499 0.559375 0.179157 0.557813 0.179157 0.543750 0.176815 0.542188 0.176815 0.529688 0.174473 0.528125 0.174473 0.481250 0.176815 0.479688 0.176815 0.451562 0.174473 0.450000 0.174473 0.412500 0.176815 0.410937 0.176815 0.406250 0.179157 0.404687 0.179157 0.398438 0.181499 0.396875 0.181499 0.392188 0.183841 0.390625 0.183841 0.384375 0.186183 0.382812 0.186183 0.379687 0.188525 0.378125 0.188525 0.373437 0.190867 0.371875 0.190867 0.367188 0.193208 0.365625 0.193208 0.362500 0.195550 0.360938 0.195550 0.359375 0.197892 0.357812 0.197892 0.354688 0.200234 0.353125 0.200234 0.348437 0.202576 0.346875 0.202576 0.340625 0.204918 0.339063 0.204918 0.335938 0.207260 0.334375 0.207260 0.328125 0.209602 0.326562 0.209602 0.321875 0.211944 0.320312 0.211944 0.315625 0.214286 0.314063 0.214286 0.310937 0.216628 0.309375 0.216628 0.307813 0.218970 0.306250 0.218970 0.303125 0.221311 0.301562 0.221311 0.298438 0.223653 0.296875 0.223653 0.293750 0.225995 0.292188 0.225995 0.289062 0.228337 0.287500 0.228337 0.282813 0.230679 0.281250 0.230679 0.276563 0.233021 0.275000 0.233021 0.271875 0.235363 0.270312 0.235363 0.267188 0.237705 0.265625 0.237705 0.264062 0.240047 0.262500 0.240047 0.256250 0.242389 0.254687 0.242389 0.251563 0.244731 0.250000 0.244731 0.246875 0.247073 0.245312 0.247073 0.242188 0.249415 0.240625 0.249415 0.234375 0.256440 0.229687 0.256440 0.228125 0.258782 0.228125 0.261124 0.226562 0.263466 0.226562 0.265808 0.225000 0.268150 0.225000 0.270492 0.223438 0.275176 0.223438 0.277518 0.221875 0.279859 0.221875 0.282201 0.223438 0.284543 0.223438 0.286885 0.225000 0.303279 0.225000 0.305621 0.226562 0.317330 0.226562 0.319672 0.228125 0.322014 0.228125 0.324356 0.229687 0.336066 0.229687 0.338407 0.231250 0.343091 0.231250 0.345433 0.232812 0.347775 0.232812 0.350117 0.234375 0.354801 0.234375 0.357143 0.235938 0.359485 0.235938 0.361827 0.237500 0.366511 0.237500 0.368852 0.239063 0.371194 0.239063 0.375878 0.242188 0.380562 0.242188 0.382904 0.243750 0.387588 0.243750 0.389930 0.245312 0.394614 0.245312 0.396955 0.243750 0.399297 0.243750 0.401639 0.242188 0.403981 0.242188 0.408665 0.239063 0.408665 0.237500 0.411007 0.235938 0.411007 0.232812 0.413349 0.232812 0.418033 0.229687 0.418033 0.228125 0.420375 0.226562 0.420375 0.225000 0.422717 0.223438 0.422717 0.221875 0.425059 0.220313 0.425059 0.218750 0.429742 0.215625 0.429742 0.214062 0.432084 0.212500 0.432084 0.210938 0.434426 0.209375 0.434426 0.207813 0.439110 0.204688 0.439110 0.203125 0.446136 0.198437 0.471897 0.198437 0.474239 0.196875 0.481265 0.196875 0.483607 0.195312 0.502342 0.195312 0.504684 0.193750 0.507026 0.193750 0.521077 0.184375 0.521077 0.182812 0.523419 0.181250 0.530445 0.181250 0.532787 0.179688 0.537471 0.179688 0.539813 0.178125 0.539813 0.176563 0.537471 0.175000 0.535129 0.175000 0.532787 0.173438 0.530445 0.173438 0.528103 0.171875 0.525761 0.171875 0.525761 0.170312 0.528103 0.168750 0.528103 0.165625 0.530445 0.164062 0.530445 0.156250 0.535129 0.153125 0.535129 0.151562 0.537471 0.150000 0.539813 0.150000 0.544496 0.146875 0.544496 0.145313 0.551522 0.140625 0.553864 0.140625 0.563232 0.134375 0.570258 0.134375 0.572600 0.135937 0.572600 0.137500 0.577283 0.140625 0.581967 0.137500 0.581967 0.135937 0.584309 0.134375 0.584309 0.121875 0.581967 0.120312 0.581967 0.115625 0.607728 0.115625 0.607728 0.121875 0.610070 0.123438 0.610070 0.128125 0.612412 0.129688 0.612412 0.131250 0.614754 0.132812 0.614754 0.143750 0.617096 0.145313 0.619438 0.145313 0.621780 0.146875 0.626464 0.146875 0.628806 0.148438 0.633489 0.148438 0.635831 0.150000 0.635831 0.151562 0.645199 0.157813 0.647541 0.157813 0.085480 0.859375 0.085480 0.846875 0.073770 0.839063 0.073770 0.837500 0.071429 0.835938 0.064403 0.835938 0.064403 0.867188 0.073770 0.867188 0.085480 0.939062 0.085480 0.937500 0.087822 0.935938 0.087822 0.932813 0.083138 0.929688 0.083138 0.926562 0.080796 0.925000 0.080796 0.918750 0.083138 0.917188 0.083138 0.915625 0.085480 0.914062 0.085480 0.912500 0.087822 0.910937 0.087822 0.909375 0.090164 0.907812 0.090164 0.906250 0.094848 0.906250
0 0.453162 0.989062 0.455504 0.989062 0.453162 0.989062 0.443794 0.989062 0.441452 0.990625 0.422717 0.990625 0.420375 0.989062 0.422717 0.989062 0.155738 0.975000 0.153396 0.973437 0.483607 0.998438 0.596019 0.998438 0.596019 0.987500 0.586651 0.987500 0.584309 0.985937 0.584309 0.984375 0.577283 0.979688 0.577283 0.978125 0.567916 0.971875 0.567916 0.970312 0.565574 0.968750 0.565574 0.967188 0.563232 0.965625 0.563232 0.964063 0.560890 0.962500 0.560890 0.959375 0.558548 0.957812 0.558548 0.954687 0.556206 0.953125 0.556206 0.946875 0.553864 0.945312 0.553864 0.940625 0.551522 0.939062 0.551522 0.937500 0.549180 0.935938 0.549180 0.934375 0.546838 0.932813 0.546838 0.931250 0.542155 0.928125 0.542155 0.926562 0.537471 0.923437 0.537471 0.921875 0.504684 0.900000 0.502342 0.900000 0.500000 0.898438 0.495316 0.898438 0.492974 0.896875 0.490632 0.896875 0.488290 0.898438 0.483607 0.898438 0.474239 0.904688 0.474239 0.906250 0.471897 0.907812 0.471897 0.909375 0.469555 0.910937 0.469555 0.921875 0.471897 0.923437 0.471897 0.931250 0.474239 0.932813 0.474239 0.940625 0.476581 0.942187 0.476581 0.946875 0.478923 0.948438 0.478923 0.953125 0.481265 0.954687 0.481265 0.957812 0.483607 0.959375 0.483607 0.962500 0.485948 0.964063 0.485948 0.965625 0.488290 0.967188 0.488290 0.968750 0.492974 0.971875 0.492974 0.973437 0.495316 0.975000 0.495316 0.981250 0.497658 0.982813 0.490632 0.987500 0.490632 0.989062 0.488290 0.990625 0.488290 0.992188 0.485948 0.993750 0.485948 0.995313 0.483607 0.996875 0.483607 0.998438 0.153396 0.973437 0.153396 0.971875 0.146370 0.967188 0.139344 0.967188 0.139344 0.932813 0.148712 0.932813 0.151054 0.934375 0.153396 0.934375 0.160422 0.939062 0.162763 0.939062 0.165105 0.940625 0.181499 0.940625 0.183841 0.939062 0.186183 0.939062 0.188525 0.940625 0.207260 0.940625 0.211944 0.937500 0.218970 0.937500 0.221311 0.935938 0.223653 0.935938 0.228337 0.932813 0.228337 0.931250 0.230679 0.929688 0.230679 0.928125 0.233021 0.926562 0.233021 0.925000 0.235363 0.923437 0.235363 0.921875 0.237705 0.921875 0.240047 0.920313 0.242389 0.920313 0.247073 0.923437 0.249415 0.923437 0.263466 0.932813 0.263466 0.934375 0.270492 0.939062 0.270492 0.940625 0.275176 0.943750 0.275176 0.945312 0.279859 0.948438 0.279859 0.950000 0.282201 0.951563 0.282201 0.953125 0.284543 0.954687 0.284543 0.956250 0.289227 0.959375 0.289227 0.960938 0.291569 0.962500 0.291569 0.964063 0.296253 0.967188 0.296253 0.968750 0.300937 0.971875 0.300937 0.973437 0.312646 0.981250 0.312646 0.982813 0.314988 0.984375 0.314988 0.987500 0.317330 0.989062 0.317330 0.990625 0.324356 0.995313 0.324356 0.998438 0.165105 0.998438 0.165105 0.993750 0.162763 0.992188 0.162763 0.989062 0.160422 0.987500 0.160422 0.984375 0.158080 0.982813 0.158080 0.978125 0.155738 0.976562 0.155738 0.975000 0.422717 0.989062 0.425059 0.987500 0.443794 0.987500 0.446136 0.989062 0.443794 0.989062
0 0.448478 0.028125 0.448478 0.032812 0.436768 0.040625 0.436768 0.042188 0.434426 0.043750 0.434426 0.045313 0.432084 0.046875 0.432084 0.053125 0.429742 0.054688 0.429742 0.065625 0.432084 0.067188 0.432084 0.073437 0.429742 0.075000 0.429742 0.076563 0.422717 0.081250 0.420375 0.081250 0.406323 0.090625 0.406323 0.092188 0.403981 0.093750 0.403981 0.095312 0.399297 0.098438 0.392272 0.098438 0.392272 0.125000 0.399297 0.125000 0.406323 0.129688 0.408665 0.129688 0.411007 0.131250 0.413349 0.131250 0.415691 0.132812 0.415691 0.134375 0.432084 0.145313 0.432084 0.146875 0.434426 0.148438 0.434426 0.151562 0.439110 0.154687 0.439110 0.156250 0.441452 0.157813 0.441452 0.160938 0.443794 0.162500 0.443794 0.181250 0.446136 0.182812 0.446136 0.192188 0.443794 0.193750 0.443794 0.201562 0.500000 0.201562 0.500000 0.196875 0.504684 0.193750 0.509368 0.193750 0.514051 0.190625 0.516393 0.190625 0.523419 0.185937 0.525761 0.185937 0.530445 0.182812 0.535129 0.182812 0.537471 0.181250 0.546838 0.181250 0.549180 0.179688 0.556206 0.179688 0.558548 0.178125 0.563232 0.178125 0.565574 0.176563 0.570258 0.176563 0.577283 0.171875 0.586651 0.171875 0.586651 0.117188 0.579625 0.117188 0.574941 0.114063 0.574941 0.112500 0.572600 0.110937 0.572600 0.109375 0.570258 0.107813 0.570258 0.106250 0.565574 0.103125 0.565574 0.101562 0.553864 0.093750 0.553864 0.092188 0.546838 0.087500 0.546838 0.085938 0.542155 0.082813 0.539813 0.082813 0.530445 0.076563 0.530445 0.073437 0.528103 0.071875 0.528103 0.067188 0.525761 0.065625 0.525761 0.060938 0.523419 0.059375 0.523419 0.054688 0.521077 0.053125 0.521077 0.051562 0.518735 0.051562 0.516393 0.050000 0.514051 0.050000 0.511710 0.048437 0.509368 0.048437 0.504684 0.045313 0.502342 0.045313 0.497658 0.042188 0.495316 0.042188 0.483607 0.034375 0.483607 0.028125
0 0.347775 0.053125 0.347775 0.059375 0.338407 0.065625 0.338407 0.067188 0.333724 0.070312 0.326698 0.070312 0.326698 0.096875 0.336066 0.096875 0.340749 0.100000 0.340749 0.101562 0.343091 0.103125 0.345433 0.103125 0.347775 0.104687 0.350117 0.104687 0.352459 0.106250 0.354801 0.106250 0.359485 0.109375 0.359485 0.110937 0.364169 0.114063 0.364169 0.115625 0.361827 0.117188 0.361827 0.118750 0.347775 0.128125 0.347775 0.132812 0.345433 0.134375 0.345433 0.137500 0.343091 0.139062 0.343091 0.143750 0.340749 0.145313 0.340749 0.157813 0.343091 0.159375 0.343091 0.168750 0.345433 0.170312 0.345433 0.171875 0.347775 0.173438 0.347775 0.175000 0.350117 0.176563 0.350117 0.179688 0.352459 0.181250 0.352459 0.182812 0.354801 0.184375 0.354801 0.185937 0.357143 0.187500 0.357143 0.189063 0.359485 0.190625 0.359485 0.192188 0.364169 0.195312 0.364169 0.200000 0.366511 0.201562 0.366511 0.204688 0.364169 0.206250 0.364169 0.207813 0.361827 0.209375 0.352459 0.209375 0.350117 0.210938 0.345433 0.210938 0.340749 0.214062 0.340749 0.223438 0.343091 0.225000 0.343091 0.226562 0.345433 0.228125 0.347775 0.228125 0.350117 0.229687 0.352459 0.229687 0.354801 0.231250 0.357143 0.231250 0.359485 0.232812 0.361827 0.232812 0.364169 0.234375 0.366511 0.234375 0.368852 0.235938 0.371194 0.235938 0.378220 0.240625 0.378220 0.245312 0.408665 0.245312 0.408665 0.239063 0.411007 0.237500 0.411007 0.235938 0.413349 0.234375 0.413349 0.232812 0.420375 0.228125 0.420375 0.220313 0.422717 0.218750 0.422717 0.214062 0.427400 0.210938 0.427400 0.209375 0.429742 0.207813 0.429742 0.206250 0.432084 0.204688 0.432084 0.203125 0.434426 0.201562 0.434426 0.200000 0.439110 0.196875 0.439110 0.195312 0.441452 0.193750 0.441452 0.187500 0.443794 0.185937 0.443794 0.165625 0.441452 0.164062 0.441452 0.156250 0.439110 0.154687 0.439110 0.151562 0.436768 0.150000 0.436768 0.146875 0.434426 0.145313 0.434426 0.143750 0.429742 0.140625 0.429742 0.139062 0.418033 0.131250 0.418033 0.129688 0.413349 0.126563 0.413349 0.125000 0.411007 0.123438 0.411007 0.120312 0.408665 0.120312 0.399297 0.114063 0.399297 0.104687 0.396955 0.103125 0.396955 0.101562 0.399297 0.100000 0.399297 0.090625 0.401639 0.089062 0.401639 0.068750 0.399297 0.067188 0.399297 0.065625 0.394614 0.062500 0.394614 0.060938 0.392272 0.059375 0.392272 0.053125
0 0.265808 0.053125 0.265808 0.059375 0.258782 0.064062 0.258782 0.065625 0.256440 0.067188 0.256440 0.068750 0.254098 0.070312 0.254098 0.071875 0.251756 0.073437 0.251756 0.076563 0.249415 0.078125 0.249415 0.079687 0.247073 0.081250 0.247073 0.095312 0.251756 0.098438 0.251756 0.100000 0.265808 0.109375 0.268150 0.109375 0.275176 0.114063 0.275176 0.117188 0.277518 0.118750 0.277518 0.131250 0.275176 0.132812 0.275176 0.139062 0.272834 0.140625 0.272834 0.179688 0.270492 0.181250 0.270492 0.184375 0.265808 0.187500 0.265808 0.189063 0.256440 0.195312 0.256440 0.196875 0.251756 0.200000 0.249415 0.200000 0.247073 0.201562 0.244731 0.201562 0.242389 0.203125 0.240047 0.203125 0.237705 0.204688 0.235363 0.204688 0.233021 0.206250 0.223653 0.206250 0.223653 0.223438 0.237705 0.223438 0.240047 0.225000 0.242389 0.225000 0.244731 0.223438 0.263466 0.223438 0.265808 0.221875 0.272834 0.221875 0.275176 0.220313 0.282201 0.220313 0.286885 0.223438 0.289227 0.223438 0.291569 0.221875 0.298595 0.221875 0.300937 0.220313 0.305621 0.220313 0.307963 0.218750 0.324356 0.218750 0.326698 0.220313 0.331382 0.220313 0.333724 0.221875 0.338407 0.218750 0.338407 0.215625 0.345433 0.210938 0.350117 0.210938 0.352459 0.209375 0.354801 0.209375 0.357143 0.210938 0.359485 0.210938 0.361827 0.212500 0.371194 0.212500 0.371194 0.193750 0.361827 0.193750 0.352459 0.187500 0.352459 0.185937 0.350117 0.184375 0.350117 0.182812 0.345433 0.179688 0.345433 0.176563 0.343091 0.175000 0.343091 0.173438 0.340749 0.171875 0.340749 0.165625 0.338407 0.164062 0.338407 0.162500 0.340749 0.160938 0.340749 0.143750 0.343091 0.142188 0.343091 0.135937 0.345433 0.134375 0.345433 0.131250 0.343091 0.129688 0.343091 0.118750 0.345433 0.117188 0.371194 0.117188 0.371194 0.109375 0.347775 0.109375 0.345433 0.107813 0.343091 0.107813 0.336066 0.103125 0.333724 0.103125 0.331382 0.101562 0.326698 0.101562 0.324356 0.100000 0.322014 0.100000 0.314988 0.095312 0.314988 0.078125 0.312646 0.076563 0.312646 0.071875 0.310304 0.070312 0.310304 0.068750 0.307963 0.067188 0.307963 0.065625 0.305621 0.064062 0.305621 0.062500 0.303279 0.060938 0.303279 0.059375 0.300937 0.057813 0.300937 0.053125
0 0.151054 0.740625 0.151054 0.742188 0.148712 0.743750 0.148712 0.745313 0.146370 0.746875 0.146370 0.748438 0.141686 0.751562 0.141686 0.753125 0.139344 0.754687 0.137002 0.754687 0.134660 0.756250 0.132318 0.756250 0.129977 0.757812 0.111241 0.757812 0.111241 0.804688 0.118267 0.804688 0.122951 0.807813 0.122951 0.812500 0.120609 0.814062 0.122951 0.815625 0.122951 0.818750 0.134660 0.826563 0.134660 0.829687 0.137002 0.831250 0.137002 0.837500 0.139344 0.839063 0.139344 0.842188 0.141686 0.843750 0.141686 0.845312 0.144028 0.846875 0.144028 0.853125 0.146370 0.854688 0.146370 0.860937 0.148712 0.862500 0.148712 0.867188 0.151054 0.868750 0.151054 0.870313 0.155738 0.873438 0.155738 0.875000 0.155738 0.873438 0.158080 0.871875 0.158080 0.868750 0.160422 0.867188 0.160422 0.864062 0.162763 0.862500 0.162763 0.860937 0.167447 0.857813 0.167447 0.856250 0.172131 0.853125 0.172131 0.848437 0.174473 0.846875 0.174473 0.843750 0.176815 0.842188 0.176815 0.832812 0.179157 0.831250 0.179157 0.809375 0.181499 0.807813 0.181499 0.803125 0.183841 0.801562 0.183841 0.798437 0.188525 0.795313 0.190867 0.795313 0.193208 0.793750 0.202576 0.793750 0.202576 0.732813 0.195550 0.732813 0.193208 0.731250 0.193208 0.726562 0.190867 0.725000 0.190867 0.715625 0.188525 0.714063 0.188525 0.709375 0.153396 0.709375 0.153396 0.739062 0.151054 0.740625 0.122951 0.728125 0.122951 0.726562 0.120609 0.725000 0.120609 0.720312 0.118267 0.718750 0.118267 0.709375 0.111241 0.709375 0.111241 0.728125 0.122951 0.728125
0 0.083138 0.781250 0.078454 0.781250 0.078454 0.782812 0.080796 0.784375 0.083138 0.784375 0.085480 0.782812 0.083138 0.781250 0.087822 0.778125 0.101874 0.778125 0.104215 0.779688 0.104215 0.781250 0.106557 0.782812 0.106557 0.787500 0.108899 0.789062 0.108899 0.790625 0.113583 0.793750 0.113583 0.795313 0.115925 0.796875 0.115925 0.800000 0.118267 0.801562 0.118267 0.807813 0.120609 0.807813 0.120609 0.798437 0.122951 0.796875 0.122951 0.793750 0.120609 0.792188 0.120609 0.789062 0.115925 0.785937 0.115925 0.776563 0.118267 0.775000 0.118267 0.770312 0.120609 0.768750 0.120609 0.765625 0.122951 0.764063 0.122951 0.762500 0.125293 0.760938 0.125293 0.759375 0.127635 0.757812 0.129977 0.757812 0.132318 0.756250 0.137002 0.756250 0.139344 0.754687 0.146370 0.754687 0.146370 0.739062 0.139344 0.739062 0.132318 0.734375 0.132318 0.732813 0.129977 0.731250 0.129977 0.729688 0.127635 0.728125 0.127635 0.726562 0.122951 0.723437 0.122951 0.720312 0.120609 0.718750 0.120609 0.715625 0.118267 0.714063 0.118267 0.712500 0.115925 0.710938 0.115925 0.709375 0.113583 0.707812 0.113583 0.706250 0.111241 0.704687 0.111241 0.696875 0.085480 0.696875 0.085480 0.707812 0.083138 0.709375 0.083138 0.712500 0.080796 0.714063 0.080796 0.721875 0.078454 0.723437 0.078454 0.729688 0.080796 0.731250 0.080796 0.734375 0.083138 0.735937 0.083138 0.737500 0.085480 0.739062 0.085480 0.740625 0.097190 0.748438 0.097190 0.750000 0.099532 0.751562 0.099532 0.753125 0.101874 0.754687 0.101874 0.767187 0.099532 0.768750 0.099532 0.773438 0.094848 0.776563 0.090164 0.776563 0.087822 0.778125
0 0.984778 0.128125 0.984778 0.134375 0.982436 0.135937 0.980094 0.135937 0.968384 0.143750 0.966042 0.143750 0.963700 0.145313 0.954333 0.145313 0.954333 0.187500 0.963700 0.187500 0.968384 0.190625 0.968384 0.192188 0.970726 0.193750 0.970726 0.200000 0.968384 0.201562 0.968384 0.220313 0.970726 0.221875 0.970726 0.228125 0.973068 0.229687 0.973068 0.232812 0.975410 0.234375 0.975410 0.248437 0.973068 0.250000 0.973068 0.253125 0.970726 0.254687 0.970726 0.256250 0.968384 0.257812 0.968384 0.262500 0.966042 0.264062 0.966042 0.270312 0.968384 0.271875 0.968384 0.275000 0.970726 0.276563 0.970726 0.279687 0.973068 0.281250 0.973068 0.284375 0.975410 0.285937 0.975410 0.298438 0.977752 0.300000 0.977752 0.301562 0.980094 0.303125 0.980094 0.307813 0.998829 0.307813 0.998829 0.128125
0 0.033958 0.696875 0.033958 0.704687 0.031616 0.706250 0.031616 0.709375 0.029274 0.710938 0.029274 0.712500 0.026932 0.714063 0.026932 0.715625 0.019906 0.720312 0.017564 0.720312 0.015222 0.721875 0.015222 0.723437 0.012881 0.725000 0.012881 0.726562 0.005855 0.731250 0.000000 0.731250 0.000000 0.760938 0.005855 0.760938 0.008197 0.762500 0.008197 0.775000 0.005855 0.776563 0.000000 0.776563 0.005855 0.776563 0.010539 0.779688 0.015222 0.779688 0.017564 0.781250 0.017564 0.782812 0.019906 0.784375 0.019906 0.790625 0.022248 0.792188 0.022248 0.798437 0.024590 0.800000 0.024590 0.818750 0.017564 0.823438 0.017564 0.825000 0.015222 0.826563 0.015222 0.829687 0.012881 0.831250 0.012881 0.835938 0.010539 0.837500 0.010539 0.842188 0.005855 0.845312 0.000000 0.845312 0.000000 0.884375 0.005855 0.884375 0.010539 0.887500 0.010539 0.896875 0.005855 0.900000 0.000000 0.900000 0.000000 0.904688 0.005855 0.904688 0.008197 0.903125 0.012881 0.903125 0.015222 0.901563 0.019906 0.901563 0.022248 0.903125 0.024590 0.903125 0.026932 0.904688 0.026932 0.920313 0.029274 0.921875 0.033958 0.921875 0.036300 0.923437 0.038642 0.923437 0.040984 0.925000 0.045667 0.925000 0.048009 0.926562 0.048009 0.928125 0.050351 0.929688 0.050351 0.931250 0.052693 0.932813 0.052693 0.935938 0.059719 0.935938 0.064403 0.932813 0.062061 0.931250 0.062061 0.926562 0.057377 0.923437 0.055035 0.923437 0.050351 0.920313 0.050351 0.915625 0.048009 0.914062 0.048009 0.909375 0.045667 0.907812 0.045667 0.906250 0.040984 0.903125 0.038642 0.903125 0.031616 0.898438 0.031616 0.893750 0.033958 0.892187 0.033958 0.889063 0.036300 0.887500 0.036300 0.884375 0.031616 0.881250 0.031616 0.879687 0.029274 0.878125 0.029274 0.875000 0.026932 0.873438 0.026932 0.870313 0.024590 0.868750 0.024590 0.867188 0.019906 0.864062 0.022248 0.862500 0.022248 0.851562 0.024590 0.850000 0.024590 0.843750 0.026932 0.842188 0.026932 0.835938 0.029274 0.834375 0.029274 0.829687 0.031616 0.828125 0.031616 0.823438 0.033958 0.821875 0.033958 0.817187 0.036300 0.815625 0.036300 0.809375 0.043326 0.804688 0.045667 0.804688 0.064403 0.792188 0.066745 0.792188 0.069087 0.790625 0.073770 0.790625 0.076112 0.792188 0.078454 0.792188 0.080796 0.793750 0.080796 0.795313 0.085480 0.795313 0.087822 0.796875 0.090164 0.796875 0.092506 0.798437 0.094848 0.798437 0.099532 0.801562 0.101874 0.801562 0.101874 0.796875 0.104215 0.795313 0.104215 0.781250 0.101874 0.779688 0.101874 0.756250 0.099532 0.754687 0.080796 0.754687 0.076112 0.751562 0.076112 0.750000 0.073770 0.748438 0.073770 0.745313 0.071429 0.743750 0.071429 0.739062 0.073770 0.737500 0.073770 0.731250 0.076112 0.729688 0.076112 0.718750 0.073770 0.717188 0.073770 0.706250 0.069087 0.703125 0.069087 0.696875
0 0.268150 0.053125 0.268150 0.057813 0.258782 0.064062 0.258782 0.065625 0.256440 0.067188 0.256440 0.068750 0.254098 0.070312 0.254098 0.071875 0.251756 0.073437 0.251756 0.076563 0.249415 0.078125 0.249415 0.079687 0.247073 0.081250 0.247073 0.093750 0.249415 0.095312 0.249415 0.096875 0.254098 0.100000 0.254098 0.101562 0.258782 0.104687 0.261124 0.104687 0.277518 0.115625 0.277518 0.132812 0.275176 0.134375 0.275176 0.143750 0.272834 0.145313 0.272834 0.181250 0.270492 0.182812 0.270492 0.184375 0.268150 0.185937 0.268150 0.187500 0.258782 0.193750 0.258782 0.195312 0.251756 0.200000 0.249415 0.200000 0.247073 0.201562 0.242389 0.201562 0.240047 0.203125 0.237705 0.203125 0.235363 0.204688 0.223653 0.204688 0.223653 0.223438 0.233021 0.223438 0.235363 0.225000 0.251756 0.225000 0.254098 0.223438 0.279859 0.223438 0.284543 0.226562 0.284543 0.228125 0.286885 0.229687 0.291569 0.229687 0.293911 0.228125 0.296253 0.228125 0.298595 0.226562 0.305621 0.226562 0.307963 0.225000 0.319672 0.225000 0.322014 0.223438 0.326698 0.223438 0.329040 0.225000 0.331382 0.225000 0.333724 0.226562 0.336066 0.226562 0.338407 0.228125 0.343091 0.228125 0.345433 0.229687 0.350117 0.229687 0.352459 0.231250 0.357143 0.231250 0.359485 0.232812 0.361827 0.232812 0.364169 0.234375 0.371194 0.234375 0.378220 0.239063 0.378220 0.245312 0.396955 0.245312 0.396955 0.237500 0.399297 0.235938 0.399297 0.234375 0.406323 0.229687 0.406323 0.228125 0.408665 0.226562 0.408665 0.218750 0.411007 0.217187 0.411007 0.215625 0.413349 0.214062 0.415691 0.214062 0.425059 0.207813 0.425059 0.206250 0.427400 0.204688 0.436768 0.204688 0.436768 0.151562 0.429742 0.151562 0.418033 0.143750 0.415691 0.143750 0.408665 0.139062 0.406323 0.139062 0.403981 0.137500 0.401639 0.137500 0.389930 0.129688 0.385246 0.129688 0.382904 0.131250 0.380562 0.131250 0.375878 0.128125 0.375878 0.126563 0.378220 0.125000 0.378220 0.123438 0.380562 0.121875 0.380562 0.120312 0.382904 0.118750 0.382904 0.115625 0.392272 0.109375 0.392272 0.104687 0.394614 0.103125 0.394614 0.096875 0.396955 0.095312 0.396955 0.092188 0.399297 0.090625 0.399297 0.089062 0.401639 0.087500 0.401639 0.084375 0.403981 0.082813 0.403981 0.073437 0.401639 0.071875 0.401639 0.067188 0.394614 0.062500 0.394614 0.060938 0.392272 0.059375 0.392272 0.053125 0.350117 0.053125 0.350117 0.065625 0.352459 0.067188 0.352459 0.068750 0.361827 0.068750 0.366511 0.071875 0.366511 0.073437 0.364169 0.075000 0.364169 0.076563 0.361827 0.078125 0.359485 0.078125 0.357143 0.079687 0.357143 0.085938 0.354801 0.087500 0.354801 0.095312 0.350117 0.098438 0.347775 0.098438 0.345433 0.100000 0.340749 0.100000 0.338407 0.101562 0.326698 0.101562 0.324356 0.100000 0.322014 0.100000 0.314988 0.095312 0.314988 0.092188 0.312646 0.090625 0.312646 0.075000 0.310304 0.073437 0.310304 0.070312 0.307963 0.068750 0.307963 0.065625 0.303279 0.062500 0.303279 0.060938 0.300937 0.059375 0.300937 0.053125
0 0.000000 0.935938 0.000000 0.945312 0.008197 0.945312 0.008197 0.939062 0.005855 0.939062 0.003513 0.937500 0.001171 0.937500 0.000000 0.935938 0.000000 0.935938 0.000000 0.806250 0.000000 0.807813 0.000000 0.798437 0.000000 0.798437 0.000000 0.796875 0.001171 0.796875 0.003513 0.795313 0.005855 0.795313 0.008197 0.793750 0.015222 0.793750 0.019906 0.796875 0.019906 0.800000 0.022248 0.801562 0.022248 0.815625 0.015222 0.820312 0.015222 0.823438 0.012881 0.825000 0.012881 0.826563 0.010539 0.828125 0.010539 0.831250 0.008197 0.832812 0.008197 0.834375 0.005855 0.835938 0.005855 0.840625 0.003513 0.842188 0.003513 0.850000 0.001171 0.851562 0.001171 0.856250 0.000000 0.859375 0.000000 0.859375 0.000000 0.925000 0.000000 0.925000 0.000000 0.923437 0.001171 0.923437 0.005855 0.920313 0.005855 0.917188 0.008197 0.915625 0.008197 0.909375 0.015222 0.904688 0.019906 0.904688 0.024590 0.907812 0.024590 0.925000 0.026932 0.926562 0.026932 0.931250 0.026932 0.928125 0.031616 0.925000 0.036300 0.925000 0.038642 0.926562 0.040984 0.926562 0.043326 0.928125 0.045667 0.928125 0.048009 0.929688 0.050351 0.929688 0.052693 0.931250 0.052693 0.932813 0.055035 0.934375 0.062061 0.934375 0.062061 0.932813 0.055035 0.928125 0.055035 0.926562 0.052693 0.926562 0.050351 0.925000 0.050351 0.918750 0.048009 0.917188 0.048009 0.909375 0.045667 0.907812 0.045667 0.901563 0.043326 0.900000 0.043326 0.896875 0.040984 0.895312 0.043326 0.893750 0.043326 0.882812 0.038642 0.882812 0.031616 0.878125 0.031616 0.875000 0.029274 0.873438 0.029274 0.868750 0.026932 0.867188 0.026932 0.840625 0.029274 0.839063 0.029274 0.831250 0.031616 0.829687 0.031616 0.826563 0.033958 0.825000 0.033958 0.821875 0.036300 0.820312 0.036300 0.812500 0.038642 0.810938 0.038642 0.807813 0.057377 0.795313 0.057377 0.793750 0.066745 0.787500 0.066745 0.776563 0.069087 0.775000 0.069087 0.771875 0.071429 0.770312 0.071429 0.768750 0.073770 0.767187 0.073770 0.759375 0.066745 0.754687 0.066745 0.740625 0.069087 0.739062 0.069087 0.737500 0.071429 0.735937 0.071429 0.732813 0.073770 0.731250 0.073770 0.707812 0.071429 0.706250 0.071429 0.704687 0.069087 0.703125 0.069087 0.696875 0.033958 0.696875 0.033958 0.704687 0.031616 0.706250 0.031616 0.709375 0.029274 0.710938 0.029274 0.712500 0.026932 0.714063 0.026932 0.715625 0.019906 0.720312 0.017564 0.720312 0.015222 0.721875 0.015222 0.723437 0.012881 0.725000 0.012881 0.726562 0.008197 0.729688 0.008197 0.731250 0.005855 0.732813 0.005855 0.734375 0.003513 0.735937 0.003513 0.739062 0.001171 0.740625 0.001171 0.745313 0.000000 0.748438 0.000000 0.748438 0.000000 0.798437 0.000000 0.807813 0.000000 0.807813 0.000000 0.806250 0.000000 0.806250
0 0.870023 0.234375 0.870023 0.248437 0.877049 0.248437 0.879391 0.250000 0.879391 0.253125 0.881733 0.254687 0.881733 0.262500 0.879391 0.264062 0.881733 0.265625 0.881733 0.270312 0.884075 0.271875 0.884075 0.273438 0.886417 0.273438 0.891101 0.276563 0.891101 0.281250 0.893443 0.282813 0.893443 0.284375 0.891101 0.285937 0.891101 0.287500 0.888759 0.289062 0.888759 0.296875 0.893443 0.300000 0.895785 0.300000 0.898126 0.301562 0.900468 0.301562 0.902810 0.303125 0.902810 0.307813 0.912178 0.307813 0.912178 0.303125 0.914520 0.301562 0.916862 0.303125 0.916862 0.307813 0.949649 0.307813 0.949649 0.301562 0.954333 0.298438 0.961358 0.298438 0.961358 0.234375
