2 0.760417 0.428125 0.760417 0.432813 0.741667 0.446875 0.741667 0.448438 0.729167 0.457812 0.720833 0.457812 0.720833 0.515625 0.729167 0.515625 0.731250 0.517187 0.743750 0.517187 0.745833 0.515625 0.760417 0.515625 0.762500 0.517187 0.768750 0.517187 0.770833 0.518750 0.772917 0.518750 0.775000 0.520312 0.777083 0.520312 0.779167 0.521875 0.783333 0.521875 0.785417 0.523438 0.789583 0.523438 0.791667 0.521875 0.797917 0.521875 0.800000 0.520312 0.808333 0.520312 0.810417 0.518750 0.833333 0.518750 0.835417 0.520312 0.856250 0.520312 0.858333 0.518750 0.868750 0.518750 0.870833 0.520312 0.893750 0.520312 0.895833 0.521875 0.897917 0.521875 0.902083 0.525000 0.904167 0.525000 0.908333 0.528125 0.908333 0.532812 0.929167 0.532812 0.929167 0.526563 0.931250 0.525000 0.931250 0.521875 0.933333 0.520312 0.933333 0.517187 0.937500 0.514063 0.943750 0.514063 0.943750 0.482812 0.937500 0.482812 0.931250 0.478125 0.931250 0.476562 0.925000 0.471875 0.925000 0.470313 0.922917 0.468750 0.922917 0.467187 0.918750 0.464063 0.918750 0.462500 0.916667 0.460938 0.914583 0.460938 0.910417 0.457812 0.908333 0.457812 0.904167 0.454688 0.904167 0.453125 0.889583 0.442187 0.887500 0.442187 0.883333 0.439063 0.881250 0.439063 0.879167 0.437500 0.877083 0.437500 0.875000 0.435937 0.872917 0.435937 0.868750 0.432813 0.868750 0.428125
0 0.352083 0.390625 0.352083 0.395312 0.339583 0.404687 0.339583 0.406250 0.337500 0.407813 0.337500 0.412500 0.335417 0.414062 0.335417 0.426562 0.329167 0.431250 0.322917 0.431250 0.320833 0.429688 0.314583 0.434375 0.314583 0.437500 0.312500 0.439063 0.312500 0.453125 0.314583 0.454688 0.314583 0.460938 0.312500 0.462500 0.312500 0.465625 0.314583 0.467187 0.316667 0.467187 0.318750 0.468750 0.329167 0.468750 0.331250 0.470313 0.331250 0.473437 0.333333 0.475000 0.333333 0.479688 0.335417 0.481250 0.335417 0.485938 0.333333 0.487500 0.333333 0.495313 0.331250 0.496875 0.331250 0.514063 0.329167 0.515625 0.329167 0.520312 0.327083 0.521875 0.327083 0.523438 0.325000 0.525000 0.325000 0.526563 0.318750 0.531250 0.318750 0.532812 0.314583 0.535937 0.314583 0.537500 0.312500 0.539062 0.312500 0.545313 0.310417 0.546875 0.310417 0.585938 0.308333 0.587500 0.308333 0.604688 0.310417 0.606250 0.310417 0.620313 0.312500 0.621875 0.312500 0.625000 0.314583 0.626562 0.314583 0.628125 0.312500 0.629687 0.312500 0.632812 0.310417 0.634375 0.310417 0.639063 0.312500 0.640625 0.312500 0.643750 0.314583 0.645312 0.316667 0.645312 0.320833 0.648438 0.320833 0.650000 0.322917 0.651563 0.322917 0.657812 0.366667 0.657812 0.366667 0.653125 0.372917 0.648438 0.372917 0.645312 0.375000 0.643750 0.375000 0.632812 0.377083 0.631250 0.377083 0.628125 0.381250 0.625000 0.393750 0.625000 0.395833 0.626562 0.397917 0.626562 0.408333 0.634375 0.408333 0.637500 0.410417 0.639063 0.410417 0.640625 0.412500 0.642187 0.412500 0.643750 0.414583 0.645312 0.414583 0.651563 0.416667 0.653125 0.416667 0.657812 0.435417 0.657812 0.435417 0.637500 0.429167 0.637500 0.425000 0.634375 0.425000 0.629687 0.422917 0.628125 0.422917 0.618750 0.420833 0.617188 0.420833 0.610937 0.418750 0.609375 0.418750 0.607813 0.416667 0.606250 0.416667 0.603125 0.414583 0.601562 0.414583 0.596875 0.412500 0.595312 0.412500 0.592188 0.410417 0.590625 0.410417 0.587500 0.408333 0.585938 0.408333 0.581250 0.406250 0.579687 0.406250 0.571875 0.404167 0.570312 0.404167 0.562500 0.402083 0.560938 0.402083 0.537500 0.404167 0.535937 0.404167 0.534375 0.406250 0.532812 0.406250 0.525000 0.404167 0.523438 0.404167 0.520312 0.410417 0.515625 0.412500 0.515625 0.414583 0.514063 0.420833 0.514063 0.420833 0.512500 0.422917 0.510938 0.422917 0.509375 0.425000 0.507812 0.425000 0.501562 0.422917 0.500000 0.422917 0.496875 0.420833 0.495313 0.420833 0.493750 0.408333 0.493750 0.406250 0.495313 0.404167 0.495313 0.402083 0.493750 0.402083 0.492188 0.400000 0.490625 0.400000 0.489062 0.402083 0.487500 0.402083 0.485938 0.406250 0.482812 0.406250 0.479688 0.408333 0.478125 0.408333 0.476562 0.406250 0.475000 0.406250 0.468750 0.404167 0.467187 0.404167 0.464063 0.402083 0.462500 0.402083 0.459375 0.400000 0.457812 0.400000 0.454688 0.397917 0.453125 0.397917 0.451562 0.393750 0.448438 0.393750 0.446875 0.383333 0.439063 0.383333 0.435937 0.381250 0.434375 0.381250 0.412500 0.379167 0.410937 0.379167 0.407813 0.381250 0.406250 0.381250 0.390625
2 0.587500 0.415625 0.587500 0.439063 0.643750 0.439063 0.643750 0.428125 0.637500 0.428125 0.627083 0.420312 0.627083 0.415625
5 0.345833 0.259375 0.345833 0.264062 0.341667 0.267188 0.339583 0.267188 0.337500 0.268750 0.335417 0.268750 0.333333 0.270312 0.329167 0.270312 0.325000 0.273438 0.322917 0.273438 0.320833 0.275000 0.318750 0.275000 0.304167 0.285937 0.302083 0.285937 0.297917 0.289062 0.293750 0.289062 0.291667 0.290625 0.289583 0.290625 0.287500 0.292188 0.285417 0.292188 0.283333 0.293750 0.279167 0.293750 0.277083 0.295312 0.275000 0.295312 0.272917 0.296875 0.270833 0.296875 0.268750 0.298438 0.266667 0.298438 0.256250 0.306250 0.254167 0.306250 0.243750 0.314063 0.243750 0.315625 0.241667 0.317187 0.241667 0.318750 0.237500 0.321875 0.237500 0.325000 0.235417 0.326562 0.235417 0.329688 0.233333 0.331250 0.233333 0.334375 0.231250 0.335938 0.231250 0.337500 0.229167 0.339063 0.229167 0.340625 0.225000 0.343750 0.225000 0.345313 0.218750 0.350000 0.212500 0.350000 0.212500 0.368750 0.220833 0.368750 0.243750 0.385938 0.245833 0.385938 0.247917 0.387500 0.252083 0.387500 0.256250 0.390625 0.258333 0.390625 0.262500 0.393750 0.264583 0.393750 0.270833 0.398438 0.270833 0.400000 0.272917 0.401563 0.275000 0.401563 0.277083 0.403125 0.279167 0.403125 0.283333 0.400000 0.285417 0.400000 0.289583 0.396875 0.293750 0.396875 0.295833 0.395312 0.297917 0.396875 0.308333 0.396875 0.310417 0.398438 0.312500 0.398438 0.314583 0.400000 0.316667 0.400000 0.327083 0.407813 0.329167 0.407813 0.333333 0.404687 0.335417 0.404687 0.337500 0.403125 0.337500 0.401563 0.341667 0.398438 0.343750 0.398438 0.345833 0.396875 0.347917 0.396875 0.350000 0.395312 0.352083 0.395312 0.354167 0.393750 0.358333 0.393750 0.360417 0.392188 0.377083 0.392188 0.379167 0.393750 0.381250 0.393750 0.385417 0.396875 0.385417 0.398438 0.387500 0.400000 0.387500 0.401563 0.389583 0.403125 0.389583 0.404687 0.391667 0.406250 0.391667 0.407813 0.393750 0.409375 0.395833 0.409375 0.397917 0.407813 0.420833 0.407813 0.422917 0.409375 0.427083 0.409375 0.429167 0.410937 0.431250 0.410937 0.443750 0.420312 0.443750 0.421875 0.445833 0.423438 0.445833 0.426562 0.447917 0.428125 0.454167 0.428125 0.456250 0.429688 0.458333 0.429688 0.460417 0.431250 0.462500 0.431250 0.466667 0.434375 0.468750 0.434375 0.470833 0.435937 0.472917 0.435937 0.489583 0.448438 0.489583 0.450000 0.493750 0.453125 0.493750 0.454688 0.497917 0.457812 0.497917 0.459375 0.500000 0.460938 0.502083 0.460938 0.508333 0.465625 0.510417 0.465625 0.512500 0.467187 0.512500 0.468750 0.514583 0.470313 0.514583 0.471875 0.516667 0.473437 0.516667 0.475000 0.518750 0.476562 0.518750 0.478125 0.520833 0.478125 0.527083 0.482812 0.527083 0.484375 0.531250 0.487500 0.533333 0.487500 0.543750 0.495313 0.543750 0.496875 0.545833 0.498437 0.545833 0.500000 0.547917 0.501562 0.547917 0.503125 0.550000 0.504687 0.550000 0.507812 0.552083 0.509375 0.552083 0.510938 0.554167 0.512500 0.554167 0.514063 0.556250 0.514063 0.558333 0.515625 0.558333 0.520312 0.568750 0.520312 0.568750 0.515625 0.570833 0.514063 0.575000 0.514063 0.577083 0.512500 0.581250 0.512500 0.583333 0.510938 0.585417 0.510938 0.587500 0.509375 0.593750 0.509375 0.593750 0.429688 0.587500 0.429688 0.585417 0.428125 0.585417 0.414062 0.587500 0.412500 0.593750 0.412500 0.593750 0.337500 0.587500 0.337500 0.585417 0.335938 0.585417 0.331250 0.583333 0.329688 0.583333 0.318750 0.581250 0.317187 0.581250 0.306250 0.579167 0.304688 0.579167 0.292188 0.577083 0.290625 0.577083 0.285937 0.575000 0.284375 0.575000 0.278125 0.572917 0.276563 0.572917 0.273438 0.568750 0.270312 0.568750 0.268750 0.566667 0.268750 0.560417 0.264062 0.560417 0.259375
26 0.447917 0.484375 0.447917 0.490625 0.441667 0.495313 0.441667 0.498437 0.439583 0.500000 0.439583 0.507812 0.437500 0.509375 0.437500 0.512500 0.435417 0.514063 0.435417 0.518750 0.433333 0.520312 0.433333 0.526563 0.431250 0.528125 0.431250 0.531250 0.427083 0.534375 0.427083 0.535937 0.418750 0.542188 0.416667 0.542188 0.414583 0.543750 0.414583 0.545313 0.410417 0.548437 0.404167 0.548437 0.404167 0.584375 0.410417 0.584375 0.414583 0.587500 0.414583 0.589063 0.416667 0.590625 0.416667 0.592188 0.420833 0.595312 0.422917 0.595312 0.425000 0.596875 0.425000 0.601562 0.468750 0.601562 0.468750 0.484375
0 0.302083 0.531250 0.302083 0.539062 0.312500 0.539062 0.312500 0.534375 0.310417 0.532812 0.310417 0.531250 0.302083 0.531250 0.291667 0.526563 0.287500 0.523438 0.287500 0.521875 0.285417 0.520312 0.285417 0.518750 0.283333 0.517187 0.283333 0.510938 0.281250 0.509375 0.281250 0.503125 0.279167 0.501562 0.279167 0.495313 0.277083 0.493750 0.277083 0.492188 0.275000 0.490625 0.275000 0.487500 0.279167 0.484375 0.279167 0.478125 0.277083 0.476562 0.277083 0.471875 0.272917 0.468750 0.272917 0.467187 0.270833 0.465625 0.270833 0.464063 0.275000 0.460938 0.275000 0.459375 0.279167 0.456250 0.279167 0.454688 0.287500 0.448438 0.289583 0.448438 0.291667 0.446875 0.293750 0.446875 0.297917 0.443750 0.300000 0.443750 0.302083 0.442187 0.304167 0.442187 0.306250 0.440625 0.306250 0.439063 0.308333 0.437500 0.308333 0.435937 0.310417 0.434375 0.310417 0.432813 0.312500 0.431250 0.312500 0.426562 0.314583 0.425000 0.314583 0.421875 0.316667 0.420312 0.316667 0.417188 0.318750 0.415625 0.318750 0.414062 0.320833 0.412500 0.327083 0.412500 0.327083 0.407813 0.320833 0.407813 0.316667 0.404687 0.316667 0.396875 0.289583 0.396875 0.289583 0.401563 0.287500 0.403125 0.287500 0.404687 0.285417 0.406250 0.285417 0.407813 0.283333 0.409375 0.283333 0.421875 0.270833 0.431250 0.268750 0.431250 0.268750 0.432813 0.262500 0.437500 0.262500 0.439063 0.260417 0.440625 0.260417 0.442187 0.258333 0.443750 0.258333 0.446875 0.256250 0.448438 0.256250 0.450000 0.252083 0.453125 0.245833 0.453125 0.245833 0.501562 0.260417 0.501562 0.262500 0.503125 0.262500 0.504687 0.264583 0.506250 0.264583 0.515625 0.266667 0.517187 0.266667 0.520312 0.268750 0.520312 0.270833 0.521875 0.275000 0.521875 0.277083 0.523438 0.279167 0.523438 0.283333 0.526563 0.291667 0.526563
24 0.281250 0.462500 0.277083 0.462500 0.275000 0.464063 0.270833 0.464063 0.264583 0.468750 0.262500 0.468750 0.260417 0.470313 0.254167 0.470313 0.254167 0.521875 0.260417 0.521875 0.262500 0.523438 0.268750 0.523438 0.275000 0.528125 0.275000 0.532812 0.322917 0.532812 0.322917 0.526563 0.325000 0.525000 0.325000 0.523438 0.329167 0.520312 0.329167 0.517187 0.331250 0.515625 0.331250 0.496875 0.333333 0.495313 0.333333 0.485938 0.335417 0.484375 0.335417 0.482812 0.333333 0.481250 0.333333 0.471875 0.331250 0.470313 0.331250 0.468750 0.329167 0.467187 0.329167 0.465625 0.327083 0.464063 0.322917 0.467187 0.322917 0.468750 0.320833 0.470313 0.320833 0.473437 0.314583 0.478125 0.312500 0.478125 0.310417 0.476562 0.310417 0.475000 0.308333 0.473437 0.308333 0.470313 0.306250 0.468750 0.306250 0.467187 0.304167 0.465625 0.304167 0.462500 0.302083 0.464063 0.302083 0.467187 0.300000 0.468750 0.300000 0.470313 0.295833 0.473437 0.293750 0.473437 0.291667 0.475000 0.281250 0.475000 0.277083 0.471875 0.281250 0.468750 0.281250 0.467187 0.283333 0.465625 0.283333 0.464063 0.281250 0.462500 0.287500 0.459375 0.285417 0.459375 0.291667 0.453125 0.293750 0.454688 0.295833 0.454688 0.297917 0.456250 0.304167 0.456250 0.306250 0.457812 0.312500 0.457812 0.314583 0.456250 0.314583 0.454688 0.316667 0.453125 0.316667 0.448438 0.314583 0.446875 0.314583 0.443750 0.310417 0.440625 0.308333 0.442187 0.308333 0.443750 0.306250 0.445312 0.306250 0.446875 0.300000 0.451562 0.293750 0.451562 0.291667 0.453125 0.285417 0.459375 0.287500 0.457812 0.287500 0.459375
0 0.222917 0.390625 0.222917 0.396875 0.218750 0.400000 0.212500 0.400000 0.212500 0.470313 0.218750 0.470313 0.220833 0.471875 0.220833 0.475000 0.222917 0.476562 0.222917 0.484375 0.225000 0.485938 0.225000 0.501562 0.227083 0.503125 0.227083 0.512500 0.229167 0.514063 0.229167 0.521875 0.231250 0.523438 0.231250 0.539062 0.233333 0.540625 0.233333 0.557813 0.245833 0.557813 0.245833 0.551562 0.247917 0.550000 0.247917 0.539062 0.250000 0.537500 0.250000 0.507812 0.252083 0.506250 0.252083 0.478125 0.250000 0.476562 0.250000 0.457812 0.252083 0.456250 0.252083 0.451562 0.254167 0.450000 0.254167 0.443750 0.256250 0.442187 0.256250 0.435937 0.258333 0.434375 0.258333 0.420312 0.260417 0.418750 0.260417 0.417188 0.262500 0.415625 0.268750 0.415625 0.268750 0.406250 0.262500 0.406250 0.260417 0.404687 0.260417 0.403125 0.258333 0.401563 0.258333 0.400000 0.256250 0.398438 0.256250 0.396875 0.254167 0.395312 0.254167 0.390625
0 0.437500 0.526563 0.437500 0.528125 0.433333 0.531250 0.429167 0.531250 0.425000 0.534375 0.425000 0.535937 0.418750 0.540625 0.418750 0.542188 0.416667 0.543750 0.416667 0.545313 0.412500 0.548437 0.410417 0.548437 0.408333 0.546875 0.408333 0.545313 0.404167 0.542188 0.404167 0.540625 0.404167 0.542188 0.402083 0.543750 0.402083 0.560938 0.404167 0.562500 0.404167 0.565625 0.406250 0.567187 0.406250 0.570312 0.408333 0.571875 0.408333 0.581250 0.410417 0.582812 0.410417 0.587500 0.412500 0.589063 0.412500 0.590625 0.416667 0.593750 0.416667 0.596875 0.414583 0.598437 0.414583 0.600000 0.412500 0.601562 0.412500 0.607813 0.410417 0.609375 0.412500 0.610937 0.412500 0.615625 0.414583 0.617188 0.414583 0.621875 0.412500 0.623438 0.412500 0.625000 0.410417 0.626562 0.410417 0.628125 0.408333 0.629687 0.408333 0.631250 0.406250 0.632812 0.406250 0.634375 0.408333 0.635938 0.408333 0.639063 0.410417 0.640625 0.410417 0.645312 0.429167 0.645312 0.429167 0.637500 0.431250 0.635938 0.431250 0.628125 0.429167 0.626562 0.429167 0.625000 0.431250 0.623438 0.431250 0.620313 0.433333 0.618750 0.437500 0.618750 0.439583 0.620313 0.439583 0.623438 0.441667 0.625000 0.441667 0.629687 0.439583 0.631250 0.439583 0.634375 0.445833 0.639063 0.445833 0.645312 0.479167 0.645312 0.479167 0.637500 0.481250 0.635938 0.481250 0.631250 0.479167 0.629687 0.479167 0.626562 0.464583 0.615625 0.464583 0.614062 0.462500 0.612500 0.462500 0.592188 0.464583 0.590625 0.464583 0.560938 0.466667 0.559375 0.466667 0.554688 0.468750 0.553125 0.468750 0.551562 0.460417 0.545313 0.460417 0.543750 0.458333 0.545313 0.456250 0.545313 0.456250 0.546875 0.458333 0.548437 0.458333 0.567187 0.456250 0.568750 0.456250 0.587500 0.454167 0.589063 0.454167 0.590625 0.452083 0.592188 0.450000 0.592188 0.447917 0.593750 0.435417 0.593750 0.433333 0.592188 0.427083 0.592188 0.425000 0.590625 0.422917 0.590625 0.416667 0.585938 0.416667 0.568750 0.418750 0.567187 0.418750 0.564062 0.416667 0.562500 0.416667 0.557813 0.418750 0.556250 0.418750 0.553125 0.420833 0.551562 0.420833 0.545313 0.427083 0.540625 0.431250 0.540625 0.437500 0.535937 0.443750 0.535937 0.443750 0.534375 0.437500 0.529688 0.437500 0.526563 0.437500 0.479688 0.439583 0.478125 0.439583 0.476562 0.441667 0.475000 0.443750 0.475000 0.445833 0.473437 0.458333 0.473437 0.460417 0.471875 0.483333 0.471875 0.485417 0.470313 0.489583 0.470313 0.491667 0.468750 0.502083 0.468750 0.502083 0.456250 0.493750 0.456250 0.489583 0.453125 0.487500 0.453125 0.479167 0.446875 0.477083 0.446875 0.475000 0.445312 0.472917 0.445312 0.466667 0.440625 0.464583 0.440625 0.462500 0.439063 0.456250 0.439063 0.452083 0.442187 0.450000 0.442187 0.447917 0.443750 0.443750 0.443750 0.441667 0.442187 0.441667 0.426562 0.439583 0.425000 0.439583 0.421875 0.435417 0.418750 0.435417 0.417188 0.433333 0.415625 0.433333 0.409375 0.389583 0.409375 0.389583 0.414062 0.385417 0.417188 0.379167 0.417188 0.379167 0.439063 0.387500 0.439063 0.397917 0.446875 0.397917 0.448438 0.400000 0.450000 0.400000 0.453125 0.402083 0.454688 0.402083 0.459375 0.404167 0.460938 0.404167 0.462500 0.408333 0.465625 0.408333 0.467187 0.412500 0.470313 0.414583 0.470313 0.416667 0.471875 0.420833 0.471875 0.429167 0.478125 0.431250 0.478125 0.433333 0.479688 0.437500 0.479688
0 0.289583 0.396875 0.289583 0.401563 0.287500 0.403125 0.287500 0.404687 0.281250 0.409375 0.281250 0.420312 0.272917 0.426562 0.272917 0.428125 0.266667 0.432813 0.266667 0.434375 0.260417 0.439063 0.260417 0.442187 0.258333 0.443750 0.258333 0.446875 0.256250 0.448438 0.256250 0.450000 0.254167 0.451562 0.245833 0.451562 0.245833 0.470313 0.264583 0.470313 0.264583 0.465625 0.266667 0.464063 0.266667 0.462500 0.279167 0.453125 0.279167 0.451562 0.283333 0.448438 0.285417 0.448438 0.287500 0.446875 0.289583 0.446875 0.291667 0.445312 0.293750 0.445312 0.295833 0.443750 0.297917 0.443750 0.300000 0.442187 0.302083 0.442187 0.304167 0.440625 0.304167 0.439063 0.306250 0.437500 0.306250 0.435937 0.308333 0.434375 0.308333 0.432813 0.310417 0.431250 0.310417 0.429688 0.312500 0.428125 0.318750 0.428125 0.318750 0.396875
0 0.220833 0.390625 0.220833 0.395312 0.218750 0.396875 0.212500 0.396875 0.212500 0.468750 0.218750 0.468750 0.220833 0.470313 0.220833 0.471875 0.222917 0.473437 0.222917 0.481250 0.225000 0.482812 0.225000 0.493750 0.227083 0.495313 0.227083 0.514063 0.247917 0.514063 0.247917 0.506250 0.250000 0.504687 0.250000 0.500000 0.252083 0.498437 0.252083 0.482812 0.250000 0.481250 0.250000 0.459375 0.252083 0.457812 0.252083 0.453125 0.254167 0.451562 0.254167 0.445312 0.256250 0.443750 0.256250 0.440625 0.258333 0.439063 0.258333 0.418750 0.262500 0.415625 0.268750 0.415625 0.268750 0.406250 0.262500 0.406250 0.258333 0.403125 0.258333 0.400000 0.256250 0.398438 0.256250 0.390625
