9 0.578125 0.485915 0.578125 0.558685 0.592188 0.558685 0.592188 0.551643 0.596875 0.544601 0.601562 0.544601 0.601562 0.485915
0 0.410937 0.645540 0.410937 0.659624 0.407813 0.664319 0.403125 0.664319 0.403125 0.793427 0.428125 0.793427 0.428125 0.762911 0.429688 0.760563 0.429688 0.746479 0.431250 0.744131 0.431250 0.739437 0.434375 0.734742 0.439063 0.734742 0.439063 0.678404 0.434375 0.678404 0.431250 0.673709 0.431250 0.671362 0.429688 0.669014 0.429688 0.666667 0.428125 0.664319 0.428125 0.654930 0.426562 0.652582 0.426562 0.645540
0 0.465625 0.645540 0.465625 0.657277 0.470313 0.657277 0.471875 0.659624 0.471875 0.666667 0.470313 0.669014 0.465625 0.669014 0.465625 0.758216 0.470313 0.758216 0.471875 0.760563 0.471875 0.762911 0.473437 0.765258 0.473437 0.779343 0.470313 0.784038 0.465625 0.784038 0.465625 0.802817 0.495313 0.802817 0.495313 0.746479 0.490625 0.746479 0.489062 0.744131 0.489062 0.730047 0.490625 0.727700 0.495313 0.727700 0.495313 0.676056 0.490625 0.676056 0.487500 0.671362 0.487500 0.669014 0.485938 0.666667 0.485938 0.645540
0 0.295312 0.636150 0.295312 0.645540 0.293750 0.647887 0.293750 0.652582 0.292188 0.654930 0.292188 0.657277 0.290625 0.659624 0.284375 0.659624 0.284375 0.723005 0.289062 0.723005 0.292188 0.727700 0.292188 0.781690 0.290625 0.784038 0.290625 0.793427 0.309375 0.793427 0.309375 0.786385 0.310937 0.784038 0.310937 0.767606 0.312500 0.765258 0.312500 0.676056 0.314063 0.673709 0.312500 0.671362 0.312500 0.669014 0.310937 0.666667 0.310937 0.664319 0.309375 0.661972 0.310937 0.659624 0.310937 0.652582 0.307813 0.647887 0.307813 0.645540 0.306250 0.643192 0.306250 0.636150
0 0.321875 0.645540 0.321875 0.657277 0.320312 0.659624 0.320312 0.664319 0.318750 0.666667 0.318750 0.669014 0.317187 0.671362 0.317187 0.673709 0.315625 0.676056 0.309375 0.676056 0.309375 0.784038 0.314063 0.784038 0.315625 0.786385 0.315625 0.793427 0.334375 0.793427 0.334375 0.772300 0.335938 0.769953 0.335938 0.762911 0.337500 0.760563 0.337500 0.753521 0.339063 0.751174 0.339063 0.739437 0.340625 0.737089 0.345313 0.737089 0.345313 0.673709 0.340625 0.673709 0.339063 0.671362 0.339063 0.669014 0.337500 0.666667 0.337500 0.659624 0.335938 0.657277 0.335938 0.645540
0 0.507812 0.654930 0.507812 0.671362 0.506250 0.673709 0.506250 0.680751 0.501562 0.687793 0.496875 0.687793 0.496875 0.725352 0.501562 0.725352 0.503125 0.727700 0.503125 0.730047 0.501562 0.732394 0.496875 0.732394 0.496875 0.786385 0.503125 0.786385 0.504687 0.788732 0.504687 0.791080 0.506250 0.793427 0.506250 0.802817 0.518750 0.802817 0.518750 0.791080 0.520312 0.788732 0.520312 0.786385 0.521875 0.784038 0.521875 0.776995 0.523438 0.774648 0.523438 0.769953 0.525000 0.767606 0.525000 0.765258 0.526563 0.762911 0.532812 0.762911 0.532812 0.694836 0.528125 0.694836 0.525000 0.690141 0.525000 0.687793 0.521875 0.683099 0.521875 0.678404 0.520312 0.676056 0.520312 0.654930
0 0.218750 0.645540 0.218750 0.657277 0.217187 0.659624 0.217187 0.661972 0.215625 0.664319 0.209375 0.664319 0.209375 0.741784 0.214062 0.741784 0.215625 0.744131 0.215625 0.765258 0.214062 0.767606 0.209375 0.767606 0.209375 0.793427 0.235938 0.793427 0.235938 0.781690 0.234375 0.779343 0.234375 0.765258 0.235938 0.762911 0.235938 0.755869 0.237500 0.753521 0.237500 0.751174 0.240625 0.746479 0.245312 0.746479 0.245312 0.669014 0.240625 0.669014 0.235938 0.661972 0.235938 0.645540
9 0.659375 0.504695 0.659375 0.568075 0.676562 0.568075 0.676562 0.561033 0.682813 0.551643 0.689062 0.551643 0.689062 0.535211 0.684375 0.535211 0.682813 0.532864 0.682813 0.528169 0.684375 0.525822 0.689062 0.525822 0.689062 0.504695
9 0.682813 0.251174 0.682813 0.258216 0.679688 0.262911 0.678125 0.262911 0.676562 0.265258 0.675000 0.265258 0.671875 0.269953 0.665625 0.269953 0.665625 0.314554 0.696875 0.314554 0.696875 0.307512 0.698438 0.305164 0.701563 0.305164 0.703125 0.302817 0.707812 0.302817 0.709375 0.300469 0.714063 0.300469 0.714063 0.251174
0 0.170312 0.645540 0.170312 0.654930 0.168750 0.657277 0.168750 0.664319 0.164062 0.671362 0.159375 0.671362 0.159375 0.779343 0.164062 0.779343 0.167187 0.784038 0.167187 0.793427 0.195312 0.793427 0.195312 0.769953 0.189063 0.769953 0.187500 0.767606 0.187500 0.760563 0.185937 0.758216 0.185937 0.748826 0.184375 0.746479 0.184375 0.718310 0.185937 0.715962 0.185937 0.708920 0.187500 0.706573 0.187500 0.699531 0.189063 0.697183 0.189063 0.683099 0.187500 0.680751 0.187500 0.671362 0.185937 0.669014 0.185937 0.661972 0.184375 0.659624 0.184375 0.645540
0 0.928125 0.636150 0.928125 0.706573 0.932813 0.706573 0.934375 0.708920 0.934375 0.718310 0.932813 0.720657 0.928125 0.720657 0.928125 0.784038 0.957812 0.784038 0.957812 0.669014 0.953125 0.669014 0.948438 0.661972 0.948438 0.657277 0.946875 0.654930 0.946875 0.636150
0 0.251563 0.645540 0.251563 0.657277 0.250000 0.659624 0.250000 0.666667 0.248437 0.669014 0.248437 0.676056 0.246875 0.678404 0.246875 0.680751 0.245312 0.683099 0.240625 0.683099 0.240625 0.793427 0.264062 0.793427 0.264062 0.784038 0.262500 0.781690 0.262500 0.758216 0.264062 0.755869 0.264062 0.748826 0.265625 0.746479 0.265625 0.734742 0.267188 0.732394 0.267188 0.718310 0.268750 0.715962 0.268750 0.706573 0.271875 0.701878 0.276563 0.701878 0.276563 0.676056 0.271875 0.676056 0.268750 0.671362 0.268750 0.669014 0.267188 0.666667 0.267188 0.661972 0.265625 0.659624 0.265625 0.645540
0 0.834375 0.654930 0.834375 0.704225 0.839063 0.704225 0.840625 0.706573 0.840625 0.718310 0.842188 0.720657 0.842188 0.732394 0.843750 0.734742 0.843750 0.751174 0.840625 0.755869 0.834375 0.755869 0.834375 0.793427 0.856250 0.793427 0.856250 0.786385 0.857813 0.784038 0.859375 0.784038 0.860937 0.781690 0.862500 0.781690 0.865625 0.776995 0.870313 0.776995 0.870313 0.774648 0.865625 0.774648 0.864062 0.772300 0.864062 0.767606 0.862500 0.765258 0.864062 0.762911 0.864062 0.755869 0.865625 0.753521 0.870313 0.753521 0.870313 0.718310 0.865625 0.718310 0.862500 0.713615 0.862500 0.708920 0.860937 0.706573 0.860937 0.701878 0.859375 0.699531 0.859375 0.687793 0.857813 0.685446 0.857813 0.669014 0.856250 0.666667 0.856250 0.654930
0 0.906250 0.645540 0.906250 0.661972 0.904688 0.664319 0.904688 0.669014 0.903125 0.671362 0.896875 0.671362 0.896875 0.793427 0.920313 0.793427 0.920313 0.781690 0.921875 0.779343 0.921875 0.762911 0.923437 0.760563 0.923437 0.737089 0.925000 0.734742 0.925000 0.706573 0.926562 0.704225 0.926562 0.699531 0.928125 0.697183 0.932813 0.697183 0.932813 0.678404 0.928125 0.678404 0.925000 0.673709 0.925000 0.671362 0.923437 0.669014 0.923437 0.666667 0.921875 0.664319 0.921875 0.645540
0 0.084375 0.654930 0.084375 0.793427 0.114063 0.793427 0.114063 0.678404 0.107813 0.678404 0.106250 0.676056 0.106250 0.673709 0.104687 0.671362 0.104687 0.654930
0 0.351562 0.645540 0.351562 0.652582 0.350000 0.654930 0.350000 0.659624 0.348437 0.661972 0.348437 0.666667 0.345313 0.671362 0.340625 0.671362 0.340625 0.793427 0.360938 0.793427 0.360938 0.760563 0.362500 0.758216 0.362500 0.753521 0.364062 0.751174 0.364062 0.748826 0.365625 0.746479 0.370313 0.746479 0.370313 0.673709 0.365625 0.673709 0.362500 0.669014 0.362500 0.664319 0.360938 0.661972 0.360938 0.657277 0.359375 0.654930 0.359375 0.645540
0 0.440625 0.645540 0.440625 0.779343 0.445312 0.779343 0.448438 0.784038 0.448438 0.793427 0.468750 0.793427 0.468750 0.779343 0.470313 0.776995 0.468750 0.774648 0.468750 0.765258 0.470313 0.762911 0.470313 0.753521 0.468750 0.751174 0.468750 0.715962 0.470313 0.713615 0.470313 0.708920 0.471875 0.706573 0.476562 0.706573 0.476562 0.678404 0.471875 0.678404 0.468750 0.673709 0.468750 0.664319 0.467187 0.661972 0.467187 0.657277 0.465625 0.654930 0.465625 0.645540
0 0.521875 0.654930 0.521875 0.694836 0.526563 0.694836 0.528125 0.697183 0.528125 0.699531 0.529688 0.701878 0.529688 0.730047 0.531250 0.732394 0.531250 0.746479 0.532812 0.748826 0.532812 0.758216 0.534375 0.760563 0.534375 0.781690 0.532812 0.784038 0.532812 0.793427 0.545313 0.793427 0.545313 0.784038 0.546875 0.781690 0.546875 0.765258 0.548437 0.762911 0.548437 0.746479 0.550000 0.744131 0.550000 0.730047 0.551562 0.727700 0.551562 0.720657 0.553125 0.718310 0.557813 0.718310 0.557813 0.690141 0.553125 0.690141 0.550000 0.685446 0.550000 0.683099 0.548437 0.680751 0.548437 0.678404 0.546875 0.676056 0.546875 0.673709 0.545313 0.671362 0.545313 0.669014 0.543750 0.666667 0.543750 0.654930
