5 0.450000 0.378206 0.450000 0.384980 0.446875 0.389496 0.445312 0.389496 0.443750 0.391754 0.442187 0.391754 0.440625 0.394012 0.439063 0.394012 0.437500 0.396270 0.437500 0.398528 0.434375 0.403044 0.428125 0.403044 0.428125 0.502393 0.465625 0.502393 0.467187 0.504651 0.473437 0.504651 0.475000 0.506909 0.479688 0.506909 0.481250 0.509167 0.482812 0.509167 0.484375 0.511425 0.485938 0.511425 0.487500 0.513683 0.490625 0.513683 0.492188 0.515941 0.493750 0.515941 0.496875 0.520457 0.498437 0.520457 0.501562 0.524973 0.501562 0.527231 0.503125 0.529489 0.503125 0.531747 0.504687 0.534005 0.504687 0.536263 0.506250 0.538521 0.506250 0.540779 0.507812 0.543036 0.507812 0.547552 0.515625 0.558842 0.517187 0.558842 0.518750 0.561100 0.520312 0.561100 0.525000 0.567874 0.526563 0.567874 0.539062 0.585938 0.539062 0.592711 0.596875 0.592711 0.596875 0.583680 0.598437 0.581422 0.598437 0.565616 0.600000 0.563358 0.600000 0.554326 0.601562 0.552068 0.601562 0.522715 0.603125 0.520457 0.603125 0.509167 0.604688 0.506909 0.604688 0.477556 0.606250 0.475298 0.606250 0.464008 0.607813 0.461750 0.607813 0.457234 0.609375 0.454977 0.609375 0.452719 0.610937 0.450461 0.610937 0.445945 0.614062 0.441429 0.620313 0.441429 0.620313 0.414333 0.615625 0.414333 0.614062 0.412076 0.612500 0.412076 0.607813 0.405302 0.606250 0.405302 0.604688 0.403044 0.601562 0.403044 0.600000 0.400786 0.598437 0.400786 0.596875 0.398528 0.593750 0.398528 0.592188 0.396270 0.587500 0.396270 0.585938 0.394012 0.578125 0.394012 0.576563 0.391754 0.564062 0.391754 0.562500 0.389496 0.551562 0.389496 0.550000 0.387238 0.545313 0.387238 0.543750 0.384980 0.543750 0.378206
5 0.815625 0.667224 0.815625 0.673997 0.818750 0.673997 0.820312 0.676255 0.821875 0.673997 0.820312 0.673997 0.818750 0.671740 0.817187 0.671740 0.815625 0.669482 0.815625 0.667224 0.820312 0.592711 0.831250 0.592711 0.832812 0.594969 0.845312 0.594969 0.846875 0.597227 0.848437 0.597227 0.851562 0.601743 0.853125 0.601743 0.854688 0.604001 0.856250 0.604001 0.862500 0.613033 0.864062 0.613033 0.867188 0.617549 0.868750 0.617549 0.873438 0.624323 0.875000 0.624323 0.882812 0.635612 0.882812 0.637870 0.884375 0.640128 0.884375 0.642386 0.885938 0.644644 0.885938 0.649160 0.887500 0.651418 0.887500 0.658192 0.889063 0.660450 0.889063 0.662708 0.892187 0.667224 0.892187 0.671740 0.893750 0.673997 0.893750 0.676255 0.895312 0.678513 0.895312 0.680771 0.896875 0.683029 0.896875 0.685287 0.898438 0.687545 0.898438 0.694319 0.900000 0.696577 0.900000 0.707867 0.901563 0.710125 0.901563 0.716899 0.900000 0.719156 0.900000 0.746252 0.912500 0.746252 0.912500 0.739478 0.918750 0.730446 0.920313 0.730446 0.925000 0.723672 0.926562 0.723672 0.928125 0.721414 0.929688 0.721414 0.931250 0.719156 0.934375 0.719156 0.935938 0.716899 0.965625 0.716899 0.967188 0.714641 0.973437 0.714641 0.975000 0.712383 0.979688 0.712383 0.981250 0.710125 0.984375 0.710125 0.984375 0.707867 0.985937 0.705609 0.985937 0.703351 0.987500 0.701093 0.987500 0.687545 0.985937 0.685287 0.985937 0.642386 0.987500 0.640128 0.987500 0.583680 0.989062 0.581422 0.989062 0.567874 0.987500 0.565616 0.987500 0.540779 0.985937 0.538521 0.985937 0.536263 0.984375 0.534005 0.984375 0.502393 0.982813 0.500135 0.982813 0.495620 0.981250 0.493362 0.981250 0.486588 0.979688 0.484330 0.979688 0.482072 0.978125 0.479814 0.978125 0.477556 0.975000 0.473040 0.975000 0.470782 0.970312 0.464008 0.968750 0.464008 0.965625 0.459492 0.964063 0.459492 0.960938 0.454977 0.957812 0.454977 0.956250 0.452719 0.954687 0.452719 0.953125 0.450461 0.951563 0.450461 0.950000 0.448203 0.946875 0.448203 0.945312 0.445945 0.942187 0.445945 0.940625 0.443687 0.937500 0.443687 0.935938 0.441429 0.931250 0.441429 0.929688 0.439171 0.914062 0.439171 0.912500 0.436913 0.895312 0.436913 0.893750 0.434655 0.873438 0.434655 0.871875 0.432397 0.839063 0.432397 0.837500 0.430139 0.823438 0.430139 0.821875 0.427881 0.781250 0.427881 0.779688 0.425623 0.770312 0.425623 0.768750 0.423365 0.765625 0.423365 0.764063 0.421107 0.764063 0.414333 0.637500 0.414333 0.637500 0.421107 0.635938 0.423365 0.634375 0.423365 0.632812 0.425623 0.629687 0.425623 0.628125 0.427881 0.625000 0.427881 0.621875 0.432397 0.618750 0.432397 0.617188 0.434655 0.615625 0.434655 0.612500 0.439171 0.609375 0.439171 0.609375 0.441429 0.603125 0.450461 0.601562 0.450461 0.600000 0.448203 0.598437 0.448203 0.596875 0.445945 0.590625 0.445945 0.590625 0.588195 0.595312 0.588195 0.596875 0.590453 0.596875 0.592711 0.598437 0.594969 0.598437 0.604001 0.600000 0.606259 0.600000 0.610775 0.606250 0.619807 0.606250 0.622065 0.612500 0.631096 0.614062 0.631096 0.615625 0.633354 0.617188 0.633354 0.618750 0.635612 0.620313 0.635612 0.621875 0.637870 0.623438 0.637870 0.628125 0.644644 0.629687 0.644644 0.632812 0.649160 0.634375 0.646902 0.634375 0.635612 0.635938 0.633354 0.635938 0.628839 0.637500 0.626581 0.637500 0.624323 0.639063 0.622065 0.639063 0.617549 0.640625 0.615291 0.640625 0.610775 0.642187 0.608517 0.642187 0.606259 0.643750 0.604001 0.643750 0.601743 0.646875 0.597227 0.646875 0.594969 0.653125 0.585938 0.656250 0.585938 0.657812 0.583680 0.660937 0.583680 0.662500 0.581422 0.665625 0.581422 0.667188 0.579164 0.670313 0.579164 0.671875 0.576906 0.676562 0.576906 0.678125 0.574648 0.684375 0.574648 0.685938 0.572390 0.690625 0.572390 0.692187 0.570132 0.696875 0.570132 0.698438 0.567874 0.706250 0.567874 0.707812 0.565616 0.715625 0.565616 0.717188 0.563358 0.739062 0.563358 0.740625 0.565616 0.754687 0.565616 0.756250 0.567874 0.762500 0.567874 0.764063 0.565616 0.765625 0.567874 0.768750 0.567874 0.770312 0.570132 0.773438 0.570132 0.775000 0.572390 0.776563 0.572390 0.778125 0.574648 0.781250 0.574648 0.782812 0.576906 0.785937 0.576906 0.787500 0.579164 0.790625 0.579164 0.792188 0.581422 0.795313 0.581422 0.796875 0.583680 0.804688 0.583680 0.806250 0.585938 0.812500 0.585938 0.814062 0.588195 0.817187 0.588195 0.820312 0.592711
2 0.421875 0.504651 0.421875 0.513683 0.420312 0.515941 0.418750 0.515941 0.414062 0.522715 0.414062 0.524973 0.412500 0.527231 0.412500 0.529489 0.403125 0.543036 0.401563 0.543036 0.400000 0.545294 0.398438 0.545294 0.395312 0.549810 0.390625 0.549810 0.390625 0.585938 0.396875 0.585938 0.398438 0.588195 0.398438 0.590453 0.400000 0.592711 0.400000 0.599485 0.401563 0.601743 0.401563 0.606259 0.404687 0.610775 0.404687 0.613033 0.407813 0.617549 0.409375 0.617549 0.410937 0.619807 0.412500 0.619807 0.414062 0.622065 0.417188 0.622065 0.418750 0.624323 0.421875 0.624323 0.423438 0.626581 0.425000 0.626581 0.426562 0.628839 0.428125 0.628839 0.429688 0.631096 0.431250 0.631096 0.432813 0.633354 0.434375 0.633354 0.439063 0.640128 0.439063 0.646902 0.450000 0.646902 0.450000 0.640128 0.453125 0.635612 0.456250 0.635612 0.457812 0.633354 0.501562 0.633354 0.503125 0.635612 0.507812 0.635612 0.510938 0.640128 0.510938 0.646902 0.523438 0.646902 0.523438 0.637870 0.525000 0.635612 0.525000 0.633354 0.528125 0.628839 0.532812 0.628839 0.532812 0.570132 0.526563 0.570132 0.523438 0.565616 0.521875 0.565616 0.518750 0.561100 0.517187 0.561100 0.506250 0.545294 0.506250 0.543036 0.504687 0.540779 0.504687 0.538521 0.503125 0.536263 0.503125 0.531747 0.501562 0.529489 0.501562 0.527231 0.495313 0.518199 0.493750 0.518199 0.492188 0.515941 0.490625 0.515941 0.489062 0.513683 0.489062 0.504651
5 0.681250 0.567874 0.681250 0.574648 0.678125 0.579164 0.676562 0.579164 0.675000 0.581422 0.673437 0.581422 0.671875 0.583680 0.668750 0.583680 0.667188 0.585938 0.664062 0.585938 0.662500 0.588195 0.660937 0.588195 0.659375 0.590453 0.657812 0.590453 0.656250 0.592711 0.654688 0.592711 0.646875 0.604001 0.646875 0.606259 0.645312 0.608517 0.645312 0.613033 0.643750 0.615291 0.643750 0.617549 0.642187 0.619807 0.642187 0.622065 0.639063 0.626581 0.634375 0.626581 0.634375 0.737220 0.639063 0.737220 0.640625 0.739478 0.642187 0.739478 0.645312 0.743994 0.646875 0.743994 0.650000 0.748510 0.650000 0.750768 0.651563 0.753026 0.651563 0.759799 0.653125 0.762057 0.653125 0.766573 0.654688 0.768831 0.654688 0.773347 0.656250 0.775605 0.656250 0.777863 0.659375 0.782379 0.660937 0.782379 0.664062 0.786895 0.667188 0.786895 0.668750 0.789153 0.675000 0.789153 0.676562 0.786895 0.678125 0.786895 0.685938 0.775605 0.687500 0.775605 0.689062 0.773347 0.698438 0.773347 0.700000 0.775605 0.703125 0.775605 0.704687 0.777863 0.709375 0.777863 0.710938 0.780121 0.714063 0.780121 0.715625 0.782379 0.717188 0.782379 0.718750 0.784637 0.720312 0.784637 0.721875 0.786895 0.725000 0.786895 0.726562 0.789153 0.729688 0.789153 0.731250 0.791411 0.732813 0.791411 0.740625 0.802701 0.740625 0.807216 0.742188 0.809474 0.742188 0.813990 0.743750 0.816248 0.743750 0.818506 0.745313 0.820764 0.745313 0.825280 0.748438 0.829796 0.748438 0.832054 0.754687 0.841086 0.756250 0.841086 0.757812 0.843344 0.760938 0.843344 0.762500 0.845601 0.765625 0.845601 0.778125 0.827538 0.782812 0.827538 0.784375 0.825280 0.785937 0.827538 0.792188 0.827538 0.793750 0.825280 0.812500 0.825280 0.814062 0.823022 0.821875 0.823022 0.823438 0.820764 0.825000 0.820764 0.826563 0.818506 0.828125 0.818506 0.832812 0.811732 0.834375 0.811732 0.835938 0.809474 0.835938 0.807216 0.837500 0.804958 0.837500 0.802701 0.846875 0.789153 0.851562 0.789153 0.853125 0.786895 0.862500 0.786895 0.864062 0.784637 0.870313 0.784637 0.875000 0.791411 0.876562 0.791411 0.878125 0.793669 0.893750 0.793669 0.895312 0.795927 0.907812 0.795927 0.907812 0.784637 0.900000 0.784637 0.898438 0.782379 0.896875 0.782379 0.895312 0.780121 0.895312 0.775605 0.893750 0.773347 0.893750 0.753026 0.895312 0.750768 0.895312 0.746252 0.896875 0.743994 0.896875 0.739478 0.898438 0.737220 0.898438 0.701093 0.896875 0.698835 0.896875 0.689803 0.895312 0.687545 0.895312 0.683029 0.893750 0.680771 0.893750 0.678513 0.892187 0.676255 0.892187 0.673997 0.890625 0.671740 0.890625 0.664966 0.889063 0.662708 0.889063 0.660450 0.885938 0.655934 0.885938 0.651418 0.884375 0.649160 0.884375 0.644644 0.882812 0.642386 0.882812 0.640128 0.876562 0.631096 0.876562 0.628839 0.875000 0.628839 0.868750 0.619807 0.867188 0.619807 0.864062 0.615291 0.862500 0.615291 0.860937 0.613033 0.859375 0.613033 0.856250 0.608517 0.854688 0.608517 0.851562 0.604001 0.848437 0.604001 0.846875 0.601743 0.839063 0.601743 0.837500 0.599485 0.834375 0.599485 0.832812 0.597227 0.828125 0.597227 0.826563 0.594969 0.825000 0.594969 0.823438 0.592711 0.821875 0.592711 0.820312 0.590453 0.818750 0.590453 0.815625 0.585938 0.809375 0.585938 0.807813 0.583680 0.801562 0.583680 0.800000 0.581422 0.795313 0.581422 0.793750 0.579164 0.787500 0.579164 0.785937 0.576906 0.784375 0.576906 0.782812 0.574648 0.782812 0.567874
0 0.845312 0.775605 0.845312 0.786895 0.843750 0.789153 0.843750 0.791411 0.842188 0.793669 0.842188 0.795927 0.839063 0.800443 0.839063 0.807216 0.837500 0.809474 0.837500 0.811732 0.829687 0.823022 0.828125 0.823022 0.820312 0.834312 0.815625 0.834312 0.815625 0.969789 0.820312 0.969789 0.823438 0.974305 0.823438 0.981078 0.825000 0.983336 0.825000 0.999142 0.882812 0.999142 0.882812 0.985594 0.884375 0.983336 0.884375 0.969789 0.885938 0.967531 0.885938 0.920114 0.884375 0.917856 0.884375 0.913340 0.882812 0.911082 0.882812 0.906566 0.881250 0.904308 0.881250 0.890760 0.879687 0.888503 0.879687 0.874955 0.878125 0.872697 0.878125 0.870439 0.876562 0.868181 0.876562 0.865923 0.875000 0.863665 0.875000 0.856891 0.873438 0.854633 0.873438 0.850117 0.870313 0.845601 0.870313 0.843344 0.871875 0.841086 0.871875 0.838828 0.875000 0.834312 0.878125 0.834312 0.879687 0.832054 0.882812 0.832054 0.895312 0.813990 0.901563 0.813990 0.901563 0.789153 0.896875 0.789153 0.895312 0.791411 0.892187 0.791411 0.890625 0.793669 0.887500 0.793669 0.885938 0.791411 0.881250 0.791411 0.878125 0.786895 0.876562 0.786895 0.875000 0.784637 0.875000 0.775605
5 0.353125 0.296920 0.353125 0.303694 0.351562 0.305952 0.348437 0.305952 0.346875 0.308210 0.342187 0.308210 0.340625 0.310468 0.339063 0.310468 0.337500 0.312726 0.334375 0.312726 0.332812 0.314984 0.331250 0.314984 0.328125 0.319500 0.326562 0.319500 0.321875 0.326273 0.320312 0.326273 0.318750 0.328531 0.318750 0.330789 0.317187 0.333047 0.317187 0.337563 0.310937 0.346595 0.310937 0.348853 0.309375 0.351111 0.309375 0.353369 0.307813 0.355627 0.303125 0.355627 0.303125 0.450461 0.315625 0.450461 0.317187 0.448203 0.318750 0.448203 0.320312 0.445945 0.323438 0.445945 0.325000 0.443687 0.326562 0.443687 0.331250 0.450461 0.332812 0.450461 0.334375 0.452719 0.337500 0.452719 0.339063 0.454977 0.343750 0.454977 0.345313 0.457234 0.353125 0.457234 0.354688 0.459492 0.364062 0.459492 0.365625 0.461750 0.367188 0.461750 0.368750 0.464008 0.370313 0.464008 0.371875 0.466266 0.373437 0.466266 0.378125 0.473040 0.378125 0.475298 0.381250 0.479814 0.381250 0.482072 0.382812 0.484330 0.382812 0.488846 0.384375 0.491104 0.384375 0.493362 0.390625 0.502393 0.392188 0.502393 0.393750 0.504651 0.395312 0.504651 0.396875 0.506909 0.398438 0.506909 0.403125 0.513683 0.403125 0.520457 0.412500 0.520457 0.412500 0.513683 0.418750 0.504651 0.420312 0.504651 0.423438 0.500135 0.425000 0.500135 0.426562 0.497878 0.426562 0.484330 0.428125 0.482072 0.428125 0.459492 0.426562 0.457234 0.426562 0.448203 0.428125 0.445945 0.428125 0.430139 0.429688 0.427881 0.429688 0.423365 0.431250 0.421107 0.431250 0.416591 0.432813 0.414333 0.432813 0.409818 0.434375 0.407560 0.434375 0.403044 0.443750 0.389496 0.445312 0.389496 0.446875 0.387238 0.448438 0.387238 0.450000 0.384980 0.453125 0.384980 0.454688 0.382722 0.456250 0.382722 0.457812 0.380464 0.478125 0.380464 0.479688 0.382722 0.485938 0.382722 0.487500 0.380464 0.503125 0.380464 0.504687 0.382722 0.515625 0.382722 0.517187 0.384980 0.521875 0.384980 0.523438 0.387238 0.540625 0.387238 0.542188 0.389496 0.551562 0.389496 0.553125 0.391754 0.557813 0.391754 0.557813 0.364659 0.553125 0.364659 0.548437 0.357885 0.546875 0.357885 0.543750 0.353369 0.542188 0.353369 0.540625 0.351111 0.539062 0.351111 0.535937 0.346595 0.534375 0.346595 0.525000 0.333047 0.525000 0.330789 0.523438 0.328531 0.521875 0.328531 0.520312 0.326273 0.518750 0.326273 0.515625 0.321758 0.509375 0.321758 0.507812 0.319500 0.487500 0.319500 0.485938 0.317242 0.478125 0.317242 0.476562 0.314984 0.473437 0.314984 0.471875 0.312726 0.465625 0.312726 0.464063 0.310468 0.451562 0.310468 0.450000 0.308210 0.446875 0.308210 0.443750 0.303694 0.443750 0.296920
2 0.225000 0.613033 0.225000 0.635612 0.226562 0.637870 0.226562 0.644644 0.225000 0.646902 0.225000 0.651418 0.223438 0.653676 0.223438 0.655934 0.217187 0.664966 0.215625 0.664966 0.214062 0.667224 0.212500 0.667224 0.210938 0.669482 0.207813 0.669482 0.204688 0.673997 0.204688 0.678513 0.203125 0.680771 0.203125 0.683029 0.201562 0.685287 0.196875 0.685287 0.196875 0.743994 0.201562 0.743994 0.204688 0.748510 0.204688 0.757542 0.206250 0.759799 0.206250 0.775605 0.207813 0.777863 0.207813 0.782379 0.209375 0.784637 0.209375 0.786895 0.212500 0.791411 0.212500 0.793669 0.215625 0.798185 0.217187 0.798185 0.220313 0.802701 0.220313 0.804958 0.221875 0.807216 0.221875 0.811732 0.223438 0.813990 0.223438 0.820764 0.225000 0.823022 0.225000 0.827538 0.226562 0.829796 0.226562 0.832054 0.228125 0.834312 0.228125 0.836570 0.229687 0.838828 0.229687 0.845601 0.248437 0.845601 0.248437 0.838828 0.250000 0.836570 0.251563 0.836570 0.253125 0.834312 0.257812 0.834312 0.259375 0.832054 0.275000 0.832054 0.276563 0.834312 0.284375 0.834312 0.285937 0.832054 0.292188 0.832054 0.293750 0.829796 0.345313 0.829796 0.346875 0.832054 0.359375 0.832054 0.360938 0.834312 0.362500 0.834312 0.364062 0.836570 0.368750 0.836570 0.370313 0.834312 0.371875 0.834312 0.384375 0.816248 0.389062 0.816248 0.389062 0.768831 0.384375 0.768831 0.382812 0.766573 0.382812 0.764315 0.381250 0.762057 0.381250 0.757542 0.379687 0.755284 0.379687 0.753026 0.378125 0.750768 0.378125 0.748510 0.376563 0.746252 0.376563 0.743994 0.373437 0.739478 0.373437 0.737220 0.371875 0.734962 0.371875 0.732704 0.368750 0.728188 0.368750 0.725930 0.367188 0.723672 0.367188 0.721414 0.364062 0.716899 0.364062 0.714641 0.362500 0.712383 0.362500 0.710125 0.360938 0.707867 0.360938 0.703351 0.359375 0.701093 0.359375 0.696577 0.357812 0.694319 0.357812 0.689803 0.356250 0.687545 0.356250 0.676255 0.354688 0.673997 0.354688 0.671740 0.353125 0.669482 0.353125 0.667224 0.351562 0.664966 0.351562 0.662708 0.350000 0.660450 0.350000 0.658192 0.345313 0.651418 0.345313 0.649160 0.340625 0.642386 0.339063 0.642386 0.332812 0.633354 0.331250 0.633354 0.326562 0.626581 0.326562 0.624323 0.325000 0.624323 0.321875 0.619807 0.321875 0.613033
2 0.120312 0.495620 0.120312 0.504651 0.118750 0.506909 0.118750 0.509167 0.117188 0.511425 0.117188 0.513683 0.115625 0.515941 0.115625 0.518199 0.114063 0.520457 0.114063 0.522715 0.112500 0.524973 0.112500 0.527231 0.107813 0.534005 0.103125 0.534005 0.103125 0.619807 0.126563 0.619807 0.126563 0.613033 0.129688 0.608517 0.131250 0.608517 0.132812 0.606259 0.137500 0.606259 0.139062 0.604001 0.150000 0.604001 0.151562 0.601743 0.168750 0.601743 0.170312 0.604001 0.171875 0.604001 0.173438 0.606259 0.176563 0.606259 0.181250 0.613033 0.181250 0.619807 0.184375 0.619807 0.184375 0.610775 0.185937 0.608517 0.185937 0.606259 0.187500 0.604001 0.187500 0.599485 0.190625 0.594969 0.195312 0.594969 0.195312 0.554326 0.190625 0.554326 0.187500 0.549810 0.187500 0.545294 0.185937 0.543036 0.185937 0.536263 0.184375 0.534005 0.184375 0.522715 0.182812 0.520457 0.182812 0.518199 0.181250 0.515941 0.181250 0.513683 0.173438 0.502393 0.173438 0.495620
2 0.314063 0.459492 0.314063 0.466266 0.312500 0.468524 0.312500 0.475298 0.310937 0.477556 0.310937 0.482072 0.303125 0.493362 0.296875 0.493362 0.296875 0.534005 0.301562 0.534005 0.304688 0.538521 0.304688 0.540779 0.306250 0.543036 0.306250 0.545294 0.309375 0.549810 0.315625 0.549810 0.317187 0.552068 0.320312 0.552068 0.321875 0.554326 0.323438 0.554326 0.325000 0.556584 0.325000 0.565616 0.359375 0.565616 0.359375 0.558842 0.360938 0.556584 0.373437 0.556584 0.375000 0.558842 0.375000 0.565616 0.390625 0.565616 0.390625 0.554326 0.392188 0.552068 0.392188 0.549810 0.393750 0.547552 0.393750 0.545294 0.396875 0.540779 0.401563 0.540779 0.401563 0.511425 0.395312 0.511425 0.393750 0.509167 0.392188 0.509167 0.390625 0.506909 0.389062 0.506909 0.384375 0.500135 0.382812 0.500135 0.381250 0.497878 0.381250 0.495620 0.379687 0.493362 0.379687 0.488846 0.378125 0.486588 0.378125 0.482072 0.376563 0.479814 0.376563 0.477556 0.375000 0.475298 0.375000 0.473040 0.373437 0.470782 0.373437 0.459492
2 0.003125 0.468524 0.003125 0.475298 0.001563 0.477556 0.000000 0.477556 0.000000 0.592711 0.014062 0.592711 0.014062 0.585938 0.015625 0.583680 0.023438 0.583680 0.025000 0.581422 0.043750 0.581422 0.045313 0.579164 0.060938 0.579164 0.062500 0.576906 0.070312 0.576906 0.070312 0.515941 0.065625 0.515941 0.064062 0.513683 0.065625 0.511425 0.070312 0.511425 0.070312 0.495620 0.065625 0.495620 0.064062 0.493362 0.064062 0.491104 0.062500 0.488846 0.062500 0.486588 0.060938 0.484330 0.060938 0.482072 0.059375 0.479814 0.059375 0.468524
5 0.329688 0.305952 0.329688 0.314984 0.328125 0.317242 0.326562 0.317242 0.325000 0.319500 0.323438 0.319500 0.320312 0.324016 0.320312 0.326273 0.318750 0.328531 0.318750 0.330789 0.317187 0.333047 0.317187 0.337563 0.315625 0.339821 0.315625 0.342079 0.314063 0.344337 0.314063 0.346595 0.312500 0.348853 0.312500 0.351111 0.310937 0.353369 0.310937 0.355627 0.309375 0.357885 0.309375 0.360143 0.307813 0.362401 0.303125 0.362401 0.303125 0.459492 0.309375 0.459492 0.310937 0.461750 0.317187 0.461750 0.318750 0.459492 0.321875 0.459492 0.323438 0.457234 0.329688 0.457234 0.331250 0.459492 0.343750 0.459492 0.345313 0.461750 0.359375 0.461750 0.360938 0.464008 0.365625 0.464008 0.367188 0.466266 0.368750 0.466266 0.370313 0.468524 0.371875 0.468524 0.378125 0.477556 0.378125 0.479814 0.379687 0.482072 0.379687 0.484330 0.381250 0.486588 0.381250 0.491104 0.382812 0.493362 0.382812 0.495620 0.387500 0.502393 0.389062 0.502393 0.390625 0.504651 0.392188 0.504651 0.398438 0.513683 0.398438 0.520457 0.417188 0.520457 0.417188 0.511425 0.418750 0.509167 0.420312 0.509167 0.423438 0.504651 0.425000 0.504651 0.426562 0.502393 0.428125 0.502393 0.428125 0.436913 0.429688 0.434655 0.429688 0.427881 0.431250 0.425623 0.431250 0.421107 0.432813 0.418849 0.432813 0.414333 0.434375 0.412076 0.434375 0.405302 0.443750 0.391754 0.445312 0.391754 0.446875 0.389496 0.451562 0.389496 0.451562 0.317242 0.446875 0.317242 0.443750 0.312726 0.443750 0.305952
2 0.221875 0.423365 0.221875 0.461750 0.232812 0.461750 0.234375 0.464008 0.235938 0.464008 0.239063 0.468524 0.239063 0.475298 0.270312 0.475298 0.270312 0.466266 0.271875 0.464008 0.276563 0.464008 0.276563 0.441429 0.271875 0.441429 0.265625 0.432397 0.265625 0.423365
2 0.546875 0.856891 0.546875 0.863665 0.543750 0.868181 0.537500 0.868181 0.535937 0.870439 0.529688 0.870439 0.528125 0.872697 0.525000 0.872697 0.523438 0.874955 0.520312 0.874955 0.518750 0.877213 0.515625 0.877213 0.514063 0.879471 0.512500 0.879471 0.510938 0.881729 0.509375 0.881729 0.507812 0.883987 0.506250 0.883987 0.500000 0.893018 0.500000 0.895276 0.498437 0.897534 0.498437 0.899792 0.495313 0.904308 0.495313 0.906566 0.492188 0.911082 0.492188 0.913340 0.489062 0.917856 0.487500 0.917856 0.485938 0.920114 0.478125 0.920114 0.478125 0.999142 0.764063 0.999142 0.764063 0.963015 0.757812 0.963015 0.750000 0.951725 0.748438 0.951725 0.745313 0.947209 0.743750 0.947209 0.740625 0.942693 0.739062 0.942693 0.734375 0.935919 0.732813 0.935919 0.728125 0.929146 0.726562 0.929146 0.721875 0.922372 0.720312 0.922372 0.717188 0.917856 0.715625 0.917856 0.714063 0.915598 0.712500 0.915598 0.709375 0.911082 0.707812 0.911082 0.706250 0.908824 0.704687 0.908824 0.703125 0.906566 0.701563 0.906566 0.698438 0.902050 0.696875 0.902050 0.695312 0.899792 0.693750 0.899792 0.690625 0.895276 0.689062 0.895276 0.687500 0.893018 0.685938 0.893018 0.682813 0.888503 0.681250 0.888503 0.679688 0.886245 0.676562 0.886245 0.675000 0.883987 0.673437 0.883987 0.671875 0.881729 0.670313 0.881729 0.667188 0.877213 0.665625 0.877213 0.664062 0.874955 0.660937 0.874955 0.659375 0.872697 0.656250 0.872697 0.654688 0.870439 0.653125 0.870439 0.651563 0.868181 0.648438 0.868181 0.645312 0.863665 0.645312 0.856891
2 0.084375 0.369174 0.084375 0.407560 0.090625 0.407560 0.092188 0.409818 0.093750 0.409818 0.095312 0.412076 0.095312 0.421107 0.100000 0.421107 0.100000 0.414333 0.101562 0.412076 0.104687 0.412076 0.106250 0.409818 0.110937 0.409818 0.112500 0.407560 0.115625 0.407560 0.117188 0.405302 0.118750 0.405302 0.120312 0.403044 0.126563 0.403044 0.126563 0.382722 0.121875 0.382722 0.117188 0.375948 0.117188 0.369174
2 0.021875 0.396270 0.021875 0.452719 0.028125 0.452719 0.029687 0.450461 0.053125 0.450461 0.054688 0.452719 0.056250 0.452719 0.057813 0.454977 0.057813 0.457234 0.060938 0.461750 0.060938 0.464008 0.062500 0.466266 0.062500 0.468524 0.064062 0.470782 0.064062 0.477556 0.065625 0.479814 0.065625 0.484330 0.067188 0.486588 0.067188 0.488846 0.070312 0.493362 0.070312 0.502393 0.082813 0.502393 0.082813 0.427881 0.078125 0.427881 0.075000 0.423365 0.075000 0.421107 0.073437 0.418849 0.073437 0.414333 0.071875 0.412076 0.071875 0.409818 0.067188 0.403044 0.067188 0.396270
2 0.203125 0.567874 0.203125 0.635612 0.207813 0.635612 0.212500 0.642386 0.212500 0.644644 0.214062 0.646902 0.214062 0.655934 0.228125 0.655934 0.228125 0.646902 0.229687 0.644644 0.229687 0.642386 0.231250 0.640128 0.231250 0.637870 0.235938 0.631096 0.237500 0.631096 0.239063 0.628839 0.242188 0.628839 0.243750 0.626581 0.254687 0.626581 0.256250 0.624323 0.260938 0.624323 0.262500 0.622065 0.265625 0.622065 0.267188 0.619807 0.271875 0.619807 0.273438 0.617549 0.281250 0.617549 0.282813 0.619807 0.292188 0.619807 0.293750 0.622065 0.303125 0.622065 0.304688 0.624323 0.317187 0.624323 0.318750 0.626581 0.321875 0.626581 0.325000 0.631096 0.332812 0.631096 0.332812 0.597227 0.328125 0.597227 0.317187 0.581422 0.317187 0.579164 0.315625 0.576906 0.315625 0.567874
2 0.206250 0.468524 0.206250 0.479814 0.203125 0.484330 0.203125 0.486588 0.200000 0.491104 0.200000 0.493362 0.195312 0.500135 0.190625 0.500135 0.190625 0.558842 0.195312 0.558842 0.200000 0.565616 0.200000 0.574648 0.210938 0.574648 0.210938 0.567874 0.212500 0.565616 0.212500 0.561100 0.214062 0.558842 0.214062 0.556584 0.217187 0.552068 0.217187 0.549810 0.220313 0.545294 0.220313 0.543036 0.221875 0.540779 0.223438 0.540779 0.229687 0.531747 0.231250 0.531747 0.235938 0.524973 0.257812 0.524973 0.259375 0.527231 0.264062 0.527231 0.265625 0.529489 0.276563 0.529489 0.276563 0.500135 0.271875 0.500135 0.268750 0.495620 0.268750 0.491104 0.267188 0.488846 0.267188 0.486588 0.264062 0.482072 0.262500 0.482072 0.260938 0.479814 0.259375 0.479814 0.256250 0.475298 0.256250 0.468524
7 0.007812 0.468524 0.007812 0.475298 0.003125 0.482072 0.000000 0.482072 0.000000 0.583680 0.070312 0.583680 0.070312 0.524973 0.065625 0.524973 0.064062 0.522715 0.064062 0.518199 0.062500 0.515941 0.062500 0.511425 0.064062 0.509167 0.064062 0.506909 0.065625 0.504651 0.070312 0.504651 0.070312 0.497878 0.065625 0.497878 0.064062 0.495620 0.064062 0.493362 0.062500 0.491104 0.062500 0.488846 0.060938 0.486588 0.060938 0.484330 0.059375 0.482072 0.059375 0.479814 0.057813 0.477556 0.057813 0.468524
2 0.015625 0.450461 0.015625 0.475298 0.026563 0.475298 0.028125 0.473040 0.034375 0.473040 0.035937 0.470782 0.042188 0.470782 0.043750 0.473040 0.046875 0.473040 0.048437 0.475298 0.051562 0.475298 0.053125 0.477556 0.054688 0.477556 0.064062 0.491104 0.067188 0.491104 0.068750 0.488846 0.068750 0.486588 0.071875 0.482072 0.076563 0.482072 0.076563 0.477556 0.071875 0.477556 0.065625 0.468524 0.065625 0.466266 0.062500 0.461750 0.062500 0.459492 0.060938 0.457234 0.060938 0.450461
7 0.217187 0.594969 0.217187 0.635612 0.215625 0.637870 0.215625 0.642386 0.217187 0.644644 0.217187 0.651418 0.218750 0.653676 0.218750 0.655934 0.217187 0.658192 0.217187 0.660450 0.210938 0.669482 0.209375 0.669482 0.204688 0.676255 0.204688 0.683029 0.201562 0.687545 0.196875 0.687545 0.196875 0.743994 0.203125 0.743994 0.204688 0.746252 0.204688 0.753026 0.206250 0.755284 0.206250 0.773347 0.207813 0.775605 0.207813 0.782379 0.210938 0.786895 0.210938 0.789153 0.214062 0.793669 0.214062 0.795927 0.215625 0.795927 0.220313 0.802701 0.220313 0.804958 0.221875 0.807216 0.221875 0.809474 0.223438 0.811732 0.223438 0.816248 0.225000 0.818506 0.225000 0.825280 0.226562 0.827538 0.226562 0.829796 0.228125 0.832054 0.228125 0.834312 0.229687 0.836570 0.229687 0.838828 0.231250 0.841086 0.231250 0.843344 0.232812 0.845601 0.232812 0.854633 0.239063 0.854633 0.239063 0.847859 0.246875 0.836570 0.250000 0.836570 0.251563 0.834312 0.257812 0.834312 0.259375 0.832054 0.289062 0.832054 0.290625 0.829796 0.350000 0.829796 0.351562 0.832054 0.360938 0.832054 0.362500 0.834312 0.370313 0.834312 0.376563 0.825280 0.378125 0.825280 0.381250 0.820764 0.381250 0.818506 0.382812 0.816248 0.389062 0.816248 0.389062 0.768831 0.384375 0.768831 0.381250 0.764315 0.381250 0.759799 0.379687 0.757542 0.379687 0.753026 0.378125 0.750768 0.378125 0.748510 0.376563 0.746252 0.376563 0.743994 0.373437 0.739478 0.373437 0.737220 0.371875 0.734962 0.371875 0.732704 0.368750 0.728188 0.368750 0.725930 0.367188 0.723672 0.367188 0.721414 0.364062 0.716899 0.364062 0.714641 0.362500 0.712383 0.362500 0.710125 0.360938 0.707867 0.360938 0.703351 0.359375 0.701093 0.359375 0.696577 0.357812 0.694319 0.357812 0.689803 0.356250 0.687545 0.356250 0.678513 0.354688 0.676255 0.354688 0.671740 0.353125 0.669482 0.353125 0.667224 0.351562 0.664966 0.351562 0.662708 0.350000 0.660450 0.350000 0.658192 0.346875 0.653676 0.346875 0.651418 0.340625 0.642386 0.339063 0.642386 0.329688 0.628839 0.329688 0.624323 0.328125 0.622065 0.328125 0.613033 0.326562 0.610775 0.326562 0.594969
2 0.278125 0.387238 0.278125 0.434655 0.284375 0.434655 0.287500 0.439171 0.287500 0.448203 0.304688 0.448203 0.304688 0.439171 0.309375 0.432397 0.314063 0.432397 0.314063 0.387238
7 0.554688 0.856891 0.554688 0.863665 0.553125 0.865923 0.551562 0.865923 0.550000 0.868181 0.543750 0.868181 0.542188 0.870439 0.535937 0.870439 0.534375 0.872697 0.528125 0.872697 0.526563 0.874955 0.521875 0.874955 0.520312 0.877213 0.517187 0.877213 0.515625 0.879471 0.512500 0.879471 0.510938 0.881729 0.509375 0.881729 0.506250 0.886245 0.504687 0.886245 0.500000 0.893018 0.500000 0.895276 0.498437 0.897534 0.498437 0.899792 0.495313 0.904308 0.495313 0.906566 0.492188 0.911082 0.492188 0.913340 0.489062 0.917856 0.485938 0.917856 0.484375 0.920114 0.482812 0.920114 0.481250 0.917856 0.457812 0.917856 0.456250 0.920114 0.451562 0.920114 0.450000 0.922372 0.448438 0.922372 0.446875 0.924630 0.445312 0.924630 0.440625 0.931404 0.439063 0.931404 0.432813 0.940435 0.428125 0.940435 0.428125 0.996884 0.434375 0.996884 0.435937 0.999142 0.435937 1.000000 0.443750 1.000000 0.443750 1.000000 0.445312 0.999142 0.446875 1.000000 0.446875 1.000000 0.770312 1.000000 0.770312 0.972047 0.765625 0.972047 0.760938 0.965273 0.759375 0.965273 0.750000 0.951725 0.748438 0.951725 0.743750 0.944951 0.742188 0.944951 0.739062 0.940435 0.737500 0.940435 0.731250 0.931404 0.729688 0.931404 0.725000 0.924630 0.723437 0.924630 0.718750 0.917856 0.717188 0.917856 0.715625 0.915598 0.714063 0.915598 0.710938 0.911082 0.709375 0.911082 0.707812 0.908824 0.706250 0.908824 0.703125 0.904308 0.701563 0.904308 0.700000 0.902050 0.698438 0.902050 0.695312 0.897534 0.693750 0.897534 0.692187 0.895276 0.690625 0.895276 0.687500 0.890760 0.685938 0.890760 0.684375 0.888503 0.682813 0.888503 0.681250 0.886245 0.679688 0.886245 0.678125 0.883987 0.676562 0.883987 0.675000 0.881729 0.673437 0.881729 0.671875 0.879471 0.670313 0.879471 0.668750 0.877213 0.667188 0.877213 0.665625 0.874955 0.662500 0.874955 0.660937 0.872697 0.657812 0.872697 0.656250 0.870439 0.653125 0.870439 0.651563 0.868181 0.648438 0.868181 0.645312 0.863665 0.645312 0.856891
