0 0.926562 0.138498 0.926562 0.147887 0.925000 0.150235 0.925000 0.152582 0.923437 0.154930 0.923437 0.159624 0.920313 0.164319 0.915625 0.164319 0.915625 0.194836 0.920313 0.194836 0.923437 0.199531 0.923437 0.201878 0.925000 0.204225 0.925000 0.206573 0.928125 0.211268 0.928125 0.213615 0.929688 0.215962 0.929688 0.232394 0.926562 0.237089 0.926562 0.239437 0.925000 0.241784 0.925000 0.244131 0.923437 0.246479 0.923437 0.251174 0.921875 0.253521 0.921875 0.255869 0.920313 0.258216 0.915625 0.258216 0.915625 0.286385 0.920313 0.286385 0.921875 0.288732 0.921875 0.295775 0.923437 0.298122 0.923437 0.302817 0.925000 0.305164 0.925000 0.307512 0.926562 0.309859 0.926562 0.312207 0.928125 0.314554 0.928125 0.321596 0.929688 0.323944 0.929688 0.338028 0.931250 0.340376 0.931250 0.354460 0.932813 0.356808 0.932813 0.363850 0.931250 0.366197 0.931250 0.377934 0.929688 0.380282 0.929688 0.382629 0.931250 0.384977 0.931250 0.399061 0.998438 0.399061 0.998438 0.208920 0.995313 0.208920 0.993750 0.211268 0.993750 0.213615 0.990625 0.218310 0.989062 0.218310 0.984375 0.225352 0.979688 0.218310 0.979688 0.215962 0.978125 0.213615 0.978125 0.208920 0.976562 0.206573 0.976562 0.199531 0.975000 0.197183 0.975000 0.190141 0.973437 0.187793 0.973437 0.180751 0.971875 0.178404 0.971875 0.171362 0.970312 0.169014 0.970312 0.164319 0.968750 0.161972 0.968750 0.154930 0.967188 0.152582 0.967188 0.150235 0.965625 0.147887 0.965625 0.138498
5 0.543750 0.185446 0.543750 0.192488 0.539062 0.199531 0.535937 0.199531 0.534375 0.201878 0.532812 0.201878 0.531250 0.204225 0.525000 0.204225 0.523438 0.206573 0.514063 0.206573 0.512500 0.208920 0.504687 0.208920 0.503125 0.211268 0.493750 0.211268 0.492188 0.213615 0.490625 0.213615 0.489062 0.215962 0.485938 0.215962 0.484375 0.218310 0.481250 0.218310 0.479688 0.220657 0.478125 0.220657 0.476562 0.223005 0.475000 0.223005 0.471875 0.227700 0.470313 0.227700 0.468750 0.230047 0.467187 0.230047 0.465625 0.232394 0.464063 0.232394 0.457812 0.241784 0.457812 0.246479 0.456250 0.248826 0.456250 0.258216 0.454688 0.260563 0.454688 0.267606 0.453125 0.269953 0.453125 0.272300 0.451562 0.274648 0.446875 0.274648 0.446875 0.312207 0.451562 0.312207 0.456250 0.319249 0.456250 0.321596 0.457812 0.323944 0.457812 0.328638 0.459375 0.330986 0.459375 0.352113 0.460938 0.354460 0.460938 0.363850 0.462500 0.366197 0.462500 0.373239 0.464063 0.375587 0.464063 0.384977 0.465625 0.387324 0.465625 0.401408 0.462500 0.406103 0.462500 0.408451 0.457812 0.415493 0.457812 0.420188 0.456250 0.422535 0.456250 0.438967 0.454688 0.441315 0.454688 0.450704 0.456250 0.453052 0.456250 0.460094 0.457812 0.462441 0.457812 0.495305 0.459375 0.497653 0.459375 0.500000 0.460938 0.502347 0.462500 0.502347 0.465625 0.507042 0.465625 0.514085 0.467187 0.516432 0.467187 0.537559 0.468750 0.539906 0.468750 0.551643 0.470313 0.553991 0.470313 0.558685 0.471875 0.561033 0.471875 0.570423 0.473437 0.572770 0.473437 0.575117 0.475000 0.577465 0.475000 0.584507 0.473437 0.586854 0.475000 0.589202 0.475000 0.607981 0.476562 0.610329 0.476562 0.612676 0.482812 0.622066 0.482812 0.624413 0.485938 0.629108 0.485938 0.631455 0.487500 0.633803 0.487500 0.638498 0.489062 0.640845 0.489062 0.650235 0.490625 0.652582 0.490625 0.654930 0.492188 0.657277 0.492188 0.659624 0.495313 0.664319 0.495313 0.671362 0.500000 0.671362 0.500000 0.664319 0.501562 0.661972 0.503125 0.664319 0.503125 0.671362 0.528125 0.671362 0.528125 0.661972 0.529688 0.659624 0.529688 0.650235 0.531250 0.647887 0.531250 0.622066 0.532812 0.619718 0.532812 0.617371 0.535937 0.612676 0.537500 0.612676 0.539062 0.610329 0.565625 0.610329 0.567187 0.612676 0.568750 0.612676 0.570312 0.615023 0.571875 0.615023 0.573438 0.617371 0.575000 0.617371 0.576563 0.619718 0.579687 0.619718 0.581250 0.622066 0.582812 0.622066 0.584375 0.624413 0.593750 0.624413 0.595312 0.622066 0.600000 0.622066 0.601562 0.619718 0.604688 0.619718 0.606250 0.617371 0.609375 0.617371 0.612500 0.612676 0.614062 0.612676 0.615625 0.610329 0.629687 0.610329 0.631250 0.612676 0.635938 0.612676 0.637500 0.615023 0.646875 0.615023 0.653125 0.624413 0.653125 0.629108 0.654688 0.631455 0.654688 0.638498 0.656250 0.640845 0.656250 0.645540 0.657812 0.647887 0.657812 0.650235 0.659375 0.652582 0.660937 0.652582 0.662500 0.654930 0.667188 0.654930 0.668750 0.657277 0.678125 0.657277 0.679688 0.654930 0.685938 0.654930 0.687500 0.652582 0.689062 0.652582 0.689062 0.650235 0.692187 0.645540 0.692187 0.643192 0.693750 0.640845 0.693750 0.638498 0.695312 0.636150 0.695312 0.631455 0.696875 0.629108 0.696875 0.598592 0.695312 0.596244 0.695312 0.563380 0.693750 0.561033 0.693750 0.553991 0.692187 0.551643 0.692187 0.528169 0.690625 0.525822 0.690625 0.504695 0.692187 0.502347 0.692187 0.488263 0.693750 0.485915 0.693750 0.481221 0.695312 0.478873 0.695312 0.476526 0.696875 0.474178 0.696875 0.471831 0.698438 0.469484 0.698438 0.467136 0.700000 0.464789 0.700000 0.462441 0.701563 0.460094 0.701563 0.453052 0.703125 0.450704 0.703125 0.441315 0.704687 0.438967 0.704687 0.424883 0.706250 0.422535 0.706250 0.413146 0.707812 0.410798 0.707812 0.406103 0.709375 0.403756 0.709375 0.399061 0.710938 0.396714 0.710938 0.387324 0.712500 0.384977 0.712500 0.373239 0.714063 0.370892 0.714063 0.345070 0.715625 0.342723 0.715625 0.333333 0.717188 0.330986 0.717188 0.316901 0.718750 0.314554 0.718750 0.281690 0.720312 0.279343 0.720312 0.274648 0.721875 0.272300 0.726562 0.272300 0.726562 0.234742 0.721875 0.234742 0.718750 0.230047 0.718750 0.227700 0.712500 0.218310 0.710938 0.218310 0.707812 0.213615 0.706250 0.213615 0.704687 0.211268 0.701563 0.211268 0.700000 0.208920 0.696875 0.208920 0.695312 0.206573 0.693750 0.206573 0.692187 0.204225 0.690625 0.204225 0.689062 0.201878 0.685938 0.201878 0.684375 0.199531 0.681250 0.199531 0.679688 0.197183 0.675000 0.197183 0.671875 0.192488 0.671875 0.185446
0 0.821875 0.147887 0.821875 0.154930 0.820312 0.157277 0.820312 0.164319 0.818750 0.166667 0.818750 0.169014 0.817187 0.171362 0.817187 0.176056 0.815625 0.178404 0.815625 0.194836 0.817187 0.197183 0.817187 0.208920 0.818750 0.211268 0.818750 0.213615 0.820312 0.215962 0.820312 0.218310 0.821875 0.220657 0.821875 0.223005 0.823438 0.225352 0.823438 0.227700 0.825000 0.230047 0.825000 0.244131 0.823438 0.246479 0.823438 0.253521 0.821875 0.255869 0.821875 0.258216 0.820312 0.260563 0.820312 0.265258 0.818750 0.267606 0.818750 0.269953 0.817187 0.272300 0.817187 0.276995 0.815625 0.279343 0.815625 0.281690 0.814062 0.284038 0.814062 0.286385 0.812500 0.288732 0.812500 0.291080 0.810938 0.293427 0.810938 0.295775 0.809375 0.298122 0.809375 0.300469 0.806250 0.305164 0.804688 0.305164 0.803125 0.307512 0.801562 0.307512 0.800000 0.309859 0.790625 0.309859 0.790625 0.328638 0.795313 0.328638 0.801562 0.338028 0.801562 0.345070 0.803125 0.347418 0.803125 0.366197 0.801562 0.368545 0.801562 0.380282 0.800000 0.382629 0.800000 0.394366 0.798437 0.396714 0.798437 0.408451 0.817187 0.408451 0.817187 0.399061 0.815625 0.396714 0.815625 0.377934 0.814062 0.375587 0.814062 0.370892 0.815625 0.368545 0.815625 0.361502 0.817187 0.359155 0.817187 0.352113 0.818750 0.349765 0.818750 0.347418 0.823438 0.340376 0.825000 0.340376 0.826563 0.338028 0.828125 0.338028 0.831250 0.342723 0.831250 0.345070 0.832812 0.347418 0.832812 0.361502 0.831250 0.363850 0.831250 0.408451 0.884375 0.408451 0.884375 0.401408 0.889063 0.394366 0.895312 0.394366 0.895312 0.375587 0.890625 0.375587 0.887500 0.370892 0.890625 0.366197 0.895312 0.366197 0.895312 0.246479 0.890625 0.246479 0.889063 0.244131 0.887500 0.244131 0.885938 0.241784 0.884375 0.241784 0.873438 0.225352 0.871875 0.225352 0.868750 0.220657 0.868750 0.218310 0.865625 0.213615 0.865625 0.211268 0.864062 0.208920 0.864062 0.185446 0.862500 0.183099 0.862500 0.169014 0.860937 0.166667 0.860937 0.147887
5 0.996875 0.323944 0.998438 0.323944 0.998438 0.309859 0.996875 0.309859 0.995313 0.312207 0.995313 0.319249 0.996875 0.321596 0.996875 0.323944 0.996875 0.366197 0.995313 0.368545 0.995313 0.370892 0.984375 0.387324 0.981250 0.387324 0.979688 0.389671 0.976562 0.389671 0.975000 0.392019 0.971875 0.392019 0.970312 0.394366 0.948438 0.394366 0.946875 0.396714 0.945312 0.394366 0.937500 0.394366 0.935938 0.392019 0.932813 0.392019 0.931250 0.389671 0.931250 0.384977 0.929688 0.382629 0.929688 0.380282 0.931250 0.377934 0.931250 0.356808 0.929688 0.354460 0.929688 0.330986 0.928125 0.328638 0.928125 0.307512 0.925000 0.302817 0.925000 0.300469 0.923437 0.298122 0.923437 0.291080 0.921875 0.288732 0.923437 0.286385 0.923437 0.272300 0.921875 0.269953 0.921875 0.258216 0.923437 0.255869 0.923437 0.248826 0.926562 0.244131 0.926562 0.241784 0.928125 0.239437 0.928125 0.234742 0.929688 0.232394 0.929688 0.227700 0.931250 0.225352 0.931250 0.223005 0.932813 0.220657 0.931250 0.218310 0.931250 0.211268 0.929688 0.208920 0.929688 0.206573 0.928125 0.204225 0.928125 0.201878 0.925000 0.197183 0.925000 0.192488 0.923437 0.190141 0.923437 0.185446 0.921875 0.183099 0.921875 0.176056 0.923437 0.173709 0.923437 0.169014 0.925000 0.166667 0.925000 0.164319 0.926562 0.161972 0.928125 0.161972 0.929688 0.159624 0.934375 0.159624 0.935938 0.157277 0.937500 0.157277 0.939062 0.154930 0.953125 0.154930 0.954687 0.152582 0.960938 0.152582 0.964063 0.157277 0.962500 0.159624 0.962500 0.161972 0.960938 0.164319 0.960938 0.166667 0.962500 0.169014 0.962500 0.173709 0.964063 0.176056 0.964063 0.180751 0.965625 0.183099 0.965625 0.185446 0.970312 0.185446 0.973437 0.190141 0.973437 0.194836 0.975000 0.197183 0.975000 0.213615 0.982813 0.225352 0.984375 0.223005 0.984375 0.220657 0.985937 0.218310 0.985937 0.215962 0.993750 0.204225 0.993750 0.201878 0.996875 0.197183 0.998438 0.197183 0.998438 0.000000 0.881250 0.000000 0.881250 0.000000 0.879687 0.000000 0.876562 0.000000 0.875000 0.000000 0.862500 0.000000 0.860937 0.002347 0.848437 0.002347 0.846875 0.004695 0.834375 0.004695 0.832812 0.007042 0.829687 0.007042 0.828125 0.009390 0.825000 0.009390 0.823438 0.011737 0.820312 0.011737 0.818750 0.014085 0.814062 0.014085 0.812500 0.016432 0.809375 0.016432 0.807813 0.018779 0.803125 0.018779 0.801562 0.021127 0.796875 0.021127 0.795313 0.023474 0.790625 0.023474 0.789062 0.025822 0.785937 0.025822 0.784375 0.028169 0.782812 0.028169 0.781250 0.030516 0.778125 0.030516 0.776563 0.032864 0.771875 0.032864 0.770312 0.035211 0.765625 0.035211 0.764063 0.037559 0.760938 0.037559 0.759375 0.039906 0.754687 0.039906 0.753125 0.042254 0.750000 0.042254 0.748438 0.044601 0.745313 0.044601 0.743750 0.046948 0.742188 0.046948 0.737500 0.053991 0.737500 0.056338 0.735937 0.058685 0.735937 0.061033 0.734375 0.063380 0.734375 0.068075 0.732813 0.070423 0.732813 0.072770 0.731250 0.075117 0.731250 0.084507 0.729688 0.086854 0.729688 0.096244 0.728125 0.098592 0.728125 0.107981 0.726562 0.110329 0.726562 0.119718 0.725000 0.122066 0.725000 0.129108 0.723437 0.131455 0.723437 0.136150 0.721875 0.138498 0.721875 0.143192 0.720312 0.145540 0.720312 0.147887 0.718750 0.150235 0.718750 0.152582 0.717188 0.154930 0.717188 0.159624 0.715625 0.161972 0.715625 0.173709 0.714063 0.176056 0.714063 0.197183 0.715625 0.199531 0.715625 0.204225 0.717188 0.206573 0.717188 0.211268 0.718750 0.213615 0.718750 0.215962 0.720312 0.218310 0.720312 0.223005 0.721875 0.225352 0.721875 0.232394 0.723437 0.234742 0.723437 0.251174 0.721875 0.253521 0.721875 0.260563 0.720312 0.262911 0.720312 0.274648 0.718750 0.276995 0.718750 0.291080 0.717188 0.293427 0.717188 0.305164 0.715625 0.307512 0.715625 0.316901 0.714063 0.319249 0.714063 0.323944 0.712500 0.326291 0.712500 0.375587 0.710938 0.377934 0.710938 0.392019 0.709375 0.394366 0.709375 0.401408 0.707812 0.403756 0.707812 0.422535 0.706250 0.424883 0.706250 0.441315 0.704687 0.443662 0.704687 0.450704 0.703125 0.453052 0.703125 0.457746 0.701563 0.460094 0.701563 0.464789 0.700000 0.467136 0.700000 0.469484 0.696875 0.474178 0.696875 0.481221 0.695312 0.483568 0.695312 0.502347 0.693750 0.504695 0.693750 0.523474 0.695312 0.525822 0.695312 0.561033 0.696875 0.563380 0.696875 0.584507 0.698438 0.586854 0.698438 0.631455 0.696875 0.633803 0.696875 0.640845 0.695312 0.643192 0.695312 0.647887 0.693750 0.650235 0.693750 0.657277 0.692187 0.659624 0.692187 0.669014 0.693750 0.671362 0.693750 0.704225 0.692187 0.706573 0.692187 0.711268 0.693750 0.713615 0.693750 0.715962 0.696875 0.720657 0.696875 0.723005 0.698438 0.725352 0.698438 0.727700 0.700000 0.730047 0.700000 0.737089 0.701563 0.739437 0.701563 0.772300 0.700000 0.774648 0.700000 0.807512 0.701563 0.809859 0.701563 0.814554 0.703125 0.816901 0.703125 0.821596 0.706250 0.826291 0.706250 0.828638 0.715625 0.842723 0.732813 0.842723 0.734375 0.845070 0.735937 0.845070 0.739062 0.849765 0.742188 0.849765 0.743750 0.852113 0.753125 0.852113 0.754687 0.854460 0.775000 0.854460 0.776563 0.852113 0.781250 0.852113 0.782812 0.849765 0.790625 0.849765 0.793750 0.845070 0.795313 0.845070 0.796875 0.842723 0.800000 0.842723 0.801562 0.840376 0.804688 0.840376 0.806250 0.838028 0.810938 0.838028 0.812500 0.835681 0.815625 0.835681 0.817187 0.833333 0.818750 0.833333 0.820312 0.830986 0.825000 0.830986 0.826563 0.828638 0.835938 0.828638 0.837500 0.830986 0.840625 0.830986 0.842188 0.833333 0.842188 0.835681 0.845312 0.840376 0.845312 0.842723 0.846875 0.845070 0.846875 0.849765 0.848437 0.852113 0.848437 0.861502 0.850000 0.863850 0.850000 0.868545 0.851562 0.870892 0.851562 0.877934 0.853125 0.880282 0.853125 0.884977 0.854688 0.887324 0.854688 0.896714 0.856250 0.899061 0.856250 0.903756 0.857813 0.906103 0.857813 0.908451 0.859375 0.910798 0.859375 0.915493 0.860937 0.917840 0.860937 0.920188 0.862500 0.922535 0.862500 0.927230 0.864062 0.929577 0.864062 0.931925 0.865625 0.934272 0.865625 0.936620 0.867188 0.938967 0.867188 0.941315 0.868750 0.943662 0.868750 0.946009 0.870313 0.948357 0.870313 0.950704 0.871875 0.953052 0.871875 0.962441 0.998438 0.962441 0.998438 0.366197 0.996875 0.366197
0 0.346875 0.619718 0.351562 0.619718 0.351562 0.612676 0.346875 0.612676 0.346875 0.619718 0.334375 0.629108 0.332812 0.626761 0.332812 0.603286 0.334375 0.600939 0.334375 0.586854 0.335938 0.584507 0.335938 0.563380 0.337500 0.561033 0.337500 0.558685 0.340625 0.553991 0.342187 0.556338 0.343750 0.556338 0.345313 0.558685 0.351562 0.558685 0.351562 0.537559 0.339063 0.537559 0.332812 0.528169 0.332812 0.525822 0.331250 0.523474 0.331250 0.507042 0.332812 0.504695 0.332812 0.490610 0.331250 0.488263 0.331250 0.481221 0.329688 0.478873 0.329688 0.476526 0.328125 0.474178 0.328125 0.467136 0.307813 0.467136 0.307813 0.474178 0.304688 0.478873 0.304688 0.481221 0.303125 0.483568 0.303125 0.504695 0.304688 0.507042 0.304688 0.523474 0.303125 0.525822 0.303125 0.528169 0.301562 0.530516 0.298438 0.530516 0.296875 0.532864 0.295312 0.532864 0.290625 0.539906 0.289062 0.539906 0.281250 0.551643 0.281250 0.556338 0.279687 0.558685 0.279687 0.589202 0.281250 0.591549 0.281250 0.593897 0.282813 0.596244 0.282813 0.598592 0.284375 0.600939 0.284375 0.603286 0.285937 0.605634 0.285937 0.654930 0.287500 0.657277 0.287500 0.673709 0.289062 0.676056 0.289062 0.680751 0.290625 0.683099 0.290625 0.692488 0.292188 0.694836 0.292188 0.706573 0.293750 0.708920 0.293750 0.718310 0.295312 0.720657 0.295312 0.755869 0.296875 0.758216 0.296875 0.809859 0.298438 0.812207 0.298438 0.823944 0.300000 0.826291 0.300000 0.833333 0.301562 0.835681 0.301562 0.838028 0.304688 0.838028 0.306250 0.840376 0.320312 0.840376 0.321875 0.838028 0.328125 0.838028 0.329688 0.835681 0.331250 0.835681 0.332812 0.833333 0.334375 0.833333 0.334375 0.828638 0.332812 0.826291 0.332812 0.823944 0.326562 0.814554 0.326562 0.802817 0.332812 0.793427 0.329688 0.788732 0.329688 0.784038 0.328125 0.781690 0.328125 0.776995 0.326562 0.774648 0.326562 0.765258 0.325000 0.762911 0.325000 0.744131 0.326562 0.741784 0.326562 0.734742 0.328125 0.732394 0.328125 0.720657 0.329688 0.718310 0.329688 0.704225 0.331250 0.701878 0.331250 0.671362 0.332812 0.669014 0.332812 0.657277 0.334375 0.654930 0.334375 0.629108
0 0.075000 0.915493 0.073437 0.913146 0.073437 0.910798 0.071875 0.908451 0.065625 0.908451 0.065625 0.924883 0.075000 0.924883 0.075000 0.915493 0.089062 0.910798 0.090625 0.913146 0.090625 0.915493 0.092188 0.917840 0.092188 0.924883 0.114063 0.924883 0.114063 0.917840 0.115625 0.915493 0.115625 0.913146 0.120312 0.906103 0.120312 0.901408 0.121875 0.899061 0.121875 0.894366 0.123438 0.892019 0.123438 0.887324 0.125000 0.884977 0.125000 0.868545 0.126563 0.866197 0.126563 0.856808 0.128125 0.854460 0.128125 0.847418 0.129688 0.845070 0.129688 0.835681 0.128125 0.833333 0.128125 0.821596 0.126563 0.819249 0.126563 0.812207 0.125000 0.809859 0.125000 0.788732 0.126563 0.786385 0.126563 0.781690 0.128125 0.779343 0.134375 0.788732 0.134375 0.791080 0.135937 0.793427 0.135937 0.798122 0.137500 0.800469 0.137500 0.816901 0.139062 0.819249 0.139062 0.826291 0.142188 0.830986 0.142188 0.833333 0.143750 0.835681 0.143750 0.838028 0.145313 0.840376 0.145313 0.842723 0.146875 0.845070 0.146875 0.847418 0.148438 0.849765 0.148438 0.854460 0.150000 0.856808 0.150000 0.870892 0.151562 0.873239 0.151562 0.877934 0.154687 0.882629 0.154687 0.884977 0.156250 0.887324 0.156250 0.889671 0.162500 0.899061 0.165625 0.899061 0.167187 0.901408 0.189063 0.901408 0.189063 0.884977 0.182812 0.884977 0.179688 0.880282 0.179688 0.877934 0.175000 0.870892 0.175000 0.866197 0.173438 0.863850 0.173438 0.859155 0.171875 0.856808 0.171875 0.849765 0.170312 0.847418 0.170312 0.845070 0.168750 0.842723 0.168750 0.835681 0.167187 0.833333 0.167187 0.826291 0.165625 0.823944 0.165625 0.816901 0.164062 0.814554 0.164062 0.812207 0.160938 0.807512 0.160938 0.802817 0.159375 0.800469 0.159375 0.795775 0.157813 0.793427 0.157813 0.788732 0.156250 0.786385 0.156250 0.784038 0.154687 0.781690 0.154687 0.774648 0.153125 0.772300 0.153125 0.746479 0.151562 0.744131 0.151562 0.739437 0.150000 0.737089 0.150000 0.732394 0.148438 0.730047 0.148438 0.727700 0.146875 0.725352 0.146875 0.723005 0.145313 0.720657 0.142188 0.725352 0.142188 0.748826 0.143750 0.751174 0.143750 0.753521 0.145313 0.755869 0.145313 0.760563 0.146875 0.762911 0.146875 0.767606 0.142188 0.774648 0.135937 0.774648 0.134375 0.776995 0.129688 0.769953 0.129688 0.765258 0.128125 0.762911 0.128125 0.751174 0.129688 0.748826 0.129688 0.741784 0.135937 0.732394 0.135937 0.725352 0.134375 0.723005 0.132812 0.723005 0.129688 0.727700 0.128125 0.727700 0.126563 0.725352 0.126563 0.708920 0.125000 0.706573 0.125000 0.701878 0.131250 0.692488 0.131250 0.690141 0.132812 0.687793 0.132812 0.685446 0.134375 0.683099 0.134375 0.678404 0.135937 0.676056 0.135937 0.673709 0.139062 0.669014 0.139062 0.666667 0.145313 0.657277 0.145313 0.654930 0.146875 0.652582 0.146875 0.650235 0.148438 0.647887 0.148438 0.593897 0.146875 0.591549 0.146875 0.575117 0.145313 0.572770 0.145313 0.568075 0.143750 0.565728 0.143750 0.558685 0.142188 0.556338 0.142188 0.551643 0.140625 0.549296 0.140625 0.544601 0.139062 0.542253 0.139062 0.539906 0.132812 0.530516 0.132812 0.528169 0.129688 0.523474 0.129688 0.504695 0.128125 0.502347 0.128125 0.492958 0.126563 0.490610 0.126563 0.485915 0.125000 0.483568 0.125000 0.481221 0.123438 0.478873 0.123438 0.476526 0.121875 0.474178 0.121875 0.471831 0.117188 0.464789 0.117188 0.457746 0.107813 0.457746 0.107813 0.464789 0.101562 0.474178 0.101562 0.476526 0.098438 0.481221 0.098438 0.488263 0.096875 0.490610 0.096875 0.500000 0.095312 0.502347 0.095312 0.514085 0.093750 0.516432 0.093750 0.521127 0.092188 0.523474 0.092188 0.525822 0.085938 0.535211 0.085938 0.537559 0.084375 0.539906 0.084375 0.542253 0.082813 0.544601 0.082813 0.546948 0.081250 0.549296 0.081250 0.553991 0.079687 0.556338 0.079687 0.558685 0.078125 0.561033 0.078125 0.563380 0.075000 0.568075 0.075000 0.570423 0.070312 0.577465 0.065625 0.577465 0.065625 0.589202 0.070312 0.589202 0.079687 0.603286 0.079687 0.626761 0.078125 0.629108 0.078125 0.636150 0.076563 0.638498 0.076563 0.640845 0.075000 0.643192 0.075000 0.654930 0.073437 0.657277 0.073437 0.673709 0.070312 0.678404 0.065625 0.678404 0.065625 0.692488 0.070312 0.692488 0.071875 0.694836 0.075000 0.694836 0.076563 0.697183 0.078125 0.697183 0.081250 0.701878 0.081250 0.704225 0.082813 0.706573 0.082813 0.711268 0.085938 0.711268 0.087500 0.708920 0.087500 0.701878 0.089062 0.699531 0.090625 0.701878 0.090625 0.711268 0.092188 0.713615 0.092188 0.720657 0.093750 0.723005 0.093750 0.744131 0.092188 0.746479 0.092188 0.755869 0.090625 0.758216 0.090625 0.765258 0.087500 0.769953 0.085938 0.769953 0.084375 0.772300 0.084375 0.784038 0.090625 0.793427 0.090625 0.814554 0.089062 0.816901 0.089062 0.828638 0.087500 0.830986 0.087500 0.833333 0.089062 0.835681 0.089062 0.852113 0.090625 0.854460 0.090625 0.866197 0.092188 0.868545 0.092188 0.877934 0.093750 0.880282 0.093750 0.892019 0.092188 0.894366 0.092188 0.901408 0.089062 0.906103 0.089062 0.910798
0 0.039062 0.467136 0.039062 0.476526 0.037500 0.478873 0.035937 0.478873 0.032812 0.483568 0.031250 0.483568 0.029687 0.485915 0.029687 0.488263 0.026563 0.492958 0.026563 0.500000 0.025000 0.502347 0.025000 0.507042 0.026563 0.509390 0.026563 0.525822 0.028125 0.528169 0.028125 0.542253 0.026563 0.544601 0.025000 0.544601 0.017188 0.556338 0.017188 0.558685 0.010937 0.568075 0.010937 0.575117 0.009375 0.577465 0.009375 0.586854 0.010937 0.589202 0.010937 0.598592 0.012500 0.600939 0.012500 0.607981 0.014062 0.610329 0.014062 0.615023 0.015625 0.617371 0.015625 0.661972 0.017188 0.664319 0.017188 0.673709 0.018750 0.676056 0.018750 0.683099 0.020312 0.685446 0.020312 0.692488 0.021875 0.694836 0.021875 0.713615 0.020312 0.715962 0.020312 0.720657 0.018750 0.723005 0.018750 0.734742 0.017188 0.737089 0.017188 0.760563 0.015625 0.762911 0.015625 0.830986 0.017188 0.833333 0.017188 0.849765 0.018750 0.852113 0.018750 0.870892 0.020312 0.873239 0.020312 0.887324 0.021875 0.889671 0.021875 0.901408 0.023438 0.903756 0.023438 0.910798 0.025000 0.913146 0.025000 0.917840 0.028125 0.922535 0.028125 0.924883 0.029687 0.924883 0.032812 0.929577 0.059375 0.929577 0.060938 0.927230 0.065625 0.927230 0.067188 0.924883 0.068750 0.924883 0.070312 0.922535 0.071875 0.922535 0.073437 0.920188 0.075000 0.920188 0.076563 0.917840 0.082813 0.917840 0.082813 0.913146 0.078125 0.913146 0.073437 0.906103 0.071875 0.906103 0.065625 0.896714 0.065625 0.894366 0.062500 0.889671 0.062500 0.856808 0.060938 0.854460 0.060938 0.828638 0.062500 0.826291 0.062500 0.769953 0.060938 0.767606 0.060938 0.744131 0.059375 0.741784 0.059375 0.697183 0.060938 0.694836 0.060938 0.690141 0.062500 0.687793 0.062500 0.683099 0.070312 0.671362 0.070312 0.652582 0.071875 0.650235 0.071875 0.629108 0.070312 0.626761 0.070312 0.624413 0.071875 0.622066 0.071875 0.612676 0.070312 0.610329 0.070312 0.605634 0.068750 0.603286 0.068750 0.598592 0.067188 0.596244 0.067188 0.593897 0.065625 0.591549 0.065625 0.589202 0.064062 0.586854 0.064062 0.584507 0.062500 0.582160 0.062500 0.572770 0.060938 0.570423 0.060938 0.565728 0.059375 0.563380 0.059375 0.556338 0.057813 0.553991 0.057813 0.537559 0.059375 0.535211 0.059375 0.521127 0.060938 0.518779 0.060938 0.514085 0.062500 0.511737 0.062500 0.509390 0.064062 0.507042 0.064062 0.497653 0.062500 0.495305 0.062500 0.492958 0.060938 0.490610 0.060938 0.488263 0.056250 0.481221 0.054688 0.481221 0.053125 0.478873 0.051562 0.478873 0.048437 0.474178 0.048437 0.467136
0 0.215625 0.798122 0.214062 0.795775 0.209375 0.795775 0.209375 0.812207 0.214062 0.812207 0.214062 0.809859 0.215625 0.807512 0.215625 0.798122 0.220313 0.791080 0.229687 0.805164 0.229687 0.809859 0.231250 0.812207 0.231250 0.816901 0.234375 0.821596 0.234375 0.830986 0.264062 0.830986 0.264062 0.823944 0.267188 0.819249 0.270312 0.819249 0.273438 0.814554 0.273438 0.802817 0.275000 0.800469 0.275000 0.795775 0.276563 0.793427 0.276563 0.791080 0.278125 0.788732 0.278125 0.734742 0.276563 0.732394 0.276563 0.727700 0.273438 0.723005 0.273438 0.720657 0.271875 0.718310 0.270312 0.720657 0.270312 0.746479 0.268750 0.748826 0.268750 0.751174 0.265625 0.755869 0.264062 0.755869 0.260938 0.751174 0.260938 0.744131 0.259375 0.741784 0.259375 0.680751 0.260938 0.678404 0.260938 0.657277 0.262500 0.654930 0.262500 0.631455 0.264062 0.629108 0.264062 0.622066 0.262500 0.619718 0.262500 0.607981 0.264062 0.605634 0.264062 0.600939 0.265625 0.598592 0.265625 0.596244 0.267188 0.593897 0.268750 0.593897 0.271875 0.589202 0.271875 0.565728 0.273438 0.563380 0.273438 0.544601 0.271875 0.542253 0.271875 0.537559 0.270312 0.535211 0.270312 0.521127 0.273438 0.516432 0.273438 0.514085 0.276563 0.509390 0.276563 0.507042 0.281250 0.500000 0.281250 0.492958 0.282813 0.490610 0.282813 0.483568 0.281250 0.481221 0.281250 0.469484 0.279687 0.467136 0.279687 0.464789 0.284375 0.457746 0.289062 0.457746 0.289062 0.438967 0.264062 0.438967 0.264062 0.446009 0.262500 0.448357 0.262500 0.450704 0.260938 0.453052 0.259375 0.453052 0.256250 0.457746 0.256250 0.460094 0.254687 0.462441 0.254687 0.464789 0.253125 0.467136 0.253125 0.469484 0.251563 0.471831 0.251563 0.474178 0.250000 0.476526 0.250000 0.483568 0.248437 0.485915 0.248437 0.495305 0.246875 0.497653 0.246875 0.500000 0.237500 0.514085 0.237500 0.516432 0.232812 0.523474 0.232812 0.532864 0.231250 0.535211 0.231250 0.556338 0.232812 0.558685 0.232812 0.563380 0.231250 0.565728 0.231250 0.582160 0.229687 0.584507 0.229687 0.586854 0.226562 0.591549 0.226562 0.593897 0.225000 0.596244 0.225000 0.598592 0.223438 0.600939 0.223438 0.603286 0.221875 0.605634 0.221875 0.612676 0.220313 0.615023 0.220313 0.638498 0.218750 0.640845 0.218750 0.647887 0.217187 0.650235 0.217187 0.666667 0.218750 0.669014 0.218750 0.676056 0.220313 0.678404 0.220313 0.687793 0.221875 0.690141 0.221875 0.704225 0.223438 0.706573 0.223438 0.725352 0.221875 0.727700 0.221875 0.737089 0.220313 0.739437 0.220313 0.748826 0.218750 0.751174 0.218750 0.784038 0.220313 0.786385 0.220313 0.791080
7 0.879687 0.000000 0.879687 0.000000 0.878125 0.000000 0.871875 0.000000 0.870313 0.000000 0.857813 0.000000 0.856250 0.002347 0.840625 0.002347 0.839063 0.004695 0.831250 0.004695 0.829687 0.007042 0.826563 0.007042 0.825000 0.009390 0.823438 0.009390 0.821875 0.011737 0.817187 0.011737 0.815625 0.014085 0.812500 0.014085 0.810938 0.016432 0.807813 0.016432 0.806250 0.018779 0.801562 0.018779 0.800000 0.021127 0.795313 0.021127 0.793750 0.023474 0.789062 0.023474 0.787500 0.025822 0.784375 0.025822 0.782812 0.028169 0.781250 0.028169 0.779688 0.030516 0.776563 0.030516 0.775000 0.032864 0.770312 0.032864 0.768750 0.035211 0.765625 0.035211 0.764063 0.037559 0.760938 0.037559 0.759375 0.039906 0.754687 0.039906 0.753125 0.042254 0.750000 0.042254 0.748438 0.044601 0.745313 0.044601 0.743750 0.046948 0.742188 0.046948 0.737500 0.053991 0.737500 0.056338 0.735937 0.058685 0.735937 0.061033 0.734375 0.063380 0.734375 0.068075 0.732813 0.070423 0.732813 0.072770 0.731250 0.075117 0.731250 0.084507 0.729688 0.086854 0.729688 0.098592 0.728125 0.100939 0.728125 0.110329 0.726562 0.112676 0.726562 0.119718 0.725000 0.122066 0.725000 0.129108 0.723437 0.131455 0.723437 0.138498 0.721875 0.140845 0.721875 0.143192 0.720312 0.145540 0.720312 0.147887 0.718750 0.150235 0.718750 0.152582 0.717188 0.154930 0.717188 0.157277 0.715625 0.159624 0.715625 0.164319 0.714063 0.166667 0.714063 0.201878 0.715625 0.204225 0.715625 0.206573 0.717188 0.208920 0.717188 0.213615 0.718750 0.215962 0.718750 0.220657 0.720312 0.223005 0.720312 0.227700 0.721875 0.230047 0.721875 0.253521 0.720312 0.255869 0.720312 0.260563 0.718750 0.262911 0.718750 0.267606 0.717188 0.269953 0.717188 0.281690 0.715625 0.284038 0.715625 0.293427 0.714063 0.295775 0.714063 0.298122 0.712500 0.300469 0.712500 0.305164 0.710938 0.307512 0.710938 0.316901 0.709375 0.319249 0.709375 0.321596 0.707812 0.323944 0.707812 0.338028 0.709375 0.340376 0.709375 0.352113 0.710938 0.354460 0.710938 0.366197 0.709375 0.368545 0.709375 0.387324 0.707812 0.389671 0.707812 0.401408 0.706250 0.403756 0.706250 0.429577 0.704687 0.431925 0.704687 0.443662 0.703125 0.446009 0.703125 0.453052 0.701563 0.455399 0.701563 0.462441 0.700000 0.464789 0.700000 0.467136 0.698438 0.469484 0.698438 0.471831 0.696875 0.474178 0.696875 0.476526 0.695312 0.478873 0.695312 0.492958 0.693750 0.495305 0.693750 0.535211 0.695312 0.537559 0.695312 0.575117 0.696875 0.577465 0.696875 0.633803 0.695312 0.636150 0.695312 0.640845 0.693750 0.643192 0.693750 0.650235 0.692187 0.652582 0.692187 0.666667 0.693750 0.669014 0.693750 0.704225 0.692187 0.706573 0.692187 0.711268 0.693750 0.713615 0.693750 0.715962 0.696875 0.720657 0.696875 0.723005 0.698438 0.725352 0.698438 0.727700 0.700000 0.730047 0.700000 0.734742 0.701563 0.737089 0.701563 0.779343 0.700000 0.781690 0.700000 0.805164 0.701563 0.807512 0.701563 0.814554 0.703125 0.816901 0.703125 0.821596 0.706250 0.826291 0.706250 0.828638 0.710938 0.835681 0.710938 0.838028 0.712500 0.840376 0.714063 0.840376 0.715625 0.842723 0.731250 0.842723 0.732813 0.845070 0.734375 0.845070 0.735937 0.847418 0.737500 0.847418 0.739062 0.849765 0.740625 0.849765 0.742188 0.852113 0.750000 0.852113 0.751562 0.854460 0.779688 0.854460 0.781250 0.852113 0.785937 0.852113 0.787500 0.849765 0.790625 0.849765 0.793750 0.845070 0.795313 0.845070 0.796875 0.842723 0.800000 0.842723 0.801562 0.840376 0.806250 0.840376 0.807813 0.838028 0.810938 0.838028 0.812500 0.835681 0.815625 0.835681 0.817187 0.833333 0.820312 0.833333 0.821875 0.830986 0.825000 0.830986 0.826563 0.828638 0.840625 0.828638 0.846875 0.838028 0.846875 0.845070 0.848437 0.847418 0.848437 0.856808 0.850000 0.859155 0.850000 0.863850 0.851562 0.866197 0.851562 0.873239 0.853125 0.875587 0.853125 0.882629 0.854688 0.884977 0.854688 0.894366 0.856250 0.896714 0.856250 0.901408 0.857813 0.903756 0.857813 0.908451 0.859375 0.910798 0.859375 0.913146 0.860937 0.915493 0.860937 0.920188 0.862500 0.922535 0.862500 0.924883 0.864062 0.927230 0.864062 0.931925 0.865625 0.934272 0.865625 0.936620 0.867188 0.938967 0.867188 0.941315 0.868750 0.943662 0.868750 0.946009 0.870313 0.948357 0.870313 0.950704 0.873438 0.955399 0.873438 0.957747 0.875000 0.960094 0.875000 0.962441 0.881250 0.971831 0.881250 0.974178 0.890625 0.988263 0.892187 0.988263 0.893750 0.990610 0.893750 1.000000 0.998438 1.000000 0.998438 0.384977 0.992188 0.384977 0.990625 0.387324 0.987500 0.387324 0.985937 0.389671 0.984375 0.389671 0.982813 0.392019 0.976562 0.392019 0.975000 0.394366 0.968750 0.394366 0.967188 0.396714 0.942187 0.396714 0.940625 0.394366 0.932813 0.394366 0.929688 0.389671 0.929688 0.347418 0.928125 0.345070 0.928125 0.314554 0.926562 0.312207 0.926562 0.307512 0.923437 0.302817 0.923437 0.300469 0.921875 0.298122 0.921875 0.274648 0.920313 0.272300 0.920313 0.260563 0.921875 0.258216 0.921875 0.251174 0.923437 0.248826 0.923437 0.246479 0.926562 0.241784 0.926562 0.237089 0.928125 0.234742 0.928125 0.230047 0.929688 0.227700 0.929688 0.211268 0.928125 0.208920 0.928125 0.206573 0.925000 0.201878 0.925000 0.199531 0.923437 0.197183 0.923437 0.192488 0.921875 0.190141 0.921875 0.185446 0.920313 0.183099 0.920313 0.176056 0.921875 0.173709 0.921875 0.171362 0.923437 0.169014 0.923437 0.166667 0.925000 0.164319 0.925000 0.161972 0.928125 0.157277 0.929688 0.157277 0.931250 0.154930 0.934375 0.154930 0.935938 0.152582 0.942187 0.152582 0.943750 0.150235 0.960938 0.150235 0.962500 0.152582 0.965625 0.152582 0.967188 0.154930 0.968750 0.154930 0.970312 0.157277 0.967188 0.161972 0.965625 0.161972 0.964063 0.164319 0.967188 0.169014 0.968750 0.169014 0.971875 0.173709 0.971875 0.176056 0.973437 0.178404 0.973437 0.185446 0.975000 0.187793 0.975000 0.190141 0.976562 0.192488 0.976562 0.204225 0.978125 0.206573 0.978125 0.213615 0.982813 0.220657 0.984375 0.220657 0.984375 0.218310 0.985937 0.215962 0.985937 0.213615 0.993750 0.201878 0.993750 0.197183 0.996875 0.192488 0.998438 0.192488 0.998438 0.000000
0 0.418750 0.410798 0.418750 0.427230 0.417188 0.429577 0.417188 0.436620 0.414062 0.441315 0.412500 0.441315 0.410937 0.443662 0.409375 0.443662 0.407813 0.446009 0.406250 0.446009 0.404687 0.448357 0.403125 0.448357 0.403125 0.453052 0.401563 0.455399 0.401563 0.464789 0.400000 0.467136 0.400000 0.492958 0.401563 0.495305 0.401563 0.502347 0.400000 0.504695 0.400000 0.521127 0.398438 0.523474 0.398438 0.539906 0.395312 0.544601 0.390625 0.544601 0.390625 0.558685 0.395312 0.558685 0.398438 0.563380 0.400000 0.563380 0.403125 0.568075 0.404687 0.568075 0.407813 0.572770 0.409375 0.572770 0.410937 0.575117 0.412500 0.575117 0.417188 0.582160 0.417188 0.584507 0.418750 0.586854 0.418750 0.600939 0.420312 0.603286 0.420312 0.607981 0.418750 0.610329 0.418750 0.615023 0.417188 0.617371 0.417188 0.619718 0.415625 0.622066 0.415625 0.624413 0.414062 0.626761 0.414062 0.629108 0.412500 0.631455 0.412500 0.636150 0.410937 0.638498 0.410937 0.647887 0.412500 0.650235 0.412500 0.673709 0.414062 0.676056 0.414062 0.680751 0.420312 0.690141 0.420312 0.699531 0.448438 0.699531 0.448438 0.683099 0.446875 0.680751 0.446875 0.673709 0.445312 0.671362 0.445312 0.645540 0.446875 0.643192 0.446875 0.591549 0.448438 0.589202 0.448438 0.586854 0.451562 0.582160 0.451562 0.577465 0.453125 0.575117 0.453125 0.572770 0.454688 0.570423 0.454688 0.563380 0.456250 0.561033 0.456250 0.551643 0.454688 0.549296 0.448438 0.549296 0.446875 0.551643 0.442187 0.551643 0.440625 0.549296 0.439063 0.549296 0.434375 0.542253 0.434375 0.539906 0.435937 0.537559 0.435937 0.535211 0.442187 0.525822 0.442187 0.523474 0.443750 0.521127 0.443750 0.518779 0.446875 0.514085 0.448438 0.514085 0.450000 0.511737 0.451562 0.511737 0.453125 0.509390 0.454688 0.511737 0.456250 0.511737 0.459375 0.516432 0.464063 0.516432 0.464063 0.492958 0.459375 0.492958 0.457812 0.490610 0.457812 0.488263 0.456250 0.485915 0.456250 0.471831 0.454688 0.469484 0.454688 0.462441 0.453125 0.460094 0.453125 0.455399 0.451562 0.453052 0.451562 0.438967 0.450000 0.436620 0.450000 0.431925 0.448438 0.429577 0.448438 0.427230 0.451562 0.422535 0.451562 0.410798
0 0.189063 0.457746 0.189063 0.471831 0.187500 0.474178 0.187500 0.483568 0.185937 0.485915 0.185937 0.495305 0.184375 0.497653 0.184375 0.504695 0.182812 0.507042 0.182812 0.509390 0.181250 0.511737 0.181250 0.514085 0.179688 0.516432 0.179688 0.518779 0.175000 0.525822 0.175000 0.528169 0.173438 0.530516 0.173438 0.535211 0.170312 0.539906 0.165625 0.539906 0.165625 0.830986 0.209375 0.830986 0.209375 0.823944 0.215625 0.814554 0.217187 0.814554 0.221875 0.807512 0.226562 0.807512 0.226562 0.791080 0.221875 0.791080 0.218750 0.786385 0.218750 0.779343 0.217187 0.776995 0.217187 0.765258 0.218750 0.762911 0.218750 0.751174 0.220313 0.748826 0.220313 0.741784 0.221875 0.739437 0.226562 0.739437 0.226562 0.713615 0.221875 0.713615 0.220313 0.711268 0.220313 0.694836 0.218750 0.692488 0.218750 0.680751 0.217187 0.678404 0.217187 0.673709 0.215625 0.671362 0.215625 0.666667 0.214062 0.664319 0.214062 0.657277 0.212500 0.654930 0.212500 0.652582 0.214062 0.650235 0.214062 0.640845 0.209375 0.647887 0.207813 0.647887 0.206250 0.650235 0.204688 0.650235 0.203125 0.652582 0.195312 0.652582 0.189063 0.643192 0.187500 0.643192 0.185937 0.640845 0.185937 0.638498 0.184375 0.636150 0.184375 0.633803 0.182812 0.631455 0.182812 0.622066 0.181250 0.619718 0.181250 0.605634 0.182812 0.603286 0.182812 0.600939 0.185937 0.596244 0.185937 0.593897 0.187500 0.591549 0.189063 0.591549 0.189063 0.589202 0.190625 0.586854 0.190625 0.577465 0.195312 0.570423 0.195312 0.568075 0.203125 0.556338 0.204688 0.556338 0.206250 0.553991 0.206250 0.551643 0.217187 0.535211 0.217187 0.530516 0.214062 0.525822 0.214062 0.497653 0.212500 0.495305 0.212500 0.481221 0.210938 0.478873 0.210938 0.471831 0.212500 0.469484 0.212500 0.457746
0 0.382812 0.607981 0.389062 0.607981 0.389062 0.605634 0.382812 0.605634 0.382812 0.607981 0.359375 0.584507 0.360938 0.586854 0.365625 0.586854 0.365625 0.589202 0.367188 0.591549 0.367188 0.610329 0.364062 0.615023 0.362500 0.612676 0.360938 0.612676 0.359375 0.610329 0.356250 0.615023 0.354688 0.615023 0.353125 0.617371 0.345313 0.617371 0.345313 0.610329 0.346875 0.607981 0.346875 0.600939 0.351562 0.575117 0.357812 0.575117 0.359375 0.572770 0.360938 0.572770 0.362500 0.570423 0.371875 0.570423 0.373437 0.572770 0.376563 0.572770 0.378125 0.575117 0.379687 0.575117 0.381250 0.577465 0.382812 0.577465 0.384375 0.579812 0.389062 0.579812 0.389062 0.558685 0.379687 0.558685 0.378125 0.556338 0.373437 0.556338 0.371875 0.553991 0.368750 0.553991 0.367188 0.551643 0.364062 0.551643 0.362500 0.549296 0.351562 0.549296 0.348437 0.544601 0.348437 0.542253 0.346875 0.539906 0.345313 0.539906 0.343750 0.537559 0.340625 0.537559 0.335938 0.530516 0.334375 0.530516 0.332812 0.528169 0.332812 0.525822 0.331250 0.523474 0.331250 0.488263 0.329688 0.485915 0.329688 0.481221 0.326562 0.476526 0.326562 0.467136 0.309375 0.467136 0.309375 0.474178 0.304688 0.481221 0.304688 0.483568 0.303125 0.485915 0.303125 0.502347 0.304688 0.504695 0.304688 0.525822 0.303125 0.528169 0.303125 0.530516 0.301562 0.532864 0.300000 0.532864 0.298438 0.535211 0.296875 0.535211 0.293750 0.539906 0.292188 0.539906 0.284375 0.551643 0.284375 0.553991 0.282813 0.556338 0.282813 0.561033 0.281250 0.563380 0.281250 0.586854 0.282813 0.589202 0.282813 0.591549 0.287500 0.598592 0.287500 0.650235 0.289062 0.652582 0.289062 0.661972 0.290625 0.664319 0.290625 0.678404 0.292188 0.680751 0.292188 0.697183 0.293750 0.699531 0.293750 0.708920 0.295312 0.711268 0.295312 0.720657 0.296875 0.723005 0.296875 0.760563 0.298438 0.762911 0.298438 0.800469 0.296875 0.802817 0.296875 0.805164 0.298438 0.807512 0.298438 0.819249 0.300000 0.821596 0.300000 0.833333 0.303125 0.838028 0.306250 0.838028 0.307813 0.840376 0.318750 0.840376 0.320312 0.838028 0.326562 0.838028 0.328125 0.835681 0.331250 0.835681 0.334375 0.830986 0.332812 0.828638 0.332812 0.826291 0.325000 0.814554 0.325000 0.802817 0.329688 0.795775 0.331250 0.795775 0.331250 0.793427 0.329688 0.791080 0.329688 0.788732 0.328125 0.786385 0.328125 0.781690 0.326562 0.779343 0.326562 0.769953 0.325000 0.767606 0.325000 0.746479 0.326562 0.744131 0.326562 0.737089 0.328125 0.734742 0.328125 0.725352 0.329688 0.723005 0.329688 0.704225 0.331250 0.701878 0.331250 0.671362 0.332812 0.669014 0.332812 0.661972 0.334375 0.659624 0.334375 0.643192 0.335938 0.640845 0.335938 0.633803 0.334375 0.631455 0.334375 0.605634 0.335938 0.603286 0.335938 0.598592 0.337500 0.596244 0.337500 0.579812 0.339063 0.577465 0.339063 0.575117 0.340625 0.572770 0.343750 0.572770 0.345313 0.570423 0.346875 0.572770 0.350000 0.572770 0.351562 0.575117 0.346875 0.600939 0.348437 0.598592 0.348437 0.593897 0.350000 0.591549 0.350000 0.589202 0.353125 0.584507 0.359375 0.584507
0 0.148438 0.826291 0.143750 0.826291 0.143750 0.840376 0.145313 0.842723 0.145313 0.845070 0.146875 0.847418 0.146875 0.849765 0.148438 0.852113 0.148438 0.877934 0.150000 0.880282 0.151562 0.880282 0.153125 0.882629 0.157813 0.882629 0.157813 0.828638 0.150000 0.828638 0.148438 0.826291 0.148438 0.737089 0.150000 0.739437 0.150000 0.741784 0.153125 0.746479 0.157813 0.746479 0.126563 0.746479 0.125000 0.744131 0.125000 0.730047 0.123438 0.727700 0.123438 0.694836 0.125000 0.692488 0.125000 0.683099 0.128125 0.678404 0.129688 0.678404 0.140625 0.661972 0.142188 0.661972 0.146875 0.654930 0.146875 0.652582 0.148438 0.650235 0.148438 0.638498 0.150000 0.636150 0.150000 0.612676 0.148438 0.610329 0.148438 0.584507 0.146875 0.582160 0.146875 0.570423 0.145313 0.568075 0.145313 0.563380 0.143750 0.561033 0.143750 0.558685 0.142188 0.556338 0.142188 0.551643 0.140625 0.549296 0.140625 0.544601 0.139062 0.542253 0.139062 0.539906 0.137500 0.537559 0.135937 0.537559 0.132812 0.532864 0.132812 0.530516 0.129688 0.525822 0.129688 0.504695 0.128125 0.502347 0.128125 0.492958 0.126563 0.490610 0.126563 0.485915 0.125000 0.483568 0.125000 0.481221 0.123438 0.478873 0.123438 0.467136 0.089062 0.467136 0.089062 0.478873 0.093750 0.485915 0.093750 0.488263 0.095312 0.490610 0.095312 0.500000 0.093750 0.502347 0.093750 0.511737 0.092188 0.514085 0.092188 0.516432 0.090625 0.518779 0.090625 0.521127 0.076563 0.542253 0.076563 0.546948 0.075000 0.549296 0.075000 0.551643 0.073437 0.553991 0.073437 0.556338 0.070312 0.561033 0.065625 0.561033 0.065625 0.591549 0.071875 0.591549 0.073437 0.593897 0.075000 0.593897 0.079687 0.600939 0.079687 0.603286 0.081250 0.605634 0.081250 0.626761 0.079687 0.629108 0.079687 0.636150 0.078125 0.638498 0.078125 0.643192 0.076563 0.645540 0.076563 0.661972 0.075000 0.664319 0.075000 0.673709 0.073437 0.676056 0.073437 0.680751 0.070312 0.685446 0.065625 0.685446 0.065625 0.704225 0.070312 0.704225 0.071875 0.706573 0.071875 0.718310 0.073437 0.720657 0.073437 0.748826 0.075000 0.751174 0.075000 0.758216 0.076563 0.760563 0.076563 0.762911 0.078125 0.765258 0.078125 0.774648 0.079687 0.776995 0.079687 0.786385 0.081250 0.788732 0.081250 0.793427 0.082813 0.795775 0.082813 0.800469 0.084375 0.802817 0.084375 0.812207 0.085938 0.814554 0.085938 0.838028 0.087500 0.840376 0.087500 0.856808 0.089062 0.859155 0.089062 0.868545 0.090625 0.870892 0.090625 0.873239 0.092188 0.875587 0.092188 0.880282 0.093750 0.882629 0.093750 0.889671 0.092188 0.892019 0.092188 0.896714 0.085938 0.906103 0.085938 0.910798 0.087500 0.913146 0.087500 0.915493 0.089062 0.915493 0.090625 0.917840 0.093750 0.917840 0.095312 0.920188 0.107813 0.920188 0.109375 0.917840 0.112500 0.917840 0.114063 0.915493 0.115625 0.915493 0.115625 0.913146 0.118750 0.908451 0.118750 0.906103 0.121875 0.901408 0.121875 0.899061 0.123438 0.896714 0.123438 0.892019 0.125000 0.889671 0.125000 0.873239 0.126563 0.870892 0.126563 0.859155 0.128125 0.856808 0.128125 0.852113 0.129688 0.849765 0.129688 0.838028 0.128125 0.835681 0.128125 0.826291 0.126563 0.823944 0.126563 0.814554 0.125000 0.812207 0.125000 0.800469 0.123438 0.798122 0.123438 0.793427 0.125000 0.791080 0.125000 0.776995 0.126563 0.774648 0.126563 0.746479 0.157813 0.746479 0.157813 0.786385 0.151562 0.786385 0.151562 0.755869 0.148438 0.751174 0.146875 0.751174 0.143750 0.746479 0.143750 0.727700 0.145313 0.725352 0.145313 0.718310 0.146875 0.720657 0.146875 0.730047 0.148438 0.732394 0.148438 0.737089
0 0.000000 0.504695 0.000000 0.953052 0.018750 0.953052 0.018750 0.946009 0.015625 0.941315 0.014062 0.941315 0.006250 0.929577 0.006250 0.927230 0.004688 0.924883 0.004688 0.915493 0.006250 0.913146 0.006250 0.899061 0.004688 0.896714 0.004688 0.882629 0.006250 0.880282 0.006250 0.866197 0.007812 0.863850 0.007812 0.859155 0.009375 0.856808 0.009375 0.854460 0.010937 0.852113 0.010937 0.849765 0.012500 0.847418 0.012500 0.842723 0.014062 0.840376 0.014062 0.753521 0.015625 0.751174 0.015625 0.739437 0.017188 0.737089 0.017188 0.727700 0.018750 0.725352 0.018750 0.718310 0.020312 0.715962 0.020312 0.713615 0.021875 0.711268 0.026563 0.711268 0.026563 0.708920 0.021875 0.708920 0.020312 0.706573 0.020312 0.699531 0.018750 0.697183 0.018750 0.685446 0.017188 0.683099 0.017188 0.640845 0.015625 0.638498 0.015625 0.624413 0.014062 0.622066 0.014062 0.607981 0.012500 0.605634 0.012500 0.600939 0.010937 0.598592 0.010937 0.593897 0.009375 0.591549 0.009375 0.584507 0.007812 0.582160 0.007812 0.572770 0.006250 0.570423 0.006250 0.551643 0.004688 0.549296 0.004688 0.516432 0.003125 0.514085 0.003125 0.504695
26 0.218750 0.537559 0.212500 0.546948 0.210938 0.546948 0.207813 0.551643 0.207813 0.553991 0.204688 0.558685 0.203125 0.558685 0.201562 0.561033 0.201562 0.563380 0.198437 0.568075 0.198437 0.570423 0.195312 0.575117 0.195312 0.582160 0.193750 0.584507 0.193750 0.591549 0.192188 0.593897 0.192188 0.596244 0.189063 0.600939 0.184375 0.600939 0.184375 0.640845 0.189063 0.640845 0.192188 0.645540 0.192188 0.652582 0.215625 0.652582 0.215625 0.638498 0.217187 0.636150 0.217187 0.619718 0.218750 0.617371 0.218750 0.607981 0.220313 0.605634 0.220313 0.603286 0.221875 0.600939 0.221875 0.598592 0.223438 0.596244 0.223438 0.593897 0.225000 0.591549 0.225000 0.589202 0.228125 0.584507 0.232812 0.584507 0.232812 0.537559
0 0.376563 0.741784 0.375000 0.741784 0.373437 0.739437 0.370313 0.739437 0.368750 0.741784 0.368750 0.744131 0.367188 0.746479 0.367188 0.748826 0.364062 0.753521 0.359375 0.753521 0.357812 0.755869 0.357812 0.762911 0.359375 0.765258 0.359375 0.774648 0.376563 0.774648 0.376563 0.765258 0.378125 0.762911 0.378125 0.760563 0.379687 0.758216 0.379687 0.751174 0.378125 0.748826 0.378125 0.744131 0.376563 0.741784 0.426562 0.584507 0.426562 0.600939 0.421875 0.600939 0.420312 0.598592 0.420312 0.591549 0.332812 0.497653 0.328125 0.497653 0.328125 0.507042 0.328125 0.539906 0.332812 0.539906 0.335938 0.544601 0.335938 0.556338 0.334375 0.558685 0.334375 0.565728 0.332812 0.568075 0.328125 0.568075 0.328125 0.600939 0.332812 0.600939 0.334375 0.603286 0.334375 0.607981 0.335938 0.610329 0.335938 0.652582 0.332812 0.657277 0.328125 0.657277 0.328125 0.725352 0.332812 0.725352 0.332812 0.723005 0.334375 0.720657 0.334375 0.704225 0.335938 0.701878 0.335938 0.685446 0.337500 0.683099 0.337500 0.680751 0.339063 0.678404 0.339063 0.671362 0.340625 0.669014 0.340625 0.661972 0.346875 0.652582 0.353125 0.652582 0.359375 0.661972 0.359375 0.664319 0.360938 0.666667 0.360938 0.669014 0.362500 0.671362 0.362500 0.673709 0.364062 0.676056 0.364062 0.678404 0.365625 0.680751 0.367188 0.680751 0.368750 0.683099 0.375000 0.683099 0.376563 0.685446 0.382812 0.685446 0.389062 0.676056 0.395312 0.676056 0.400000 0.683099 0.400000 0.687793 0.401563 0.690141 0.401563 0.715962 0.406250 0.723005 0.407813 0.723005 0.409375 0.725352 0.410937 0.723005 0.414062 0.723005 0.415625 0.720657 0.415625 0.704225 0.414062 0.701878 0.414062 0.697183 0.412500 0.699531 0.410937 0.699531 0.409375 0.701878 0.407813 0.701878 0.404687 0.697183 0.404687 0.692488 0.403125 0.690141 0.403125 0.680751 0.404687 0.678404 0.404687 0.669014 0.401563 0.664319 0.400000 0.664319 0.398438 0.661972 0.396875 0.661972 0.392188 0.654930 0.392188 0.636150 0.393750 0.633803 0.393750 0.629108 0.395312 0.626761 0.395312 0.622066 0.393750 0.619718 0.393750 0.600939 0.392188 0.598592 0.392188 0.589202 0.390625 0.586854 0.387500 0.586854 0.385938 0.584507 0.382812 0.584507 0.381250 0.582160 0.379687 0.582160 0.378125 0.579812 0.376563 0.579812 0.375000 0.577465 0.371875 0.577465 0.368750 0.572770 0.368750 0.561033 0.373437 0.553991 0.375000 0.553991 0.376563 0.551643 0.378125 0.551643 0.378125 0.521127 0.376563 0.518779 0.376563 0.516432 0.370313 0.507042 0.370313 0.504695 0.368750 0.504695 0.367188 0.502347 0.367188 0.500000 0.365625 0.497653 0.365625 0.488263 0.364062 0.485915 0.364062 0.483568 0.362500 0.481221 0.362500 0.478873 0.360938 0.476526 0.360938 0.474178 0.359375 0.471831 0.359375 0.469484 0.357812 0.467136 0.357812 0.457746 0.345313 0.457746 0.345313 0.467136 0.343750 0.469484 0.343750 0.478873 0.345313 0.481221 0.345313 0.483568 0.351562 0.492958 0.351562 0.495305 0.350000 0.497653 0.350000 0.502347 0.346875 0.507042 0.343750 0.507042 0.342187 0.509390 0.335938 0.509390 0.334375 0.507042 0.328125 0.507042 0.328125 0.497653 0.328125 0.492958 0.332812 0.492958 0.332812 0.497653 0.420312 0.591549 0.421875 0.589202 0.421875 0.584507 0.426562 0.584507
0 0.000000 0.410798 0.000000 0.539906 0.010937 0.539906 0.010937 0.532864 0.012500 0.530516 0.012500 0.528169 0.017188 0.521127 0.017188 0.511737 0.018750 0.509390 0.018750 0.507042 0.021875 0.502347 0.021875 0.500000 0.025000 0.495305 0.025000 0.492958 0.028125 0.488263 0.028125 0.485915 0.031250 0.481221 0.032812 0.481221 0.034375 0.478873 0.039062 0.478873 0.039062 0.453052 0.034375 0.453052 0.025000 0.438967 0.025000 0.431925 0.023438 0.429577 0.023438 0.427230 0.025000 0.424883 0.025000 0.410798
0 0.170312 0.793427 0.170312 0.795775 0.176563 0.795775 0.176563 0.793427 0.170312 0.793427 0.128125 0.530516 0.128125 0.525822 0.129688 0.523474 0.129688 0.511737 0.132812 0.509390 0.135937 0.514085 0.135937 0.516432 0.137500 0.518779 0.137500 0.523474 0.139062 0.525822 0.139062 0.528169 0.140625 0.530516 0.140625 0.535211 0.142188 0.537559 0.142188 0.539906 0.143750 0.542253 0.143750 0.549296 0.145313 0.551643 0.145313 0.570423 0.146875 0.572770 0.146875 0.579812 0.150000 0.584507 0.150000 0.586854 0.151562 0.589202 0.151562 0.603286 0.153125 0.605634 0.153125 0.607981 0.151562 0.610329 0.151562 0.636150 0.150000 0.638498 0.150000 0.645540 0.148438 0.647887 0.148438 0.650235 0.146875 0.652582 0.146875 0.654930 0.143750 0.659624 0.142188 0.659624 0.140625 0.661972 0.137500 0.661972 0.135937 0.664319 0.134375 0.664319 0.134375 0.666667 0.131250 0.671362 0.131250 0.676056 0.129688 0.678404 0.129688 0.680751 0.126563 0.685446 0.121875 0.685446 0.121875 0.748826 0.126563 0.748826 0.128125 0.751174 0.128125 0.769953 0.129688 0.772300 0.129688 0.781690 0.131250 0.784038 0.131250 0.793427 0.132812 0.795775 0.132812 0.798122 0.134375 0.800469 0.134375 0.805164 0.135937 0.807512 0.135937 0.821596 0.137500 0.823944 0.137500 0.830986 0.139062 0.833333 0.139062 0.835681 0.140625 0.838028 0.140625 0.840376 0.143750 0.845070 0.143750 0.847418 0.145313 0.849765 0.145313 0.852113 0.148438 0.856808 0.148438 0.859155 0.150000 0.861502 0.150000 0.866197 0.151562 0.868545 0.151562 0.870892 0.153125 0.873239 0.153125 0.875587 0.154687 0.877934 0.154687 0.880282 0.156250 0.882629 0.156250 0.884977 0.157813 0.887324 0.157813 0.892019 0.159375 0.894366 0.159375 0.896714 0.160938 0.896714 0.162500 0.899061 0.164062 0.899061 0.165625 0.901408 0.176563 0.901408 0.176563 0.842723 0.171875 0.842723 0.168750 0.838028 0.168750 0.816901 0.167187 0.814554 0.167187 0.800469 0.165625 0.800469 0.162500 0.795775 0.162500 0.784038 0.160938 0.781690 0.160938 0.772300 0.159375 0.769953 0.159375 0.767606 0.157813 0.765258 0.157813 0.762911 0.156250 0.760563 0.156250 0.751174 0.154687 0.748826 0.154687 0.730047 0.156250 0.727700 0.156250 0.718310 0.159375 0.713615 0.162500 0.718310 0.162500 0.720657 0.164062 0.723005 0.164062 0.727700 0.165625 0.730047 0.165625 0.704225 0.164062 0.701878 0.164062 0.699531 0.165625 0.697183 0.168750 0.697183 0.170312 0.694836 0.176563 0.694836 0.176563 0.568075 0.170312 0.568075 0.167187 0.563380 0.167187 0.551643 0.165625 0.549296 0.165625 0.528169 0.167187 0.525822 0.167187 0.502347 0.165625 0.500000 0.165625 0.497653 0.164062 0.495305 0.164062 0.485915 0.162500 0.483568 0.162500 0.471831 0.160938 0.469484 0.160938 0.464789 0.159375 0.462441 0.159375 0.460094 0.157813 0.457746 0.157813 0.455399 0.156250 0.453052 0.156250 0.450704 0.154687 0.448357 0.154687 0.438967 0.129688 0.438967 0.129688 0.448357 0.126563 0.453052 0.121875 0.453052 0.121875 0.488263 0.128125 0.488263 0.129688 0.490610 0.129688 0.492958 0.131250 0.495305 0.131250 0.504695 0.132812 0.507042 0.132812 0.509390 0.129688 0.511737 0.121875 0.511737 0.121875 0.530516 0.128125 0.530516
