0 0.967188 0.337500 0.967188 0.345833 0.962500 0.352083 0.962500 0.354167 0.957812 0.360417 0.957812 0.362500 0.951563 0.370833 0.951563 0.372917 0.950000 0.375000 0.950000 0.377083 0.948438 0.379167 0.948438 0.381250 0.945312 0.385417 0.945312 0.389583 0.943750 0.391667 0.943750 0.395833 0.942187 0.397917 0.942187 0.402083 0.940625 0.404167 0.940625 0.410417 0.942187 0.412500 0.942187 0.429167 0.943750 0.431250 0.943750 0.437500 0.942187 0.439583 0.942187 0.443750 0.939062 0.447917 0.937500 0.447917 0.934375 0.452083 0.932813 0.452083 0.931250 0.454167 0.929688 0.454167 0.926562 0.458333 0.925000 0.458333 0.921875 0.462500 0.920313 0.462500 0.910937 0.475000 0.909375 0.475000 0.907812 0.477083 0.907812 0.479167 0.898438 0.491667 0.898438 0.493750 0.895312 0.497917 0.895312 0.500000 0.892187 0.504167 0.892187 0.506250 0.889063 0.510417 0.889063 0.514583 0.887500 0.516667 0.887500 0.518750 0.885938 0.520833 0.885938 0.522917 0.884375 0.525000 0.884375 0.527083 0.882812 0.529167 0.882812 0.533333 0.881250 0.535417 0.881250 0.537500 0.879687 0.539583 0.879687 0.543750 0.878125 0.545833 0.878125 0.547917 0.876562 0.550000 0.876562 0.554167 0.875000 0.556250 0.875000 0.566667 0.873438 0.568750 0.873438 0.620833 0.871875 0.622917 0.871875 0.637500 0.873438 0.639583 0.873438 0.641667 0.875000 0.641667 0.876562 0.643750 0.889063 0.643750 0.892187 0.647917 0.892187 0.652083 0.893750 0.654167 0.893750 0.658333 0.895312 0.660417 0.895312 0.672917 0.893750 0.675000 0.893750 0.687500 0.892187 0.689583 0.892187 0.695833 0.890625 0.697917 0.890625 0.700000 0.889063 0.702083 0.889063 0.704167 0.887500 0.706250 0.887500 0.708333 0.885938 0.710417 0.885938 0.714583 0.884375 0.716667 0.884375 0.720833 0.882812 0.722917 0.882812 0.725000 0.881250 0.727083 0.881250 0.729167 0.879687 0.731250 0.879687 0.735417 0.878125 0.737500 0.878125 0.739583 0.875000 0.743750 0.875000 0.747917 0.873438 0.750000 0.873438 0.752083 0.871875 0.754167 0.871875 0.756250 0.870313 0.758333 0.870313 0.762500 0.868750 0.764583 0.868750 0.768750 0.864062 0.775000 0.864062 0.777083 0.862500 0.779167 0.862500 0.781250 0.860937 0.783333 0.860937 0.785417 0.859375 0.787500 0.859375 0.789583 0.857813 0.791667 0.853125 0.791667 0.853125 0.835417 0.857813 0.835417 0.859375 0.837500 0.859375 0.841667 0.860937 0.843750 0.860937 0.858333 0.862500 0.860417 0.862500 0.872917 0.864062 0.875000 0.864062 0.891667 0.865625 0.893750 0.865625 0.912500 0.864062 0.914583 0.864062 0.922917 0.862500 0.925000 0.862500 0.929167 0.860937 0.931250 0.860937 0.935417 0.857813 0.939583 0.853125 0.939583 0.853125 0.954167 0.859375 0.954167 0.862500 0.958333 0.864062 0.958333 0.865625 0.960417 0.868750 0.960417 0.870313 0.962500 0.879687 0.962500 0.881250 0.960417 0.882812 0.960417 0.884375 0.958333 0.887500 0.958333 0.889063 0.956250 0.892187 0.956250 0.893750 0.954167 0.895312 0.954167 0.896875 0.952083 0.900000 0.952083 0.901563 0.950000 0.904688 0.950000 0.906250 0.947917 0.909375 0.947917 0.910937 0.950000 0.910937 0.968750 0.909375 0.970833 0.909375 0.972917 0.907812 0.975000 0.907812 0.977083 0.906250 0.979167 0.906250 0.983333 0.904688 0.985417 0.904688 0.991667 0.903125 0.993750 0.903125 0.997917 0.973437 0.997917 0.973437 0.993750 0.975000 0.991667 0.975000 0.989583 0.978125 0.985417 0.978125 0.983333 0.979688 0.981250 0.979688 0.977083 0.981250 0.975000 0.981250 0.970833 0.982813 0.968750 0.982813 0.964583 0.984375 0.962500 0.984375 0.956250 0.982813 0.954167 0.982813 0.912500 0.984375 0.910417 0.984375 0.904167 0.985937 0.902083 0.985937 0.900000 0.987500 0.897917 0.987500 0.893750 0.989062 0.891667 0.989062 0.889583 0.990625 0.887500 0.990625 0.885417 0.992188 0.883333 0.992188 0.881250 0.993750 0.879167 0.993750 0.877083 0.995313 0.875000 0.995313 0.864583 0.996875 0.862500 0.998438 0.862500 0.998438 0.337500
0 0.082813 0.170833 0.082813 0.177083 0.075000 0.187500 0.075000 0.189583 0.071875 0.193750 0.071875 0.195833 0.070312 0.197917 0.070312 0.202083 0.068750 0.204167 0.068750 0.218750 0.067188 0.220833 0.067188 0.231250 0.065625 0.233333 0.065625 0.254167 0.059375 0.262500 0.057813 0.262500 0.054688 0.266667 0.053125 0.266667 0.043750 0.279167 0.043750 0.281250 0.040625 0.285417 0.040625 0.287500 0.039062 0.289583 0.039062 0.291667 0.037500 0.293750 0.037500 0.295833 0.035937 0.297917 0.035937 0.300000 0.031250 0.306250 0.031250 0.308333 0.029687 0.310417 0.029687 0.312500 0.026563 0.316667 0.026563 0.318750 0.023438 0.322917 0.023438 0.325000 0.018750 0.331250 0.018750 0.333333 0.015625 0.337500 0.015625 0.339583 0.014062 0.341667 0.014062 0.343750 0.012500 0.345833 0.012500 0.347917 0.010937 0.350000 0.010937 0.352083 0.004688 0.360417 0.004688 0.362500 0.001563 0.366667 0.000000 0.366667 0.000000 0.422917 0.001563 0.422917 0.003125 0.420833 0.003125 0.418750 0.004688 0.416667 0.004688 0.414583 0.007812 0.410417 0.007812 0.408333 0.009375 0.406250 0.009375 0.404167 0.010937 0.402083 0.010937 0.400000 0.012500 0.397917 0.012500 0.395833 0.014062 0.393750 0.014062 0.391667 0.018750 0.385417 0.018750 0.383333 0.020312 0.381250 0.021875 0.381250 0.021875 0.379167 0.039062 0.356250 0.039062 0.354167 0.042188 0.350000 0.042188 0.347917 0.053125 0.333333 0.059375 0.341667 0.059375 0.352083 0.060938 0.354167 0.059375 0.356250 0.059375 0.375000 0.057813 0.377083 0.057813 0.422917 0.056250 0.425000 0.056250 0.437500 0.054688 0.439583 0.054688 0.454167 0.056250 0.456250 0.056250 0.458333 0.057813 0.460417 0.057813 0.464583 0.059375 0.466667 0.059375 0.470833 0.060938 0.472917 0.060938 0.475000 0.062500 0.477083 0.062500 0.479167 0.064062 0.481250 0.064062 0.483333 0.065625 0.483333 0.068750 0.479167 0.070312 0.479167 0.071875 0.477083 0.071875 0.475000 0.076563 0.468750 0.076563 0.466667 0.078125 0.464583 0.078125 0.445833 0.079687 0.443750 0.079687 0.441667 0.082813 0.437500 0.082813 0.433333 0.084375 0.431250 0.084375 0.429167 0.085938 0.427083 0.085938 0.418750 0.087500 0.416667 0.087500 0.414583 0.090625 0.410417 0.090625 0.408333 0.093750 0.404167 0.093750 0.402083 0.095312 0.400000 0.096875 0.400000 0.101562 0.393750 0.103125 0.393750 0.104687 0.391667 0.106250 0.391667 0.107813 0.389583 0.129688 0.389583 0.131250 0.387500 0.134375 0.387500 0.135937 0.385417 0.135937 0.383333 0.137500 0.381250 0.137500 0.379167 0.139062 0.377083 0.139062 0.360417 0.137500 0.358333 0.137500 0.352083 0.139062 0.350000 0.139062 0.345833 0.142188 0.341667 0.143750 0.341667 0.145313 0.339583 0.151562 0.339583 0.151562 0.304167 0.146875 0.304167 0.145313 0.302083 0.145313 0.300000 0.143750 0.297917 0.143750 0.285417 0.142188 0.283333 0.142188 0.277083 0.140625 0.275000 0.140625 0.272917 0.137500 0.268750 0.135937 0.268750 0.132812 0.264583 0.131250 0.264583 0.126563 0.258333 0.126563 0.256250 0.125000 0.254167 0.125000 0.252083 0.123438 0.250000 0.123438 0.216667 0.121875 0.214583 0.121875 0.195833 0.120312 0.193750 0.120312 0.189583 0.118750 0.187500 0.118750 0.185417 0.117188 0.183333 0.117188 0.181250 0.115625 0.179167 0.115625 0.170833
0 0.667188 0.110417 0.668750 0.112500 0.673437 0.112500 0.675000 0.114583 0.679688 0.114583 0.682813 0.110417 0.684375 0.112500 0.685938 0.112500 0.689062 0.116667 0.689062 0.118750 0.690625 0.116667 0.690625 0.114583 0.692187 0.112500 0.692187 0.104167 0.667188 0.104167 0.667188 0.110417 0.612500 0.135417 0.610937 0.133333 0.610937 0.131250 0.606250 0.125000 0.604688 0.125000 0.601562 0.120833 0.600000 0.120833 0.596875 0.116667 0.595312 0.116667 0.590625 0.110417 0.590625 0.104167 0.562500 0.104167 0.562500 0.110417 0.556250 0.118750 0.554688 0.118750 0.550000 0.125000 0.548437 0.125000 0.546875 0.127083 0.546875 0.129167 0.542188 0.135417 0.542188 0.137500 0.540625 0.139583 0.540625 0.143750 0.539062 0.145833 0.539062 0.147917 0.537500 0.150000 0.537500 0.152083 0.535937 0.154167 0.535937 0.172917 0.537500 0.175000 0.537500 0.181250 0.539062 0.183333 0.539062 0.200000 0.540625 0.202083 0.540625 0.210417 0.542188 0.212500 0.542188 0.218750 0.543750 0.220833 0.543750 0.222917 0.545313 0.225000 0.545313 0.237500 0.546875 0.239583 0.546875 0.243750 0.550000 0.247917 0.551562 0.247917 0.553125 0.250000 0.553125 0.252083 0.556250 0.256250 0.556250 0.258333 0.559375 0.262500 0.559375 0.264583 0.560938 0.266667 0.560938 0.270833 0.559375 0.272917 0.559375 0.277083 0.557813 0.279167 0.557813 0.281250 0.556250 0.283333 0.556250 0.289583 0.554688 0.291667 0.554688 0.304167 0.553125 0.306250 0.553125 0.308333 0.551562 0.310417 0.551562 0.312500 0.550000 0.314583 0.550000 0.316667 0.548437 0.318750 0.548437 0.325000 0.546875 0.327083 0.546875 0.331250 0.545313 0.333333 0.545313 0.354167 0.546875 0.356250 0.546875 0.385417 0.548437 0.387500 0.548437 0.389583 0.551562 0.393750 0.551562 0.397917 0.553125 0.400000 0.553125 0.452083 0.551562 0.454167 0.551562 0.460417 0.550000 0.462500 0.550000 0.466667 0.548437 0.468750 0.548437 0.475000 0.546875 0.477083 0.546875 0.481250 0.545313 0.483333 0.545313 0.487500 0.543750 0.489583 0.543750 0.500000 0.542188 0.502083 0.542188 0.516667 0.540625 0.518750 0.540625 0.539583 0.539062 0.541667 0.539062 0.545833 0.537500 0.547917 0.537500 0.550000 0.535937 0.552083 0.535937 0.554167 0.534375 0.556250 0.534375 0.558333 0.532812 0.560417 0.532812 0.562500 0.531250 0.564583 0.531250 0.566667 0.529688 0.568750 0.529688 0.570833 0.528125 0.572917 0.528125 0.577083 0.526563 0.579167 0.526563 0.581250 0.528125 0.583333 0.528125 0.589583 0.526563 0.591667 0.526563 0.600000 0.525000 0.602083 0.525000 0.610417 0.526563 0.612500 0.526563 0.618750 0.528125 0.620833 0.528125 0.622917 0.529688 0.625000 0.531250 0.625000 0.534375 0.629167 0.537500 0.629167 0.539062 0.631250 0.540625 0.631250 0.542188 0.633333 0.551562 0.633333 0.553125 0.631250 0.554688 0.631250 0.556250 0.629167 0.557813 0.629167 0.559375 0.627083 0.560938 0.627083 0.562500 0.625000 0.564062 0.625000 0.565625 0.622917 0.565625 0.620833 0.567187 0.618750 0.567187 0.616667 0.568750 0.614583 0.568750 0.612500 0.571875 0.608333 0.571875 0.606250 0.576563 0.600000 0.579687 0.600000 0.584375 0.593750 0.585938 0.593750 0.587500 0.591667 0.590625 0.591667 0.592188 0.589583 0.593750 0.589583 0.596875 0.585417 0.598437 0.585417 0.600000 0.583333 0.603125 0.583333 0.604688 0.581250 0.610937 0.581250 0.612500 0.579167 0.615625 0.579167 0.617188 0.581250 0.618750 0.581250 0.620313 0.583333 0.620313 0.587500 0.617188 0.591667 0.617188 0.595833 0.615625 0.597917 0.615625 0.600000 0.609375 0.608333 0.607813 0.608333 0.606250 0.610417 0.604688 0.610417 0.604688 0.612500 0.603125 0.614583 0.603125 0.622917 0.604688 0.625000 0.604688 0.631250 0.606250 0.633333 0.606250 0.639583 0.604688 0.641667 0.604688 0.647917 0.603125 0.650000 0.603125 0.654167 0.600000 0.658333 0.600000 0.662500 0.598437 0.664583 0.598437 0.668750 0.592188 0.677083 0.592188 0.679167 0.590625 0.681250 0.590625 0.683333 0.589063 0.685417 0.587500 0.685417 0.585938 0.687500 0.584375 0.687500 0.582812 0.689583 0.582812 0.691667 0.581250 0.693750 0.581250 0.704167 0.582812 0.706250 0.582812 0.731250 0.581250 0.733333 0.581250 0.739583 0.582812 0.741667 0.582812 0.768750 0.584375 0.770833 0.584375 0.791667 0.585938 0.793750 0.585938 0.825000 0.587500 0.827083 0.587500 0.860417 0.585938 0.862500 0.585938 0.864583 0.584375 0.866667 0.584375 0.868750 0.573438 0.883333 0.573438 0.885417 0.568750 0.891667 0.567187 0.891667 0.562500 0.897917 0.560938 0.897917 0.548437 0.914583 0.548437 0.916667 0.546875 0.918750 0.546875 0.922917 0.545313 0.925000 0.545313 0.929167 0.556250 0.943750 0.557813 0.943750 0.559375 0.945833 0.560938 0.945833 0.562500 0.947917 0.567187 0.947917 0.568750 0.950000 0.573438 0.950000 0.575000 0.952083 0.578125 0.952083 0.579687 0.954167 0.579687 0.960417 0.606250 0.960417 0.606250 0.954167 0.607813 0.952083 0.615625 0.952083 0.617188 0.950000 0.631250 0.950000 0.632812 0.947917 0.635938 0.947917 0.639063 0.943750 0.642187 0.943750 0.645312 0.939583 0.646875 0.939583 0.656250 0.927083 0.656250 0.925000 0.657812 0.922917 0.657812 0.918750 0.660937 0.914583 0.660937 0.910417 0.662500 0.908333 0.662500 0.902083 0.664062 0.900000 0.664062 0.893750 0.665625 0.891667 0.665625 0.889583 0.667188 0.887500 0.667188 0.883333 0.668750 0.881250 0.668750 0.877083 0.670313 0.875000 0.670313 0.870833 0.671875 0.868750 0.671875 0.866667 0.673437 0.864583 0.673437 0.862500 0.675000 0.860417 0.675000 0.856250 0.676562 0.854167 0.676562 0.847917 0.678125 0.845833 0.678125 0.841667 0.679688 0.839583 0.679688 0.833333 0.681250 0.831250 0.681250 0.822917 0.682813 0.820833 0.682813 0.812500 0.684375 0.810417 0.684375 0.802083 0.685938 0.800000 0.685938 0.791667 0.687500 0.789583 0.687500 0.783333 0.689062 0.781250 0.689062 0.775000 0.690625 0.772917 0.690625 0.764583 0.692187 0.762500 0.692187 0.758333 0.693750 0.756250 0.693750 0.750000 0.695312 0.747917 0.695312 0.741667 0.696875 0.739583 0.696875 0.735417 0.698438 0.733333 0.698438 0.727083 0.700000 0.725000 0.700000 0.720833 0.701563 0.718750 0.701563 0.716667 0.703125 0.714583 0.703125 0.712500 0.706250 0.708333 0.706250 0.706250 0.707812 0.704167 0.707812 0.702083 0.709375 0.700000 0.709375 0.697917 0.710938 0.695833 0.710938 0.693750 0.712500 0.691667 0.712500 0.687500 0.714063 0.685417 0.714063 0.683333 0.715625 0.681250 0.715625 0.672917 0.717188 0.670833 0.717188 0.664583 0.718750 0.662500 0.718750 0.656250 0.720312 0.654167 0.720312 0.650000 0.721875 0.647917 0.721875 0.639583 0.723437 0.637500 0.723437 0.627083 0.725000 0.625000 0.725000 0.614583 0.726562 0.612500 0.726562 0.608333 0.728125 0.606250 0.728125 0.602083 0.729688 0.600000 0.729688 0.595833 0.731250 0.593750 0.731250 0.585417 0.732813 0.583333 0.732813 0.579167 0.734375 0.577083 0.734375 0.575000 0.735937 0.572917 0.735937 0.568750 0.737500 0.566667 0.737500 0.558333 0.739062 0.556250 0.739062 0.554167 0.740625 0.552083 0.745313 0.552083 0.745313 0.520833 0.740625 0.520833 0.739062 0.518750 0.739062 0.514583 0.737500 0.512500 0.737500 0.506250 0.735937 0.504167 0.735937 0.500000 0.734375 0.497917 0.734375 0.495833 0.732813 0.493750 0.732813 0.491667 0.731250 0.489583 0.731250 0.487500 0.729688 0.485417 0.729688 0.483333 0.728125 0.481250 0.728125 0.477083 0.726562 0.475000 0.726562 0.472917 0.725000 0.470833 0.725000 0.466667 0.723437 0.464583 0.723437 0.458333 0.721875 0.456250 0.721875 0.447917 0.720312 0.445833 0.720312 0.439583 0.718750 0.437500 0.718750 0.433333 0.717188 0.431250 0.717188 0.429167 0.714063 0.425000 0.714063 0.422917 0.712500 0.420833 0.712500 0.418750 0.710938 0.416667 0.710938 0.412500 0.709375 0.410417 0.709375 0.408333 0.707812 0.406250 0.707812 0.402083 0.706250 0.400000 0.706250 0.397917 0.704687 0.395833 0.704687 0.391667 0.703125 0.389583 0.703125 0.385417 0.701563 0.383333 0.701563 0.381250 0.700000 0.379167 0.700000 0.377083 0.698438 0.375000 0.698438 0.370833 0.696875 0.368750 0.696875 0.364583 0.695312 0.362500 0.695312 0.358333 0.693750 0.356250 0.693750 0.352083 0.692187 0.350000 0.692187 0.345833 0.690625 0.343750 0.690625 0.339583 0.689062 0.337500 0.689062 0.335417 0.687500 0.333333 0.687500 0.331250 0.685938 0.329167 0.685938 0.325000 0.684375 0.322917 0.684375 0.320833 0.682813 0.318750 0.682813 0.316667 0.681250 0.314583 0.681250 0.312500 0.679688 0.310417 0.679688 0.306250 0.678125 0.304167 0.678125 0.302083 0.676562 0.300000 0.676562 0.297917 0.673437 0.293750 0.673437 0.291667 0.668750 0.285417 0.668750 0.283333 0.643750 0.250000 0.643750 0.247917 0.634375 0.235417 0.634375 0.233333 0.632812 0.231250 0.632812 0.229167 0.631250 0.227083 0.631250 0.222917 0.629687 0.220833 0.629687 0.216667 0.628125 0.214583 0.628125 0.210417 0.626562 0.208333 0.626562 0.204167 0.625000 0.202083 0.625000 0.197917 0.623438 0.195833 0.623438 0.191667 0.621875 0.189583 0.621875 0.183333 0.620313 0.181250 0.620313 0.177083 0.618750 0.175000 0.618750 0.168750 0.617188 0.166667 0.617188 0.158333 0.615625 0.156250 0.615625 0.147917 0.614062 0.145833 0.614062 0.141667 0.612500 0.139583 0.612500 0.135417
0 0.473437 0.112500 0.473437 0.118750 0.468750 0.125000 0.467187 0.125000 0.462500 0.131250 0.462500 0.133333 0.460938 0.135417 0.460938 0.139583 0.459375 0.141667 0.459375 0.145833 0.457812 0.147917 0.457812 0.156250 0.456250 0.158333 0.456250 0.162500 0.453125 0.166667 0.453125 0.168750 0.448438 0.175000 0.446875 0.175000 0.440625 0.183333 0.440625 0.185417 0.437500 0.189583 0.437500 0.191667 0.435937 0.193750 0.435937 0.195833 0.432813 0.200000 0.432813 0.202083 0.431250 0.204167 0.431250 0.206250 0.429688 0.208333 0.429688 0.210417 0.423438 0.218750 0.423438 0.220833 0.420312 0.225000 0.415625 0.225000 0.415625 0.279167 0.420312 0.279167 0.423438 0.283333 0.423438 0.287500 0.425000 0.289583 0.425000 0.291667 0.426562 0.293750 0.426562 0.302083 0.429688 0.302083 0.429688 0.295833 0.432813 0.291667 0.435937 0.291667 0.437500 0.289583 0.442187 0.289583 0.443750 0.287500 0.446875 0.287500 0.448438 0.285417 0.451562 0.285417 0.453125 0.283333 0.456250 0.283333 0.457812 0.281250 0.460938 0.281250 0.462500 0.279167 0.464063 0.279167 0.467187 0.275000 0.467187 0.272917 0.470313 0.268750 0.470313 0.266667 0.471875 0.264583 0.473437 0.264583 0.475000 0.262500 0.476562 0.262500 0.484375 0.252083 0.484375 0.247917 0.485938 0.245833 0.485938 0.241667 0.487500 0.239583 0.487500 0.237500 0.489062 0.235417 0.489062 0.233333 0.490625 0.231250 0.490625 0.229167 0.492188 0.227083 0.492188 0.222917 0.493750 0.220833 0.493750 0.218750 0.495313 0.216667 0.495313 0.214583 0.496875 0.212500 0.501562 0.212500 0.501562 0.189583 0.496875 0.189583 0.495313 0.187500 0.495313 0.179167 0.496875 0.177083 0.501562 0.177083 0.501562 0.160417 0.496875 0.160417 0.495313 0.158333 0.495313 0.156250 0.493750 0.154167 0.493750 0.141667 0.492188 0.139583 0.492188 0.133333 0.490625 0.131250 0.490625 0.129167 0.489062 0.127083 0.489062 0.125000 0.487500 0.122917 0.487500 0.120833 0.485938 0.118750 0.485938 0.112500
0 0.207813 0.150000 0.207813 0.152083 0.209375 0.154167 0.220313 0.154167 0.220313 0.147917 0.210938 0.147917 0.209375 0.150000 0.207813 0.150000 0.198437 0.139583 0.198437 0.135417 0.204688 0.127083 0.204688 0.125000 0.209375 0.118750 0.209375 0.116667 0.210938 0.114583 0.210938 0.104167 0.209375 0.102083 0.209375 0.093750 0.207813 0.091667 0.207813 0.089583 0.206250 0.087500 0.206250 0.085417 0.204688 0.083333 0.204688 0.081250 0.203125 0.079167 0.203125 0.070833 0.171875 0.070833 0.171875 0.077083 0.170312 0.079167 0.170312 0.081250 0.168750 0.083333 0.168750 0.085417 0.164062 0.091667 0.160938 0.091667 0.159375 0.093750 0.154687 0.093750 0.153125 0.095833 0.148438 0.095833 0.146875 0.097917 0.143750 0.097917 0.142188 0.100000 0.139062 0.100000 0.137500 0.102083 0.135937 0.102083 0.134375 0.104167 0.132812 0.104167 0.131250 0.106250 0.129688 0.106250 0.128125 0.108333 0.126563 0.108333 0.117188 0.120833 0.117188 0.122917 0.112500 0.129167 0.112500 0.131250 0.109375 0.135417 0.109375 0.137500 0.104687 0.143750 0.104687 0.145833 0.101562 0.150000 0.101562 0.152083 0.098438 0.156250 0.098438 0.158333 0.095312 0.162500 0.090625 0.162500 0.090625 0.183333 0.104687 0.183333 0.106250 0.185417 0.107813 0.185417 0.112500 0.191667 0.114063 0.191667 0.118750 0.197917 0.118750 0.200000 0.120312 0.202083 0.120312 0.204167 0.123438 0.208333 0.123438 0.210417 0.125000 0.212500 0.125000 0.218750 0.126563 0.220833 0.126563 0.229167 0.128125 0.231250 0.128125 0.245833 0.126563 0.247917 0.126563 0.250000 0.125000 0.252083 0.126563 0.254167 0.126563 0.256250 0.128125 0.258333 0.128125 0.260417 0.131250 0.264583 0.132812 0.264583 0.137500 0.270833 0.137500 0.277083 0.140625 0.277083 0.140625 0.270833 0.142188 0.268750 0.142188 0.252083 0.143750 0.250000 0.143750 0.243750 0.145313 0.241667 0.145313 0.233333 0.146875 0.231250 0.146875 0.222917 0.148438 0.220833 0.148438 0.216667 0.150000 0.214583 0.150000 0.212500 0.151562 0.210417 0.151562 0.202083 0.150000 0.200000 0.148438 0.200000 0.143750 0.193750 0.143750 0.185417 0.145313 0.183333 0.145313 0.181250 0.146875 0.179167 0.150000 0.179167 0.151562 0.177083 0.154687 0.181250 0.156250 0.181250 0.157813 0.183333 0.159375 0.183333 0.160938 0.185417 0.165625 0.185417 0.171875 0.177083 0.171875 0.175000 0.176563 0.168750 0.176563 0.166667 0.179688 0.162500 0.179688 0.160417 0.190625 0.145833 0.192188 0.145833 0.193750 0.143750 0.195312 0.143750 0.198437 0.139583
0 0.657812 0.012500 0.657812 0.018750 0.656250 0.020833 0.656250 0.022917 0.653125 0.027083 0.653125 0.029167 0.651563 0.031250 0.651563 0.033333 0.650000 0.035417 0.650000 0.039583 0.648438 0.041667 0.648438 0.045833 0.646875 0.047917 0.646875 0.054167 0.645312 0.056250 0.645312 0.081250 0.646875 0.083333 0.646875 0.091667 0.648438 0.093750 0.648438 0.104167 0.646875 0.106250 0.646875 0.108333 0.642187 0.114583 0.639063 0.114583 0.637500 0.116667 0.635938 0.116667 0.634375 0.118750 0.625000 0.118750 0.623438 0.120833 0.618750 0.120833 0.617188 0.122917 0.609375 0.122917 0.609375 0.145833 0.614062 0.145833 0.615625 0.147917 0.615625 0.150000 0.617188 0.152083 0.617188 0.158333 0.618750 0.160417 0.618750 0.166667 0.620313 0.168750 0.620313 0.170833 0.621875 0.172917 0.621875 0.175000 0.623438 0.177083 0.623438 0.181250 0.625000 0.183333 0.625000 0.191667 0.626562 0.193750 0.626562 0.200000 0.628125 0.202083 0.628125 0.208333 0.629687 0.210417 0.629687 0.214583 0.631250 0.216667 0.631250 0.220833 0.632812 0.222917 0.632812 0.227083 0.634375 0.229167 0.634375 0.231250 0.635938 0.233333 0.635938 0.235417 0.662500 0.270833 0.662500 0.272917 0.671875 0.285417 0.671875 0.287500 0.676562 0.293750 0.676562 0.295833 0.679688 0.300000 0.679688 0.304167 0.681250 0.306250 0.681250 0.308333 0.682813 0.310417 0.682813 0.314583 0.684375 0.316667 0.684375 0.318750 0.685938 0.320833 0.685938 0.325000 0.687500 0.327083 0.687500 0.329167 0.689062 0.331250 0.689062 0.335417 0.690625 0.337500 0.690625 0.341667 0.692187 0.343750 0.692187 0.345833 0.693750 0.347917 0.693750 0.350000 0.695312 0.352083 0.695312 0.360417 0.729688 0.360417 0.729688 0.347917 0.728125 0.345833 0.728125 0.343750 0.726562 0.341667 0.726562 0.316667 0.728125 0.314583 0.728125 0.302083 0.729688 0.300000 0.729688 0.279167 0.731250 0.277083 0.731250 0.260417 0.732813 0.258333 0.732813 0.254167 0.735937 0.250000 0.735937 0.247917 0.740625 0.241667 0.742188 0.241667 0.743750 0.243750 0.745313 0.243750 0.746875 0.241667 0.746875 0.237500 0.748438 0.235417 0.748438 0.229167 0.750000 0.227083 0.750000 0.225000 0.753125 0.220833 0.757812 0.220833 0.757812 0.164583 0.753125 0.164583 0.735937 0.141667 0.734375 0.141667 0.732813 0.139583 0.731250 0.139583 0.728125 0.135417 0.726562 0.135417 0.725000 0.133333 0.721875 0.133333 0.720312 0.131250 0.718750 0.131250 0.715625 0.127083 0.714063 0.127083 0.707812 0.118750 0.707812 0.112500 0.709375 0.110417 0.709375 0.108333 0.710938 0.106250 0.710938 0.100000 0.712500 0.097917 0.712500 0.091667 0.714063 0.089583 0.714063 0.085417 0.715625 0.083333 0.715625 0.081250 0.717188 0.079167 0.717188 0.072917 0.718750 0.070833 0.718750 0.052083 0.717188 0.050000 0.717188 0.041667 0.715625 0.039583 0.715625 0.035417 0.714063 0.033333 0.714063 0.031250 0.712500 0.029167 0.712500 0.027083 0.709375 0.022917 0.707812 0.022917 0.704687 0.018750 0.704687 0.012500
0 0.667188 0.004167 0.667188 0.010417 0.664062 0.014583 0.662500 0.014583 0.660937 0.016667 0.659375 0.016667 0.656250 0.020833 0.656250 0.022917 0.653125 0.027083 0.653125 0.029167 0.651563 0.031250 0.651563 0.033333 0.650000 0.035417 0.650000 0.039583 0.648438 0.041667 0.648438 0.047917 0.646875 0.050000 0.646875 0.058333 0.645312 0.060417 0.645312 0.079167 0.646875 0.081250 0.646875 0.087500 0.648438 0.089583 0.648438 0.106250 0.646875 0.108333 0.646875 0.110417 0.643750 0.114583 0.642187 0.114583 0.640625 0.116667 0.637500 0.116667 0.635938 0.118750 0.629687 0.118750 0.628125 0.120833 0.623438 0.120833 0.621875 0.122917 0.618750 0.122917 0.617188 0.125000 0.609375 0.125000 0.609375 0.145833 0.614062 0.145833 0.617188 0.150000 0.617188 0.154167 0.618750 0.156250 0.618750 0.162500 0.620313 0.164583 0.620313 0.168750 0.621875 0.170833 0.621875 0.172917 0.623438 0.175000 0.623438 0.179167 0.625000 0.181250 0.625000 0.185417 0.626562 0.187500 0.626562 0.195833 0.628125 0.197917 0.628125 0.204167 0.629687 0.206250 0.629687 0.210417 0.631250 0.212500 0.631250 0.216667 0.632812 0.218750 0.632812 0.225000 0.634375 0.227083 0.634375 0.229167 0.635938 0.231250 0.635938 0.233333 0.637500 0.235417 0.637500 0.237500 0.664062 0.272917 0.664062 0.275000 0.671875 0.285417 0.671875 0.287500 0.676562 0.293750 0.676562 0.295833 0.678125 0.297917 0.678125 0.300000 0.679688 0.302083 0.679688 0.304167 0.681250 0.306250 0.681250 0.308333 0.682813 0.310417 0.682813 0.314583 0.684375 0.316667 0.684375 0.318750 0.685938 0.320833 0.685938 0.322917 0.687500 0.325000 0.687500 0.329167 0.689062 0.331250 0.689062 0.335417 0.690625 0.337500 0.690625 0.341667 0.692187 0.343750 0.692187 0.345833 0.693750 0.347917 0.693750 0.352083 0.695312 0.354167 0.695312 0.358333 0.696875 0.360417 0.696875 0.364583 0.698438 0.366667 0.698438 0.368750 0.700000 0.370833 0.700000 0.375000 0.701563 0.377083 0.701563 0.381250 0.703125 0.383333 0.703125 0.387500 0.704687 0.389583 0.704687 0.391667 0.706250 0.393750 0.706250 0.397917 0.707812 0.400000 0.707812 0.404167 0.709375 0.406250 0.709375 0.408333 0.710938 0.410417 0.710938 0.412500 0.712500 0.414583 0.712500 0.418750 0.714063 0.420833 0.714063 0.425000 0.715625 0.427083 0.715625 0.429167 0.717188 0.431250 0.717188 0.433333 0.718750 0.435417 0.718750 0.437500 0.720312 0.439583 0.720312 0.443750 0.721875 0.445833 0.721875 0.450000 0.723437 0.452083 0.723437 0.454167 0.725000 0.456250 0.725000 0.462500 0.726562 0.464583 0.726562 0.472917 0.728125 0.475000 0.728125 0.479167 0.729688 0.481250 0.729688 0.485417 0.731250 0.487500 0.731250 0.489583 0.732813 0.491667 0.732813 0.493750 0.734375 0.495833 0.734375 0.502083 0.735937 0.504167 0.735937 0.506250 0.737500 0.508333 0.737500 0.518750 0.739062 0.520833 0.739062 0.527083 0.757812 0.527083 0.757812 0.458333 0.753125 0.458333 0.751562 0.456250 0.751562 0.452083 0.750000 0.450000 0.750000 0.441667 0.748438 0.439583 0.748438 0.429167 0.746875 0.427083 0.746875 0.400000 0.745313 0.397917 0.745313 0.379167 0.743750 0.379167 0.739062 0.372917 0.739062 0.360417 0.737500 0.358333 0.737500 0.356250 0.735937 0.354167 0.735937 0.343750 0.734375 0.341667 0.734375 0.339583 0.732813 0.337500 0.732813 0.325000 0.731250 0.322917 0.731250 0.320833 0.732813 0.318750 0.732813 0.308333 0.731250 0.306250 0.731250 0.279167 0.732813 0.277083 0.732813 0.260417 0.734375 0.258333 0.734375 0.256250 0.739062 0.250000 0.740625 0.250000 0.745313 0.256250 0.745313 0.258333 0.746875 0.256250 0.746875 0.243750 0.748438 0.241667 0.748438 0.235417 0.750000 0.233333 0.750000 0.229167 0.753125 0.225000 0.757812 0.225000 0.757812 0.164583 0.753125 0.164583 0.735937 0.141667 0.734375 0.141667 0.732813 0.139583 0.731250 0.139583 0.729688 0.137500 0.728125 0.137500 0.726562 0.135417 0.725000 0.135417 0.723437 0.133333 0.721875 0.133333 0.720312 0.131250 0.718750 0.131250 0.717188 0.129167 0.715625 0.129167 0.710938 0.122917 0.709375 0.122917 0.707812 0.120833 0.707812 0.110417 0.709375 0.108333 0.709375 0.106250 0.710938 0.104167 0.710938 0.097917 0.712500 0.095833 0.712500 0.091667 0.714063 0.089583 0.714063 0.085417 0.715625 0.083333 0.715625 0.081250 0.717188 0.079167 0.717188 0.072917 0.718750 0.070833 0.718750 0.052083 0.717188 0.050000 0.717188 0.039583 0.715625 0.037500 0.715625 0.035417 0.714063 0.033333 0.714063 0.031250 0.712500 0.029167 0.712500 0.027083 0.709375 0.022917 0.707812 0.022917 0.698438 0.010417 0.698438 0.004167
2 0.004688 0.000000 0.004688 0.006250 0.003125 0.008333 0.003125 0.010417 0.001563 0.012500 0.000000 0.012500 0.000000 0.085417 0.007812 0.085417 0.009375 0.087500 0.010937 0.087500 0.012500 0.089583 0.014062 0.089583 0.015625 0.091667 0.018750 0.091667 0.021875 0.095833 0.021875 0.104167 0.023438 0.104167 0.025000 0.102083 0.026563 0.102083 0.028125 0.104167 0.028125 0.118750 0.064062 0.118750 0.064062 0.097917 0.059375 0.097917 0.056250 0.093750 0.056250 0.087500 0.054688 0.085417 0.054688 0.081250 0.053125 0.079167 0.053125 0.075000 0.050000 0.070833 0.050000 0.068750 0.048437 0.066667 0.048437 0.062500 0.046875 0.060417 0.046875 0.058333 0.045313 0.056250 0.045313 0.054167 0.040625 0.047917 0.040625 0.045833 0.034375 0.037500 0.034375 0.035417 0.029687 0.029167 0.029687 0.027083 0.028125 0.025000 0.028125 0.022917 0.018750 0.010417 0.018750 0.006250 0.017188 0.004167 0.017188 0.000000
49 0.457812 0.270833 0.457812 0.277083 0.456250 0.279167 0.448438 0.279167 0.446875 0.281250 0.445312 0.281250 0.440625 0.287500 0.439063 0.287500 0.437500 0.289583 0.435937 0.289583 0.434375 0.291667 0.429688 0.291667 0.425000 0.297917 0.423438 0.297917 0.421875 0.300000 0.412500 0.300000 0.410937 0.302083 0.406250 0.302083 0.404687 0.304167 0.403125 0.304167 0.401563 0.306250 0.400000 0.306250 0.398438 0.308333 0.393750 0.308333 0.392188 0.310417 0.389062 0.310417 0.385938 0.314583 0.384375 0.314583 0.378125 0.322917 0.371875 0.322917 0.371875 0.352083 0.378125 0.352083 0.379687 0.354167 0.382812 0.354167 0.384375 0.356250 0.385938 0.356250 0.390625 0.362500 0.393750 0.362500 0.395312 0.364583 0.396875 0.364583 0.398438 0.366667 0.400000 0.366667 0.401563 0.368750 0.403125 0.368750 0.404687 0.370833 0.407813 0.370833 0.420312 0.387500 0.421875 0.387500 0.423438 0.389583 0.425000 0.389583 0.426562 0.391667 0.429688 0.391667 0.432813 0.395833 0.432813 0.402083 0.440625 0.402083 0.440625 0.395833 0.442187 0.393750 0.443750 0.393750 0.445312 0.391667 0.464063 0.391667 0.465625 0.393750 0.470313 0.393750 0.471875 0.391667 0.478125 0.391667 0.479688 0.389583 0.489062 0.389583 0.489062 0.287500 0.482812 0.287500 0.478125 0.281250 0.475000 0.281250 0.473437 0.279167 0.471875 0.279167 0.470313 0.277083 0.470313 0.270833
7 0.173438 0.243750 0.173438 0.252083 0.201562 0.252083 0.201562 0.245833 0.200000 0.243750 0.200000 0.239583 0.196875 0.235417 0.195312 0.235417 0.190625 0.241667 0.187500 0.241667 0.185937 0.239583 0.181250 0.239583 0.179688 0.241667 0.176563 0.241667 0.175000 0.243750 0.173438 0.243750 0.167187 0.239583 0.167187 0.237500 0.168750 0.235417 0.168750 0.222917 0.170312 0.220833 0.170312 0.214583 0.176563 0.206250 0.181250 0.206250 0.182812 0.204167 0.184375 0.204167 0.185937 0.202083 0.185937 0.197917 0.187500 0.195833 0.187500 0.185417 0.184375 0.181250 0.201562 0.139583 0.203125 0.139583 0.204688 0.141667 0.210938 0.141667 0.212500 0.143750 0.215625 0.143750 0.215625 0.141667 0.214062 0.139583 0.214062 0.135417 0.218750 0.131250 0.220313 0.133333 0.220313 0.131250 0.221875 0.129167 0.221875 0.120833 0.225000 0.116667 0.225000 0.114583 0.226562 0.112500 0.226562 0.110417 0.228125 0.108333 0.229687 0.108333 0.234375 0.102083 0.237500 0.102083 0.240625 0.106250 0.240625 0.118750 0.239063 0.120833 0.239063 0.125000 0.237500 0.127083 0.237500 0.143750 0.239063 0.145833 0.239063 0.147917 0.242188 0.152083 0.242188 0.156250 0.243750 0.158333 0.243750 0.168750 0.245312 0.170833 0.245312 0.179167 0.246875 0.179167 0.248437 0.181250 0.250000 0.181250 0.257812 0.191667 0.257812 0.193750 0.259375 0.195833 0.265625 0.195833 0.265625 0.191667 0.268750 0.187500 0.268750 0.185417 0.271875 0.181250 0.289062 0.181250 0.290625 0.183333 0.292188 0.183333 0.293750 0.185417 0.295312 0.185417 0.300000 0.191667 0.300000 0.193750 0.301562 0.195833 0.301562 0.200000 0.309375 0.210417 0.309375 0.212500 0.310937 0.214583 0.310937 0.216667 0.312500 0.218750 0.312500 0.220833 0.310937 0.222917 0.310937 0.233333 0.309375 0.235417 0.309375 0.252083 0.410937 0.252083 0.410937 0.245833 0.412500 0.243750 0.412500 0.235417 0.414062 0.233333 0.414062 0.229167 0.415625 0.227083 0.415625 0.222917 0.421875 0.214583 0.421875 0.212500 0.428125 0.204167 0.428125 0.202083 0.429688 0.200000 0.429688 0.197917 0.431250 0.195833 0.432813 0.195833 0.432813 0.193750 0.434375 0.191667 0.434375 0.187500 0.435937 0.185417 0.435937 0.183333 0.440625 0.177083 0.440625 0.175000 0.445312 0.168750 0.446875 0.168750 0.446875 0.166667 0.451562 0.160417 0.451562 0.158333 0.453125 0.156250 0.453125 0.152083 0.454688 0.150000 0.454688 0.141667 0.456250 0.139583 0.456250 0.137500 0.457812 0.135417 0.457812 0.131250 0.465625 0.120833 0.468750 0.120833 0.470313 0.118750 0.471875 0.118750 0.473437 0.116667 0.475000 0.116667 0.476562 0.114583 0.481250 0.114583 0.482812 0.112500 0.489062 0.112500 0.490625 0.114583 0.495313 0.114583 0.495313 0.000000 0.159375 0.000000 0.159375 0.077083 0.164062 0.077083 0.164062 0.075000 0.165625 0.072917 0.165625 0.068750 0.167187 0.066667 0.168750 0.066667 0.170312 0.064583 0.171875 0.066667 0.173438 0.066667 0.175000 0.068750 0.181250 0.068750 0.182812 0.066667 0.192188 0.066667 0.193750 0.068750 0.196875 0.068750 0.198437 0.070833 0.200000 0.070833 0.209375 0.083333 0.209375 0.085417 0.212500 0.089583 0.212500 0.091667 0.214062 0.093750 0.214062 0.104167 0.215625 0.106250 0.215625 0.116667 0.217187 0.118750 0.217187 0.120833 0.218750 0.122917 0.218750 0.131250 0.214062 0.135417 0.212500 0.133333 0.212500 0.129167 0.210938 0.127083 0.207813 0.127083 0.207813 0.129167 0.204688 0.133333 0.203125 0.133333 0.201562 0.135417 0.201562 0.139583 0.184375 0.181250 0.182812 0.181250 0.179688 0.185417 0.179688 0.187500 0.176563 0.191667 0.171875 0.191667 0.170312 0.189583 0.159375 0.189583 0.159375 0.241667 0.165625 0.241667 0.167187 0.239583
46 0.190625 0.470833 0.190625 0.477083 0.187500 0.481250 0.185937 0.481250 0.182812 0.485417 0.181250 0.485417 0.175000 0.493750 0.173438 0.493750 0.167187 0.502083 0.165625 0.502083 0.162500 0.506250 0.162500 0.508333 0.160938 0.510417 0.160938 0.516667 0.159375 0.518750 0.159375 0.520833 0.160938 0.522917 0.160938 0.527083 0.162500 0.529167 0.162500 0.531250 0.165625 0.535417 0.168750 0.535417 0.170312 0.537500 0.173438 0.537500 0.175000 0.539583 0.176563 0.539583 0.187500 0.554167 0.187500 0.560417 0.200000 0.560417 0.200000 0.552083 0.204688 0.545833 0.204688 0.543750 0.212500 0.533333 0.214062 0.533333 0.217187 0.529167 0.218750 0.529167 0.221875 0.525000 0.223438 0.525000 0.225000 0.522917 0.232812 0.522917 0.232812 0.487500 0.226562 0.487500 0.223438 0.483333 0.221875 0.483333 0.220313 0.481250 0.217187 0.481250 0.215625 0.479167 0.214062 0.479167 0.212500 0.477083 0.212500 0.470833
