0 0.626562 0.627358 0.626562 0.634434 0.625000 0.636792 0.625000 0.639151 0.623438 0.641509 0.623438 0.643868 0.621875 0.646226 0.621875 0.648585 0.620313 0.650943 0.620313 0.653302 0.617188 0.658019 0.617188 0.660377 0.615625 0.662736 0.615625 0.667453 0.614062 0.669811 0.614062 0.674528 0.612500 0.676887 0.612500 0.681604 0.606250 0.691038 0.604688 0.691038 0.598437 0.700472 0.598437 0.702830 0.596875 0.705189 0.596875 0.707547 0.595312 0.709906 0.595312 0.716981 0.593750 0.719340 0.593750 0.726415 0.592188 0.728774 0.592188 0.735849 0.590625 0.738208 0.590625 0.747642 0.589063 0.750000 0.589063 0.757075 0.587500 0.759434 0.587500 0.761792 0.585938 0.764151 0.585938 0.768868 0.582812 0.773585 0.578125 0.773585 0.578125 0.806604 0.582812 0.806604 0.584375 0.808962 0.584375 0.811321 0.585938 0.813679 0.585938 0.823113 0.587500 0.825472 0.587500 0.834906 0.589063 0.837264 0.589063 0.841981 0.590625 0.844340 0.590625 0.849057 0.592188 0.851415 0.592188 0.882075 0.593750 0.884434 0.593750 0.900943 0.595312 0.903302 0.595312 0.912736 0.596875 0.915094 0.596875 0.936321 0.595312 0.938679 0.595312 0.943396 0.593750 0.945755 0.593750 0.950472 0.592188 0.952830 0.592188 0.957547 0.590625 0.959906 0.590625 0.962264 0.589063 0.964623 0.589063 0.966981 0.587500 0.969340 0.587500 0.971698 0.585938 0.974057 0.585938 1.000000 0.606250 1.000000 0.606250 0.992925 0.607813 0.990566 0.607813 0.988208 0.612500 0.981132 0.612500 0.978774 0.614062 0.976415 0.614062 0.974057 0.615625 0.971698 0.615625 0.969340 0.617188 0.966981 0.617188 0.964623 0.618750 0.962264 0.618750 0.957547 0.620313 0.955189 0.620313 0.952830 0.621875 0.950472 0.621875 0.948113 0.623438 0.945755 0.623438 0.941038 0.625000 0.938679 0.625000 0.926887 0.626562 0.924528 0.626562 0.922170 0.628125 0.919811 0.629687 0.922170 0.629687 0.941038 0.631250 0.943396 0.631250 1.000000 0.653125 1.000000 0.653125 0.988208 0.654688 0.985849 0.654688 0.974057 0.656250 0.971698 0.656250 0.908019 0.657812 0.905660 0.657812 0.896226 0.659375 0.893868 0.659375 0.886792 0.660937 0.884434 0.660937 0.877358 0.662500 0.875000 0.662500 0.872642 0.665625 0.867925 0.667188 0.867925 0.668750 0.865566 0.673437 0.865566 0.675000 0.867925 0.676562 0.867925 0.679688 0.872642 0.679688 0.875000 0.682813 0.879717 0.682813 0.882075 0.684375 0.882075 0.685938 0.879717 0.695312 0.879717 0.695312 0.806604 0.690625 0.806604 0.689062 0.804245 0.689062 0.801887 0.687500 0.799528 0.687500 0.794811 0.685938 0.792453 0.685938 0.790094 0.681250 0.783019 0.681250 0.780660 0.679688 0.778302 0.679688 0.775943 0.678125 0.773585 0.678125 0.766509 0.676562 0.764151 0.676562 0.754717 0.675000 0.752358 0.675000 0.747642 0.673437 0.745283 0.673437 0.742925 0.671875 0.740566 0.671875 0.735849 0.670313 0.733491 0.670313 0.731132 0.668750 0.728774 0.668750 0.724057 0.667188 0.721698 0.667188 0.719340 0.665625 0.716981 0.665625 0.714623 0.664062 0.712264 0.664062 0.709906 0.660937 0.705189 0.660937 0.702830 0.653125 0.691038 0.653125 0.686321 0.651563 0.683962 0.651563 0.653302 0.650000 0.650943 0.650000 0.643868 0.648438 0.641509 0.648438 0.639151 0.646875 0.636792 0.646875 0.627358
0 0.190625 0.683962 0.190625 0.693396 0.185937 0.700472 0.184375 0.700472 0.182812 0.702830 0.182812 0.705189 0.178125 0.712264 0.178125 0.714623 0.175000 0.719340 0.175000 0.724057 0.173438 0.726415 0.173438 0.731132 0.171875 0.733491 0.171875 0.740566 0.170312 0.742925 0.170312 0.745283 0.168750 0.747642 0.168750 0.750000 0.167187 0.752358 0.167187 0.754717 0.159375 0.766509 0.157813 0.766509 0.151562 0.775943 0.150000 0.775943 0.142188 0.787736 0.142188 0.790094 0.140625 0.792453 0.140625 0.804245 0.139062 0.806604 0.139062 0.808962 0.134375 0.816038 0.132812 0.816038 0.128125 0.823113 0.128125 0.825472 0.126563 0.827830 0.126563 0.830189 0.125000 0.832547 0.125000 0.853774 0.126563 0.856132 0.126563 0.860849 0.128125 0.863208 0.126563 0.865566 0.126563 0.872642 0.125000 0.875000 0.125000 0.879717 0.123438 0.882075 0.123438 0.884434 0.121875 0.886792 0.121875 0.891509 0.120312 0.893868 0.120312 0.898585 0.118750 0.900943 0.118750 0.905660 0.117188 0.908019 0.117188 0.915094 0.115625 0.917453 0.115625 0.924528 0.114063 0.926887 0.114063 0.931604 0.112500 0.933962 0.112500 0.938679 0.110937 0.941038 0.110937 0.948113 0.109375 0.950472 0.109375 0.955189 0.107813 0.957547 0.103125 0.957547 0.103125 0.985849 0.107813 0.985849 0.112500 0.992925 0.112500 1.000000 0.301562 1.000000 0.301562 0.952830 0.296875 0.952830 0.295312 0.950472 0.295312 0.948113 0.293750 0.945755 0.293750 0.943396 0.292188 0.941038 0.292188 0.936321 0.290625 0.933962 0.290625 0.929245 0.289062 0.926887 0.289062 0.919811 0.287500 0.917453 0.287500 0.908019 0.285937 0.905660 0.285937 0.879717 0.284375 0.877358 0.284375 0.875000 0.282813 0.872642 0.282813 0.870283 0.281250 0.867925 0.281250 0.865566 0.279687 0.863208 0.279687 0.860849 0.278125 0.858491 0.278125 0.856132 0.270312 0.844340 0.268750 0.844340 0.264062 0.837264 0.262500 0.837264 0.260938 0.834906 0.259375 0.834906 0.256250 0.830189 0.254687 0.830189 0.251563 0.825472 0.251563 0.823113 0.250000 0.820755 0.250000 0.799528 0.251563 0.797170 0.251563 0.785377 0.248437 0.780660 0.248437 0.778302 0.245312 0.773585 0.245312 0.771226 0.243750 0.768868 0.243750 0.766509 0.242188 0.764151 0.242188 0.740566 0.240625 0.738208 0.240625 0.728774 0.239063 0.726415 0.239063 0.721698 0.237500 0.719340 0.237500 0.716981 0.235938 0.714623 0.235938 0.712264 0.232812 0.707547 0.232812 0.705189 0.223438 0.691038 0.223438 0.683962
5 0.000000 0.240566 0.000000 0.908019 0.114063 0.908019 0.114063 0.896226 0.115625 0.893868 0.115625 0.889151 0.117188 0.886792 0.117188 0.882075 0.118750 0.879717 0.118750 0.875000 0.120312 0.872642 0.120312 0.856132 0.118750 0.853774 0.118750 0.837264 0.120312 0.834906 0.120312 0.830189 0.121875 0.827830 0.121875 0.825472 0.123438 0.823113 0.123438 0.820755 0.125000 0.818396 0.125000 0.816038 0.131250 0.806604 0.132812 0.806604 0.132812 0.799528 0.134375 0.797170 0.134375 0.792453 0.135937 0.790094 0.135937 0.787736 0.137500 0.785377 0.137500 0.783019 0.142188 0.775943 0.142188 0.773585 0.148438 0.764151 0.150000 0.764151 0.153125 0.759434 0.156250 0.759434 0.159375 0.754717 0.159375 0.752358 0.162500 0.747642 0.162500 0.745283 0.164062 0.742925 0.164062 0.735849 0.165625 0.733491 0.165625 0.726415 0.168750 0.721698 0.168750 0.719340 0.185937 0.693396 0.187500 0.693396 0.189063 0.691038 0.190625 0.691038 0.193750 0.686321 0.195312 0.686321 0.196875 0.683962 0.203125 0.683962 0.204688 0.681604 0.210938 0.681604 0.212500 0.679245 0.214062 0.679245 0.215625 0.676887 0.217187 0.676887 0.218750 0.674528 0.220313 0.674528 0.220313 0.672170 0.226562 0.662736 0.226562 0.655660 0.228125 0.653302 0.226562 0.650943 0.226562 0.636792 0.228125 0.634434 0.228125 0.622642 0.229687 0.620283 0.229687 0.615566 0.231250 0.613208 0.231250 0.610849 0.242188 0.594340 0.243750 0.594340 0.245312 0.591981 0.246875 0.591981 0.248437 0.589623 0.253125 0.589623 0.254687 0.587264 0.265625 0.587264 0.267188 0.589623 0.273438 0.589623 0.275000 0.591981 0.278125 0.591981 0.289062 0.608491 0.289062 0.613208 0.290625 0.615566 0.290625 0.617925 0.292188 0.620283 0.292188 0.622642 0.293750 0.625000 0.293750 0.639151 0.295312 0.641509 0.295312 0.655660 0.293750 0.658019 0.293750 0.676887 0.292188 0.679245 0.292188 0.681604 0.293750 0.683962 0.293750 0.686321 0.295312 0.688679 0.295312 0.691038 0.296875 0.693396 0.298438 0.693396 0.307813 0.707547 0.307813 0.709906 0.314063 0.719340 0.314063 0.721698 0.315625 0.724057 0.315625 0.728774 0.317187 0.731132 0.317187 0.733491 0.318750 0.735849 0.318750 0.740566 0.320312 0.742925 0.320312 0.747642 0.321875 0.750000 0.321875 0.754717 0.323438 0.757075 0.323438 0.771226 0.325000 0.773585 0.325000 0.785377 0.326562 0.787736 0.326562 0.801887 0.328125 0.804245 0.328125 0.813679 0.329688 0.816038 0.329688 0.825472 0.334375 0.832547 0.339063 0.832547 0.340625 0.834906 0.342187 0.834906 0.343750 0.837264 0.345313 0.837264 0.346875 0.839623 0.351562 0.839623 0.354688 0.844340 0.356250 0.844340 0.357812 0.846698 0.359375 0.846698 0.360938 0.849057 0.362500 0.849057 0.364062 0.851415 0.373437 0.851415 0.375000 0.849057 0.378125 0.849057 0.379687 0.846698 0.381250 0.846698 0.382812 0.844340 0.384375 0.844340 0.398438 0.823113 0.398438 0.816038 0.400000 0.813679 0.400000 0.811321 0.404687 0.804245 0.406250 0.804245 0.409375 0.799528 0.410937 0.799528 0.415625 0.792453 0.417188 0.792453 0.418750 0.790094 0.420312 0.790094 0.421875 0.787736 0.426562 0.787736 0.428125 0.785377 0.429688 0.785377 0.431250 0.783019 0.432813 0.783019 0.437500 0.775943 0.437500 0.773585 0.440625 0.768868 0.445312 0.768868 0.445312 0.405660 0.439063 0.405660 0.434375 0.398585 0.432813 0.398585 0.431250 0.396226 0.429688 0.396226 0.428125 0.393868 0.425000 0.393868 0.423438 0.391509 0.418750 0.391509 0.417188 0.389151 0.412500 0.389151 0.410937 0.386792 0.404687 0.386792 0.403125 0.384434 0.398438 0.384434 0.396875 0.382075 0.390625 0.382075 0.389062 0.379717 0.382812 0.379717 0.381250 0.377358 0.376563 0.377358 0.375000 0.375000 0.371875 0.375000 0.370313 0.372642 0.367188 0.372642 0.365625 0.370283 0.362500 0.370283 0.360938 0.367925 0.356250 0.367925 0.354688 0.365566 0.348437 0.365566 0.346875 0.363208 0.342187 0.363208 0.340625 0.360849 0.332812 0.360849 0.331250 0.363208 0.329688 0.363208 0.325000 0.370283 0.325000 0.372642 0.323438 0.375000 0.323438 0.384434 0.321875 0.386792 0.321875 0.403302 0.320312 0.405660 0.320312 0.412736 0.318750 0.415094 0.318750 0.429245 0.317187 0.431604 0.317187 0.450472 0.315625 0.452830 0.315625 0.466981 0.314063 0.469340 0.312500 0.469340 0.310937 0.471698 0.309375 0.471698 0.306250 0.466981 0.306250 0.464623 0.307813 0.462264 0.307813 0.455189 0.306250 0.452830 0.306250 0.450472 0.304688 0.448113 0.304688 0.436321 0.303125 0.433962 0.303125 0.417453 0.301562 0.415094 0.301562 0.403302 0.300000 0.400943 0.300000 0.398585 0.301562 0.396226 0.301562 0.360849 0.300000 0.358491 0.300000 0.353774 0.296875 0.349057 0.295312 0.349057 0.293750 0.346698 0.290625 0.346698 0.289062 0.344340 0.281250 0.344340 0.279687 0.341981 0.271875 0.341981 0.270312 0.339623 0.262500 0.339623 0.260938 0.337264 0.256250 0.337264 0.254687 0.334906 0.248437 0.334906 0.246875 0.332547 0.242188 0.332547 0.240625 0.330189 0.235938 0.330189 0.234375 0.327830 0.229687 0.327830 0.228125 0.325472 0.223438 0.325472 0.221875 0.323113 0.217187 0.323113 0.215625 0.320755 0.212500 0.320755 0.210938 0.318396 0.206250 0.318396 0.204688 0.316038 0.201562 0.316038 0.200000 0.313679 0.195312 0.313679 0.193750 0.311321 0.185937 0.311321 0.184375 0.308962 0.175000 0.308962 0.173438 0.306604 0.165625 0.306604 0.164062 0.304245 0.156250 0.304245 0.154687 0.301887 0.150000 0.301887 0.148438 0.299528 0.145313 0.299528 0.143750 0.297170 0.140625 0.297170 0.139062 0.294811 0.135937 0.294811 0.134375 0.292453 0.129688 0.292453 0.128125 0.290094 0.123438 0.290094 0.121875 0.287736 0.117188 0.287736 0.115625 0.285377 0.109375 0.285377 0.107813 0.283019 0.103125 0.283019 0.101562 0.280660 0.098438 0.280660 0.096875 0.278302 0.093750 0.278302 0.092188 0.275943 0.090625 0.275943 0.089062 0.273585 0.084375 0.273585 0.082813 0.271226 0.079687 0.271226 0.078125 0.268868 0.073437 0.268868 0.071875 0.266509 0.070312 0.266509 0.068750 0.264151 0.067188 0.264151 0.065625 0.261792 0.057813 0.261792 0.053125 0.254717 0.053125 0.252358 0.051562 0.250000 0.046875 0.250000 0.045313 0.247642 0.045313 0.240566
0 0.781250 0.589623 0.781250 0.603774 0.782812 0.606132 0.781250 0.608491 0.781250 0.615566 0.779688 0.617925 0.779688 0.622642 0.778125 0.625000 0.771875 0.625000 0.771875 0.674528 0.776563 0.674528 0.778125 0.676887 0.778125 0.679245 0.779688 0.681604 0.779688 0.688679 0.781250 0.691038 0.781250 0.709906 0.782812 0.712264 0.782812 0.719340 0.784375 0.721698 0.784375 0.724057 0.789062 0.731132 0.789062 0.738208 0.790625 0.738208 0.790625 0.728774 0.792188 0.726415 0.792188 0.724057 0.793750 0.721698 0.793750 0.700472 0.796875 0.695755 0.796875 0.693396 0.798437 0.691038 0.798437 0.686321 0.800000 0.683962 0.800000 0.681604 0.801562 0.679245 0.807813 0.679245 0.807813 0.622642 0.801562 0.622642 0.800000 0.620283 0.800000 0.617925 0.798437 0.615566 0.798437 0.613208 0.796875 0.610849 0.796875 0.608491 0.795313 0.606132 0.795313 0.599057 0.793750 0.596698 0.793750 0.589623
0 0.884375 0.580189 0.884375 0.591981 0.882812 0.594340 0.882812 0.599057 0.876562 0.608491 0.871875 0.608491 0.871875 0.646226 0.876562 0.646226 0.879687 0.650943 0.879687 0.660377 0.881250 0.662736 0.881250 0.700472 0.892187 0.700472 0.892187 0.691038 0.893750 0.688679 0.893750 0.683962 0.895312 0.681604 0.895312 0.679245 0.896875 0.676887 0.896875 0.674528 0.898438 0.672170 0.898438 0.641509 0.900000 0.639151 0.900000 0.629717 0.901563 0.627358 0.901563 0.622642 0.900000 0.620283 0.900000 0.613208 0.898438 0.610849 0.898438 0.606132 0.896875 0.603774 0.896875 0.601415 0.895312 0.599057 0.895312 0.580189
0 0.239063 0.589623 0.239063 0.599057 0.237500 0.601415 0.237500 0.603774 0.234375 0.608491 0.234375 0.610849 0.232812 0.613208 0.232812 0.617925 0.231250 0.620283 0.231250 0.627358 0.229687 0.629717 0.229687 0.646226 0.231250 0.648585 0.231250 0.658019 0.229687 0.660377 0.229687 0.662736 0.220313 0.676887 0.215625 0.676887 0.215625 0.695755 0.221875 0.695755 0.223438 0.698113 0.226562 0.698113 0.229687 0.702830 0.231250 0.702830 0.235938 0.709906 0.235938 0.712264 0.237500 0.714623 0.237500 0.716981 0.239063 0.719340 0.239063 0.721698 0.240625 0.724057 0.240625 0.728774 0.242188 0.731132 0.242188 0.747642 0.243750 0.750000 0.243750 0.766509 0.246875 0.771226 0.246875 0.773585 0.250000 0.778302 0.250000 0.780660 0.253125 0.785377 0.253125 0.801887 0.251563 0.804245 0.251563 0.806604 0.253125 0.808962 0.253125 0.823113 0.254687 0.825472 0.256250 0.825472 0.260938 0.832547 0.262500 0.832547 0.264062 0.834906 0.265625 0.834906 0.271875 0.844340 0.273438 0.844340 0.276563 0.849057 0.276563 0.851415 0.279687 0.856132 0.279687 0.858491 0.281250 0.860849 0.281250 0.865566 0.282813 0.867925 0.282813 0.879717 0.284375 0.882075 0.284375 0.886792 0.285937 0.886792 0.289062 0.891509 0.290625 0.889151 0.290625 0.884434 0.292188 0.882075 0.292188 0.877358 0.293750 0.875000 0.293750 0.872642 0.295312 0.870283 0.295312 0.867925 0.298438 0.863208 0.298438 0.860849 0.300000 0.858491 0.300000 0.856132 0.301562 0.853774 0.304688 0.858491 0.304688 0.863208 0.306250 0.865566 0.306250 0.872642 0.307813 0.875000 0.307813 0.877358 0.309375 0.879717 0.314063 0.879717 0.320312 0.870283 0.326562 0.870283 0.326562 0.761792 0.321875 0.761792 0.318750 0.757075 0.318750 0.752358 0.317187 0.750000 0.317187 0.745283 0.315625 0.742925 0.315625 0.738208 0.314063 0.735849 0.314063 0.733491 0.312500 0.731132 0.312500 0.728774 0.310937 0.726415 0.310937 0.721698 0.296875 0.700472 0.293750 0.700472 0.287500 0.691038 0.287500 0.688679 0.285937 0.686321 0.285937 0.660377 0.287500 0.658019 0.287500 0.629717 0.285937 0.627358 0.285937 0.620283 0.284375 0.617925 0.284375 0.608491 0.282813 0.606132 0.282813 0.603774 0.281250 0.601415 0.281250 0.589623
0 0.842188 0.608491 0.842188 0.615566 0.840625 0.617925 0.840625 0.620283 0.839063 0.622642 0.839063 0.627358 0.837500 0.629717 0.837500 0.632075 0.834375 0.636792 0.834375 0.639151 0.832812 0.641509 0.832812 0.643868 0.831250 0.646226 0.831250 0.648585 0.829687 0.650943 0.829687 0.653302 0.828125 0.655660 0.828125 0.658019 0.826563 0.660377 0.821875 0.660377 0.821875 0.726415 0.826563 0.726415 0.828125 0.728774 0.828125 0.738208 0.829687 0.738208 0.831250 0.740566 0.832812 0.740566 0.834375 0.742925 0.834375 0.745283 0.835938 0.747642 0.835938 0.752358 0.837500 0.754717 0.837500 0.794811 0.854688 0.794811 0.854688 0.747642 0.856250 0.745283 0.856250 0.728774 0.857813 0.726415 0.857813 0.724057 0.859375 0.721698 0.859375 0.719340 0.860937 0.716981 0.860937 0.714623 0.862500 0.712264 0.862500 0.709906 0.865625 0.705189 0.870313 0.705189 0.870313 0.653302 0.865625 0.653302 0.860937 0.646226 0.860937 0.643868 0.859375 0.641509 0.859375 0.639151 0.857813 0.636792 0.857813 0.634434 0.854688 0.629717 0.854688 0.625000 0.853125 0.622642 0.853125 0.617925 0.851562 0.615566 0.851562 0.608491
5 0.659375 0.466981 0.659375 0.709906 0.676562 0.709906 0.676562 0.698113 0.673437 0.693396 0.673437 0.688679 0.671875 0.686321 0.671875 0.683962 0.670313 0.681604 0.670313 0.676887 0.668750 0.674528 0.668750 0.672170 0.676562 0.660377 0.678125 0.660377 0.684375 0.669811 0.684375 0.672170 0.685938 0.674528 0.685938 0.681604 0.687500 0.683962 0.687500 0.709906 0.704687 0.709906 0.704687 0.700472 0.706250 0.698113 0.709375 0.698113 0.710938 0.695755 0.712500 0.695755 0.714063 0.693396 0.715625 0.693396 0.718750 0.688679 0.718750 0.686321 0.721875 0.681604 0.728125 0.681604 0.729688 0.683962 0.734375 0.683962 0.737500 0.688679 0.739062 0.688679 0.740625 0.691038 0.750000 0.691038 0.751562 0.688679 0.753125 0.688679 0.754687 0.686321 0.756250 0.686321 0.760938 0.679245 0.762500 0.679245 0.765625 0.674528 0.767187 0.674528 0.768750 0.672170 0.770312 0.672170 0.770312 0.655660 0.771875 0.653302 0.771875 0.641509 0.773438 0.639151 0.773438 0.632075 0.775000 0.629717 0.775000 0.627358 0.776563 0.625000 0.776563 0.622642 0.778125 0.620283 0.778125 0.613208 0.779688 0.610849 0.779688 0.606132 0.781250 0.603774 0.781250 0.601415 0.782812 0.599057 0.789062 0.599057 0.789062 0.507075 0.781250 0.507075 0.779688 0.504717 0.775000 0.504717 0.773438 0.502358 0.770312 0.502358 0.768750 0.500000 0.764063 0.500000 0.762500 0.497642 0.760938 0.497642 0.759375 0.495283 0.756250 0.495283 0.754687 0.492925 0.751562 0.492925 0.750000 0.490566 0.745313 0.490566 0.743750 0.488208 0.739062 0.488208 0.737500 0.485849 0.732813 0.485849 0.731250 0.483491 0.729688 0.483491 0.728125 0.481132 0.725000 0.481132 0.723437 0.478774 0.717188 0.478774 0.715625 0.476415 0.712500 0.476415 0.710938 0.474057 0.710938 0.466981
5 0.440625 0.457547 0.440625 0.679245 0.448438 0.679245 0.450000 0.676887 0.451562 0.676887 0.451562 0.674528 0.453125 0.672170 0.453125 0.658019 0.454688 0.655660 0.454688 0.636792 0.456250 0.634434 0.456250 0.620283 0.457812 0.617925 0.457812 0.613208 0.459375 0.610849 0.460938 0.610849 0.464063 0.606132 0.465625 0.608491 0.465625 0.610849 0.467187 0.613208 0.467187 0.660377 0.468750 0.662736 0.467187 0.665094 0.467187 0.702830 0.468750 0.705189 0.468750 0.709906 0.470313 0.712264 0.470313 0.721698 0.471875 0.724057 0.471875 0.728774 0.473437 0.731132 0.473437 0.735849 0.475000 0.738208 0.475000 0.740566 0.476562 0.742925 0.476562 0.745283 0.478125 0.747642 0.479688 0.747642 0.481250 0.745283 0.510938 0.745283 0.512500 0.747642 0.523438 0.747642 0.525000 0.750000 0.531250 0.750000 0.532812 0.752358 0.542188 0.752358 0.543750 0.754717 0.582812 0.754717 0.584375 0.752358 0.584375 0.750000 0.585938 0.747642 0.585938 0.745283 0.587500 0.742925 0.587500 0.740566 0.589063 0.738208 0.589063 0.726415 0.590625 0.724057 0.590625 0.712264 0.592188 0.709906 0.592188 0.705189 0.593750 0.702830 0.593750 0.695755 0.595312 0.693396 0.595312 0.686321 0.596875 0.683962 0.596875 0.681604 0.598437 0.679245 0.598437 0.676887 0.600000 0.674528 0.600000 0.669811 0.601562 0.667453 0.601562 0.665094 0.609375 0.653302 0.614062 0.653302 0.629687 0.629717 0.631250 0.629717 0.632812 0.627358 0.634375 0.627358 0.635938 0.625000 0.645312 0.625000 0.646875 0.627358 0.648438 0.625000 0.650000 0.625000 0.651563 0.622642 0.654688 0.627358 0.654688 0.634434 0.656250 0.636792 0.656250 0.650943 0.657812 0.653302 0.657812 0.676887 0.659375 0.679245 0.659375 0.683962 0.660937 0.686321 0.660937 0.693396 0.664062 0.698113 0.664062 0.700472 0.665625 0.702830 0.667188 0.702830 0.671875 0.709906 0.673437 0.709906 0.676562 0.714623 0.679688 0.714623 0.681250 0.716981 0.687500 0.716981 0.689062 0.719340 0.692187 0.714623 0.693750 0.714623 0.695312 0.712264 0.696875 0.712264 0.696875 0.709906 0.700000 0.705189 0.701563 0.705189 0.704687 0.700472 0.706250 0.700472 0.707812 0.698113 0.709375 0.698113 0.710938 0.695755 0.712500 0.695755 0.714063 0.693396 0.715625 0.693396 0.721875 0.683962 0.725000 0.683962 0.726562 0.686321 0.732813 0.686321 0.734375 0.688679 0.735937 0.688679 0.737500 0.691038 0.750000 0.691038 0.751562 0.688679 0.754687 0.688679 0.756250 0.686321 0.757812 0.686321 0.759375 0.683962 0.760938 0.683962 0.768750 0.672170 0.768750 0.669811 0.770312 0.667453 0.770312 0.653302 0.771875 0.650943 0.771875 0.639151 0.773438 0.636792 0.773438 0.632075 0.775000 0.629717 0.775000 0.627358 0.778125 0.622642 0.782812 0.622642 0.782812 0.507075 0.776563 0.507075 0.775000 0.504717 0.773438 0.504717 0.771875 0.502358 0.768750 0.502358 0.767187 0.500000 0.764063 0.500000 0.762500 0.497642 0.757812 0.497642 0.756250 0.495283 0.753125 0.495283 0.751562 0.492925 0.748438 0.492925 0.746875 0.490566 0.740625 0.490566 0.739062 0.488208 0.732813 0.488208 0.731250 0.485849 0.728125 0.485849 0.726562 0.483491 0.723437 0.483491 0.721875 0.481132 0.715625 0.481132 0.714063 0.478774 0.707812 0.478774 0.706250 0.476415 0.703125 0.476415 0.701563 0.474057 0.693750 0.474057 0.692187 0.471698 0.678125 0.471698 0.676562 0.474057 0.667188 0.474057 0.664062 0.478774 0.664062 0.481132 0.662500 0.483491 0.662500 0.511792 0.660937 0.514151 0.660937 0.521226 0.662500 0.523585 0.662500 0.551887 0.660937 0.554245 0.660937 0.561321 0.659375 0.563679 0.659375 0.582547 0.657812 0.584906 0.657812 0.587264 0.656250 0.589623 0.656250 0.599057 0.651563 0.606132 0.650000 0.603774 0.650000 0.601415 0.646875 0.596698 0.646875 0.594340 0.648438 0.591981 0.648438 0.589623 0.646875 0.589623 0.645312 0.587264 0.643750 0.587264 0.639063 0.580189 0.639063 0.568396 0.634375 0.561321 0.634375 0.558962 0.632812 0.556604 0.632812 0.549528 0.631250 0.547170 0.631250 0.535377 0.632812 0.533019 0.632812 0.516509 0.631250 0.514151 0.631250 0.511792 0.632812 0.509434 0.632812 0.495283 0.629687 0.490566 0.625000 0.490566 0.623438 0.488208 0.617188 0.488208 0.615625 0.485849 0.612500 0.485849 0.610937 0.483491 0.606250 0.483491 0.604688 0.481132 0.598437 0.481132 0.596875 0.478774 0.589063 0.478774 0.587500 0.476415 0.581250 0.476415 0.579687 0.474057 0.573438 0.474057 0.571875 0.471698 0.560938 0.471698 0.559375 0.469340 0.551562 0.469340 0.550000 0.466981 0.548437 0.466981 0.546875 0.464623 0.546875 0.457547 0.473437 0.457547 0.473437 0.466981 0.471875 0.469340 0.471875 0.471698 0.470313 0.474057 0.470313 0.478774 0.468750 0.481132 0.468750 0.492925 0.467187 0.495283 0.467187 0.509434 0.465625 0.511792 0.465625 0.516509 0.464063 0.518868 0.459375 0.518868 0.457812 0.516509 0.457812 0.507075 0.459375 0.504717 0.457812 0.502358 0.457812 0.500000 0.456250 0.497642 0.456250 0.495283 0.454688 0.492925 0.454688 0.490566 0.453125 0.488208 0.453125 0.485849 0.451562 0.483491 0.451562 0.476415 0.453125 0.474057 0.453125 0.466981 0.454688 0.464623 0.454688 0.457547
5 0.473437 0.457547 0.473437 0.464623 0.471875 0.466981 0.471875 0.469340 0.470313 0.471698 0.470313 0.476415 0.468750 0.478774 0.468750 0.495283 0.467187 0.497642 0.467187 0.528302 0.468750 0.530660 0.468750 0.547170 0.467187 0.549528 0.467187 0.617925 0.468750 0.620283 0.468750 0.634434 0.467187 0.636792 0.467187 0.655660 0.468750 0.658019 0.468750 0.667453 0.467187 0.669811 0.467187 0.702830 0.468750 0.705189 0.468750 0.712264 0.470313 0.714623 0.470313 0.721698 0.471875 0.724057 0.471875 0.728774 0.473437 0.731132 0.473437 0.733491 0.475000 0.735849 0.475000 0.738208 0.478125 0.742925 0.479688 0.740566 0.481250 0.740566 0.482812 0.738208 0.485938 0.738208 0.487500 0.740566 0.503125 0.740566 0.504687 0.742925 0.509375 0.742925 0.510938 0.745283 0.518750 0.745283 0.520312 0.747642 0.526563 0.747642 0.528125 0.750000 0.535937 0.750000 0.537500 0.752358 0.546875 0.752358 0.548437 0.754717 0.557813 0.754717 0.559375 0.752358 0.571875 0.752358 0.573438 0.754717 0.579687 0.754717 0.582812 0.759434 0.582812 0.766509 0.582812 0.757075 0.584375 0.754717 0.584375 0.752358 0.585938 0.750000 0.585938 0.747642 0.589063 0.742925 0.589063 0.735849 0.590625 0.733491 0.590625 0.719340 0.592188 0.716981 0.592188 0.712264 0.593750 0.709906 0.593750 0.707547 0.595312 0.705189 0.595312 0.698113 0.598437 0.693396 0.598437 0.691038 0.600000 0.688679 0.600000 0.683962 0.606250 0.674528 0.606250 0.665094 0.609375 0.660377 0.610937 0.660377 0.612500 0.658019 0.614062 0.658019 0.621875 0.646226 0.621875 0.643868 0.625000 0.639151 0.626562 0.639151 0.628125 0.636792 0.629687 0.636792 0.632812 0.632075 0.639063 0.632075 0.639063 0.490566 0.634375 0.490566 0.632812 0.488208 0.628125 0.488208 0.626562 0.485849 0.620313 0.485849 0.618750 0.483491 0.610937 0.483491 0.609375 0.481132 0.601562 0.481132 0.600000 0.478774 0.592188 0.478774 0.590625 0.476415 0.584375 0.476415 0.582812 0.474057 0.576563 0.474057 0.575000 0.471698 0.567187 0.471698 0.565625 0.469340 0.556250 0.469340 0.554688 0.466981 0.551562 0.466981 0.550000 0.464623 0.550000 0.457547
0 0.921875 0.589623 0.921875 0.681604 0.935938 0.681604 0.935938 0.589623
26 0.646875 0.693396 0.646875 0.827830 0.651563 0.827830 0.654688 0.832547 0.654688 0.851415 0.656250 0.853774 0.656250 0.858491 0.657812 0.860849 0.657812 0.863208 0.659375 0.865566 0.681250 0.865566 0.682813 0.867925 0.689062 0.867925 0.690625 0.865566 0.695312 0.865566 0.695312 0.830189 0.689062 0.830189 0.687500 0.827830 0.687500 0.825472 0.685938 0.823113 0.685938 0.820755 0.684375 0.818396 0.684375 0.816038 0.682813 0.813679 0.682813 0.811321 0.679688 0.806604 0.678125 0.806604 0.675000 0.801887 0.675000 0.797170 0.673437 0.794811 0.673437 0.792453 0.671875 0.790094 0.671875 0.787736 0.670313 0.785377 0.670313 0.783019 0.668750 0.780660 0.668750 0.778302 0.667188 0.775943 0.667188 0.771226 0.664062 0.766509 0.664062 0.764151 0.662500 0.761792 0.662500 0.752358 0.660937 0.750000 0.660937 0.735849 0.659375 0.733491 0.659375 0.719340 0.660937 0.716981 0.660937 0.702830 0.659375 0.700472 0.659375 0.693396
0 0.943750 0.589623 0.943750 0.596698 0.939062 0.603774 0.934375 0.603774 0.934375 0.691038 0.957812 0.691038 0.957812 0.599057 0.953125 0.599057 0.951563 0.596698 0.951563 0.589623
0 0.896875 0.589623 0.896875 0.639151 0.901563 0.639151 0.903125 0.641509 0.906250 0.641509 0.907812 0.643868 0.914062 0.643868 0.914062 0.589623
0 0.828125 0.589623 0.828125 0.599057 0.826563 0.601415 0.826563 0.606132 0.825000 0.608491 0.825000 0.610849 0.820312 0.617925 0.817187 0.617925 0.815625 0.620283 0.809375 0.620283 0.809375 0.691038 0.818750 0.691038 0.818750 0.681604 0.823438 0.674528 0.823438 0.672170 0.825000 0.669811 0.825000 0.667453 0.826563 0.665094 0.826563 0.655660 0.828125 0.653302 0.828125 0.646226 0.829687 0.643868 0.829687 0.641509 0.834375 0.634434 0.834375 0.632075 0.837500 0.627358 0.837500 0.625000 0.840625 0.620283 0.845312 0.620283 0.845312 0.589623
0 0.943750 0.589623 0.943750 0.599057 0.940625 0.603774 0.934375 0.603774 0.934375 0.683962 0.939062 0.683962 0.942187 0.688679 0.942187 0.691038 0.945312 0.695755 0.945312 0.719340 0.964063 0.719340 0.964063 0.712264 0.959375 0.712264 0.957812 0.709906 0.956250 0.709906 0.954687 0.707547 0.954687 0.705189 0.953125 0.702830 0.953125 0.672170 0.954687 0.669811 0.954687 0.650943 0.956250 0.648585 0.956250 0.639151 0.957812 0.636792 0.957812 0.625000 0.959375 0.622642 0.964063 0.622642 0.964063 0.615566 0.959375 0.615566 0.957812 0.613208 0.957812 0.608491 0.956250 0.606132 0.957812 0.603774 0.957812 0.589623
0 0.953125 0.589623 0.953125 0.665094 0.959375 0.665094 0.960938 0.667453 0.960938 0.669811 0.962500 0.672170 0.962500 0.681604 0.968750 0.681604 0.968750 0.672170 0.970312 0.669811 0.976562 0.669811 0.976562 0.589623
