5 0.809375 0.786064 0.809375 0.795844 0.845312 0.795844 0.845312 0.737164 0.839063 0.737164 0.837500 0.739609 0.834375 0.739609 0.828125 0.749389 0.828125 0.751834 0.825000 0.756724 0.825000 0.759169 0.826563 0.761614 0.826563 0.768949 0.823438 0.773839 0.823438 0.776284 0.818750 0.783619 0.817187 0.783619 0.815625 0.786064 0.809375 0.786064 0.751562 0.773839 0.751562 0.761614 0.753125 0.759169 0.753125 0.754279 0.754687 0.751834 0.754687 0.739609 0.756250 0.737164 0.756250 0.734719 0.757812 0.732274 0.757812 0.729829 0.759375 0.727384 0.759375 0.722494 0.760938 0.720049 0.760938 0.707824 0.762500 0.705379 0.762500 0.698044 0.764063 0.695599 0.764063 0.685819 0.765625 0.683374 0.765625 0.671149 0.767187 0.668704 0.767187 0.661369 0.768750 0.658924 0.768750 0.654034 0.770312 0.651589 0.770312 0.646699 0.771875 0.644254 0.771875 0.639364 0.775000 0.634474 0.778125 0.634474 0.779688 0.632029 0.785937 0.632029 0.787500 0.629584 0.798437 0.629584 0.800000 0.627139 0.810938 0.627139 0.812500 0.624694 0.832812 0.624694 0.834375 0.622249 0.845312 0.622249 0.845312 0.475550 0.840625 0.475550 0.834375 0.465770 0.834375 0.455990 0.684375 0.455990 0.684375 0.475550 0.690625 0.475550 0.696875 0.485330 0.696875 0.495110 0.698438 0.497555 0.698438 0.500000 0.700000 0.502445 0.700000 0.509780 0.701563 0.512225 0.701563 0.522005 0.703125 0.524450 0.703125 0.588020 0.701563 0.590465 0.701563 0.595354 0.703125 0.597800 0.703125 0.663814 0.701563 0.666259 0.701563 0.673594 0.703125 0.676039 0.703125 0.690709 0.701563 0.693154 0.701563 0.756724 0.700000 0.759169 0.700000 0.768949 0.701563 0.771394 0.701563 0.786064 0.703125 0.788509 0.703125 0.795844 0.746875 0.795844 0.746875 0.788509 0.748438 0.786064 0.748438 0.783619 0.750000 0.781174 0.750000 0.776284 0.751562 0.773839
5 0.000000 0.514670 0.000000 1.000000 0.178125 1.000000 0.178125 1.000000 0.181250 0.998778 0.182812 0.998778 0.185937 0.993888 0.187500 0.993888 0.190625 0.988998 0.190625 0.986553 0.192188 0.984108 0.192188 0.976773 0.190625 0.974328 0.190625 0.903423 0.192188 0.900978 0.192188 0.893643 0.193750 0.891198 0.193750 0.881418 0.195312 0.878973 0.195312 0.876528 0.196875 0.874083 0.201562 0.874083 0.201562 0.856968 0.196875 0.856968 0.195312 0.854523 0.195312 0.849633 0.193750 0.847188 0.193750 0.837408 0.192188 0.834963 0.192188 0.827628 0.190625 0.825183 0.190625 0.817848 0.189063 0.815403 0.189063 0.812958 0.184375 0.805623 0.184375 0.803178 0.182812 0.800734 0.182812 0.798289 0.181250 0.795844 0.181250 0.790954 0.179688 0.788509 0.179688 0.781174 0.178125 0.778729 0.178125 0.768949 0.176563 0.766504 0.176563 0.705379 0.178125 0.702934 0.178125 0.695599 0.179688 0.693154 0.179688 0.688264 0.181250 0.685819 0.181250 0.680929 0.182812 0.678484 0.181250 0.676039 0.181250 0.658924 0.182812 0.656479 0.182812 0.649144 0.184375 0.646699 0.187500 0.646699 0.189063 0.644254 0.190625 0.646699 0.190625 0.649144 0.193750 0.654034 0.193750 0.656479 0.196875 0.661369 0.201562 0.661369 0.201562 0.590465 0.196875 0.590465 0.195312 0.588020 0.195312 0.585575 0.193750 0.583130 0.193750 0.575795 0.192188 0.573350 0.192188 0.568460 0.190625 0.566015 0.190625 0.553790 0.189063 0.551345 0.189063 0.541565 0.187500 0.539120 0.185937 0.539120 0.181250 0.531785 0.179688 0.531785 0.176563 0.526895 0.175000 0.526895 0.171875 0.522005 0.171875 0.514670 0.075000 0.514670 0.075000 0.522005 0.071875 0.526895 0.070312 0.526895 0.068750 0.524450 0.068750 0.514670 0.048437 0.514670 0.048437 0.522005 0.046875 0.524450 0.045313 0.524450 0.043750 0.522005 0.043750 0.514670
5 0.512500 0.502445 0.512500 0.495110 0.507812 0.487775 0.507812 0.470660 0.506250 0.468215 0.506250 0.463325 0.504687 0.460880 0.504687 0.446210 0.503125 0.443765 0.503125 0.433985 0.504687 0.431540 0.504687 0.411980 0.503125 0.409535 0.503125 0.407090 0.501562 0.404645 0.501562 0.402200 0.496875 0.402200 0.496875 0.502445 0.512500 0.502445 0.529688 0.502445 0.557813 0.502445 0.557813 0.495110 0.562500 0.487775 0.564062 0.487775 0.565625 0.485330 0.568750 0.485330 0.570312 0.482885 0.571875 0.482885 0.573438 0.480440 0.582812 0.480440 0.582812 0.451100 0.575000 0.451100 0.573438 0.453545 0.573438 0.460880 0.575000 0.463325 0.575000 0.465770 0.568750 0.475550 0.567187 0.475550 0.565625 0.477995 0.559375 0.477995 0.557813 0.475550 0.557813 0.473105 0.559375 0.470660 0.560938 0.470660 0.562500 0.468215 0.565625 0.468215 0.565625 0.465770 0.567187 0.463325 0.567187 0.460880 0.568750 0.458435 0.568750 0.453545 0.570312 0.451100 0.570312 0.426650 0.575000 0.419315 0.575000 0.416870 0.576563 0.414425 0.582812 0.414425 0.582812 0.372861 0.578125 0.372861 0.576563 0.370416 0.576563 0.367971 0.575000 0.365526 0.575000 0.319071 0.496875 0.319071 0.496875 0.350856 0.501562 0.350856 0.503125 0.348411 0.504687 0.348411 0.506250 0.345966 0.515625 0.345966 0.517187 0.348411 0.518750 0.348411 0.523438 0.355746 0.523438 0.358191 0.525000 0.360636 0.525000 0.367971 0.526563 0.370416 0.526563 0.380196 0.528125 0.382641 0.528125 0.402200 0.529688 0.404645 0.529688 0.502445
5 0.671875 0.377751 0.671875 0.387531 0.670313 0.389976 0.667188 0.389976 0.665625 0.392421 0.662500 0.392421 0.660937 0.394866 0.659375 0.394866 0.656250 0.399756 0.654688 0.399756 0.654688 0.402200 0.653125 0.404645 0.646875 0.404645 0.646875 0.473105 0.717188 0.473105 0.717188 0.465770 0.718750 0.463325 0.726562 0.463325 0.728125 0.460880 0.740625 0.460880 0.742188 0.458435 0.751562 0.458435 0.751562 0.414425 0.746875 0.414425 0.742188 0.407090 0.742188 0.404645 0.734375 0.392421 0.731250 0.392421 0.729688 0.389976 0.726562 0.389976 0.723437 0.385086 0.723437 0.377751
5 0.690625 0.825183 0.689062 0.825183 0.690625 0.825183 0.703125 0.798289 0.707812 0.798289 0.707812 0.573350 0.707812 0.490220 0.707812 0.497555 0.700000 0.497555 0.698438 0.495110 0.696875 0.495110 0.696875 0.492665 0.700000 0.492665 0.707812 0.465770 0.707812 0.477995 0.701563 0.477995 0.684375 0.465770 0.684375 0.473105 0.681250 0.473105 0.681250 0.465770 0.646875 0.465770 0.603125 0.465770 0.603125 0.473105 0.600000 0.477995 0.596875 0.477995 0.595312 0.480440 0.590625 0.480440 0.589063 0.482885 0.565625 0.482885 0.564062 0.485330 0.562500 0.485330 0.559375 0.490220 0.556250 0.490220 0.554688 0.492665 0.543750 0.492665 0.542188 0.495110 0.539062 0.495110 0.537500 0.497555 0.535937 0.497555 0.534375 0.500000 0.528125 0.500000 0.528125 0.812958 0.537500 0.812958 0.539062 0.815403 0.540625 0.815403 0.545313 0.822738 0.545313 0.825183 0.546875 0.827628 0.545313 0.830073 0.545313 0.837408 0.546875 0.839853 0.546875 0.854523 0.584375 0.854523 0.584375 0.839853 0.582812 0.837408 0.582812 0.832518 0.585938 0.827628 0.587500 0.827628 0.585938 0.825183 0.584375 0.825183 0.579687 0.817848 0.578125 0.817848 0.570312 0.805623 0.570312 0.803178 0.568750 0.800734 0.568750 0.798289 0.565625 0.793399 0.565625 0.790954 0.560938 0.783619 0.559375 0.783619 0.557813 0.781174 0.556250 0.781174 0.553125 0.776284 0.553125 0.773839 0.551562 0.771394 0.551562 0.768949 0.553125 0.766504 0.554688 0.766504 0.556250 0.764059 0.559375 0.764059 0.560938 0.761614 0.562500 0.761614 0.564062 0.759169 0.565625 0.759169 0.575000 0.744499 0.576563 0.744499 0.579687 0.739609 0.581250 0.739609 0.581250 0.727384 0.585938 0.720049 0.585938 0.702934 0.584375 0.700489 0.584375 0.698044 0.578125 0.688264 0.578125 0.680929 0.581250 0.676039 0.582812 0.676039 0.589063 0.666259 0.590625 0.666259 0.592188 0.663814 0.595312 0.663814 0.596875 0.661369 0.596875 0.646699 0.595312 0.644254 0.595312 0.641809 0.593750 0.644254 0.590625 0.644254 0.585938 0.636919 0.585938 0.634474 0.584375 0.632029 0.584375 0.629584 0.582812 0.627139 0.582812 0.624694 0.578125 0.617359 0.578125 0.612469 0.575000 0.607579 0.575000 0.605134 0.573438 0.602690 0.573438 0.600245 0.571875 0.597800 0.570312 0.597800 0.568750 0.600245 0.568750 0.602690 0.565625 0.607579 0.564062 0.607579 0.562500 0.605134 0.560938 0.605134 0.557813 0.600245 0.557813 0.595354 0.559375 0.592910 0.559375 0.590465 0.560938 0.588020 0.560938 0.585575 0.562500 0.583130 0.562500 0.570905 0.564062 0.568460 0.564062 0.566015 0.565625 0.563570 0.565625 0.524450 0.567187 0.522005 0.567187 0.519560 0.571875 0.512225 0.576563 0.512225 0.578125 0.509780 0.579687 0.509780 0.581250 0.507335 0.590625 0.507335 0.592188 0.504890 0.607813 0.504890 0.609375 0.502445 0.610937 0.502445 0.612500 0.504890 0.614062 0.504890 0.617188 0.509780 0.617188 0.512225 0.621875 0.519560 0.625000 0.519560 0.626562 0.522005 0.628125 0.522005 0.637500 0.536675 0.637500 0.541565 0.643750 0.551345 0.643750 0.553790 0.642187 0.556235 0.642187 0.570905 0.640625 0.573350 0.640625 0.585575 0.639063 0.588020 0.639063 0.602690 0.637500 0.605134 0.637500 0.622249 0.635938 0.624694 0.635938 0.654034 0.637500 0.656479 0.637500 0.671149 0.639063 0.673594 0.639063 0.707824 0.640625 0.710269 0.640625 0.778729 0.642187 0.781174 0.642187 0.786064 0.643750 0.788509 0.643750 0.803178 0.645312 0.805623 0.645312 0.810513 0.643750 0.812958 0.643750 0.825183 0.642187 0.827628 0.642187 0.830073 0.643750 0.832518 0.643750 0.834963 0.642187 0.837408 0.642187 0.842298 0.640625 0.844743 0.640625 0.854523 0.662500 0.854523 0.662500 0.839853 0.664062 0.837408 0.662500 0.834963 0.657812 0.834963 0.653125 0.827628 0.653125 0.822738 0.654688 0.820293 0.654688 0.817848 0.656250 0.815403 0.656250 0.812958 0.662500 0.803178 0.662500 0.800734 0.664062 0.798289 0.664062 0.766504 0.665625 0.764059 0.665625 0.734719 0.664062 0.732274 0.664062 0.727384 0.665625 0.724939 0.665625 0.705379 0.667188 0.702934 0.667188 0.690709 0.665625 0.688264 0.665625 0.639364 0.664062 0.636919 0.664062 0.610024 0.662500 0.607579 0.662500 0.605134 0.660937 0.602690 0.660937 0.597800 0.659375 0.595354 0.659375 0.561125 0.657812 0.558680 0.657812 0.556235 0.654688 0.551345 0.654688 0.548900 0.653125 0.546455 0.653125 0.541565 0.651563 0.539120 0.651563 0.536675 0.650000 0.536675 0.648438 0.539120 0.645312 0.539120 0.642187 0.534230 0.643750 0.531785 0.643750 0.529340 0.645312 0.526895 0.645312 0.524450 0.646875 0.522005 0.646875 0.519560 0.648438 0.517115 0.648438 0.509780 0.646875 0.507335 0.646875 0.504890 0.645312 0.502445 0.645312 0.500000 0.642187 0.495110 0.642187 0.487775 0.640625 0.485330 0.643750 0.480440 0.643750 0.477995 0.646875 0.473105 0.646875 0.465770 0.681250 0.465770 0.684375 0.465770 0.701563 0.477995 0.700000 0.475550 0.700000 0.465770 0.707812 0.465770 0.700000 0.492665 0.701563 0.490220 0.707812 0.490220 0.707812 0.573350 0.703125 0.573350 0.703125 0.583130 0.701563 0.585575 0.701563 0.612469 0.703125 0.614914 0.703125 0.641809 0.701563 0.644254 0.701563 0.707824 0.700000 0.710269 0.700000 0.732274 0.701563 0.734719 0.701563 0.739609 0.700000 0.742054 0.700000 0.754279 0.698438 0.756724 0.698438 0.771394 0.700000 0.773839 0.700000 0.788509 0.701563 0.790954 0.701563 0.795844 0.703125 0.798289
0 0.814062 0.817848 0.814062 0.827628 0.812500 0.830073 0.812500 0.834963 0.810938 0.837408 0.810938 0.842298 0.809375 0.844743 0.809375 0.847188 0.806250 0.852078 0.806250 0.854523 0.804688 0.856968 0.804688 0.859413 0.801562 0.864303 0.796875 0.864303 0.796875 0.905868 0.803125 0.905868 0.807813 0.913203 0.807813 0.952323 0.809375 0.954768 0.809375 0.957213 0.810938 0.959658 0.810938 0.962103 0.812500 0.964548 0.812500 0.979218 0.814062 0.981663 0.814062 0.986553 0.815625 0.988998 0.817187 0.988998 0.818750 0.991443 0.818750 1.000000 0.834375 1.000000 0.834375 0.979218 0.832812 0.976773 0.832812 0.962103 0.831250 0.959658 0.831250 0.957213 0.829687 0.954768 0.829687 0.935208 0.831250 0.932763 0.831250 0.930318 0.832812 0.927873 0.832812 0.908313 0.834375 0.905868 0.834375 0.898533 0.835938 0.896088 0.835938 0.864303 0.834375 0.861858 0.834375 0.854523 0.832812 0.852078 0.832812 0.849633 0.831250 0.847188 0.831250 0.842298 0.829687 0.839853 0.829687 0.834963 0.828125 0.832518 0.828125 0.830073 0.826563 0.827628 0.826563 0.817848
5 0.428125 0.495110 0.426562 0.492665 0.426562 0.490220 0.421875 0.490220 0.421875 0.500000 0.426562 0.500000 0.426562 0.497555 0.428125 0.495110 0.440625 0.490220 0.440625 0.509780 0.439063 0.512225 0.439063 0.522005 0.512500 0.522005 0.512500 0.514670 0.515625 0.509780 0.520312 0.509780 0.521875 0.507335 0.523438 0.507335 0.525000 0.504890 0.532812 0.504890 0.532812 0.338631 0.421875 0.338631 0.421875 0.399756 0.429688 0.399756 0.435937 0.409535 0.435937 0.416870 0.437500 0.419315 0.437500 0.441320 0.439063 0.443765 0.439063 0.458435 0.440625 0.460880 0.440625 0.475550 0.442187 0.477995 0.442187 0.487775 0.440625 0.490220
5 0.778125 0.426650 0.778125 0.458435 0.815625 0.458435 0.817187 0.460880 0.821875 0.460880 0.823438 0.463325 0.825000 0.463325 0.828125 0.468215 0.829687 0.468215 0.832812 0.473105 0.832812 0.475550 0.837500 0.482885 0.837500 0.487775 0.839063 0.490220 0.839063 0.500000 0.840625 0.502445 0.840625 0.509780 0.842188 0.512225 0.842188 0.522005 0.843750 0.524450 0.843750 0.556235 0.845312 0.558680 0.845312 0.602690 0.843750 0.605134 0.843750 0.619804 0.845312 0.622249 0.846875 0.622249 0.848437 0.624694 0.850000 0.624694 0.853125 0.629584 0.854688 0.629584 0.856250 0.632029 0.857813 0.632029 0.859375 0.634474 0.860937 0.634474 0.868750 0.646699 0.868750 0.649144 0.870313 0.651589 0.870313 0.661369 0.871875 0.663814 0.871875 0.680929 0.873438 0.683374 0.873438 0.712714 0.875000 0.715159 0.875000 0.724939 0.873438 0.727384 0.875000 0.729829 0.875000 0.732274 0.879687 0.739609 0.879687 0.746944 0.884375 0.746944 0.884375 0.734719 0.885938 0.732274 0.885938 0.724939 0.887500 0.722494 0.887500 0.715159 0.889063 0.712714 0.889063 0.710269 0.890625 0.707824 0.895312 0.707824 0.890625 0.707824 0.889063 0.705379 0.889063 0.698044 0.887500 0.695599 0.887500 0.668704 0.890625 0.663814 0.895312 0.663814 0.895312 0.644254 0.884375 0.644254 0.882812 0.641809 0.882812 0.639364 0.881250 0.636919 0.881250 0.632029 0.882812 0.629584 0.882812 0.627139 0.887500 0.619804 0.887500 0.617359 0.890625 0.612469 0.895312 0.612469 0.895312 0.590465 0.890625 0.590465 0.889063 0.588020 0.887500 0.588020 0.885938 0.585575 0.884375 0.585575 0.882812 0.583130 0.882812 0.558680 0.881250 0.556235 0.881250 0.541565 0.882812 0.539120 0.884375 0.539120 0.885938 0.541565 0.885938 0.544010 0.887500 0.546455 0.887500 0.563570 0.889063 0.563570 0.890625 0.566015 0.895312 0.566015 0.895312 0.536675 0.889063 0.536675 0.887500 0.534230 0.887500 0.526895 0.889063 0.524450 0.889063 0.517115 0.887500 0.514670 0.889063 0.512225 0.889063 0.507335 0.890625 0.504890 0.895312 0.504890 0.895312 0.448655 0.889063 0.448655 0.887500 0.446210 0.882812 0.446210 0.881250 0.443765 0.879687 0.443765 0.878125 0.441320 0.873438 0.441320 0.871875 0.438875 0.868750 0.438875 0.865625 0.433985 0.865625 0.426650
5 0.468750 0.940098 0.467187 0.942543 0.462500 0.942543 0.460938 0.944988 0.459375 0.944988 0.459375 0.947433 0.457812 0.949878 0.457812 0.952323 0.456250 0.954768 0.456250 0.964548 0.457812 0.966993 0.459375 0.964548 0.459375 0.962103 0.460938 0.959658 0.460938 0.957213 0.462500 0.954768 0.464063 0.954768 0.465625 0.952323 0.467187 0.952323 0.468750 0.949878 0.470313 0.949878 0.471875 0.947433 0.471875 0.940098 0.468750 0.940098 0.470313 0.927873 0.471875 0.925428 0.471875 0.918093 0.473437 0.915648 0.521875 0.918093 0.523438 0.920538 0.523438 0.922983 0.403125 0.859413 0.407813 0.871638 0.407813 0.876528 0.406250 0.878973 0.406250 0.891198 0.407813 0.893643 0.407813 0.896088 0.406250 0.898533 0.396875 0.898533 0.392188 0.891198 0.390625 0.891198 0.385938 0.883863 0.385938 0.871638 0.382812 0.866748 0.382812 0.861858 0.385938 0.856968 0.387500 0.856968 0.387500 0.847188 0.385938 0.844743 0.385938 0.837408 0.384375 0.834963 0.384375 0.815403 0.385938 0.812958 0.390625 0.812958 0.393750 0.817848 0.393750 0.820293 0.398438 0.827628 0.398438 0.830073 0.400000 0.832518 0.401563 0.832518 0.407813 0.842298 0.412500 0.842298 0.420312 0.830073 0.423438 0.830073 0.425000 0.827628 0.429688 0.827628 0.431250 0.825183 0.435937 0.825183 0.437500 0.827628 0.442187 0.827628 0.443750 0.825183 0.460938 0.825183 0.462500 0.822738 0.478125 0.822738 0.479688 0.820293 0.481250 0.820293 0.487500 0.810513 0.489062 0.810513 0.490625 0.808068 0.501562 0.808068 0.503125 0.810513 0.510938 0.810513 0.512500 0.812958 0.517187 0.812958 0.518750 0.815403 0.520312 0.815403 0.521875 0.817848 0.523438 0.817848 0.525000 0.820293 0.528125 0.820293 0.529688 0.822738 0.531250 0.822738 0.532812 0.825183 0.534375 0.825183 0.535937 0.827628 0.535937 0.830073 0.539062 0.834963 0.539062 0.837408 0.542188 0.842298 0.542188 0.844743 0.543750 0.847188 0.543750 0.852078 0.545313 0.854523 0.545313 0.861858 0.546875 0.864303 0.546875 0.866748 0.548437 0.869193 0.548437 0.874083 0.550000 0.876528 0.550000 0.888753 0.548437 0.891198 0.548437 0.893643 0.550000 0.896088 0.550000 0.898533 0.554688 0.905868 0.554688 0.918093 0.551562 0.922983 0.551562 0.925428 0.553125 0.927873 0.553125 0.942543 0.551562 0.944988 0.546875 0.944988 0.545313 0.947433 0.543750 0.947433 0.542188 0.949878 0.540625 0.949878 0.540625 0.952323 0.539062 0.954768 0.539062 0.957213 0.537500 0.959658 0.537500 0.964548 0.535937 0.966993 0.535937 0.974328 0.537500 0.974328 0.539062 0.976773 0.543750 0.976773 0.545313 0.974328 0.546875 0.976773 0.551562 0.976773 0.553125 0.979218 0.557813 0.979218 0.559375 0.981663 0.560938 0.981663 0.562500 0.984108 0.564062 0.984108 0.567187 0.988998 0.568750 0.988998 0.570312 0.991443 0.570312 1.000000 0.573438 1.000000 0.573438 0.993888 0.575000 0.991443 0.578125 0.991443 0.579687 0.988998 0.584375 0.988998 0.585938 0.986553 0.589063 0.986553 0.592188 0.981663 0.592188 0.979218 0.598437 0.969438 0.598437 0.966993 0.600000 0.964548 0.600000 0.962103 0.601562 0.959658 0.601562 0.957213 0.603125 0.954768 0.603125 0.952323 0.604688 0.949878 0.604688 0.947433 0.606250 0.944988 0.606250 0.940098 0.607813 0.937653 0.607813 0.922983 0.609375 0.920538 0.609375 0.915648 0.610937 0.913203 0.610937 0.910758 0.612500 0.908313 0.612500 0.905868 0.617188 0.898533 0.618750 0.898533 0.620313 0.896088 0.621875 0.896088 0.623438 0.893643 0.625000 0.893643 0.631250 0.883863 0.631250 0.878973 0.632812 0.876528 0.632812 0.874083 0.635938 0.869193 0.637500 0.869193 0.639063 0.866748 0.645312 0.866748 0.645312 0.485330 0.556250 0.485330 0.556250 0.492665 0.553125 0.497555 0.550000 0.497555 0.548437 0.500000 0.545313 0.500000 0.543750 0.502445 0.537500 0.502445 0.535937 0.504890 0.531250 0.504890 0.529688 0.507335 0.525000 0.507335 0.523438 0.509780 0.520312 0.509780 0.518750 0.512225 0.512500 0.512225 0.510938 0.514670 0.506250 0.514670 0.504687 0.517115 0.496875 0.517115 0.495313 0.519560 0.485938 0.519560 0.484375 0.522005 0.473437 0.522005 0.471875 0.524450 0.435937 0.524450 0.434375 0.526895 0.420312 0.526895 0.418750 0.524450 0.395312 0.524450 0.393750 0.522005 0.384375 0.522005 0.382812 0.524450 0.379687 0.524450 0.378125 0.526895 0.373437 0.526895 0.371875 0.529340 0.362500 0.529340 0.357812 0.522005 0.359375 0.519560 0.359375 0.514670 0.362500 0.509780 0.362500 0.507335 0.365625 0.502445 0.375000 0.502445 0.376563 0.500000 0.384375 0.500000 0.384375 0.497555 0.385938 0.495110 0.385938 0.485330 0.340625 0.485330 0.340625 0.492665 0.342187 0.495110 0.342187 0.500000 0.343750 0.502445 0.343750 0.504890 0.345313 0.507335 0.345313 0.509780 0.346875 0.509780 0.351562 0.517115 0.353125 0.517115 0.354688 0.519560 0.356250 0.519560 0.357812 0.522005 0.357812 0.531785 0.354688 0.536675 0.353125 0.536675 0.351562 0.539120 0.346875 0.539120 0.343750 0.544010 0.342187 0.544010 0.332812 0.558680 0.328125 0.558680 0.328125 0.925428 0.334375 0.925428 0.335938 0.922983 0.367188 0.922983 0.368750 0.920538 0.381250 0.920538 0.382812 0.918093 0.393750 0.918093 0.395312 0.920538 0.396875 0.920538 0.398438 0.918093 0.401563 0.918093 0.403125 0.915648 0.403125 0.913203 0.404687 0.910758 0.404687 0.908313 0.406250 0.905868 0.406250 0.900978 0.407813 0.898533 0.407813 0.888753 0.409375 0.886308 0.409375 0.876528 0.407813 0.874083 0.407813 0.871638 0.403125 0.859413 0.403125 0.854523 0.400000 0.854523 0.398438 0.856968 0.400000 0.856968 0.401563 0.859413 0.403125 0.859413 0.523438 0.922983 0.521875 0.925428 0.521875 0.927873 0.520312 0.930318 0.520312 0.979218 0.518750 0.981663 0.518750 0.984108 0.517187 0.986553 0.515625 0.986553 0.514063 0.988998 0.512500 0.986553 0.509375 0.986553 0.509375 0.984108 0.504687 0.976773 0.503125 0.976773 0.495313 0.964548 0.493750 0.964548 0.492188 0.962103 0.489062 0.962103 0.484375 0.954768 0.487500 0.949878 0.489062 0.949878 0.490625 0.947433 0.490625 0.944988 0.492188 0.942543 0.492188 0.940098 0.495313 0.935208 0.495313 0.930318 0.493750 0.927873 0.493750 0.920538 0.495313 0.918093 0.495313 0.910758 0.496875 0.908313 0.496875 0.903423 0.498437 0.903423 0.500000 0.900978 0.501562 0.900978 0.504687 0.896088 0.506250 0.896088 0.507812 0.893643 0.509375 0.893643 0.510938 0.896088 0.512500 0.896088 0.517187 0.903423 0.518750 0.903423 0.520312 0.905868 0.520312 0.908313 0.521875 0.910758 0.521875 0.918093 0.473437 0.915648 0.473437 0.913203 0.471875 0.910758 0.470313 0.910758 0.468750 0.913203 0.468750 0.925428 0.470313 0.927873
9 0.182812 0.671149 0.182812 0.678484 0.181250 0.680929 0.181250 0.685819 0.179688 0.688264 0.179688 0.690709 0.176563 0.695599 0.171875 0.695599 0.171875 0.773839 0.176563 0.773839 0.178125 0.776284 0.178125 0.778729 0.179688 0.781174 0.179688 0.788509 0.181250 0.790954 0.181250 0.795844 0.185937 0.803178 0.185937 0.805623 0.187500 0.808068 0.187500 0.812958 0.189063 0.815403 0.189063 0.817848 0.190625 0.820293 0.190625 0.825183 0.192188 0.827628 0.192188 0.830073 0.193750 0.832518 0.193750 0.834963 0.195312 0.837408 0.195312 0.844743 0.232812 0.844743 0.232812 0.693154 0.228125 0.693154 0.226562 0.690709 0.226562 0.680929 0.225000 0.678484 0.225000 0.671149
0 0.975000 0.915648 0.975000 0.925428 0.973437 0.927873 0.973437 0.935208 0.971875 0.937653 0.971875 0.942543 0.970312 0.944988 0.970312 0.949878 0.968750 0.952323 0.968750 0.954768 0.965625 0.959658 0.965625 0.962103 0.962500 0.966993 0.962500 0.969438 0.957812 0.976773 0.953125 0.976773 0.953125 1.000000 0.998438 1.000000 0.998438 0.954768 0.996875 0.954768 0.995313 0.952323 0.995313 0.949878 0.993750 0.947433 0.993750 0.937653 0.992188 0.935208 0.992188 0.930318 0.990625 0.927873 0.990625 0.925428 0.989062 0.922983 0.989062 0.915648
5 0.351562 0.387531 0.351562 0.397311 0.350000 0.399756 0.348437 0.399756 0.346875 0.402200 0.340625 0.402200 0.340625 0.551345 0.346875 0.551345 0.346875 0.544010 0.348437 0.541565 0.351562 0.541565 0.353125 0.539120 0.359375 0.539120 0.360938 0.536675 0.367188 0.536675 0.368750 0.534230 0.373437 0.534230 0.375000 0.531785 0.378125 0.531785 0.379687 0.529340 0.387500 0.529340 0.389062 0.526895 0.428125 0.526895 0.429688 0.524450 0.445312 0.524450 0.445312 0.399756 0.440625 0.399756 0.439063 0.397311 0.439063 0.387531
0 0.987500 0.817848 0.987500 0.825183 0.985937 0.827628 0.985937 0.832518 0.984375 0.834963 0.984375 0.837408 0.982813 0.839853 0.982813 0.847188 0.981250 0.849633 0.981250 0.852078 0.979688 0.854523 0.979688 0.856968 0.975000 0.864303 0.975000 0.866748 0.973437 0.869193 0.973437 0.871638 0.970312 0.876528 0.965625 0.876528 0.965625 0.920538 0.971875 0.920538 0.976562 0.927873 0.978125 0.925428 0.979688 0.925428 0.981250 0.922983 0.984375 0.922983 0.985937 0.925428 0.987500 0.925428 0.992188 0.932763 0.993750 0.932763 0.995313 0.935208 0.998438 0.935208 0.998438 0.817848
2 0.639063 0.866748 0.639063 0.876528 0.632812 0.886308 0.632812 0.888753 0.631250 0.891198 0.631250 0.893643 0.629687 0.896088 0.628125 0.896088 0.626562 0.898533 0.625000 0.898533 0.621875 0.903423 0.620313 0.903423 0.617188 0.908313 0.617188 0.910758 0.615625 0.913203 0.615625 0.915648 0.614062 0.918093 0.614062 0.922983 0.612500 0.925428 0.612500 0.935208 0.610937 0.937653 0.610937 0.942543 0.609375 0.944988 0.609375 0.952323 0.607813 0.954768 0.607813 0.959658 0.606250 0.962103 0.606250 0.971883 0.604688 0.974328 0.604688 0.984108 0.601562 0.988998 0.596875 0.988998 0.596875 1.000000 0.757812 1.000000 0.757812 0.993888 0.760938 0.988998 0.760938 0.986553 0.762500 0.984108 0.762500 0.981663 0.764063 0.979218 0.770312 0.979218 0.770312 0.966993 0.765625 0.966993 0.760938 0.959658 0.759375 0.959658 0.754687 0.952323 0.754687 0.947433 0.753125 0.944988 0.753125 0.935208 0.751562 0.932763 0.751562 0.922983 0.750000 0.920538 0.750000 0.913203 0.748438 0.910758 0.748438 0.896088 0.746875 0.893643 0.746875 0.888753 0.745313 0.886308 0.745313 0.883863 0.740625 0.876528 0.740625 0.866748
5 0.846875 0.519560 0.846875 0.597800 0.848437 0.600245 0.848437 0.602690 0.846875 0.605134 0.846875 0.612469 0.848437 0.614914 0.848437 0.619804 0.850000 0.622249 0.862500 0.622249 0.862500 0.605134 0.860937 0.602690 0.860937 0.600245 0.859375 0.597800 0.859375 0.595354 0.857813 0.592910 0.857813 0.583130 0.856250 0.580685 0.856250 0.566015 0.854688 0.563570 0.854688 0.553790 0.853125 0.551345 0.853125 0.544010 0.851562 0.541565 0.851562 0.534230 0.848437 0.529340 0.848437 0.526895 0.846875 0.524450 0.846875 0.519560 0.839063 0.473105 0.840625 0.475550 0.839063 0.477995 0.834375 0.436430 0.851562 0.436430 0.853125 0.438875 0.860937 0.438875 0.862500 0.441320 0.867188 0.441320 0.868750 0.443765 0.871875 0.443765 0.873438 0.446210 0.875000 0.446210 0.879687 0.453545 0.879687 0.458435 0.881250 0.460880 0.881250 0.470660 0.882812 0.473105 0.882812 0.490220 0.884375 0.492665 0.884375 0.517115 0.885938 0.519560 0.885938 0.536675 0.887500 0.539120 0.887500 0.553790 0.889063 0.556235 0.889063 0.566015 0.890625 0.568460 0.890625 0.588020 0.892187 0.590465 0.892187 0.610024 0.893750 0.612469 0.893750 0.624694 0.895312 0.627139 0.895312 0.639364 0.932813 0.639364 0.932813 0.624694 0.928125 0.624694 0.925000 0.619804 0.925000 0.617359 0.920313 0.610024 0.920313 0.602690 0.918750 0.600245 0.918750 0.575795 0.917188 0.573350 0.917188 0.566015 0.915625 0.563570 0.915625 0.531785 0.921875 0.522005 0.921875 0.519560 0.925000 0.514670 0.925000 0.512225 0.926562 0.509780 0.932813 0.509780 0.932813 0.367971 0.860937 0.367971 0.860937 0.375306 0.856250 0.382641 0.853125 0.382641 0.851562 0.385086 0.834375 0.385086 0.834375 0.436430 0.839063 0.477995 0.834375 0.477995 0.834375 0.473105 0.839063 0.473105
0 0.326562 0.954768 0.326562 0.969438 0.325000 0.971883 0.325000 0.979218 0.323438 0.981663 0.323438 0.984108 0.318750 0.991443 0.317187 0.991443 0.317187 0.993888 0.314063 0.998778 0.309375 0.998778 0.309375 1.000000 0.364062 1.000000 0.364062 0.998778 0.357812 0.998778 0.353125 0.991443 0.351562 0.991443 0.345313 0.981663 0.345313 0.954768
5 0.851562 0.570905 0.851562 0.573350 0.851562 0.570905 0.845312 0.551345 0.840625 0.551345 0.840625 0.539120 0.845312 0.539120 0.985937 0.502445 0.989062 0.507335 0.998438 0.507335 0.998438 0.590465 0.967188 0.590465 0.967188 0.570905 0.965625 0.568460 0.965625 0.551345 0.970312 0.544010 0.970312 0.541565 0.976562 0.531785 0.979688 0.531785 0.981250 0.529340 0.982813 0.529340 0.992188 0.480440 0.990625 0.482885 0.990625 0.485330 0.989062 0.487775 0.987500 0.487775 0.985937 0.490220 0.982813 0.490220 0.981250 0.492665 0.976562 0.492665 0.975000 0.495110 0.964063 0.495110 0.962500 0.492665 0.954687 0.492665 0.953125 0.495110 0.948438 0.495110 0.946875 0.497555 0.932813 0.480440 0.934375 0.482885 0.934375 0.495110 0.932813 0.497555 0.932813 0.500000 0.929688 0.504890 0.929688 0.507335 0.928125 0.509780 0.928125 0.512225 0.925000 0.517115 0.925000 0.519560 0.921875 0.524450 0.921875 0.526895 0.918750 0.531785 0.918750 0.539120 0.917188 0.541565 0.917188 0.544010 0.918750 0.546455 0.918750 0.556235 0.920313 0.558680 0.921875 0.558680 0.926562 0.566015 0.929688 0.566015 0.931250 0.563570 0.932813 0.563570 0.932813 0.566015 0.934375 0.568460 0.934375 0.575795 0.935938 0.578240 0.935938 0.590465 0.892187 0.590465 0.892187 0.570905 0.890625 0.568460 0.890625 0.563570 0.889063 0.561125 0.889063 0.546455 0.887500 0.544010 0.887500 0.534230 0.885938 0.531785 0.885938 0.509780 0.884375 0.507335 0.884375 0.473105 0.882812 0.470660 0.882812 0.458435 0.881250 0.455990 0.881250 0.453545 0.875000 0.443765 0.873438 0.443765 0.871875 0.441320 0.870313 0.441320 0.868750 0.438875 0.864062 0.438875 0.862500 0.436430 0.857813 0.436430 0.856250 0.433985 0.848437 0.433985 0.846875 0.431540 0.840625 0.431540 0.840625 0.355746 0.846875 0.355746 0.846875 0.348411 0.840625 0.348411 0.840625 0.355746 0.840625 0.431540 0.840625 0.385086 0.853125 0.385086 0.854688 0.382641 0.856250 0.382641 0.857813 0.380196 0.859375 0.380196 0.865625 0.370416 0.865625 0.363081 0.867188 0.360636 0.875000 0.360636 0.876562 0.358191 0.879687 0.358191 0.881250 0.355746 0.881250 0.348411 0.934375 0.348411 0.934375 0.360636 0.935938 0.363081 0.935938 0.407090 0.932813 0.411980 0.932813 0.414425 0.931250 0.416870 0.931250 0.446210 0.929688 0.448655 0.929688 0.468215 0.931250 0.470660 0.931250 0.475550 0.932813 0.477995 0.932813 0.480440 0.946875 0.497555 0.945312 0.495110 0.945312 0.492665 0.943750 0.490220 0.943750 0.487775 0.942187 0.485330 0.942187 0.480440 0.940625 0.477995 0.940625 0.468215 0.942187 0.465770 0.942187 0.436430 0.943750 0.433985 0.943750 0.399756 0.945312 0.397311 0.945312 0.389976 0.946875 0.387531 0.946875 0.348411 0.992188 0.348411 0.992188 0.365526 0.993750 0.367971 0.993750 0.370416 0.996875 0.375306 0.998438 0.375306 0.998438 0.470660 0.995313 0.470660 0.992188 0.475550 0.992188 0.480440 0.982813 0.529340 0.987500 0.522005 0.987500 0.519560 0.989062 0.517115 0.989062 0.507335 0.987500 0.504890 0.984375 0.504890 0.982813 0.502445 0.985937 0.502445 0.845312 0.539120 0.845312 0.534230 0.840625 0.534230 0.840625 0.539120 0.840625 0.551345 0.845312 0.551345
5 0.778125 0.622249 0.778125 0.629584 0.775000 0.634474 0.775000 0.636919 0.773438 0.639364 0.773438 0.641809 0.771875 0.644254 0.771875 0.649144 0.770312 0.651589 0.770312 0.654034 0.768750 0.656479 0.768750 0.658924 0.767187 0.661369 0.767187 0.668704 0.765625 0.671149 0.765625 0.673594 0.764063 0.676039 0.764063 0.678484 0.762500 0.680929 0.762500 0.688264 0.760938 0.690709 0.760938 0.702934 0.757812 0.707824 0.753125 0.707824 0.753125 0.808068 0.757812 0.808068 0.759375 0.810513 0.759375 0.830073 0.760938 0.832518 0.760938 0.837408 0.762500 0.837408 0.765625 0.842298 0.767187 0.842298 0.771875 0.849633 0.773438 0.847188 0.775000 0.847188 0.776563 0.844743 0.778125 0.844743 0.779688 0.842298 0.785937 0.842298 0.787500 0.844743 0.790625 0.844743 0.796875 0.854523 0.800000 0.849633 0.801562 0.849633 0.801562 0.847188 0.803125 0.844743 0.804688 0.844743 0.814062 0.830073 0.815625 0.830073 0.817187 0.827628 0.826563 0.827628 0.832812 0.837408 0.832812 0.839853 0.834375 0.842298 0.839063 0.842298 0.842188 0.847188 0.842188 0.852078 0.843750 0.854523 0.843750 0.856968 0.845312 0.859413 0.848437 0.859413 0.850000 0.861858 0.854688 0.861858 0.856250 0.864303 0.857813 0.864303 0.859375 0.866748 0.859375 0.874083 0.868750 0.874083 0.868750 0.866748 0.875000 0.856968 0.875000 0.852078 0.876562 0.849633 0.876562 0.847188 0.878125 0.844743 0.882812 0.844743 0.882812 0.698044 0.878125 0.698044 0.875000 0.693154 0.875000 0.685819 0.873438 0.683374 0.873438 0.673594 0.871875 0.671149 0.871875 0.649144 0.870313 0.646699 0.870313 0.644254 0.868750 0.641809 0.868750 0.636919 0.864062 0.629584 0.864062 0.622249
2 0.675000 0.827628 0.675000 0.837408 0.673437 0.839853 0.671875 0.839853 0.670313 0.842298 0.668750 0.842298 0.667188 0.844743 0.665625 0.844743 0.664062 0.847188 0.659375 0.847188 0.659375 0.864303 0.667188 0.864303 0.668750 0.861858 0.682813 0.861858 0.684375 0.864303 0.695312 0.864303 0.696875 0.866748 0.704687 0.866748 0.706250 0.869193 0.728125 0.869193 0.729688 0.871638 0.735937 0.871638 0.737500 0.874083 0.739062 0.874083 0.740625 0.876528 0.742188 0.876528 0.748438 0.886308 0.748438 0.888753 0.750000 0.891198 0.750000 0.898533 0.751562 0.900978 0.751562 0.913203 0.753125 0.915648 0.753125 0.918093 0.754687 0.920538 0.754687 0.922983 0.756250 0.925428 0.756250 0.927873 0.757812 0.930318 0.757812 0.942543 0.773438 0.942543 0.773438 0.920538 0.775000 0.918093 0.775000 0.913203 0.776563 0.910758 0.782812 0.910758 0.782812 0.888753 0.778125 0.888753 0.775000 0.883863 0.775000 0.881418 0.773438 0.878973 0.773438 0.861858 0.771875 0.859413 0.771875 0.852078 0.764063 0.839853 0.762500 0.839853 0.759375 0.834963 0.759375 0.827628
5 0.926562 0.495110 0.926562 0.502445 0.921875 0.509780 0.918750 0.509780 0.917188 0.512225 0.909375 0.512225 0.909375 0.619804 0.968750 0.619804 0.968750 0.607579 0.962500 0.597800 0.962500 0.588020 0.965625 0.583130 0.967188 0.585575 0.967188 0.588020 0.970312 0.592910 0.971875 0.592910 0.973437 0.590465 0.981250 0.590465 0.987500 0.600245 0.987500 0.610024 0.989062 0.612469 0.989062 0.619804 0.998438 0.619804 0.998438 0.495110 0.945312 0.495110 0.945312 0.509780 0.943750 0.512225 0.943750 0.531785 0.945312 0.534230 0.945312 0.536675 0.946875 0.539120 0.946875 0.541565 0.948438 0.544010 0.948438 0.563570 0.946875 0.566015 0.946875 0.568460 0.945312 0.570905 0.945312 0.575795 0.943750 0.578240 0.943750 0.595354 0.942187 0.597800 0.942187 0.600245 0.940625 0.602690 0.939062 0.600245 0.939062 0.595354 0.937500 0.592910 0.937500 0.517115 0.935938 0.514670 0.935938 0.509780 0.934375 0.507335 0.934375 0.495110
0 0.984375 0.827628 0.984375 0.925428 0.989062 0.925428 0.992188 0.930318 0.992188 0.932763 0.993750 0.935208 0.993750 0.937653 0.995313 0.940098 0.995313 0.952323 0.998438 0.952323 0.998438 0.827628
2 0.353125 0.993888 0.351562 0.996333 0.350000 0.996333 0.348437 0.998778 0.346875 0.998778 0.345313 1.000000 0.343750 1.000000 0.342187 1.000000 0.342187 1.000000 0.439063 1.000000 0.439063 0.981663 0.434375 0.981663 0.431250 0.976773 0.431250 0.971883 0.429688 0.969438 0.429688 0.966993 0.428125 0.964548 0.428125 0.962103 0.423438 0.954768 0.423438 0.952323 0.421875 0.949878 0.421875 0.947433 0.418750 0.942543 0.418750 0.937653 0.417188 0.935208 0.417188 0.925428 0.375000 0.925428 0.375000 0.942543 0.373437 0.944988 0.373437 0.969438 0.371875 0.971883 0.371875 0.981663 0.364062 0.993888 0.353125 0.993888 0.351562 0.988998 0.354688 0.988998 0.356250 0.986553 0.356250 0.984108 0.359375 0.979218 0.360938 0.979218 0.360938 0.976773 0.362500 0.974328 0.362500 0.962103 0.364062 0.959658 0.364062 0.957213 0.365625 0.954768 0.365625 0.937653 0.364062 0.935208 0.364062 0.925428 0.310937 0.925428 0.310937 0.935208 0.309375 0.937653 0.307813 0.937653 0.303125 0.944988 0.301562 0.944988 0.296875 0.952323 0.296875 0.954768 0.293750 0.959658 0.293750 0.962103 0.289062 0.969438 0.287500 0.969438 0.282813 0.976773 0.278125 0.976773 0.278125 1.000000 0.332812 1.000000 0.332812 1.000000 0.331250 1.000000 0.325000 0.993888 0.325000 0.991443 0.326562 0.988998 0.326562 0.986553 0.328125 0.984108 0.328125 0.974328 0.329688 0.971883 0.329688 0.964548 0.334375 0.957213 0.335938 0.957213 0.337500 0.959658 0.340625 0.959658 0.343750 0.964548 0.343750 0.969438 0.345313 0.971883 0.345313 0.979218 0.346875 0.981663 0.346875 0.984108 0.348437 0.984108 0.351562 0.988998
1 0.803125 0.905868 0.803125 0.959658 0.807813 0.959658 0.810938 0.964548 0.810938 0.969438 0.812500 0.971883 0.812500 0.984108 0.814062 0.986553 0.814062 0.988998 0.817187 0.993888 0.817187 1.000000 0.832812 1.000000 0.832812 0.966993 0.828125 0.966993 0.826563 0.964548 0.826563 0.962103 0.828125 0.959658 0.832812 0.959658 0.832812 0.927873 0.828125 0.927873 0.825000 0.922983 0.825000 0.905868
2 0.412500 0.827628 0.412500 0.844743 0.410937 0.847188 0.410937 0.852078 0.409375 0.854523 0.409375 0.856968 0.404687 0.864303 0.404687 0.886308 0.403125 0.888753 0.403125 0.891198 0.401563 0.893643 0.396875 0.893643 0.396875 0.937653 0.401563 0.937653 0.403125 0.940098 0.404687 0.940098 0.407813 0.944988 0.409375 0.944988 0.412500 0.949878 0.414062 0.949878 0.428125 0.971883 0.428125 0.974328 0.431250 0.979218 0.431250 0.981663 0.434375 0.986553 0.435937 0.986553 0.437500 0.988998 0.439063 0.988998 0.442187 0.993888 0.442187 1.000000 0.557813 1.000000 0.557813 0.881418 0.553125 0.881418 0.551562 0.878973 0.551562 0.876528 0.550000 0.874083 0.550000 0.866748 0.548437 0.864303 0.548437 0.861858 0.546875 0.859413 0.546875 0.854523 0.543750 0.849633 0.543750 0.844743 0.542188 0.842298 0.542188 0.834963 0.540625 0.832518 0.540625 0.822738 0.537500 0.817848 0.535937 0.817848 0.534375 0.815403 0.532812 0.815403 0.526563 0.805623 0.526563 0.798289 0.421875 0.798289 0.421875 0.805623 0.425000 0.810513 0.426562 0.810513 0.428125 0.812958 0.428125 0.817848 0.426562 0.820293 0.423438 0.820293 0.421875 0.822738 0.420312 0.822738 0.418750 0.825183 0.417188 0.825183 0.415625 0.827628 0.412500 0.827628 0.409375 0.825183 0.407813 0.822738 0.407813 0.812958 0.404687 0.808068 0.404687 0.798289 0.396875 0.798289 0.396875 0.820293 0.401563 0.820293 0.403125 0.822738 0.407813 0.822738 0.409375 0.825183
