5 0.245312 0.083138 0.245312 0.090164 0.240625 0.097190 0.239063 0.097190 0.237500 0.099532 0.235938 0.099532 0.234375 0.101874 0.231250 0.101874 0.229687 0.104215 0.223438 0.104215 0.221875 0.106557 0.214062 0.106557 0.212500 0.108899 0.207813 0.108899 0.206250 0.111241 0.203125 0.111241 0.201562 0.113583 0.200000 0.113583 0.198437 0.115925 0.196875 0.115925 0.195312 0.118267 0.192188 0.118267 0.190625 0.120609 0.184375 0.120609 0.182812 0.122951 0.167187 0.122951 0.165625 0.125293 0.159375 0.125293 0.157813 0.127635 0.156250 0.127635 0.154687 0.129977 0.153125 0.129977 0.151562 0.132318 0.150000 0.132318 0.146875 0.137002 0.142188 0.137002 0.140625 0.139344 0.137500 0.139344 0.135937 0.141686 0.132812 0.141686 0.131250 0.144028 0.129688 0.144028 0.125000 0.151054 0.125000 0.153396 0.123438 0.155738 0.123438 0.162763 0.121875 0.165105 0.121875 0.169789 0.120312 0.172131 0.120312 0.176815 0.118750 0.179157 0.118750 0.204918 0.117188 0.207260 0.117188 0.235363 0.115625 0.237705 0.115625 0.244731 0.114063 0.247073 0.109375 0.247073 0.109375 0.448478 0.115625 0.448478 0.120312 0.455504 0.120312 0.460187 0.121875 0.462529 0.121875 0.464871 0.129688 0.476581 0.129688 0.490632 0.128125 0.492974 0.128125 0.507026 0.126563 0.509368 0.126563 0.521077 0.125000 0.523419 0.125000 0.530445 0.126563 0.532787 0.126563 0.570258 0.128125 0.572600 0.128125 0.591335 0.126563 0.593677 0.126563 0.598361 0.125000 0.600703 0.125000 0.621780 0.126563 0.624122 0.126563 0.628806 0.125000 0.631148 0.125000 0.649883 0.126563 0.652225 0.126563 0.661592 0.128125 0.663934 0.128125 0.670960 0.129688 0.673302 0.129688 0.677986 0.131250 0.680328 0.131250 0.685012 0.132812 0.687354 0.132812 0.689696 0.134375 0.689696 0.135937 0.692037 0.153125 0.692037 0.154687 0.694379 0.157813 0.694379 0.159375 0.696721 0.160938 0.694379 0.185937 0.694379 0.187500 0.696721 0.231250 0.696721 0.232812 0.699063 0.254687 0.699063 0.256250 0.701405 0.285937 0.701405 0.287500 0.703747 0.335938 0.703747 0.337500 0.706089 0.343750 0.706089 0.345313 0.703747 0.354688 0.703747 0.356250 0.706089 0.378125 0.706089 0.379687 0.708431 0.381250 0.708431 0.382812 0.710773 0.382812 0.717799 0.425000 0.717799 0.425000 0.710773 0.426562 0.708431 0.429688 0.708431 0.431250 0.706089 0.437500 0.706089 0.439063 0.703747 0.443750 0.703747 0.445312 0.701405 0.450000 0.701405 0.451562 0.699063 0.454688 0.699063 0.456250 0.696721 0.460938 0.696721 0.462500 0.694379 0.467187 0.694379 0.468750 0.692037 0.473437 0.692037 0.475000 0.689696 0.478125 0.689696 0.479688 0.687354 0.481250 0.687354 0.482812 0.685012 0.484375 0.685012 0.485938 0.682670 0.487500 0.682670 0.489062 0.680328 0.490625 0.680328 0.492188 0.677986 0.493750 0.677986 0.495313 0.675644 0.496875 0.675644 0.498437 0.673302 0.501562 0.673302 0.503125 0.670960 0.504687 0.670960 0.509375 0.663934 0.510938 0.663934 0.514063 0.659251 0.517187 0.659251 0.518750 0.656909 0.520312 0.656909 0.521875 0.654567 0.526563 0.654567 0.532812 0.663934 0.535937 0.663934 0.537500 0.666276 0.545313 0.666276 0.551562 0.656909 0.551562 0.654567 0.553125 0.652225 0.553125 0.649883 0.554688 0.647541 0.554688 0.645199 0.556250 0.642857 0.556250 0.638173 0.557813 0.635831 0.557813 0.633489 0.559375 0.631148 0.559375 0.628806 0.560938 0.626464 0.560938 0.624122 0.562500 0.621780 0.562500 0.619438 0.571875 0.605386 0.573438 0.605386 0.578125 0.598361 0.579687 0.598361 0.582812 0.593677 0.584375 0.593677 0.587500 0.588993 0.589063 0.588993 0.592188 0.584309 0.593750 0.584309 0.595312 0.581967 0.598437 0.581967 0.600000 0.579625 0.601562 0.579625 0.603125 0.577283 0.604688 0.577283 0.607813 0.572600 0.609375 0.572600 0.612500 0.567916 0.614062 0.567916 0.615625 0.565574 0.617188 0.565574 0.618750 0.563232 0.620313 0.563232 0.621875 0.560890 0.632812 0.560890 0.634375 0.558548 0.635938 0.558548 0.639063 0.553864 0.639063 0.551522 0.642187 0.546838 0.642187 0.544496 0.646875 0.537471 0.646875 0.535129 0.653125 0.525761 0.657812 0.525761 0.657812 0.375878 0.653125 0.375878 0.651563 0.373536 0.651563 0.354801 0.650000 0.352459 0.650000 0.333724 0.648438 0.331382 0.648438 0.319672 0.646875 0.317330 0.646875 0.310304 0.645312 0.307963 0.645312 0.305621 0.643750 0.303279 0.643750 0.298595 0.642187 0.296253 0.642187 0.293911 0.640625 0.291569 0.640625 0.289227 0.632812 0.277518 0.631250 0.277518 0.623438 0.265808 0.621875 0.265808 0.617188 0.258782 0.615625 0.258782 0.614062 0.256440 0.610937 0.256440 0.609375 0.254098 0.606250 0.254098 0.604688 0.251756 0.603125 0.251756 0.601562 0.249415 0.600000 0.249415 0.598437 0.247073 0.596875 0.247073 0.593750 0.242389 0.592188 0.242389 0.589063 0.237705 0.587500 0.237705 0.581250 0.228337 0.579687 0.228337 0.578125 0.225995 0.576563 0.225995 0.573438 0.221311 0.571875 0.221311 0.570312 0.218970 0.568750 0.218970 0.567187 0.216628 0.565625 0.216628 0.564062 0.214286 0.562500 0.214286 0.560938 0.211944 0.559375 0.211944 0.557813 0.209602 0.556250 0.209602 0.554688 0.207260 0.553125 0.207260 0.551562 0.204918 0.550000 0.204918 0.548437 0.202576 0.546875 0.202576 0.545313 0.200234 0.543750 0.200234 0.542188 0.197892 0.540625 0.197892 0.539062 0.195550 0.537500 0.195550 0.534375 0.190867 0.532812 0.190867 0.529688 0.186183 0.528125 0.186183 0.526563 0.183841 0.525000 0.183841 0.523438 0.181499 0.520312 0.181499 0.518750 0.179157 0.517187 0.179157 0.515625 0.176815 0.514063 0.176815 0.512500 0.174473 0.510938 0.174473 0.509375 0.172131 0.507812 0.172131 0.503125 0.165105 0.501562 0.165105 0.500000 0.162763 0.498437 0.162763 0.496875 0.160422 0.495313 0.160422 0.492188 0.155738 0.490625 0.155738 0.487500 0.151054 0.485938 0.151054 0.484375 0.148712 0.482812 0.148712 0.481250 0.146370 0.479688 0.146370 0.478125 0.144028 0.476562 0.144028 0.475000 0.141686 0.473437 0.141686 0.471875 0.139344 0.470313 0.139344 0.468750 0.137002 0.467187 0.137002 0.465625 0.134660 0.464063 0.134660 0.462500 0.132318 0.460938 0.132318 0.457812 0.127635 0.456250 0.127635 0.454688 0.125293 0.453125 0.125293 0.451562 0.122951 0.450000 0.122951 0.448438 0.120609 0.446875 0.120609 0.445312 0.118267 0.443750 0.118267 0.440625 0.113583 0.439063 0.113583 0.437500 0.111241 0.435937 0.111241 0.434375 0.108899 0.432813 0.108899 0.431250 0.106557 0.429688 0.106557 0.428125 0.104215 0.425000 0.104215 0.423438 0.101874 0.421875 0.101874 0.417188 0.094848 0.415625 0.094848 0.414062 0.092506 0.414062 0.083138
0 0.106250 0.439110 0.106250 0.450820 0.104687 0.453162 0.104687 0.462529 0.103125 0.464871 0.103125 0.467213 0.101562 0.469555 0.096875 0.469555 0.096875 0.528103 0.101562 0.528103 0.104687 0.532787 0.104687 0.542155 0.106250 0.544496 0.106250 0.556206 0.107813 0.558548 0.107813 0.570258 0.106250 0.572600 0.106250 0.591335 0.107813 0.593677 0.107813 0.596019 0.109375 0.598361 0.109375 0.605386 0.109375 0.598361 0.110937 0.596019 0.112500 0.596019 0.114063 0.593677 0.115625 0.593677 0.117188 0.591335 0.117188 0.588993 0.118750 0.586651 0.118750 0.581967 0.120312 0.579625 0.120312 0.577283 0.121875 0.574941 0.126563 0.574941 0.126563 0.485948 0.121875 0.485948 0.120312 0.483607 0.120312 0.476581 0.118750 0.474239 0.118750 0.464871 0.117188 0.462529 0.117188 0.439110
0 0.931250 0.682670 0.929688 0.685012 0.928125 0.685012 0.926562 0.687354 0.926562 0.692037 0.925000 0.694379 0.925000 0.706089 0.926562 0.708431 0.926562 0.743560 0.925000 0.745902 0.925000 0.752927 0.923437 0.755269 0.925000 0.757611 0.925000 0.762295 0.926562 0.764637 0.926562 0.766979 0.929688 0.766979 0.931250 0.769321 0.943750 0.769321 0.945312 0.771663 0.951563 0.771663 0.953125 0.774005 0.957812 0.774005 0.959375 0.776347 0.959375 0.783372 0.965625 0.783372 0.965625 0.776347 0.967188 0.774005 0.968750 0.774005 0.970312 0.771663 0.973437 0.771663 0.975000 0.769321 0.976562 0.769321 0.978125 0.766979 0.978125 0.757611 0.968750 0.743560 0.967188 0.743560 0.962500 0.736534 0.962500 0.734192 0.960938 0.731850 0.960938 0.724824 0.959375 0.722482 0.959375 0.708431 0.960938 0.706089 0.960938 0.685012 0.959375 0.685012 0.957812 0.682670 0.931250 0.682670 0.921875 0.584309 0.921875 0.581967 0.923437 0.579625 0.926562 0.579625 0.929688 0.574941 0.929688 0.572600 0.937500 0.560890 0.937500 0.558548 0.943750 0.549180 0.943750 0.546838 0.945312 0.544496 0.946875 0.544496 0.959375 0.525761 0.962500 0.525761 0.964063 0.523419 0.970312 0.523419 0.970312 0.504684 0.968750 0.502342 0.968750 0.488290 0.967188 0.485948 0.968750 0.483607 0.968750 0.467213 0.970312 0.464871 0.970312 0.460187 0.971875 0.457845 0.971875 0.448478 0.973437 0.446136 0.973437 0.415691 0.971875 0.413349 0.971875 0.411007 0.968750 0.406323 0.968750 0.403981 0.964063 0.396955 0.962500 0.396955 0.960938 0.394614 0.959375 0.394614 0.957812 0.392272 0.956250 0.392272 0.954687 0.389930 0.954687 0.382904 0.934375 0.382904 0.934375 0.399297 0.932813 0.401639 0.932813 0.406323 0.931250 0.408665 0.931250 0.411007 0.929688 0.413349 0.929688 0.415691 0.928125 0.418033 0.928125 0.420375 0.926562 0.422717 0.926562 0.425059 0.925000 0.427400 0.925000 0.432084 0.921875 0.436768 0.921875 0.439110 0.920313 0.441452 0.920313 0.443794 0.917188 0.448478 0.917188 0.450820 0.915625 0.453162 0.909375 0.453162 0.909375 0.483607 0.914062 0.483607 0.920313 0.492974 0.920313 0.495316 0.923437 0.500000 0.923437 0.502342 0.926562 0.507026 0.926562 0.509368 0.928125 0.511710 0.928125 0.516393 0.929688 0.518735 0.929688 0.530445 0.928125 0.532787 0.928125 0.539813 0.926562 0.542155 0.926562 0.546838 0.925000 0.549180 0.925000 0.553864 0.923437 0.556206 0.923437 0.560890 0.921875 0.563232 0.921875 0.584309
0 0.840625 0.392272 0.840625 0.483607 0.864062 0.483607 0.864062 0.462529 0.859375 0.462529 0.857813 0.460187 0.857813 0.448478 0.859375 0.446136 0.864062 0.446136 0.864062 0.408665 0.859375 0.408665 0.856250 0.403981 0.856250 0.392272
0 0.023438 0.439110 0.023438 0.455504 0.020312 0.460187 0.015625 0.460187 0.015625 0.485948 0.020312 0.485948 0.023438 0.490632 0.023438 0.495316 0.025000 0.497658 0.025000 0.514051 0.026563 0.516393 0.026563 0.530445 0.035937 0.530445 0.035937 0.504684 0.037500 0.502342 0.037500 0.492974 0.039062 0.490632 0.039062 0.488290 0.040625 0.485948 0.045313 0.485948 0.045313 0.471897 0.040625 0.471897 0.039062 0.469555 0.039062 0.467213 0.037500 0.464871 0.037500 0.462529 0.035937 0.460187 0.035937 0.439110
2 0.000000 0.439110 0.000000 0.483607 0.015625 0.483607 0.015625 0.476581 0.018750 0.471897 0.018750 0.469555 0.021875 0.464871 0.021875 0.460187 0.023438 0.457845 0.023438 0.455504 0.025000 0.453162 0.025000 0.450820 0.026563 0.448478 0.032812 0.448478 0.032812 0.439110
0 0.892187 0.382904 0.892187 0.394614 0.890625 0.396955 0.890625 0.399297 0.889063 0.401639 0.884375 0.401639 0.884375 0.483607 0.900000 0.483607 0.900000 0.455504 0.901563 0.453162 0.901563 0.450820 0.903125 0.448478 0.907812 0.448478 0.907812 0.403981 0.903125 0.403981 0.901563 0.401639 0.901563 0.394614 0.900000 0.392272 0.900000 0.382904
2 0.000000 0.588993 0.000000 0.689696 0.006250 0.689696 0.006250 0.682670 0.010937 0.675644 0.012500 0.675644 0.020312 0.663934 0.021875 0.663934 0.021875 0.661592 0.023438 0.659251 0.023438 0.656909 0.025000 0.654567 0.025000 0.649883 0.026563 0.647541 0.026563 0.638173 0.028125 0.635831 0.032812 0.635831 0.028125 0.635831 0.026563 0.633489 0.026563 0.631148 0.025000 0.628806 0.025000 0.624122 0.023438 0.621780 0.023438 0.619438 0.018750 0.612412 0.018750 0.610070 0.015625 0.605386 0.015625 0.603045 0.012500 0.598361 0.012500 0.588993
9 0.596875 0.204918 0.596875 0.249415 0.614062 0.249415 0.614062 0.204918
26 0.957812 0.535129 0.956250 0.537471 0.953125 0.537471 0.951563 0.539813 0.950000 0.539813 0.946875 0.544496 0.945312 0.544496 0.943750 0.546838 0.943750 0.549180 0.937500 0.558548 0.937500 0.560890 0.926562 0.577283 0.926562 0.579625 0.921875 0.586651 0.921875 0.588993 0.917188 0.596019 0.917188 0.598361 0.912500 0.605386 0.912500 0.607728 0.910937 0.610070 0.910937 0.614754 0.909375 0.617096 0.909375 0.619438 0.907812 0.621780 0.903125 0.621780 0.903125 0.668618 0.907812 0.668618 0.909375 0.670960 0.910937 0.670960 0.914062 0.675644 0.917188 0.675644 0.918750 0.677986 0.920313 0.677986 0.921875 0.680328 0.925000 0.680328 0.926562 0.682670 0.926562 0.689696 0.957812 0.689696 0.957812 0.682670 0.964063 0.673302 0.970312 0.673302 0.970312 0.649883 0.965625 0.649883 0.962500 0.645199 0.962500 0.638173 0.960938 0.635831 0.960938 0.624122 0.959375 0.621780 0.959375 0.612412 0.957812 0.610070 0.957812 0.603045 0.956250 0.600703 0.956250 0.567916 0.957812 0.565574 0.957812 0.563232 0.959375 0.560890 0.960938 0.563232 0.962500 0.563232 0.964063 0.565574 0.970312 0.565574 0.970312 0.544496 0.964063 0.544496
0 0.121875 0.495316 0.121875 0.624122 0.145313 0.624122 0.145313 0.495316
9 0.609375 0.204918 0.609375 0.249415 0.626562 0.249415 0.626562 0.204918
0 0.784375 0.392272 0.784375 0.483607 0.807813 0.483607 0.807813 0.469555 0.803125 0.469555 0.801562 0.467213 0.801562 0.464871 0.803125 0.462529 0.807813 0.462529 0.807813 0.401639 0.803125 0.401639 0.801562 0.399297 0.801562 0.392272
0 0.759375 0.411007 0.759375 0.483607 0.775000 0.483607 0.775000 0.474239 0.776563 0.471897 0.776563 0.469555 0.778125 0.467213 0.782812 0.467213 0.782812 0.460187 0.778125 0.460187 0.776563 0.457845 0.776563 0.448478 0.778125 0.446136 0.782812 0.446136 0.782812 0.411007
2 0.728125 0.420375 0.728125 0.446136 0.751562 0.446136 0.751562 0.420375
0 0.821875 0.392272 0.821875 0.474239 0.839063 0.474239 0.839063 0.392272
26 0.956250 0.523419 0.956250 0.532787 0.953125 0.537471 0.951563 0.537471 0.945312 0.546838 0.945312 0.549180 0.943750 0.551522 0.943750 0.553864 0.940625 0.558548 0.939062 0.558548 0.939062 0.560890 0.937500 0.563232 0.937500 0.565574 0.935938 0.567916 0.934375 0.567916 0.934375 0.570258 0.932813 0.572600 0.932813 0.574941 0.931250 0.577283 0.929688 0.577283 0.928125 0.579625 0.921875 0.579625 0.921875 0.642857 0.932813 0.642857 0.932813 0.624122 0.934375 0.621780 0.934375 0.619438 0.935938 0.617096 0.935938 0.612412 0.937500 0.610070 0.937500 0.603045 0.939062 0.600703 0.939062 0.598361 0.943750 0.591335 0.948438 0.591335 0.953125 0.598361 0.953125 0.600703 0.954687 0.603045 0.954687 0.610070 0.956250 0.612412 0.956250 0.617096 0.957812 0.619438 0.957812 0.624122 0.959375 0.626464 0.959375 0.628806 0.964063 0.635831 0.964063 0.642857 0.995313 0.642857 0.995313 0.567916 0.990625 0.567916 0.985937 0.560890 0.985937 0.558548 0.982813 0.553864 0.978125 0.553864 0.973437 0.546838 0.971875 0.546838 0.967188 0.539813 0.967188 0.523419
2 0.028125 0.439110 0.028125 0.457845 0.034375 0.457845 0.037500 0.462529 0.037500 0.464871 0.039062 0.467213 0.039062 0.471897 0.040625 0.474239 0.040625 0.490632 0.042188 0.492974 0.042188 0.502342 0.056250 0.502342 0.056250 0.495316 0.059375 0.490632 0.060938 0.490632 0.062500 0.488290 0.068750 0.488290 0.070312 0.490632 0.073437 0.490632 0.076563 0.495316 0.076563 0.502342 0.089062 0.502342 0.089062 0.460187 0.084375 0.460187 0.081250 0.455504 0.081250 0.453162 0.079687 0.450820 0.079687 0.448478 0.078125 0.446136 0.078125 0.439110
2 0.740625 0.420375 0.740625 0.446136 0.764063 0.446136 0.764063 0.420375
