2 0.882812 0.545833 0.882812 0.554167 0.873438 0.566667 0.871875 0.566667 0.870313 0.568750 0.868750 0.568750 0.867188 0.570833 0.865625 0.570833 0.864062 0.572917 0.859375 0.572917 0.857813 0.575000 0.850000 0.575000 0.848437 0.577083 0.840625 0.577083 0.839063 0.579167 0.837500 0.579167 0.834375 0.583333 0.828125 0.583333 0.828125 0.604167 0.835938 0.604167 0.840625 0.610417 0.842188 0.610417 0.843750 0.612500 0.850000 0.612500 0.851562 0.614583 0.871875 0.614583 0.873438 0.612500 0.887500 0.612500 0.889063 0.610417 0.890625 0.610417 0.893750 0.606250 0.893750 0.604167 0.896875 0.600000 0.898438 0.600000 0.900000 0.597917 0.901563 0.597917 0.903125 0.595833 0.907812 0.595833 0.910937 0.591667 0.912500 0.591667 0.915625 0.587500 0.917188 0.587500 0.920313 0.583333 0.921875 0.583333 0.923437 0.581250 0.923437 0.579167 0.928125 0.572917 0.932813 0.572917 0.932813 0.558333 0.928125 0.558333 0.925000 0.554167 0.925000 0.545833
2 0.717188 0.554167 0.717188 0.560417 0.712500 0.566667 0.710938 0.566667 0.709375 0.568750 0.707812 0.568750 0.706250 0.570833 0.704687 0.570833 0.703125 0.572917 0.695312 0.572917 0.693750 0.575000 0.684375 0.575000 0.684375 0.591667 0.690625 0.591667 0.692187 0.593750 0.693750 0.593750 0.695312 0.595833 0.695312 0.602083 0.726562 0.602083 0.726562 0.595833 0.729688 0.591667 0.729688 0.589583 0.732813 0.585417 0.732813 0.579167 0.734375 0.577083 0.734375 0.575000 0.739062 0.568750 0.740625 0.568750 0.742188 0.566667 0.743750 0.566667 0.745313 0.564583 0.748438 0.564583 0.750000 0.562500 0.753125 0.562500 0.754687 0.560417 0.756250 0.560417 0.756250 0.554167
2 0.937500 0.545833 0.937500 0.554167 0.931250 0.562500 0.931250 0.564583 0.929688 0.566667 0.929688 0.568750 0.926562 0.572917 0.926562 0.575000 0.920313 0.583333 0.918750 0.583333 0.917188 0.585417 0.915625 0.585417 0.914062 0.587500 0.909375 0.587500 0.907812 0.589583 0.890625 0.589583 0.890625 0.616667 0.895312 0.616667 0.898438 0.620833 0.900000 0.620833 0.901563 0.622917 0.906250 0.622917 0.907812 0.625000 0.910937 0.625000 0.912500 0.622917 0.934375 0.622917 0.935938 0.625000 0.943750 0.625000 0.946875 0.629167 0.946875 0.635417 0.998438 0.635417 0.998438 0.545833
2 0.825000 0.545833 0.825000 0.554167 0.823438 0.556250 0.821875 0.556250 0.820312 0.558333 0.818750 0.558333 0.817187 0.560417 0.815625 0.560417 0.814062 0.562500 0.812500 0.562500 0.810938 0.564583 0.806250 0.564583 0.804688 0.566667 0.803125 0.566667 0.801562 0.564583 0.798437 0.564583 0.796875 0.562500 0.795313 0.562500 0.793750 0.560417 0.792188 0.560417 0.790625 0.558333 0.784375 0.558333 0.784375 0.602083 0.790625 0.602083 0.792188 0.604167 0.793750 0.604167 0.796875 0.608333 0.798437 0.608333 0.800000 0.610417 0.800000 0.618750 0.812500 0.618750 0.812500 0.612500 0.817187 0.606250 0.818750 0.606250 0.821875 0.602083 0.821875 0.593750 0.828125 0.585417 0.828125 0.583333 0.831250 0.579167 0.832812 0.579167 0.835938 0.575000 0.837500 0.575000 0.839063 0.572917 0.846875 0.572917 0.848437 0.570833 0.867188 0.570833 0.868750 0.568750 0.870313 0.568750 0.871875 0.566667 0.871875 0.564583 0.873438 0.562500 0.875000 0.562500 0.876562 0.560417 0.878125 0.560417 0.881250 0.556250 0.882812 0.556250 0.884375 0.554167 0.889063 0.554167 0.889063 0.545833
2 0.515625 0.545833 0.515625 0.577083 0.557813 0.577083 0.557813 0.556250 0.553125 0.556250 0.551562 0.554167 0.551562 0.545833
2 0.465625 0.545833 0.465625 0.568750 0.495313 0.568750 0.495313 0.545833
2 0.503125 0.545833 0.503125 0.568750 0.510938 0.568750 0.512500 0.570833 0.512500 0.577083 0.520312 0.577083 0.520312 0.570833 0.521875 0.568750 0.525000 0.568750 0.526563 0.570833 0.526563 0.577083 0.545313 0.577083 0.545313 0.545833
2 0.629687 0.554167 0.629687 0.560417 0.626562 0.564583 0.625000 0.564583 0.623438 0.566667 0.615625 0.566667 0.614062 0.568750 0.603125 0.568750 0.603125 0.583333 0.610937 0.583333 0.614062 0.587500 0.614062 0.593750 0.684375 0.593750 0.684375 0.587500 0.685938 0.585417 0.685938 0.583333 0.687500 0.581250 0.687500 0.579167 0.690625 0.575000 0.692187 0.575000 0.696875 0.568750 0.701563 0.568750 0.701563 0.554167
2 0.785937 0.537500 0.785937 0.545833 0.784375 0.547917 0.773438 0.547917 0.771875 0.550000 0.764063 0.550000 0.762500 0.552083 0.760938 0.552083 0.759375 0.554167 0.757812 0.554167 0.753125 0.560417 0.750000 0.560417 0.745313 0.566667 0.740625 0.566667 0.740625 0.572917 0.746875 0.572917 0.748438 0.575000 0.751562 0.575000 0.753125 0.572917 0.754687 0.572917 0.756250 0.570833 0.757812 0.570833 0.759375 0.568750 0.760938 0.568750 0.762500 0.566667 0.764063 0.566667 0.765625 0.564583 0.767187 0.564583 0.768750 0.566667 0.781250 0.566667 0.782812 0.564583 0.784375 0.564583 0.785937 0.562500 0.787500 0.562500 0.789062 0.560417 0.800000 0.560417 0.801562 0.562500 0.809375 0.562500 0.810938 0.560417 0.814062 0.560417 0.815625 0.558333 0.821875 0.558333 0.823438 0.556250 0.825000 0.556250 0.826563 0.554167 0.832812 0.554167 0.832812 0.537500
2 0.717188 0.554167 0.717188 0.560417 0.714063 0.564583 0.712500 0.564583 0.710938 0.566667 0.707812 0.566667 0.706250 0.568750 0.703125 0.568750 0.701563 0.570833 0.698438 0.570833 0.696875 0.572917 0.695312 0.572917 0.693750 0.575000 0.684375 0.575000 0.684375 0.593750 0.692187 0.593750 0.693750 0.595833 0.693750 0.602083 0.725000 0.602083 0.725000 0.595833 0.731250 0.587500 0.731250 0.577083 0.737500 0.568750 0.739062 0.568750 0.740625 0.566667 0.742188 0.566667 0.743750 0.564583 0.745313 0.564583 0.746875 0.562500 0.751562 0.562500 0.751562 0.554167
2 0.767187 0.545833 0.767187 0.552083 0.765625 0.554167 0.765625 0.556250 0.762500 0.560417 0.759375 0.560417 0.757812 0.562500 0.751562 0.562500 0.750000 0.564583 0.748438 0.564583 0.746875 0.566667 0.740625 0.566667 0.740625 0.595833 0.746875 0.595833 0.751562 0.602083 0.751562 0.610417 0.778125 0.610417 0.778125 0.585417 0.779688 0.583333 0.779688 0.579167 0.781250 0.577083 0.781250 0.575000 0.784375 0.570833 0.784375 0.568750 0.789062 0.562500 0.814062 0.562500 0.814062 0.545833
12 0.276563 0.670833 0.276563 0.681250 0.273438 0.685417 0.273438 0.687500 0.270312 0.691667 0.270312 0.693750 0.268750 0.695833 0.268750 0.706250 0.267188 0.708333 0.267188 0.712500 0.260938 0.720833 0.259375 0.720833 0.257812 0.722917 0.256250 0.722917 0.254687 0.725000 0.246875 0.725000 0.246875 0.925000 0.251563 0.925000 0.253125 0.927083 0.253125 0.941667 0.254687 0.943750 0.254687 0.970833 0.256250 0.972917 0.256250 0.985417 0.315625 0.985417 0.315625 0.979167 0.317187 0.977083 0.317187 0.975000 0.320312 0.970833 0.320312 0.968750 0.321875 0.966667 0.326562 0.966667 0.326562 0.881250 0.321875 0.881250 0.320312 0.879167 0.320312 0.854167 0.321875 0.852083 0.326562 0.852083 0.326562 0.710417 0.321875 0.710417 0.320312 0.708333 0.318750 0.708333 0.309375 0.695833 0.309375 0.693750 0.307813 0.691667 0.307813 0.687500 0.306250 0.685417 0.306250 0.681250 0.304688 0.679167 0.304688 0.670833
2 0.471875 0.545833 0.471875 0.568750 0.501562 0.568750 0.501562 0.545833
2 0.396875 0.545833 0.396875 0.568750 0.420312 0.568750 0.420312 0.545833
2 0.496875 0.545833 0.496875 0.568750 0.520312 0.568750 0.520312 0.545833
