5 0.204688 0.058511 0.204688 0.066489 0.203125 0.069149 0.201562 0.069149 0.200000 0.071809 0.196875 0.071809 0.195312 0.074468 0.190625 0.074468 0.189063 0.077128 0.185937 0.077128 0.184375 0.079787 0.179688 0.079787 0.178125 0.082447 0.173438 0.082447 0.171875 0.085106 0.165625 0.085106 0.164062 0.087766 0.160938 0.087766 0.159375 0.090426 0.154687 0.090426 0.153125 0.093085 0.148438 0.093085 0.146875 0.095745 0.139062 0.095745 0.137500 0.098404 0.134375 0.098404 0.132812 0.101064 0.129688 0.101064 0.128125 0.103723 0.125000 0.103723 0.123438 0.106383 0.120312 0.106383 0.118750 0.109043 0.114063 0.109043 0.112500 0.111702 0.109375 0.111702 0.106250 0.117021 0.104687 0.117021 0.101562 0.122340 0.101562 0.125000 0.100000 0.127660 0.100000 0.130319 0.098438 0.132979 0.098438 0.138298 0.096875 0.140957 0.096875 0.148936 0.095312 0.151596 0.095312 0.186170 0.093750 0.188830 0.093750 0.212766 0.092188 0.215426 0.092188 0.263298 0.093750 0.265957 0.093750 0.337766 0.092188 0.340426 0.092188 0.351064 0.090625 0.353723 0.090625 0.356383 0.089062 0.359043 0.084375 0.359043 0.084375 0.563830 0.089062 0.563830 0.090625 0.566489 0.090625 0.577128 0.089062 0.579787 0.084375 0.579787 0.084375 0.792553 0.089062 0.792553 0.090625 0.795213 0.090625 0.845745 0.092188 0.848404 0.092188 0.875000 0.093750 0.877660 0.093750 0.882979 0.095312 0.885638 0.095312 0.888298 0.101562 0.898936 0.121875 0.898936 0.123438 0.901596 0.128125 0.901596 0.129688 0.904255 0.151562 0.904255 0.153125 0.901596 0.185937 0.901596 0.187500 0.898936 0.203125 0.898936 0.204688 0.896277 0.212500 0.896277 0.214062 0.893617 0.254687 0.893617 0.256250 0.890957 0.281250 0.890957 0.282813 0.888298 0.328125 0.888298 0.329688 0.885638 0.351562 0.885638 0.353125 0.882979 0.367188 0.882979 0.368750 0.885638 0.382812 0.885638 0.384375 0.888298 0.398438 0.888298 0.400000 0.885638 0.403125 0.885638 0.404687 0.882979 0.406250 0.882979 0.407813 0.880319 0.409375 0.880319 0.410937 0.877660 0.412500 0.877660 0.417188 0.869681 0.417188 0.867021 0.420312 0.861702 0.420312 0.856383 0.421875 0.853723 0.421875 0.848404 0.423438 0.845745 0.423438 0.843085 0.425000 0.840426 0.425000 0.837766 0.428125 0.832447 0.432813 0.832447 0.432813 0.670213 0.428125 0.670213 0.426562 0.667553 0.426562 0.643617 0.425000 0.640957 0.425000 0.577128 0.423438 0.574468 0.423438 0.529255 0.425000 0.526596 0.425000 0.521277 0.423438 0.518617 0.423438 0.497340 0.421875 0.494681 0.421875 0.489362 0.420312 0.486702 0.420312 0.457447 0.418750 0.454787 0.418750 0.444149 0.417188 0.441489 0.417188 0.425532 0.415625 0.422872 0.415625 0.412234 0.414062 0.409574 0.414062 0.406915 0.412500 0.404255 0.412500 0.398936 0.410937 0.396277 0.410937 0.393617 0.409375 0.390957 0.409375 0.382979 0.407813 0.380319 0.407813 0.369681 0.406250 0.367021 0.406250 0.364362 0.407813 0.361702 0.407813 0.353723 0.409375 0.351064 0.409375 0.303191 0.407813 0.300532 0.407813 0.292553 0.406250 0.289894 0.406250 0.281915 0.404687 0.279255 0.404687 0.268617 0.403125 0.265957 0.403125 0.257979 0.401563 0.255319 0.401563 0.250000 0.400000 0.247340 0.400000 0.242021 0.398438 0.239362 0.398438 0.236702 0.396875 0.234043 0.396875 0.228723 0.393750 0.223404 0.393750 0.220745 0.392188 0.218085 0.392188 0.215426 0.390625 0.212766 0.390625 0.210106 0.389062 0.207447 0.389062 0.202128 0.387500 0.199468 0.387500 0.194149 0.385938 0.191489 0.385938 0.183511 0.384375 0.180851 0.384375 0.175532 0.382812 0.172872 0.382812 0.167553 0.381250 0.164894 0.381250 0.162234 0.379687 0.159574 0.379687 0.156915 0.378125 0.154255 0.378125 0.151596 0.376563 0.148936 0.376563 0.143617 0.375000 0.140957 0.375000 0.132979 0.373437 0.130319 0.373437 0.125000 0.371875 0.122340 0.371875 0.119681 0.368750 0.114362 0.368750 0.111702 0.365625 0.106383 0.364062 0.106383 0.357812 0.095745 0.356250 0.095745 0.354688 0.093085 0.353125 0.093085 0.351562 0.090426 0.348437 0.090426 0.346875 0.087766 0.343750 0.087766 0.342187 0.085106 0.337500 0.085106 0.335938 0.082447 0.328125 0.082447 0.326562 0.079787 0.314063 0.079787 0.312500 0.077128 0.309375 0.077128 0.307813 0.074468 0.306250 0.074468 0.304688 0.071809 0.303125 0.071809 0.301562 0.069149 0.300000 0.069149 0.298438 0.066489 0.298438 0.058511
5 0.653125 0.058511 0.653125 0.069149 0.651563 0.071809 0.651563 0.074468 0.650000 0.077128 0.650000 0.079787 0.648438 0.082447 0.648438 0.085106 0.637500 0.103723 0.637500 0.106383 0.632812 0.114362 0.632812 0.117021 0.628125 0.125000 0.628125 0.127660 0.623438 0.135638 0.623438 0.138298 0.620313 0.143617 0.620313 0.146277 0.618750 0.148936 0.618750 0.154255 0.617188 0.156915 0.617188 0.162234 0.615625 0.164894 0.615625 0.175532 0.614062 0.178191 0.614062 0.188830 0.612500 0.191489 0.612500 0.204787 0.610937 0.207447 0.610937 0.242021 0.609375 0.244681 0.609375 0.255319 0.607813 0.257979 0.607813 0.265957 0.606250 0.268617 0.606250 0.271277 0.604688 0.273936 0.604688 0.276596 0.603125 0.279255 0.603125 0.281915 0.596875 0.292553 0.596875 0.295213 0.595312 0.297872 0.595312 0.300532 0.592188 0.305851 0.592188 0.308511 0.585938 0.319149 0.585938 0.321809 0.582812 0.327128 0.581250 0.327128 0.579687 0.329787 0.579687 0.332447 0.573438 0.343085 0.573438 0.345745 0.571875 0.348404 0.571875 0.351064 0.564062 0.364362 0.559375 0.364362 0.559375 0.824468 0.565625 0.824468 0.568750 0.829787 0.568750 0.832447 0.571875 0.837766 0.571875 0.840426 0.573438 0.843085 0.573438 0.845745 0.575000 0.848404 0.575000 0.853723 0.576563 0.856383 0.576563 0.867021 0.578125 0.869681 0.578125 0.875000 0.579687 0.877660 0.581250 0.877660 0.582812 0.880319 0.601562 0.880319 0.603125 0.882979 0.604688 0.882979 0.606250 0.885638 0.607813 0.885638 0.615625 0.898936 0.615625 0.901596 0.617188 0.904255 0.617188 0.906915 0.620313 0.912234 0.620313 0.914894 0.623438 0.920213 0.625000 0.920213 0.626562 0.922872 0.634375 0.922872 0.635938 0.920213 0.637500 0.920213 0.639063 0.917553 0.639063 0.914894 0.645312 0.904255 0.646875 0.904255 0.648438 0.901596 0.651563 0.901596 0.653125 0.898936 0.654688 0.898936 0.656250 0.896277 0.665625 0.896277 0.667188 0.893617 0.679688 0.893617 0.681250 0.896277 0.696875 0.896277 0.698438 0.898936 0.706250 0.898936 0.707812 0.901596 0.717188 0.901596 0.718750 0.904255 0.729688 0.904255 0.731250 0.906915 0.740625 0.906915 0.742188 0.909574 0.743750 0.909574 0.745313 0.912234 0.746875 0.912234 0.748438 0.914894 0.753125 0.914894 0.754687 0.917553 0.757812 0.917553 0.759375 0.920213 0.760938 0.920213 0.764063 0.925532 0.767187 0.925532 0.768750 0.928191 0.770312 0.928191 0.771875 0.930851 0.771875 0.938830 0.790625 0.938830 0.790625 0.930851 0.793750 0.925532 0.798437 0.925532 0.800000 0.922872 0.804688 0.922872 0.806250 0.920213 0.807813 0.920213 0.809375 0.917553 0.817187 0.917553 0.818750 0.914894 0.825000 0.914894 0.826563 0.917553 0.832812 0.917553 0.834375 0.920213 0.842188 0.920213 0.843750 0.922872 0.846875 0.922872 0.848437 0.925532 0.850000 0.925532 0.853125 0.930851 0.853125 0.938830 0.879687 0.938830 0.879687 0.928191 0.881250 0.925532 0.882812 0.925532 0.884375 0.922872 0.885938 0.922872 0.887500 0.920213 0.889063 0.920213 0.890625 0.917553 0.893750 0.917553 0.895312 0.914894 0.903125 0.914894 0.904688 0.917553 0.914062 0.917553 0.915625 0.914894 0.923437 0.914894 0.925000 0.912234 0.928125 0.912234 0.929688 0.909574 0.931250 0.909574 0.932813 0.906915 0.934375 0.906915 0.937500 0.901596 0.939062 0.901596 0.942187 0.896277 0.942187 0.893617 0.945312 0.888298 0.945312 0.885638 0.946875 0.882979 0.951563 0.882979 0.951563 0.845745 0.946875 0.845745 0.945312 0.843085 0.945312 0.829787 0.943750 0.827128 0.943750 0.800532 0.945312 0.797872 0.945312 0.795213 0.946875 0.792553 0.951563 0.792553 0.951563 0.789894 0.946875 0.789894 0.945312 0.787234 0.945312 0.781915 0.943750 0.779255 0.943750 0.765957 0.942187 0.763298 0.942187 0.726064 0.943750 0.723404 0.943750 0.704787 0.945312 0.702128 0.945312 0.683511 0.946875 0.680851 0.951563 0.680851 0.951563 0.183511 0.946875 0.183511 0.945312 0.180851 0.945312 0.162234 0.943750 0.159574 0.943750 0.140957 0.942187 0.138298 0.942187 0.117021 0.940625 0.114362 0.940625 0.101064 0.939062 0.098404 0.939062 0.095745 0.937500 0.093085 0.937500 0.090426 0.935938 0.090426 0.934375 0.087766 0.932813 0.087766 0.931250 0.085106 0.925000 0.085106 0.923437 0.082447 0.898438 0.082447 0.896875 0.079787 0.882812 0.079787 0.881250 0.077128 0.873438 0.077128 0.871875 0.074468 0.859375 0.074468 0.857813 0.071809 0.846875 0.071809 0.845312 0.069149 0.821875 0.069149 0.820312 0.066489 0.820312 0.058511
5 0.421875 0.356383 0.421875 0.367021 0.420312 0.369681 0.415625 0.369681 0.415625 0.550532 0.420312 0.550532 0.421875 0.553191 0.421875 0.558511 0.423438 0.561170 0.423438 0.595745 0.421875 0.598404 0.421875 0.606383 0.420312 0.609043 0.415625 0.609043 0.415625 0.678191 0.420312 0.678191 0.423438 0.683511 0.423438 0.686170 0.425000 0.688830 0.425000 0.691489 0.426562 0.694149 0.426562 0.696809 0.431250 0.704787 0.431250 0.707447 0.432813 0.710106 0.432813 0.718085 0.437500 0.718085 0.439063 0.720745 0.440625 0.718085 0.443750 0.718085 0.445312 0.715426 0.451562 0.715426 0.453125 0.718085 0.457812 0.718085 0.459375 0.720745 0.462500 0.720745 0.464063 0.723404 0.467187 0.723404 0.468750 0.726064 0.471875 0.726064 0.473437 0.728723 0.475000 0.728723 0.476562 0.731383 0.478125 0.731383 0.481250 0.736702 0.482812 0.736702 0.484375 0.739362 0.485938 0.739362 0.487500 0.742021 0.490625 0.742021 0.492188 0.744681 0.496875 0.744681 0.498437 0.747340 0.501562 0.747340 0.503125 0.750000 0.503125 0.757979 0.557813 0.757979 0.557813 0.739362 0.559375 0.736702 0.559375 0.718085 0.560938 0.715426 0.560938 0.702128 0.562500 0.699468 0.562500 0.683511 0.564062 0.680851 0.564062 0.670213 0.565625 0.667553 0.570312 0.667553 0.570312 0.356383
0 0.287500 0.196809 0.287500 0.210106 0.285937 0.212766 0.285937 0.244681 0.278125 0.257979 0.276563 0.257979 0.273438 0.263298 0.270312 0.263298 0.265625 0.271277 0.259375 0.271277 0.259375 0.311170 0.351562 0.311170 0.351562 0.287234 0.346875 0.287234 0.345313 0.284574 0.343750 0.284574 0.342187 0.281915 0.342187 0.279255 0.340625 0.279255 0.335938 0.271277 0.335938 0.268617 0.334375 0.268617 0.331250 0.263298 0.329688 0.263298 0.326562 0.257979 0.325000 0.257979 0.323438 0.255319 0.321875 0.255319 0.320312 0.252660 0.317187 0.252660 0.310937 0.242021 0.310937 0.218085 0.309375 0.215426 0.309375 0.210106 0.307813 0.207447 0.307813 0.196809
0 0.153125 0.537234 0.153125 0.553191 0.154687 0.555851 0.154687 0.566489 0.153125 0.569149 0.153125 0.571809 0.150000 0.577128 0.148438 0.577128 0.145313 0.582447 0.143750 0.582447 0.139062 0.590426 0.139062 0.593085 0.137500 0.595745 0.137500 0.601064 0.135937 0.603723 0.135937 0.609043 0.132812 0.614362 0.128125 0.614362 0.128125 0.640957 0.154687 0.640957 0.154687 0.632979 0.156250 0.630319 0.157813 0.630319 0.159375 0.627660 0.168750 0.627660 0.170312 0.630319 0.175000 0.630319 0.176563 0.632979 0.176563 0.640957 0.207813 0.640957 0.207813 0.617021 0.203125 0.617021 0.201562 0.614362 0.201562 0.611702 0.200000 0.609043 0.200000 0.606383 0.198437 0.603723 0.198437 0.598404 0.195312 0.593085 0.195312 0.590426 0.193750 0.590426 0.190625 0.585106 0.187500 0.585106 0.185937 0.582447 0.182812 0.582447 0.178125 0.574468 0.178125 0.571809 0.176563 0.569149 0.176563 0.537234
0 0.953125 0.579787 0.953125 0.593085 0.951563 0.595745 0.951563 0.603723 0.950000 0.606383 0.950000 0.611702 0.948438 0.614362 0.948438 0.617021 0.945312 0.622340 0.940625 0.622340 0.940625 0.779255 0.950000 0.779255 0.951563 0.776596 0.956250 0.784574 0.967188 0.784574 0.968750 0.781915 0.970312 0.781915 0.970312 0.720745 0.971875 0.718085 0.971875 0.699468 0.973437 0.696809 0.973437 0.694149 0.971875 0.691489 0.971875 0.678191 0.970312 0.675532 0.970312 0.670213 0.971875 0.667553 0.971875 0.651596 0.973437 0.648936 0.973437 0.627660 0.971875 0.625000 0.971875 0.619681 0.970312 0.617021 0.970312 0.609043 0.968750 0.606383 0.968750 0.593085 0.967188 0.590426 0.967188 0.579787
0 0.131250 0.218085 0.131250 0.226064 0.129688 0.228723 0.129688 0.231383 0.126563 0.236702 0.126563 0.242021 0.125000 0.244681 0.125000 0.260638 0.118750 0.271277 0.117188 0.271277 0.115625 0.273936 0.112500 0.273936 0.110937 0.276596 0.109375 0.276596 0.107813 0.279255 0.103125 0.279255 0.103125 0.321809 0.170312 0.321809 0.170312 0.300532 0.165625 0.300532 0.162500 0.295213 0.162500 0.292553 0.148438 0.268617 0.148438 0.218085
0 0.670313 0.547872 0.670313 0.563830 0.668750 0.566489 0.668750 0.582447 0.667188 0.585106 0.667188 0.590426 0.665625 0.593085 0.664062 0.593085 0.660937 0.598404 0.659375 0.598404 0.657812 0.601064 0.653125 0.601064 0.653125 0.627660 0.678125 0.627660 0.679688 0.625000 0.684375 0.625000 0.685938 0.622340 0.687500 0.622340 0.695312 0.609043 0.696875 0.609043 0.698438 0.611702 0.698438 0.614362 0.701563 0.619681 0.703125 0.619681 0.704687 0.622340 0.714063 0.622340 0.714063 0.590426 0.707812 0.590426 0.706250 0.587766 0.704687 0.587766 0.703125 0.585106 0.701563 0.585106 0.700000 0.582447 0.698438 0.582447 0.695312 0.577128 0.695312 0.574468 0.693750 0.571809 0.693750 0.569149 0.692187 0.566489 0.692187 0.561170 0.690625 0.558511 0.690625 0.547872
0 0.704687 0.196809 0.704687 0.212766 0.703125 0.215426 0.703125 0.226064 0.701563 0.228723 0.701563 0.250000 0.696875 0.257979 0.690625 0.257979 0.690625 0.303191 0.698438 0.303191 0.700000 0.305851 0.704687 0.305851 0.706250 0.308511 0.717188 0.308511 0.718750 0.305851 0.764063 0.305851 0.764063 0.287234 0.759375 0.287234 0.754687 0.279255 0.754687 0.276596 0.750000 0.268617 0.748438 0.268617 0.746875 0.265957 0.746875 0.263298 0.745313 0.260638 0.743750 0.260638 0.742188 0.257979 0.740625 0.257979 0.732813 0.244681 0.732813 0.242021 0.731250 0.239362 0.731250 0.231383 0.732813 0.228723 0.732813 0.215426 0.734375 0.212766 0.734375 0.196809
5 0.000000 0.452128 0.000000 0.646277 0.001563 0.646277 0.003125 0.643617 0.004688 0.643617 0.006250 0.640957 0.009375 0.640957 0.010937 0.643617 0.012500 0.643617 0.014062 0.646277 0.015625 0.646277 0.018750 0.651596 0.020312 0.651596 0.023438 0.656915 0.025000 0.656915 0.028125 0.662234 0.029687 0.662234 0.031250 0.664894 0.032812 0.664894 0.034375 0.667553 0.037500 0.667553 0.039062 0.670213 0.040625 0.670213 0.042188 0.672872 0.043750 0.672872 0.045313 0.675532 0.046875 0.675532 0.050000 0.680851 0.053125 0.680851 0.056250 0.686170 0.056250 0.694149 0.065625 0.694149 0.065625 0.686170 0.067188 0.683511 0.070312 0.683511 0.071875 0.680851 0.085938 0.680851 0.087500 0.678191 0.087500 0.675532 0.090625 0.670213 0.095312 0.670213 0.095312 0.465426 0.090625 0.465426 0.087500 0.460106 0.087500 0.452128
0 0.670313 0.547872 0.670313 0.561170 0.668750 0.563830 0.668750 0.582447 0.667188 0.585106 0.667188 0.587766 0.660937 0.598404 0.659375 0.598404 0.657812 0.601064 0.653125 0.601064 0.653125 0.630319 0.689062 0.630319 0.689062 0.547872
0 0.992188 0.569149 0.992188 0.585106 0.990625 0.587766 0.990625 0.590426 0.989062 0.593085 0.989062 0.595745 0.987500 0.598404 0.987500 0.601064 0.985937 0.603723 0.985937 0.606383 0.981250 0.614362 0.981250 0.617021 0.976562 0.625000 0.971875 0.625000 0.971875 0.736702 0.976562 0.736702 0.979688 0.731383 0.979688 0.726064 0.981250 0.723404 0.981250 0.707447 0.982813 0.704787 0.984375 0.704787 0.985937 0.707447 0.985937 0.718085 0.987500 0.720745 0.989062 0.720745 0.993750 0.728723 0.993750 0.789894 0.998438 0.789894 0.998438 0.569149
0 0.892187 0.186170 0.892187 0.204787 0.890625 0.207447 0.890625 0.210106 0.889063 0.212766 0.889063 0.218085 0.887500 0.220745 0.887500 0.226064 0.885938 0.228723 0.885938 0.252660 0.882812 0.257979 0.881250 0.257979 0.879687 0.260638 0.878125 0.260638 0.876562 0.263298 0.871875 0.263298 0.871875 0.321809 0.918750 0.321809 0.918750 0.287234 0.921875 0.281915 0.925000 0.281915 0.926562 0.284574 0.932813 0.284574 0.932813 0.263298 0.928125 0.263298 0.920313 0.250000 0.920313 0.247340 0.917188 0.242021 0.917188 0.236702 0.915625 0.234043 0.915625 0.231383 0.914062 0.228723 0.914062 0.220745 0.915625 0.218085 0.915625 0.212766 0.914062 0.210106 0.914062 0.202128 0.912500 0.199468 0.912500 0.196809 0.910937 0.194149 0.910937 0.186170
