2 0.696875 0.679167 0.696875 0.685417 0.695312 0.687500 0.689062 0.687500 0.687500 0.689583 0.675000 0.689583 0.673437 0.691667 0.665625 0.691667 0.664062 0.693750 0.660937 0.693750 0.659375 0.695833 0.657812 0.695833 0.653125 0.702083 0.653125 0.704167 0.651563 0.706250 0.651563 0.708333 0.650000 0.710417 0.650000 0.714583 0.648438 0.716667 0.648438 0.718750 0.646875 0.720833 0.646875 0.725000 0.645312 0.727083 0.645312 0.729167 0.643750 0.731250 0.643750 0.735417 0.642187 0.737500 0.642187 0.739583 0.639063 0.743750 0.639063 0.747917 0.637500 0.750000 0.637500 0.752083 0.635938 0.754167 0.635938 0.758333 0.634375 0.760417 0.634375 0.766667 0.632812 0.768750 0.632812 0.772917 0.629687 0.777083 0.629687 0.779167 0.628125 0.781250 0.628125 0.785417 0.626562 0.787500 0.626562 0.789583 0.621875 0.795833 0.621875 0.797917 0.620313 0.800000 0.620313 0.802083 0.617188 0.806250 0.617188 0.808333 0.606250 0.822917 0.606250 0.825000 0.600000 0.833333 0.600000 0.835417 0.593750 0.843750 0.593750 0.845833 0.590625 0.850000 0.590625 0.852083 0.587500 0.856250 0.587500 0.858333 0.585938 0.860417 0.585938 0.864583 0.584375 0.866667 0.584375 0.870833 0.582812 0.872917 0.582812 0.875000 0.581250 0.877083 0.581250 0.883333 0.579687 0.885417 0.579687 0.891667 0.578125 0.893750 0.578125 0.895833 0.576563 0.897917 0.571875 0.897917 0.571875 0.997917 0.998438 0.997917 0.998438 0.841667 0.996875 0.841667 0.992188 0.835417 0.992188 0.833333 0.990625 0.831250 0.990625 0.829167 0.989062 0.827083 0.989062 0.825000 0.987500 0.822917 0.987500 0.818750 0.985937 0.816667 0.985937 0.814583 0.984375 0.812500 0.982813 0.812500 0.976562 0.804167 0.975000 0.804167 0.965625 0.791667 0.965625 0.789583 0.964063 0.787500 0.964063 0.785417 0.962500 0.783333 0.962500 0.779167 0.960938 0.777083 0.960938 0.775000 0.959375 0.772917 0.959375 0.770833 0.957812 0.768750 0.957812 0.766667 0.956250 0.764583 0.956250 0.762500 0.954687 0.760417 0.954687 0.758333 0.953125 0.756250 0.953125 0.752083 0.951563 0.750000 0.951563 0.745833 0.950000 0.743750 0.950000 0.741667 0.946875 0.737500 0.946875 0.735417 0.945312 0.733333 0.945312 0.731250 0.943750 0.729167 0.943750 0.727083 0.942187 0.725000 0.942187 0.722917 0.940625 0.720833 0.940625 0.718750 0.935938 0.712500 0.935938 0.710417 0.931250 0.704167 0.929688 0.704167 0.926562 0.700000 0.925000 0.700000 0.923437 0.697917 0.921875 0.697917 0.920313 0.695833 0.918750 0.695833 0.917188 0.693750 0.912500 0.693750 0.910937 0.691667 0.904688 0.691667 0.903125 0.689583 0.895312 0.689583 0.893750 0.687500 0.889063 0.687500 0.887500 0.685417 0.887500 0.679167
2 0.265625 0.712500 0.265625 0.720833 0.264062 0.722917 0.264062 0.725000 0.262500 0.727083 0.262500 0.729167 0.259375 0.733333 0.259375 0.735417 0.251563 0.745833 0.250000 0.745833 0.246875 0.750000 0.240625 0.750000 0.240625 0.793750 0.245312 0.793750 0.246875 0.795833 0.246875 0.804167 0.248437 0.806250 0.248437 0.825000 0.250000 0.827083 0.250000 0.829167 0.253125 0.833333 0.256250 0.833333 0.257812 0.835417 0.264062 0.835417 0.265625 0.833333 0.267188 0.833333 0.268750 0.831250 0.270312 0.831250 0.275000 0.825000 0.276563 0.825000 0.278125 0.822917 0.292188 0.822917 0.293750 0.825000 0.321875 0.825000 0.323438 0.827083 0.325000 0.827083 0.328125 0.831250 0.329688 0.831250 0.331250 0.833333 0.332812 0.833333 0.335938 0.837500 0.335938 0.843750 0.351562 0.843750 0.351562 0.837500 0.353125 0.835417 0.357812 0.835417 0.357812 0.775000 0.353125 0.775000 0.350000 0.770833 0.350000 0.768750 0.348437 0.766667 0.348437 0.764583 0.346875 0.762500 0.346875 0.756250 0.345313 0.754167 0.345313 0.750000 0.343750 0.747917 0.343750 0.743750 0.342187 0.741667 0.342187 0.739583 0.340625 0.737500 0.340625 0.733333 0.339063 0.731250 0.339063 0.729167 0.337500 0.727083 0.337500 0.725000 0.334375 0.720833 0.334375 0.712500
9 0.728125 0.229167 0.728125 0.352083 0.782812 0.352083 0.782812 0.229167
7 0.095312 0.637500 0.095312 0.643750 0.093750 0.645833 0.090625 0.645833 0.089062 0.647917 0.065625 0.647917 0.064062 0.650000 0.062500 0.650000 0.059375 0.654167 0.059375 0.656250 0.054688 0.662500 0.054688 0.664583 0.053125 0.666667 0.053125 0.668750 0.050000 0.672917 0.050000 0.675000 0.048437 0.677083 0.048437 0.679167 0.046875 0.681250 0.046875 0.683333 0.043750 0.687500 0.043750 0.691667 0.042188 0.693750 0.042188 0.695833 0.035937 0.704167 0.034375 0.704167 0.031250 0.708333 0.029687 0.708333 0.028125 0.710417 0.026563 0.710417 0.026563 0.712500 0.021875 0.718750 0.021875 0.720833 0.020312 0.722917 0.020312 0.727083 0.018750 0.729167 0.018750 0.743750 0.017188 0.745833 0.017188 0.754167 0.015625 0.756250 0.015625 0.758333 0.014062 0.760417 0.009375 0.760417 0.009375 0.875000 0.014062 0.875000 0.015625 0.877083 0.015625 0.883333 0.017188 0.885417 0.017188 0.891667 0.018750 0.893750 0.018750 0.895833 0.020312 0.897917 0.020312 0.902083 0.021875 0.902083 0.023438 0.904167 0.043750 0.904167 0.045313 0.902083 0.048437 0.902083 0.050000 0.904167 0.053125 0.904167 0.054688 0.902083 0.060938 0.902083 0.062500 0.900000 0.076563 0.900000 0.084375 0.889583 0.084375 0.883333 0.085938 0.881250 0.085938 0.875000 0.087500 0.872917 0.087500 0.870833 0.092188 0.864583 0.101562 0.864583 0.104687 0.868750 0.106250 0.868750 0.107813 0.870833 0.109375 0.870833 0.110937 0.872917 0.112500 0.872917 0.114063 0.875000 0.115625 0.875000 0.117188 0.877083 0.129688 0.877083 0.131250 0.875000 0.134375 0.875000 0.135937 0.872917 0.140625 0.872917 0.142188 0.870833 0.157813 0.870833 0.159375 0.868750 0.184375 0.868750 0.190625 0.877083 0.190625 0.879167 0.192188 0.881250 0.192188 0.887500 0.193750 0.889583 0.193750 0.895833 0.195312 0.897917 0.195312 0.902083 0.198437 0.906250 0.200000 0.906250 0.201562 0.908333 0.207813 0.908333 0.209375 0.910417 0.221875 0.910417 0.225000 0.906250 0.226562 0.906250 0.234375 0.895833 0.243750 0.895833 0.245312 0.893750 0.251563 0.893750 0.251563 0.772917 0.246875 0.772917 0.245312 0.770833 0.245312 0.766667 0.243750 0.764583 0.243750 0.758333 0.242188 0.756250 0.242188 0.754167 0.240625 0.752083 0.240625 0.750000 0.239063 0.747917 0.239063 0.745833 0.237500 0.743750 0.237500 0.741667 0.235938 0.739583 0.235938 0.737500 0.234375 0.735417 0.234375 0.733333 0.232812 0.731250 0.232812 0.729167 0.229687 0.725000 0.229687 0.722917 0.228125 0.720833 0.228125 0.714583 0.226562 0.712500 0.226562 0.702083 0.225000 0.700000 0.225000 0.695833 0.223438 0.693750 0.223438 0.689583 0.221875 0.687500 0.221875 0.685417 0.220313 0.683333 0.220313 0.681250 0.218750 0.679167 0.218750 0.677083 0.215625 0.672917 0.215625 0.670833 0.214062 0.668750 0.214062 0.666667 0.210938 0.662500 0.210938 0.660417 0.209375 0.658333 0.209375 0.656250 0.207813 0.654167 0.207813 0.650000 0.206250 0.647917 0.206250 0.637500
9 0.071875 0.329167 0.071875 0.425000 0.076563 0.425000 0.079687 0.429167 0.079687 0.435417 0.120312 0.435417 0.120312 0.329167
2 0.443750 0.645833 0.443750 0.652083 0.440625 0.656250 0.440625 0.658333 0.439063 0.660417 0.439063 0.662500 0.437500 0.664583 0.437500 0.666667 0.435937 0.668750 0.435937 0.670833 0.434375 0.672917 0.434375 0.677083 0.432813 0.679167 0.432813 0.681250 0.431250 0.683333 0.431250 0.685417 0.429688 0.687500 0.429688 0.689583 0.428125 0.691667 0.428125 0.697917 0.426562 0.700000 0.426562 0.704167 0.425000 0.706250 0.425000 0.708333 0.423438 0.710417 0.423438 0.714583 0.420312 0.718750 0.415625 0.718750 0.415625 0.877083 0.439063 0.877083 0.439063 0.870833 0.440625 0.868750 0.440625 0.864583 0.442187 0.862500 0.442187 0.854167 0.443750 0.852083 0.443750 0.850000 0.448438 0.843750 0.450000 0.843750 0.451562 0.841667 0.453125 0.841667 0.454688 0.843750 0.457812 0.843750 0.459375 0.845833 0.462500 0.845833 0.464063 0.847917 0.465625 0.847917 0.467187 0.845833 0.468750 0.845833 0.470313 0.843750 0.484375 0.843750 0.485938 0.845833 0.487500 0.845833 0.489062 0.847917 0.490625 0.847917 0.493750 0.852083 0.495313 0.852083 0.496875 0.854167 0.503125 0.854167 0.504687 0.852083 0.509375 0.852083 0.510938 0.850000 0.512500 0.850000 0.514063 0.847917 0.517187 0.847917 0.518750 0.845833 0.529688 0.845833 0.532812 0.850000 0.534375 0.850000 0.535937 0.852083 0.540625 0.852083 0.543750 0.847917 0.548437 0.847917 0.557813 0.860417 0.557813 0.868750 0.559375 0.870833 0.559375 0.877083 0.575000 0.877083 0.575000 0.862500 0.578125 0.858333 0.582812 0.858333 0.582812 0.702083 0.578125 0.702083 0.575000 0.697917 0.575000 0.693750 0.573438 0.691667 0.573438 0.685417 0.571875 0.683333 0.571875 0.677083 0.570312 0.675000 0.570312 0.672917 0.568750 0.670833 0.568750 0.668750 0.567187 0.666667 0.567187 0.664583 0.565625 0.662500 0.565625 0.660417 0.564062 0.658333 0.560938 0.658333 0.559375 0.656250 0.557813 0.656250 0.556250 0.654167 0.554688 0.654167 0.553125 0.652083 0.553125 0.645833
7 0.996875 0.812500 0.996875 0.814583 0.998438 0.814583 0.998438 0.812500 0.996875 0.812500 0.989062 0.785417 0.990625 0.783333 0.990625 0.779167 0.992188 0.777083 0.992188 0.775000 0.993750 0.772917 0.993750 0.766667 0.995313 0.764583 0.995313 0.762500 0.996875 0.760417 0.998438 0.760417 0.998438 0.454167 0.845312 0.454167 0.845312 0.468750 0.835938 0.481250 0.834375 0.481250 0.832812 0.483333 0.831250 0.483333 0.828125 0.487500 0.826563 0.487500 0.825000 0.489583 0.821875 0.489583 0.820312 0.491667 0.818750 0.491667 0.817187 0.493750 0.814062 0.493750 0.812500 0.495833 0.810938 0.495833 0.809375 0.497917 0.806250 0.497917 0.804688 0.500000 0.803125 0.500000 0.801562 0.502083 0.798437 0.502083 0.796875 0.504167 0.795313 0.504167 0.793750 0.506250 0.792188 0.506250 0.790625 0.508333 0.787500 0.508333 0.785937 0.510417 0.784375 0.510417 0.782812 0.512500 0.781250 0.512500 0.779688 0.514583 0.778125 0.514583 0.776563 0.516667 0.775000 0.516667 0.773438 0.518750 0.770312 0.518750 0.768750 0.520833 0.767187 0.520833 0.765625 0.522917 0.764063 0.522917 0.762500 0.525000 0.760938 0.525000 0.757812 0.529167 0.756250 0.529167 0.753125 0.533333 0.751562 0.533333 0.750000 0.535417 0.748438 0.535417 0.745313 0.539583 0.743750 0.539583 0.742188 0.541667 0.739062 0.541667 0.732813 0.550000 0.732813 0.552083 0.731250 0.554167 0.731250 0.562500 0.729688 0.564583 0.729688 0.568750 0.728125 0.570833 0.728125 0.577083 0.726562 0.579167 0.726562 0.583333 0.725000 0.585417 0.725000 0.589583 0.723437 0.591667 0.723437 0.595833 0.721875 0.597917 0.721875 0.602083 0.720312 0.604167 0.720312 0.612500 0.718750 0.614583 0.718750 0.622917 0.717188 0.625000 0.717188 0.643750 0.714063 0.647917 0.709375 0.647917 0.709375 0.675000 0.714063 0.675000 0.715625 0.677083 0.718750 0.677083 0.720312 0.679167 0.725000 0.679167 0.726562 0.681250 0.784375 0.681250 0.785937 0.679167 0.793750 0.679167 0.795313 0.681250 0.800000 0.681250 0.801562 0.683333 0.832812 0.683333 0.834375 0.685417 0.850000 0.685417 0.851562 0.687500 0.853125 0.687500 0.854688 0.685417 0.879687 0.685417 0.881250 0.687500 0.892187 0.687500 0.893750 0.689583 0.901563 0.689583 0.903125 0.691667 0.914062 0.691667 0.915625 0.693750 0.918750 0.693750 0.920313 0.695833 0.923437 0.695833 0.925000 0.697917 0.926562 0.697917 0.929688 0.702083 0.931250 0.702083 0.934375 0.706250 0.934375 0.708333 0.935938 0.708333 0.937500 0.710417 0.937500 0.712500 0.940625 0.716667 0.940625 0.718750 0.943750 0.722917 0.943750 0.725000 0.945312 0.727083 0.945312 0.729167 0.946875 0.731250 0.946875 0.733333 0.948438 0.735417 0.948438 0.737500 0.951563 0.741667 0.951563 0.743750 0.953125 0.745833 0.953125 0.747917 0.959375 0.756250 0.959375 0.758333 0.964063 0.764583 0.964063 0.766667 0.967188 0.770833 0.967188 0.772917 0.968750 0.775000 0.970312 0.775000 0.978125 0.785417 0.989062 0.785417
9 0.415625 0.579167 0.415625 0.610417 0.421875 0.610417 0.423438 0.612500 0.423438 0.618750 0.429688 0.618750 0.429688 0.610417 0.432813 0.606250 0.439063 0.606250 0.439063 0.579167
7 0.443750 0.645833 0.443750 0.652083 0.440625 0.656250 0.440625 0.658333 0.439063 0.660417 0.439063 0.662500 0.437500 0.664583 0.437500 0.666667 0.435937 0.668750 0.435937 0.670833 0.434375 0.672917 0.434375 0.677083 0.431250 0.681250 0.431250 0.683333 0.429688 0.685417 0.429688 0.689583 0.428125 0.691667 0.428125 0.702083 0.426562 0.704167 0.426562 0.706250 0.425000 0.708333 0.425000 0.710417 0.423438 0.712500 0.423438 0.718750 0.421875 0.720833 0.421875 0.727083 0.420312 0.729167 0.415625 0.729167 0.415625 0.868750 0.421875 0.868750 0.423438 0.870833 0.425000 0.870833 0.426562 0.872917 0.431250 0.872917 0.432813 0.875000 0.434375 0.872917 0.435937 0.872917 0.437500 0.870833 0.439063 0.870833 0.440625 0.868750 0.440625 0.864583 0.442187 0.862500 0.442187 0.854167 0.443750 0.852083 0.443750 0.850000 0.448438 0.843750 0.450000 0.843750 0.451562 0.841667 0.453125 0.841667 0.454688 0.843750 0.457812 0.843750 0.459375 0.845833 0.468750 0.845833 0.470313 0.843750 0.484375 0.843750 0.485938 0.845833 0.487500 0.845833 0.489062 0.847917 0.490625 0.847917 0.492188 0.850000 0.493750 0.850000 0.495313 0.852083 0.500000 0.852083 0.501562 0.854167 0.503125 0.852083 0.507812 0.852083 0.509375 0.850000 0.512500 0.850000 0.514063 0.847917 0.517187 0.847917 0.518750 0.845833 0.529688 0.845833 0.532812 0.850000 0.535937 0.850000 0.537500 0.852083 0.540625 0.852083 0.543750 0.847917 0.548437 0.847917 0.551562 0.852083 0.553125 0.852083 0.554688 0.854167 0.556250 0.854167 0.559375 0.858333 0.559375 0.860417 0.560938 0.862500 0.560938 0.875000 0.562500 0.877083 0.562500 0.885417 0.571875 0.885417 0.571875 0.875000 0.573438 0.872917 0.573438 0.870833 0.575000 0.868750 0.573438 0.866667 0.573438 0.862500 0.575000 0.860417 0.575000 0.858333 0.576563 0.856250 0.576563 0.852083 0.578125 0.850000 0.578125 0.833333 0.579687 0.831250 0.579687 0.810417 0.581250 0.808333 0.581250 0.791667 0.582812 0.789583 0.582812 0.766667 0.584375 0.764583 0.589063 0.764583 0.589063 0.754167 0.584375 0.754167 0.582812 0.752083 0.582812 0.745833 0.581250 0.743750 0.581250 0.735417 0.579687 0.733333 0.579687 0.722917 0.578125 0.720833 0.578125 0.708333 0.576563 0.706250 0.576563 0.702083 0.575000 0.700000 0.575000 0.695833 0.573438 0.693750 0.573438 0.687500 0.571875 0.685417 0.571875 0.679167 0.570312 0.677083 0.570312 0.672917 0.568750 0.670833 0.568750 0.668750 0.567187 0.666667 0.567187 0.664583 0.565625 0.662500 0.565625 0.660417 0.564062 0.660417 0.562500 0.658333 0.560938 0.658333 0.559375 0.656250 0.556250 0.656250 0.554688 0.654167 0.553125 0.654167 0.551562 0.652083 0.551562 0.645833
2 0.365625 0.712500 0.365625 0.743750 0.401563 0.743750 0.401563 0.712500
2 0.396875 0.704167 0.396875 0.743750 0.410937 0.743750 0.410937 0.737500 0.412500 0.735417 0.412500 0.733333 0.415625 0.729167 0.420312 0.729167 0.420312 0.704167
2 0.578125 0.695833 0.578125 0.752083 0.620313 0.752083 0.620313 0.695833
2 0.228125 0.695833 0.228125 0.735417 0.264062 0.735417 0.264062 0.695833
