5 0.546875 0.120609 0.546875 0.127635 0.545313 0.129977 0.543750 0.129977 0.542188 0.132318 0.539062 0.132318 0.537500 0.134660 0.535937 0.134660 0.534375 0.137002 0.532812 0.137002 0.531250 0.139344 0.529688 0.139344 0.528125 0.141686 0.525000 0.141686 0.523438 0.144028 0.520312 0.144028 0.518750 0.146370 0.512500 0.146370 0.510938 0.148712 0.507812 0.148712 0.506250 0.151054 0.504687 0.151054 0.503125 0.153396 0.500000 0.153396 0.498437 0.155738 0.495313 0.155738 0.493750 0.158080 0.490625 0.158080 0.489062 0.160422 0.487500 0.160422 0.485938 0.162763 0.481250 0.162763 0.479688 0.165105 0.476562 0.165105 0.475000 0.167447 0.470313 0.167447 0.468750 0.169789 0.465625 0.169789 0.464063 0.172131 0.460938 0.172131 0.459375 0.174473 0.454688 0.174473 0.453125 0.176815 0.451562 0.176815 0.450000 0.179157 0.446875 0.179157 0.445312 0.181499 0.442187 0.181499 0.440625 0.183841 0.437500 0.183841 0.435937 0.186183 0.432813 0.186183 0.431250 0.188525 0.428125 0.188525 0.426562 0.190867 0.423438 0.190867 0.421875 0.193208 0.415625 0.193208 0.414062 0.195550 0.409375 0.195550 0.407813 0.197892 0.403125 0.197892 0.401563 0.200234 0.398438 0.200234 0.396875 0.202576 0.395312 0.202576 0.393750 0.204918 0.389062 0.204918 0.387500 0.207260 0.384375 0.207260 0.382812 0.209602 0.379687 0.209602 0.378125 0.211944 0.375000 0.211944 0.373437 0.214286 0.370313 0.214286 0.368750 0.216628 0.364062 0.216628 0.362500 0.218970 0.359375 0.218970 0.357812 0.221311 0.354688 0.221311 0.353125 0.223653 0.350000 0.223653 0.348437 0.225995 0.345313 0.225995 0.343750 0.228337 0.339063 0.228337 0.337500 0.230679 0.334375 0.230679 0.332812 0.233021 0.329688 0.233021 0.328125 0.235363 0.325000 0.235363 0.323438 0.237705 0.321875 0.237705 0.320312 0.240047 0.318750 0.240047 0.317187 0.242389 0.314063 0.242389 0.312500 0.244731 0.307813 0.244731 0.306250 0.247073 0.301562 0.247073 0.300000 0.249415 0.293750 0.249415 0.292188 0.251756 0.287500 0.251756 0.285937 0.254098 0.284375 0.254098 0.282813 0.256440 0.279687 0.256440 0.278125 0.258782 0.275000 0.258782 0.273438 0.261124 0.271875 0.261124 0.270312 0.263466 0.267188 0.263466 0.265625 0.265808 0.262500 0.265808 0.260938 0.268150 0.259375 0.268150 0.257812 0.270492 0.254687 0.270492 0.253125 0.272834 0.248437 0.272834 0.246875 0.275176 0.245312 0.275176 0.243750 0.277518 0.240625 0.277518 0.239063 0.279859 0.237500 0.279859 0.235938 0.282201 0.232812 0.282201 0.221875 0.298595 0.221875 0.300937 0.218750 0.305621 0.218750 0.307963 0.217187 0.310304 0.217187 0.312646 0.215625 0.314988 0.215625 0.317330 0.214062 0.319672 0.214062 0.324356 0.212500 0.326698 0.212500 0.336066 0.210938 0.338407 0.210938 0.352459 0.209375 0.354801 0.209375 0.359485 0.207813 0.361827 0.203125 0.361827 0.203125 0.656909 0.209375 0.656909 0.210938 0.659251 0.210938 0.661592 0.212500 0.663934 0.212500 0.668618 0.214062 0.670960 0.214062 0.673302 0.221875 0.685012 0.223438 0.685012 0.225000 0.687354 0.235938 0.687354 0.237500 0.689696 0.239063 0.689696 0.240625 0.692037 0.240625 0.694379 0.242188 0.696721 0.242188 0.701405 0.243750 0.703747 0.245312 0.703747 0.248437 0.708431 0.250000 0.708431 0.251563 0.710773 0.254687 0.710773 0.256250 0.713115 0.259375 0.713115 0.264062 0.720141 0.264062 0.722482 0.267188 0.727166 0.267188 0.729508 0.271875 0.736534 0.275000 0.736534 0.276563 0.738876 0.284375 0.738876 0.285937 0.736534 0.290625 0.736534 0.292188 0.734192 0.293750 0.734192 0.295312 0.731850 0.306250 0.731850 0.307813 0.729508 0.309375 0.731850 0.321875 0.731850 0.323438 0.734192 0.339063 0.734192 0.340625 0.736534 0.351562 0.736534 0.353125 0.738876 0.362500 0.738876 0.364062 0.741218 0.370313 0.741218 0.371875 0.743560 0.379687 0.743560 0.381250 0.745902 0.389062 0.745902 0.390625 0.748244 0.396875 0.748244 0.398438 0.750585 0.406250 0.750585 0.407813 0.752927 0.417188 0.752927 0.418750 0.755269 0.426562 0.755269 0.428125 0.757611 0.429688 0.757611 0.431250 0.759953 0.432813 0.759953 0.435937 0.764637 0.437500 0.764637 0.448438 0.781030 0.450000 0.781030 0.453125 0.785714 0.453125 0.792740 0.498437 0.792740 0.498437 0.785714 0.500000 0.783372 0.506250 0.783372 0.507812 0.781030 0.554688 0.781030 0.556250 0.783372 0.564062 0.783372 0.565625 0.785714 0.565625 0.792740 0.585938 0.792740 0.585938 0.785714 0.587500 0.783372 0.596875 0.783372 0.598437 0.781030 0.617188 0.781030 0.618750 0.778689 0.629687 0.778689 0.631250 0.776347 0.637500 0.776347 0.639063 0.774005 0.643750 0.774005 0.645312 0.771663 0.659375 0.771663 0.660937 0.769321 0.682813 0.769321 0.684375 0.766979 0.695312 0.766979 0.696875 0.764637 0.715625 0.764637 0.717188 0.762295 0.729688 0.762295 0.731250 0.759953 0.742188 0.759953 0.743750 0.757611 0.751562 0.757611 0.753125 0.755269 0.771875 0.755269 0.773438 0.752927 0.781250 0.752927 0.782812 0.750585 0.785937 0.750585 0.787500 0.748244 0.789062 0.748244 0.790625 0.745902 0.795313 0.745902 0.795313 0.628806 0.790625 0.628806 0.789062 0.626464 0.789062 0.607728 0.790625 0.605386 0.795313 0.605386 0.795313 0.544496 0.790625 0.544496 0.789062 0.542155 0.789062 0.525761 0.787500 0.523419 0.787500 0.507026 0.785937 0.504684 0.785937 0.462529 0.784375 0.460187 0.784375 0.399297 0.782812 0.396955 0.782812 0.375878 0.781250 0.373536 0.781250 0.338407 0.779688 0.336066 0.779688 0.310304 0.778125 0.307963 0.778125 0.298595 0.776563 0.296253 0.776563 0.282201 0.775000 0.279859 0.775000 0.258782 0.773438 0.256440 0.773438 0.247073 0.771875 0.244731 0.771875 0.235363 0.770312 0.233021 0.770312 0.214286 0.768750 0.211944 0.768750 0.197892 0.767187 0.195550 0.767187 0.188525 0.765625 0.186183 0.765625 0.183841 0.764063 0.181499 0.764063 0.179157 0.762500 0.176815 0.762500 0.174473 0.757812 0.167447 0.757812 0.165105 0.753125 0.158080 0.751562 0.158080 0.748438 0.153396 0.746875 0.153396 0.745313 0.151054 0.740625 0.151054 0.739062 0.148712 0.734375 0.148712 0.732813 0.146370 0.728125 0.146370 0.726562 0.144028 0.718750 0.144028 0.717188 0.141686 0.707812 0.141686 0.706250 0.139344 0.698438 0.139344 0.696875 0.137002 0.689062 0.137002 0.687500 0.134660 0.673437 0.134660 0.671875 0.132318 0.664062 0.132318 0.662500 0.129977 0.656250 0.129977 0.654688 0.127635 0.654688 0.120609
0 0.171875 0.542155 0.171875 0.551522 0.170312 0.553864 0.170312 0.565574 0.168750 0.567916 0.168750 0.572600 0.165625 0.577283 0.165625 0.579625 0.164062 0.581967 0.164062 0.586651 0.162500 0.588993 0.162500 0.610070 0.164062 0.612412 0.164062 0.624122 0.162500 0.626464 0.162500 0.642857 0.160938 0.645199 0.160938 0.654567 0.159375 0.656909 0.159375 0.666276 0.157813 0.668618 0.157813 0.673302 0.156250 0.675644 0.156250 0.677986 0.151562 0.685012 0.146875 0.685012 0.146875 0.708431 0.160938 0.708431 0.160938 0.701405 0.162500 0.699063 0.164062 0.699063 0.165625 0.696721 0.167187 0.696721 0.170312 0.692037 0.170312 0.689696 0.171875 0.687354 0.171875 0.682670 0.173438 0.680328 0.173438 0.666276 0.175000 0.663934 0.175000 0.656909 0.176563 0.654567 0.181250 0.654567 0.182812 0.656909 0.184375 0.656909 0.187500 0.661592 0.187500 0.663934 0.192188 0.670960 0.192188 0.673302 0.193750 0.675644 0.193750 0.677986 0.195312 0.680328 0.195312 0.692037 0.196875 0.694379 0.201562 0.694379 0.203125 0.696721 0.214062 0.696721 0.214062 0.673302 0.209375 0.673302 0.203125 0.663934 0.203125 0.661592 0.198437 0.654567 0.198437 0.652225 0.196875 0.649883 0.196875 0.619438 0.195312 0.617096 0.195312 0.581967 0.193750 0.579625 0.193750 0.577283 0.192188 0.574941 0.192188 0.572600 0.190625 0.570258 0.190625 0.567916 0.184375 0.558548 0.184375 0.556206 0.182812 0.553864 0.182812 0.551522 0.181250 0.549180 0.181250 0.542155
0 0.450000 0.523419 0.450000 0.532787 0.448438 0.535129 0.448438 0.539813 0.445312 0.544496 0.445312 0.546838 0.442187 0.551522 0.442187 0.553864 0.439063 0.558548 0.434375 0.558548 0.434375 0.596019 0.476562 0.596019 0.476562 0.544496 0.471875 0.544496 0.470313 0.542155 0.470313 0.539813 0.468750 0.537471 0.468750 0.523419
2 0.850000 0.532787 0.850000 0.539813 0.843750 0.549180 0.843750 0.551522 0.842188 0.553864 0.842188 0.558548 0.839063 0.563232 0.834375 0.563232 0.834375 0.584309 0.842188 0.584309 0.843750 0.586651 0.845312 0.586651 0.848437 0.591335 0.848437 0.596019 0.850000 0.598361 0.850000 0.600703 0.853125 0.605386 0.853125 0.607728 0.854688 0.610070 0.854688 0.614754 0.857813 0.619438 0.857813 0.621780 0.859375 0.621780 0.862500 0.626464 0.862500 0.633489 0.884375 0.633489 0.884375 0.624122 0.887500 0.619438 0.889063 0.619438 0.890625 0.617096 0.895312 0.617096 0.896875 0.614754 0.901563 0.614754 0.903125 0.612412 0.904688 0.612412 0.906250 0.614754 0.910937 0.614754 0.912500 0.612412 0.932813 0.612412 0.934375 0.614754 0.935938 0.614754 0.937500 0.617096 0.940625 0.617096 0.942187 0.619438 0.943750 0.619438 0.945312 0.621780 0.971875 0.621780 0.973437 0.619438 0.978125 0.619438 0.979688 0.617096 0.982813 0.617096 0.984375 0.614754 0.989062 0.614754 0.990625 0.612412 0.995313 0.612412 0.995313 0.591335 0.990625 0.591335 0.989062 0.588993 0.987500 0.588993 0.984375 0.584309 0.982813 0.584309 0.979688 0.579625 0.978125 0.579625 0.976562 0.577283 0.973437 0.577283 0.971875 0.574941 0.970312 0.574941 0.968750 0.572600 0.967188 0.572600 0.965625 0.570258 0.964063 0.570258 0.962500 0.567916 0.960938 0.567916 0.959375 0.565574 0.957812 0.565574 0.954687 0.560890 0.953125 0.560890 0.951563 0.558548 0.950000 0.558548 0.946875 0.553864 0.945312 0.553864 0.943750 0.551522 0.942187 0.551522 0.940625 0.549180 0.939062 0.549180 0.937500 0.546838 0.935938 0.546838 0.934375 0.544496 0.931250 0.544496 0.928125 0.539813 0.928125 0.532787
0 0.084375 0.560890 0.084375 0.633489 0.095312 0.633489 0.095312 0.621780 0.096875 0.619438 0.096875 0.617096 0.098438 0.614754 0.098438 0.603045 0.100000 0.600703 0.100000 0.591335 0.101562 0.588993 0.101562 0.586651 0.103125 0.584309 0.107813 0.584309 0.107813 0.577283 0.101562 0.577283 0.100000 0.574941 0.100000 0.572600 0.098438 0.570258 0.098438 0.560890
0 0.810938 0.542155 0.810938 0.551522 0.809375 0.553864 0.803125 0.553864 0.803125 0.600703 0.807813 0.600703 0.809375 0.603045 0.809375 0.605386 0.810938 0.607728 0.810938 0.624122 0.818750 0.624122 0.818750 0.607728 0.820312 0.605386 0.820312 0.603045 0.821875 0.600703 0.826563 0.600703 0.826563 0.542155
0 0.059375 0.560890 0.059375 0.633489 0.082813 0.633489 0.082813 0.577283 0.078125 0.577283 0.075000 0.572600 0.075000 0.570258 0.073437 0.567916 0.073437 0.560890
9 0.815625 0.429742 0.815625 0.483607 0.839063 0.483607 0.839063 0.429742
0 0.814062 0.605386 0.814062 0.624122 0.820312 0.624122 0.820312 0.605386 0.814062 0.605386 0.810938 0.600703 0.810938 0.572600 0.812500 0.570258 0.812500 0.565574 0.815625 0.560890 0.820312 0.560890 0.820312 0.542155 0.812500 0.542155 0.812500 0.549180 0.804688 0.560890 0.804688 0.563232 0.803125 0.565574 0.796875 0.565574 0.796875 0.624122 0.804688 0.624122 0.804688 0.612412 0.806250 0.610070 0.806250 0.605386 0.809375 0.600703 0.810938 0.600703
9 0.834375 0.411007 0.834375 0.492974 0.857813 0.492974 0.857813 0.425059 0.851562 0.425059 0.848437 0.420375 0.848437 0.411007
0 0.042188 0.560890 0.042188 0.570258 0.040625 0.572600 0.034375 0.572600 0.034375 0.642857 0.043750 0.642857 0.043750 0.619438 0.046875 0.614754 0.051562 0.614754 0.051562 0.560890
